13340	1166.0	1472.4	3195.5
9774	1156.2	1370.3	3147.5
9921	1167.0	1424.3	3245.0
3094	1157.1	1383.6	3127.3
13622	1152.3	1359.5	3091.6
6659	1153.1	1386.6	3169.3
12765	1166.4	1440.9	3219.1
10950	1158.9	1344.3	3093.3
13718	1155.4	1408.7	3157.2
2294	1159.3	1416.6	3220.1
13587	1160.2	1402.7	3191.8
13422	1157.0	1395.3	3149.1
14027	1168.7	1438.8	3274.9
9153	1149.5	1339.2	3057.0
11079	1155.8	1384.9	3187.3
3087	1167.2	1457.4	3290.9
9586	1159.2	1476.4	3398.8
6532	1163.0	1395.7	3176.7
10252	1158.1	1414.5	3857.5
1930	1163.4	1422.4	3173.0
2382	1150.6	1391.5	3134.2
4413	1173.0	1447.8	3347.3
11384	1168.9	1463.0	3268.2
12091	1159.3	1385.5	3257.4
11633	1168.4	1441.6	3269.0
12968	1152.3	1391.1	3210.7
3597	1164.2	1402.0	3204.3
6551	1154.1	1368.0	3130.8
459	1166.4	1425.5	3254.9
11943	1160.6	1418.1	3287.6
6002	1162.2	1384.7	3209.4
13122	1165.8	1429.0	3298.7
7485	1166.0	1395.5	3245.3
14706	1160.1	1429.8	3182.5
6621	1160.2	1459.6	3325.0
210	1168.1	1439.0	3252.4
4777	1168.3	1447.8	3226.3
3816	1164.2	1445.4	3248.9
6779	1156.2	1404.7	3158.7
13060	1150.2	1386.5	3117.9
11798	1156.9	1458.6	3159.7
8370	1154.3	1406.4	3243.0
13852	1164.9	1385.4	3177.7
8363	1152.5	1350.5	3119.6
5431	1153.2	1383.5	3122.3
337	1163.8	1413.5	3227.1
3124	1163.3	1414.1	3234.9
3504	1157.3	1385.0	3271.8
14318	1168.0	1435.9	3307.0
516	1160.6	1391.7	3143.2
12211	1154.8	1370.7	3130.8
14484	1173.6	1410.8	3279.9
8163	1172.8	1406.0	3340.6
12081	1168.8	1493.7	3325.4
14131	1155.4	1402.7	3255.4
9863	1169.2	1481.1	3274.2
5212	1168.0	1435.7	3276.4
13182	1155.3	1364.8	3103.9
5735	1149.9	1396.3	3108.8
13036	1160.4	1414.4	3298.8
13931	1157.6	1408.2	3203.1
12787	1165.4	1415.5	3269.0
11264	1161.1	1375.5	3117.5
11539	1169.7	1398.1	3345.6
10941	1167.9	1383.1	3227.7
4052	1156.6	1446.7	3176.9
2801	1160.9	1439.2	3232.2
6507	1167.1	1446.3	3237.6
1617	1169.7	1435.4	3223.6
2736	1161.6	1433.2	3207.7
2248	1155.2	1400.4	3103.1
6153	1157.3	1356.7	3114.1
11499	1166.5	1455.7	3326.7
5313	1152.3	1456.8	3265.4
133	1161.3	1374.5	3171.8
8468	1165.5	1430.0	3239.8
11297	1163.8	1431.0	3244.7
8716	1161.5	1403.1	3236.6
11887	1156.4	1356.6	3154.7
2679	1141.0	1384.2	3066.8
10478	1167.5	1424.3	3301.6
13230	1162.9	1399.9	3271.7
11524	1165.4	1417.2	3283.0
5370	1159.5	1385.6	3139.7
13780	1166.0	1434.3	3263.4
11500	1159.4	1401.6	3115.3
5726	1169.3	1395.7	3288.8
12499	1167.1	1426.6	3273.4
3656	1159.6	1400.0	3180.0
11580	1155.3	1389.4	3148.3
2060	1153.3	1430.1	3227.0
8949	1154.6	1383.1	3130.0
3539	1162.6	1415.3	3190.0
4983	1166.1	1396.2	3163.5
6536	1167.0	1436.5	3349.8
2726	1164.3	1442.5	3234.2
1485	1158.8	1396.0	3105.4
2408	1166.6	1465.1	3342.5
907	1163.7	1456.7	3550.1
9258	1170.4	1403.6	3236.9
13184	1168.4	1380.1	3231.4
407	1157.1	1387.2	3151.4
12632	1156.4	1342.1	3158.0
13669	1163.1	1413.0	3194.9
4650	1156.2	1437.2	3164.1
5775	1157.3	1463.0	3316.8
14259	1161.2	1400.7	3212.7
1261	1167.0	1476.0	3270.5
11537	1169.3	1417.0	3210.5
1412	1156.1	1402.4	3197.0
3278	1159.5	1421.2	3170.0
14773	1161.3	1441.5	3211.0
9464	1168.3	1461.3	3421.7
6587	1159.9	1402.8	3211.2
10412	1161.8	1401.1	3231.0
10735	1163.6	1432.4	3227.3
8332	1157.6	1482.0	3325.6
4267	1162.2	1406.0	3291.0
6404	1165.4	1411.2	3247.0
11350	1167.2	1412.0	3224.5
1365	1165.7	1400.7	3274.6
9057	1154.3	1391.3	3193.5
14669	1165.5	1472.3	3444.3
4943	1158.9	1373.6	3125.4
11859	1166.6	1450.8	3274.2
495	1155.3	1382.9	3135.2
13743	1154.4	1449.5	3226.8
132	1161.3	1432.4	3230.4
10699	1155.2	1369.4	3114.1
2308	1164.1	1426.5	3369.5
2300	1174.4	1487.7	3312.7
7273	1151.8	1380.6	3132.8
5501	1169.4	1420.1	3215.1
723	1161.8	1439.6	3237.3
10661	1155.4	1376.1	3128.9
5523	1161.3	1409.0	3232.3
8239	1166.3	1437.5	3219.1
3337	1156.1	1364.2	3176.2
8417	1159.0	1376.5	3149.4
13694	1164.1	1409.3	3244.3
3440	1169.6	1443.2	3263.4
2310	1163.7	1414.6	3379.2
8818	1147.4	1389.3	3127.7
13878	1144.6	1358.1	3093.8
13207	1165.9	1425.3	3229.9
7856	1169.8	1454.9	3259.9
5476	1164.7	1394.6	3163.0
9753	1172.7	1456.2	3289.6
5924	1157.2	1420.9	3195.2
6230	1171.1	1443.5	3225.0
8974	1153.8	1416.1	3207.0
10790	1153.5	1374.5	3101.0
7275	1164.7	1442.0	3272.2
9379	1155.7	1436.1	3288.1
14617	1151.0	1408.5	3157.9
8182	1160.1	1416.0	3236.5
7766	1164.2	1433.8	3200.1
790	1155.7	1371.6	3112.0
12290	1158.1	1334.2	3082.2
12799	1164.6	1443.3	3288.2
7529	1165.7	1377.1	3192.5
10267	1164.2	1385.7	3191.4
13270	1170.4	1465.5	3374.6
11706	1160.2	1445.2	3266.2
7196	1167.0	1403.2	3248.1
504	1161.0	1413.6	3173.5
3927	1158.7	1388.3	3141.6
13341	1156.4	1436.5	3211.8
12226	1153.8	1430.3	3232.4
14760	1160.9	1393.1	3211.3
9572	1152.6	1355.2	3051.7
13655	1155.6	1380.6	3168.1
6624	1170.2	1435.1	3241.4
8963	1153.5	1370.1	3134.9
10362	1157.2	1393.3	3120.3
3291	1165.4	1436.7	3262.9
4580	1159.9	1325.3	3106.4
618	1161.1	1396.2	3277.3
14356	1160.3	1359.8	3187.2
11351	1168.8	1461.8	3328.5
8972	1164.4	1382.6	3180.2
1058	1143.8	1376.8	3087.5
4987	1156.4	1372.3	3133.4
10161	1164.3	1361.7	3152.8
5257	1157.4	1378.4	3132.4
5240	1154.3	1426.7	3189.6
3407	1150.2	1366.1	3099.7
3054	1170.7	1414.4	3246.0
9849	1166.9	1378.9	3270.9
9645	1157.3	1374.3	3214.5
14984	1159.2	1436.0	3324.8
8425	1159.1	1407.6	3209.3
10613	1168.6	1463.6	3357.6
12192	1159.0	1414.3	3206.9
2258	1147.2	1326.4	3046.1
2880	1168.2	1422.0	3297.9
4709	1168.4	1379.6	3208.5
3062	1160.5	1398.4	3140.1
1547	1155.4	1412.0	3134.3
12763	1167.2	1436.4	3289.2
6811	1162.9	1455.3	3297.7
29	1158.1	1413.1	3249.9
9741	1156.1	1394.7	3184.0
8840	1157.9	1375.7	3128.1
9012	1153.7	1414.2	3192.0
7985	1161.2	1377.2	3160.0
5349	1155.3	1382.2	3186.8
7058	1154.5	1416.0	3151.6
6898	1161.4	1416.8	3189.5
10951	1161.5	1387.7	3283.3
2303	1157.2	1378.4	3167.4
9603	1161.2	1413.1	3154.4
11788	1154.6	1419.3	3142.5
823	1164.2	1442.9	3223.4
8223	1150.7	1378.6	3127.2
5305	1156.3	1388.4	3380.8
6794	1170.2	1431.0	3278.5
12604	1165.5	1390.8	3183.1
1935	1165.0	1385.1	3193.8
13773	1170.5	1427.0	3264.5
6923	1169.8	1448.2	3407.0
2805	1164.3	1405.0	3193.9
14489	1164.8	1404.5	3323.3
10480	1162.2	1412.9	3235.5
8043	1170.5	1441.7	3326.4
2754	1161.5	1378.6	3174.7
14524	1163.2	1390.6	3260.5
1167	1162.3	1391.8	3126.8
5141	1162.2	1416.9	3230.0
12574	1153.6	1356.8	3139.9
14178	1160.5	1375.2	3239.1
11198	1147.6	1364.0	3107.7
4400	1152.2	1390.1	3104.1
9756	1168.2	1399.8	3367.7
14955	1164.6	1449.9	3291.0
2950	1150.8	1390.8	3155.5
10584	1161.2	1446.9	3242.9
5617	1162.3	1377.6	3157.2
2764	1171.2	1428.3	3280.8
155	1163.6	1377.2	3197.4
14305	1161.1	1394.6	3159.3
10553	1162.6	1372.9	3214.3
14921	1155.3	1444.8	3182.3
11479	1156.9	1340.7	3172.2
14816	1162.5	1360.0	3160.1
6018	1164.4	1428.8	3304.9
12144	1153.4	1347.0	3085.8
3760	1162.7	1432.8	3200.8
2618	1157.9	1390.2	3178.3
12346	1163.0	1379.1	3217.0
8326	1166.9	1450.4	3246.7
13678	1162.0	1427.7	3192.1
12709	1162.7	1388.8	3185.2
14685	1156.7	1412.7	3189.5
13166	1158.0	1453.2	3272.7
11513	1157.1	1397.8	3120.6
76	1166.7	1469.5	3275.6
1700	1155.7	1412.4	3165.6
3310	1164.7	1449.3	3211.4
6339	1156.3	1427.4	3157.0
12710	1151.3	1364.5	3121.2
7047	1169.9	1437.3	3318.1
12288	1160.1	1367.8	3138.1
11570	1158.5	1375.7	3176.1
5220	1170.7	1401.2	3169.6
9184	1164.2	1422.7	3306.6
9769	1163.5	1415.1	3239.8
10514	1162.3	1403.9	3205.4
14527	1158.9	1389.6	3215.9
3515	1158.5	1483.4	3378.4
593	1150.9	1376.7	3135.4
14081	1164.3	1434.5	3216.7
2713	1162.9	1390.0	3274.9
5128	1151.1	1360.8	3092.1
6833	1164.7	1365.9	3167.7
11553	1161.1	1391.5	3211.5
8979	1162.4	1385.2	3196.6
5084	1160.9	1395.5	3180.3
6108	1165.3	1454.9	3312.1
11045	1161.0	1432.4	3289.0
9773	1164.2	1368.6	3180.5
11345	1161.7	1386.0	3204.5
8543	1158.8	1413.4	3190.4
14038	1161.7	1433.2	3202.4
2171	1158.2	1390.2	3215.4
8894	1159.1	1396.1	3225.9
14313	1164.2	1394.4	3248.2
6013	1156.1	1450.7	3238.5
10023	1166.7	1429.0	3263.7
10513	1163.1	1367.6	3173.4
2305	1165.8	1442.2	3287.7
14049	1169.1	1419.4	3258.0
1749	1164.2	1406.4	3183.0
2817	1167.6	1432.8	3282.3
5248	1169.4	1409.9	3281.2
14476	1160.7	1416.5	3176.5
12342	1172.9	1393.3	3198.1
7264	1171.8	1512.4	3403.0
7340	1167.6	1438.8	3329.0
7938	1163.6	1345.1	3166.8
4716	1151.4	1364.2	3108.7
10813	1153.6	1364.5	3146.2
8571	1164.6	1422.1	3238.5
2927	1161.5	1435.2	3223.3
11756	1162.3	1347.7	3153.6
560	1154.1	1381.4	3190.8
12412	1158.9	1385.1	3219.3
8	1160.5	1419.6	3301.5
2636	1161.0	1415.4	3259.1
1751	1155.0	1393.2	3140.6
11465	1162.7	1437.2	3238.1
12438	1166.5	1369.8	3204.2
226	1164.1	1428.2	3171.3
7480	1158.4	1392.1	3210.0
3892	1156.5	1364.9	3131.9
11769	1155.6	1439.5	3215.1
11201	1163.7	1414.8	3219.8
3523	1159.1	1422.8	3216.0
5028	1154.9	1356.7	3142.0
14696	1175.9	1454.2	3463.9
8127	1161.4	1428.2	3201.9
12043	1155.2	1440.3	3310.6
6010	1168.8	1465.7	3325.3
755	1171.0	1395.5	3219.3
4677	1173.9	1456.8	3286.3
11831	1153.3	1418.9	3176.5
428	1147.2	1407.3	3130.8
12671	1163.7	1435.3	3257.2
6111	1162.6	1389.8	3173.2
11018	1159.3	1398.5	3213.1
6870	1168.0	1422.1	3291.4
1964	1162.2	1445.8	3235.8
14185	1177.4	1390.5	3223.1
12374	1162.8	1450.1	3240.9
7905	1163.3	1405.3	3209.0
2733	1149.5	1414.4	3234.6
810	1163.9	1404.7	3285.0
5599	1150.9	1390.7	3106.1
14596	1169.6	1401.6	3238.4
3725	1170.2	1440.8	3242.4
9742	1154.0	1382.4	3113.1
5714	1169.2	1435.3	3425.8
11701	1162.2	1350.0	3142.4
2793	1163.1	1365.3	3142.9
1611	1161.4	1386.8	3226.6
7843	1152.4	1413.0	3211.8
6912	1156.5	1428.3	3173.1
13128	1167.2	1454.1	3282.9
7104	1162.1	1373.6	3168.2
11498	1159.8	1391.4	3152.3
4723	1158.9	1379.5	3162.3
4147	1161.1	1408.5	3181.2
14343	1161.0	1432.2	3162.0
7934	1162.6	1460.9	3292.3
8122	1177.0	1494.1	3389.4
9154	1163.3	1392.2	3205.1
1493	1151.1	1395.9	3177.5
5719	1152.5	1361.5	3107.1
9665	1155.3	1399.9	3176.8
512	1171.6	1428.7	3279.0
12422	1169.8	1420.4	3215.8
371	1158.8	1401.6	3190.1
5172	1156.9	1364.9	3166.0
9340	1160.0	1359.9	3137.3
1660	1162.2	1441.6	3240.8
12396	1160.4	1414.1	3160.5
4006	1165.0	1473.9	3326.7
13776	1147.5	1360.8	3074.5
1507	1160.6	1383.3	3193.1
11898	1165.7	1443.3	3237.8
8119	1155.8	1343.3	3118.7
7251	1161.9	1417.8	3173.4
9371	1160.6	1416.6	3260.7
6058	1159.2	1339.5	3126.6
7413	1158.6	1416.0	3237.7
13162	1156.7	1330.9	3078.7
10909	1166.4	1479.5	3310.3
244	1150.8	1360.9	3091.2
13231	1153.6	1400.1	3116.3
5053	1158.7	1382.8	3207.8
13858	1153.2	1429.8	3153.2
14792	1156.1	1360.7	3105.8
3520	1168.5	1447.6	3297.1
586	1159.7	1427.3	3209.2
1386	1159.3	1381.7	3165.8
5760	1156.3	1372.8	3157.1
8756	1156.1	1364.9	3116.1
5981	1160.8	1393.6	3207.9
3237	1174.2	1472.4	3364.2
4031	1159.9	1463.6	3327.9
3861	1161.4	1400.7	3189.3
5577	1163.1	1366.6	3149.6
5410	1168.3	1406.8	3230.8
2546	1154.8	1371.0	3123.6
4419	1158.1	1428.6	3270.7
6312	1165.3	1420.8	3237.1
1786	1161.5	1404.8	3197.8
6317	1161.9	1405.2	3173.8
672	1161.5	1413.7	3209.0
4021	1158.5	1417.5	3255.3
10207	1159.1	1381.3	3144.0
1283	1159.2	1386.3	3276.0
8900	1174.5	1445.9	3306.2
4008	1146.5	1333.4	3026.9
318	1165.4	1471.1	3270.5
2281	1154.2	1405.8	3201.9
6944	1161.3	1400.2	3167.4
3945	1163.9	1476.0	3329.4
3893	1152.1	1364.5	3165.3
624	1161.9	1363.8	3194.3
12908	1156.9	1362.2	3130.0
1238	1157.0	1384.8	3153.0
13962	1159.3	1391.4	3175.0
7278	1166.5	1362.7	3135.9
8743	1160.7	1420.0	3183.0
8839	1166.1	1433.7	3206.9
11287	1156.0	1382.2	3139.1
13872	1162.2	1384.9	3139.8
9915	1160.3	1441.0	3226.6
8752	1143.6	1412.7	3140.9
1502	1157.3	1396.3	3206.8
4163	1160.8	1404.1	3190.6
408	1153.9	1384.8	3106.5
9028	1150.7	1343.4	3063.9
443	1163.3	1398.6	3238.8
14985	1162.6	1389.2	3194.3
7248	1164.1	1420.6	3169.7
3510	1162.4	1415.8	3241.1
4142	1172.4	1443.8	3338.8
6374	1154.0	1373.6	3081.1
1793	1158.3	1393.8	3172.3
6707	1159.4	1397.8	3222.0
4137	1159.3	1471.1	3315.5
13519	1153.2	1348.6	3035.2
9735	1162.6	1384.1	3192.0
4372	1162.0	1444.7	3217.5
9686	1158.0	1387.3	3191.6
170	1161.3	1448.1	3263.7
9404	1164.8	1459.0	3277.9
7571	1171.6	1463.9	3341.3
12546	1156.0	1421.1	3194.0
13636	1167.9	1389.0	3152.6
10198	1173.1	1465.5	3563.5
14660	1159.8	1389.7	3180.7
80	1162.8	1434.1	3448.2
5307	1160.8	1407.4	3176.4
11100	1166.0	1436.2	3263.3
5857	1153.6	1381.1	3157.9
9545	1150.4	1354.5	3058.4
8542	1154.1	1373.6	3245.1
14495	1163.8	1397.6	3305.0
13786	1157.1	1408.3	3173.1
3586	1165.0	1419.3	3301.1
14035	1167.6	1434.9	3273.9
13990	1158.1	1347.8	3119.7
11805	1164.4	1401.0	3225.7
3499	1166.4	1418.3	3224.2
2270	1168.0	1442.1	3271.6
5498	1164.7	1437.2	3238.7
2006	1156.9	1375.7	3140.9
3184	1152.5	1374.2	3124.7
2638	1151.5	1400.4	3136.4
12172	1164.3	1381.6	3179.4
12766	1180.7	1457.1	3318.4
13530	1161.6	1421.1	3150.6
3659	1155.4	1353.1	3123.9
10088	1152.1	1390.2	3164.8
8881	1159.3	1371.9	3117.6
4334	1156.0	1421.4	3196.8
3274	1157.2	1409.7	3194.7
13505	1151.5	1367.2	3093.2
3263	1161.4	1419.0	3290.5
8567	1158.1	1368.3	3195.2
12400	1166.0	1398.2	3223.7
189	1176.6	1454.9	3290.3
1086	1159.8	1420.0	3194.1
14580	1159.1	1426.0	3180.0
1385	1164.7	1432.9	3249.6
12897	1162.4	1385.0	3199.9
5366	1160.4	1392.0	3155.7
7226	1159.6	1413.9	3319.2
1670	1151.7	1402.7	3124.2
14874	1161.0	1411.9	3145.0
2438	1160.1	1398.0	3274.3
10154	1158.4	1459.9	3191.1
1149	1163.0	1455.8	3237.0
10698	1161.7	1440.8	3234.0
14389	1170.2	1399.6	3353.8
12786	1157.5	1395.4	3130.9
825	1165.3	1440.7	3282.0
4556	1168.6	1421.5	3248.8
4262	1166.3	1430.2	3188.4
5477	1165.2	1399.1	3264.1
4116	1158.5	1418.6	3178.3
9695	1149.9	1369.8	3154.7
9629	1163.4	1425.5	3268.6
8515	1150.5	1400.7	3193.4
3641	1141.8	1337.6	3013.3
10276	1166.9	1424.5	3231.1
11238	1156.1	1386.4	3166.2
8784	1162.5	1400.7	3193.2
4234	1166.0	1433.5	3194.7
5559	1163.8	1444.5	3313.6
5638	1156.4	1436.3	3162.0
5146	1156.7	1429.6	3162.8
13538	1157.8	1372.4	3151.6
4725	1164.4	1426.3	3233.1
13926	1164.5	1403.8	3250.3
7993	1155.2	1413.8	3239.6
13418	1159.3	1409.4	3153.8
12022	1168.0	1405.1	3253.1
7394	1158.3	1382.0	3198.6
11298	1165.2	1419.6	3193.6
1434	1165.0	1451.3	3194.9
5315	1153.7	1346.8	3125.9
7564	1160.7	1438.9	3199.7
10494	1168.0	1435.0	3275.7
1431	1159.3	1400.6	3180.1
8311	1162.2	1399.0	3195.9
3441	1163.6	1414.3	3295.8
1013	1166.7	1398.2	3256.1
12367	1152.1	1333.6	3090.8
6596	1156.7	1423.9	3269.6
3594	1160.4	1394.1	3122.6
10864	1162.0	1392.8	3199.2
6248	1158.0	1428.1	3226.4
3381	1155.1	1359.9	3141.6
405	1168.7	1438.2	3393.6
998	1156.4	1408.2	3168.6
4845	1161.6	1421.5	3210.0
2444	1155.4	1354.6	3090.1
4815	1161.6	1381.8	3154.7
13549	1159.7	1379.7	3113.2
14649	1162.5	1391.1	3177.7
8079	1172.5	1433.4	3240.1
11652	1162.7	1415.4	3256.6
14643	1165.1	1420.8	3279.5
12134	1156.9	1427.7	3186.7
12351	1154.1	1388.9	3118.2
14722	1159.7	1402.6	3227.5
12834	1160.4	1451.9	3234.8
8307	1161.8	1438.0	3336.6
4793	1163.8	1369.3	3177.2
11234	1167.7	1447.6	3346.9
14493	1166.5	1367.0	3225.2
7033	1163.5	1406.9	3182.4
7195	1161.7	1460.7	3323.7
14584	1160.9	1372.9	3150.9
11787	1152.1	1406.0	3170.9
11494	1161.3	1402.8	3236.1
4618	1169.6	1397.2	3211.3
23	1156.8	1406.3	3265.6
539	1161.8	1416.9	3185.3
4844	1157.7	1412.1	3192.2
8592	1168.0	1440.3	3344.3
4382	1148.3	1353.2	3052.4
2497	1168.0	1448.1	3356.3
6049	1163.0	1414.7	3197.1
14783	1165.5	1447.1	3313.5
2423	1165.3	1476.9	3300.7
3318	1160.0	1419.9	3239.6
14057	1153.0	1332.1	3162.8
9896	1168.9	1440.9	3287.3
4731	1157.5	1388.6	3118.7
6984	1161.7	1415.9	3211.0
14338	1157.0	1362.1	3200.4
1871	1166.7	1450.7	3337.3
4449	1152.7	1357.2	3119.4
9343	1156.8	1416.6	3161.7
10504	1162.1	1412.2	3262.3
4661	1169.6	1514.2	3483.3
853	1157.1	1411.7	3201.1
13142	1156.4	1404.3	3106.2
11026	1164.3	1430.6	3280.4
7940	1163.9	1412.7	3219.0
11162	1150.4	1369.0	3138.3
678	1153.5	1378.6	3114.5
10728	1153.7	1356.5	3109.9
10209	1164.3	1422.8	3285.2
8646	1163.4	1376.0	3169.6
5786	1158.9	1402.5	3263.6
8254	1165.0	1414.0	3277.3
5417	1156.4	1399.9	3099.6
11439	1165.3	1408.9	3226.6
1410	1157.7	1357.1	3064.4
5301	1160.4	1386.8	3179.7
10451	1148.7	1360.5	3312.9
13816	1162.0	1393.7	3196.0
6391	1164.8	1393.9	3243.8
3721	1169.4	1401.4	3310.1
9911	1158.7	1417.0	3174.7
4092	1162.6	1370.8	3317.6
1952	1154.4	1403.8	3171.3
2317	1154.0	1381.6	3160.7
1317	1166.9	1395.4	3168.4
4964	1154.4	1342.8	3166.5
3288	1157.2	1406.2	3192.3
2500	1167.6	1422.9	3270.7
8621	1154.2	1366.4	3169.3
7234	1164.4	1400.1	3363.3
4028	1167.8	1436.0	3253.8
11259	1150.6	1428.4	3217.5
6888	1175.7	1501.1	3769.5
10687	1162.6	1366.2	3191.3
9200	1156.5	1402.0	3207.0
3161	1150.1	1392.5	3095.3
7861	1163.9	1434.0	3334.5
9710	1160.3	1362.5	3184.1
13884	1165.4	1352.6	3175.0
8685	1160.0	1363.0	3092.0
10990	1159.0	1426.2	3228.6
1278	1166.9	1403.1	3207.0
2379	1156.8	1405.4	3206.1
14892	1162.6	1454.9	3196.2
7802	1158.1	1408.3	3138.3
5899	1154.3	1404.8	3215.3
5190	1163.3	1410.9	3254.2
12691	1156.0	1351.2	3129.9
8921	1149.7	1337.4	3083.6
11312	1159.6	1397.2	3218.3
687	1154.5	1339.4	3060.6
12182	1164.4	1398.7	3224.5
2036	1148.7	1395.9	3154.1
529	1162.5	1441.8	3277.1
5675	1161.5	1397.6	3185.6
12994	1156.3	1376.4	3168.8
2566	1159.4	1355.7	3118.5
14723	1159.6	1418.2	3187.0
6917	1150.4	1366.5	3121.8
10202	1156.8	1429.4	3159.8
9197	1172.0	1449.2	3291.4
8455	1163.8	1378.9	3173.6
11230	1156.4	1360.4	3164.8
9681	1169.4	1419.4	3268.3
2967	1158.1	1408.3	3136.8
14753	1156.4	1343.9	3141.0
1184	1167.4	1421.3	3329.6
14987	1155.8	1382.8	3184.5
8919	1148.9	1354.0	3088.8
3716	1158.2	1406.8	3312.4
9488	1166.1	1422.5	3187.3
12702	1167.8	1442.8	3239.9
7475	1169.7	1476.5	3334.7
14704	1165.5	1449.1	3309.7
937	1147.9	1375.8	3059.0
840	1169.7	1407.9	3220.9
8175	1163.6	1439.9	3474.1
2885	1141.4	1420.9	3183.9
5886	1165.9	1378.1	3210.1
12823	1147.0	1349.9	3080.4
9727	1155.7	1350.6	3165.8
7693	1155.8	1399.1	3166.5
13052	1163.9	1412.8	3267.6
13355	1170.0	1474.2	3506.3
11508	1164.6	1413.1	3253.7
2516	1155.1	1370.8	3150.3
5818	1157.9	1415.5	3197.1
13457	1162.9	1468.6	3352.3
4919	1156.0	1415.6	3192.2
13879	1166.0	1406.3	3245.6
9262	1155.7	1438.1	3198.9
8642	1146.5	1361.4	3140.4
1258	1167.5	1475.6	3320.8
4118	1159.1	1353.7	3147.6
5231	1169.3	1413.0	3287.7
11521	1168.2	1463.7	3266.2
9559	1162.3	1493.9	3326.2
13632	1149.8	1323.4	3029.3
14710	1149.3	1337.6	3136.3
4268	1148.7	1446.2	3196.2
11746	1161.4	1391.0	3161.4
2131	1160.9	1392.3	3224.3
1408	1159.8	1418.2	3203.7
2772	1174.9	1422.0	3305.4
3649	1156.8	1400.1	3204.4
3276	1158.9	1407.0	3218.0
10294	1150.7	1421.6	3142.8
1953	1163.9	1406.7	3238.0
7354	1158.5	1400.3	3199.0
9908	1165.3	1451.0	3273.4
9510	1160.6	1400.6	3211.4
11995	1165.3	1418.9	3168.7
5515	1169.6	1431.4	3412.4
11170	1177.0	1453.7	3332.8
7168	1159.2	1405.7	3180.8
14948	1150.5	1367.1	3119.3
7542	1157.7	1385.2	3158.6
10993	1162.6	1384.5	3149.2
4148	1171.7	1421.5	3272.5
6849	1162.7	1445.5	3199.5
11737	1157.0	1415.9	3151.9
10387	1158.3	1411.8	3166.1
5671	1163.2	1407.5	3149.6
5230	1165.5	1437.5	3219.6
647	1174.1	1434.2	3266.4
7424	1155.8	1351.8	3123.1
4532	1167.5	1452.3	3241.2
10726	1166.2	1452.0	3359.6
8954	1158.2	1379.8	3184.8
7656	1157.8	1387.4	3171.4
17	1159.5	1401.4	3140.7
14612	1171.2	1433.3	3302.1
12270	1149.6	1381.9	3121.2
5674	1169.0	1463.1	3375.4
8050	1155.4	1394.4	3192.1
11713	1152.7	1358.5	3146.6
5975	1170.8	1466.7	3259.9
4198	1155.9	1417.7	3126.9
1469	1164.8	1402.1	3189.3
12843	1163.6	1414.1	3265.3
11150	1154.0	1404.4	3141.7
7155	1154.6	1414.3	3194.2
941	1164.1	1430.6	3303.4
9470	1160.1	1364.3	3169.2
14765	1167.8	1385.5	3205.6
13754	1160.3	1388.6	3178.0
7988	1170.2	1426.2	3296.9
14941	1152.9	1323.8	3125.4
1789	1161.3	1414.3	3183.5
11149	1165.1	1401.8	3216.8
7329	1156.1	1342.1	3094.6
8073	1160.3	1393.4	3143.7
114	1153.0	1398.3	3204.3
9022	1164.0	1427.5	3187.2
14323	1157.5	1423.0	3165.5
6720	1158.4	1396.7	3181.4
14861	1152.2	1417.4	3252.6
14758	1165.4	1380.1	3185.4
10054	1153.0	1378.1	3197.3
7631	1162.7	1395.9	3191.0
8405	1158.6	1380.1	3195.0
12976	1160.2	1445.8	3289.7
11644	1156.0	1349.5	3124.0
11323	1167.6	1413.1	3346.1
10218	1162.6	1382.8	3246.6
4476	1158.8	1396.3	3176.6
7834	1166.4	1444.0	3369.9
13533	1165.1	1429.1	3275.8
2288	1162.9	1443.8	3230.9
1542	1158.5	1398.9	3300.2
2365	1171.2	1462.6	3364.6
9307	1150.3	1415.5	3118.7
5291	1168.7	1411.9	3245.9
13368	1166.1	1420.2	3222.2
10434	1150.4	1403.1	3178.4
4138	1161.9	1462.3	3205.3
3474	1164.1	1362.2	3159.2
10401	1169.8	1450.0	3322.3
1148	1164.7	1426.4	3242.0
11623	1167.8	1413.1	3359.7
4096	1161.2	1436.3	3236.1
11343	1169.5	1440.0	3321.5
2550	1157.7	1417.7	3180.5
11190	1149.5	1389.7	3073.1
13041	1161.6	1422.1	3259.5
730	1145.9	1347.8	3063.0
14564	1164.8	1473.8	3261.8
4343	1158.7	1373.3	3110.6
4863	1160.4	1425.9	3462.2
13654	1154.7	1408.5	3149.0
10061	1164.5	1429.7	3189.2
13537	1165.7	1424.6	3293.2
13531	1155.5	1387.1	3271.4
4438	1156.4	1363.4	3090.8
8645	1169.4	1443.7	3274.6
9810	1162.4	1448.5	3253.1
1917	1171.3	1419.1	3254.4
6019	1158.3	1383.3	3239.0
9099	1160.9	1384.3	3230.4
8593	1159.4	1411.0	3196.1
231	1158.7	1366.2	3188.5
7179	1157.6	1370.2	3125.7
12955	1159.2	1468.3	3296.7
4135	1169.3	1405.0	3259.8
12798	1171.5	1443.4	3303.3
4765	1166.7	1456.2	3370.8
8283	1160.7	1422.9	3290.9
13521	1157.1	1365.4	3146.4
8402	1157.7	1409.1	3218.2
84	1152.3	1351.8	3112.4
1290	1149.6	1351.0	3056.4
12282	1155.1	1446.2	3255.0
9580	1153.8	1382.8	3105.4
1881	1160.4	1452.2	3249.0
7617	1155.3	1402.7	3149.5
8757	1163.4	1405.7	3214.3
14241	1170.0	1442.7	3298.3
4032	1153.2	1396.9	3206.3
4221	1159.9	1376.3	3105.0
8457	1158.2	1402.0	3126.9
2223	1153.0	1411.7	3216.5
14246	1160.9	1383.4	3232.4
6371	1153.4	1414.7	3171.9
11515	1156.7	1426.2	3162.0
3608	1157.8	1402.8	3178.9
3567	1177.3	1470.4	3969.2
13919	1156.3	1375.7	3122.6
5961	1154.1	1435.0	3209.3
4866	1166.8	1440.7	3315.4
670	1160.0	1414.0	3207.3
9524	1157.4	1379.9	3119.8
3688	1173.1	1415.8	3235.9
8494	1167.6	1459.0	3226.0
8632	1158.5	1401.1	3159.4
14421	1160.2	1434.3	3331.8
8558	1161.4	1391.0	3226.1
3459	1170.5	1473.1	3387.1
3402	1165.7	1404.7	3222.7
10492	1156.5	1388.5	3130.3
13222	1161.9	1372.2	3199.1
12021	1169.0	1447.9	3306.9
7723	1165.0	1388.4	3219.1
14227	1155.4	1469.2	3389.8
3400	1163.9	1392.5	3210.4
13815	1162.5	1422.1	3239.6
2958	1166.8	1394.2	3184.0
1517	1168.0	1420.3	3351.1
4212	1168.4	1473.5	3302.4
7086	1159.9	1387.3	3210.3
6499	1166.8	1426.2	3226.9
14058	1168.1	1379.0	3261.4
11110	1160.3	1410.8	3176.5
13177	1159.3	1382.3	3185.1
3264	1153.9	1384.3	3122.7
10107	1183.9	1504.3	3445.1
6674	1164.8	1426.5	3291.0
1084	1152.1	1375.5	3102.1
13194	1168.1	1419.1	3215.2
10808	1155.4	1378.9	3187.8
12842	1174.4	1467.1	3374.9
8413	1159.8	1409.8	3229.3
4448	1157.6	1440.4	3211.7
1784	1172.5	1453.2	3291.5
5780	1153.1	1342.3	3097.8
3950	1162.1	1400.7	3195.6
725	1169.3	1376.9	3254.2
4982	1162.9	1396.2	3198.6
3307	1163.9	1395.5	3231.2
6245	1159.8	1450.3	3261.0
9257	1164.7	1433.6	3244.4
5346	1165.4	1426.4	3202.4
8920	1158.6	1465.6	3287.7
11796	1159.6	1345.8	3083.3
2002	1165.2	1451.0	3267.2
8412	1170.6	1461.9	3368.5
11408	1171.6	1471.4	3280.0
11650	1161.4	1393.5	3209.2
13843	1161.3	1424.2	3236.7
6104	1160.4	1367.8	3160.3
2306	1148.2	1414.3	3158.2
8727	1151.9	1335.7	3095.0
4571	1151.1	1374.9	3146.8
2861	1148.9	1402.4	3175.3
13755	1160.9	1348.5	3177.1
9703	1165.9	1384.7	3200.7
12844	1165.2	1402.4	3200.9
6642	1166.2	1379.6	3172.3
13317	1164.4	1394.7	3274.5
3857	1150.2	1428.9	3132.8
12619	1168.0	1418.3	3310.5
7407	1151.3	1332.8	3077.4
9374	1160.0	1333.5	3164.2
14430	1168.1	1442.0	3330.2
9954	1154.3	1396.2	3119.6
14472	1157.0	1344.7	3113.3
10148	1165.0	1425.0	3224.2
163	1167.8	1471.6	3260.9
11311	1168.2	1402.4	3298.2
14283	1163.7	1390.8	3172.7
3070	1165.7	1436.4	3199.0
682	1154.0	1386.6	3250.4
14013	1160.6	1389.2	3194.6
9675	1166.8	1430.2	3253.2
1514	1162.2	1399.2	3235.0
522	1159.7	1423.8	3326.8
11446	1164.2	1423.6	3237.8
4256	1164.0	1389.9	3138.0
12547	1151.8	1365.5	3116.5
8116	1162.6	1414.5	3159.5
1160	1169.2	1446.9	3290.3
6792	1158.2	1398.6	3280.5
6414	1166.5	1392.8	3398.6
14547	1156.4	1394.3	3169.8
12585	1162.9	1440.8	3230.9
12053	1165.1	1388.5	3221.7
5451	1161.6	1378.5	3166.9
7376	1170.5	1461.4	3292.1
13388	1163.4	1441.6	3281.0
13746	1167.9	1486.4	3293.9
8937	1163.9	1468.9	3204.4
6254	1164.9	1424.4	3202.1
5986	1161.1	1477.7	3270.7
5939	1157.8	1437.0	3236.2
12079	1168.9	1461.4	3271.5
2833	1159.8	1390.8	3170.7
7799	1161.3	1406.8	3157.6
4753	1159.5	1380.3	3159.7
6812	1162.5	1404.4	3307.7
14529	1161.0	1384.8	3201.4
1015	1158.1	1399.5	3208.6
7964	1165.9	1400.9	3240.8
2150	1168.8	1418.8	3273.5
14357	1160.4	1370.3	3135.6
7932	1164.7	1398.9	3227.4
1795	1164.8	1395.7	3226.2
2732	1157.0	1389.3	3148.4
2194	1161.1	1468.8	3243.6
14316	1164.5	1442.8	3278.2
8534	1155.9	1420.5	3152.3
7030	1165.1	1386.2	3194.7
2398	1153.8	1399.2	3195.9
13021	1158.8	1415.5	3309.5
5450	1156.9	1411.7	3206.4
2983	1156.0	1408.9	3230.0
12165	1163.0	1400.7	3165.1
2923	1161.0	1401.3	3191.5
820	1164.8	1446.4	3230.4
1774	1158.0	1373.9	3140.8
12862	1156.1	1356.0	3119.5
12195	1149.6	1395.3	3138.8
8836	1168.6	1453.4	3341.1
14817	1159.7	1416.7	3171.1
6617	1167.7	1438.8	3255.3
8302	1158.7	1412.9	3201.8
7972	1158.5	1357.4	3126.1
265	1168.8	1481.8	3322.0
10303	1164.2	1432.6	3231.1
2914	1158.1	1353.9	3134.1
14101	1155.7	1412.1	3145.6
7008	1157.8	1358.8	3166.4
10067	1156.6	1399.3	3135.5
10803	1161.8	1401.3	3234.6
739	1160.7	1405.4	3203.0
13104	1156.3	1383.2	3127.6
8228	1163.8	1395.2	3176.7
4989	1169.5	1457.7	3298.9
6462	1158.2	1432.9	3255.2
13454	1149.2	1374.9	3151.9
11804	1151.3	1421.2	3237.3
3060	1158.5	1393.4	3199.1
7747	1163.5	1395.5	3600.3
4346	1158.8	1344.4	3124.6
9460	1165.8	1381.9	3246.1
10647	1155.1	1363.2	3089.6
8386	1155.1	1371.7	3171.4
7131	1157.7	1419.9	3172.4
4579	1160.1	1382.5	3213.0
4878	1149.2	1365.9	3189.7
6918	1168.8	1386.2	3226.3
455	1155.0	1363.7	3130.9
3013	1155.2	1380.9	3140.7
11344	1146.3	1382.4	3108.3
5127	1166.2	1464.8	3241.0
10744	1151.7	1410.6	3159.4
14562	1151.1	1352.1	3157.0
7404	1163.4	1341.9	3156.5
11187	1172.7	1465.6	3331.3
4796	1158.6	1398.4	3160.5
11387	1160.8	1384.6	3156.7
14988	1163.7	1466.7	3330.0
6081	1148.7	1386.0	3218.8
4966	1160.7	1428.0	3273.8
7009	1158.7	1415.9	3183.3
13629	1155.2	1356.2	3149.3
8834	1169.5	1456.1	3274.7
6408	1148.7	1361.3	3117.1
10338	1171.0	1402.0	3233.6
7996	1159.3	1397.5	3184.6
8791	1153.9	1363.1	3108.3
9989	1163.3	1397.7	3169.9
8167	1163.7	1433.8	3381.6
8041	1142.3	1342.8	3045.1
12849	1154.2	1381.4	3153.4
2314	1169.6	1444.7	3271.0
4599	1162.6	1378.7	3204.9
10676	1165.0	1439.0	3279.0
7041	1161.5	1450.3	3282.1
2339	1163.7	1423.9	3215.4
13817	1165.3	1385.8	3236.3
14007	1151.7	1401.2	3168.1
11196	1164.7	1404.7	3311.9
2727	1161.9	1382.0	3161.3
9859	1161.6	1396.7	3155.1
12114	1163.2	1427.0	3290.7
13076	1172.3	1462.9	3287.4
5020	1164.0	1395.5	3256.0
5162	1170.5	1463.2	3391.0
2556	1163.5	1364.3	3163.9
5139	1157.4	1353.2	3108.4
1108	1161.3	1444.1	3216.9
8936	1154.0	1402.2	3171.9
9065	1168.1	1445.9	3280.4
3450	1163.3	1439.0	3301.0
3442	1146.4	1369.2	3115.1
8159	1158.7	1410.0	3284.5
2625	1169.1	1391.9	3252.4
10624	1153.8	1360.3	3169.3
4252	1165.5	1355.9	3209.7
10840	1156.1	1405.6	3211.8
14153	1151.4	1361.6	3126.2
