25887	2002.3	2286.1	14202.8
42719	1976.9	2209.9	13624.0
37519	1991.6	2180.6	13897.5
49173	1990.9	2197.1	13857.0
55581	1987.1	2224.7	14010.6
55262	2005.1	2276.2	14438.1
57920	1975.4	2216.6	13664.9
55044	1985.6	2205.8	13984.7
11608	1982.1	2191.1	13683.6
52973	1983.2	2193.2	13743.6
28855	1987.9	2182.3	13815.9
55025	1991.3	2224.5	13895.4
22643	1984.1	2255.2	13688.4
25824	1978.5	2205.2	13829.4
31320	1978.0	2165.0	13723.9
17084	1986.2	2197.4	13746.3
27961	1992.7	2212.7	13935.0
31260	1987.5	2197.0	13637.1
25443	1988.9	2191.4	13826.5
11746	1978.6	2221.6	13658.9
59448	1989.0	2161.8	13810.4
49660	1985.6	2236.8	13864.5
55961	1982.2	2215.1	13704.3
37507	1996.8	2247.1	14069.6
11075	1988.4	2191.5	13686.0
31963	2002.8	2252.2	14092.1
54717	1993.9	2214.2	14238.6
45078	1977.4	2244.5	13884.9
28019	1983.9	2241.4	14072.2
9087	1974.0	2260.5	14256.4
15097	1990.3	2250.9	14098.3
7868	1977.4	2195.7	13734.6
53916	1993.1	2240.9	14010.2
15624	1988.3	2230.6	13856.3
24358	1983.8	2259.2	13816.8
23331	2003.5	2219.1	13943.2
21103	2000.0	2295.4	14234.0
46214	1985.6	2239.8	13947.7
53078	1988.1	2262.3	14106.6
35208	1995.3	2268.8	14182.1
16564	1989.1	2238.3	14120.1
55529	1986.6	2177.6	13816.3
31187	1982.9	2292.2	14261.8
24919	1987.4	2238.3	13873.4
58632	1995.5	2210.3	13920.6
12620	1981.4	2192.6	13652.0
48667	1998.0	2210.9	13835.0
11914	1987.2	2244.7	13878.9
22192	1974.7	2178.7	13631.7
52734	1976.4	2235.7	13738.8
51671	1998.5	2261.4	14143.9
6439	1988.3	2204.2	13784.5
33659	1991.1	2267.0	14168.1
32604	1992.1	2339.8	14248.3
22687	1991.6	2288.5	14362.8
28514	1990.2	2272.2	14320.5
7516	1976.1	2233.6	13705.0
32885	1988.1	2216.0	13868.7
11754	1983.1	2215.1	13612.1
44566	1992.9	2212.5	14189.1
38188	1993.9	2268.7	14028.4
18216	1987.1	2270.9	14129.9
54343	1987.8	2257.5	14169.8
33813	1984.5	2229.8	13843.7
18152	1989.6	2315.3	14019.0
5849	1989.5	2227.3	13880.8
37916	1971.3	2161.1	13469.4
11887	1980.5	2245.4	13946.8
31142	1993.5	2219.0	13965.9
11215	1983.9	2196.3	13761.1
43069	2010.0	2217.2	14203.1
38163	1989.6	2231.8	13906.8
25459	1977.2	2228.8	13636.1
26990	1992.3	2253.8	14075.7
41701	1997.1	2242.7	13923.3
46838	1979.4	2208.7	13743.2
25803	1979.1	2236.6	13796.3
19003	1986.5	2233.8	13945.9
33888	1962.6	2110.7	13228.4
42015	1976.8	2217.7	13714.6
52411	1990.5	2242.7	14122.3
22295	1991.7	2291.0	14316.2
34315	1992.1	2239.5	13939.4
18512	1987.9	2152.6	13718.2
1751	1994.3	2285.0	14032.1
37620	1985.2	2236.1	14033.7
5644	2000.4	2313.1	14662.3
4823	1988.9	2257.8	14029.1
35630	1968.9	2179.4	13585.3
30945	1985.4	2204.7	13540.8
20911	1990.9	2207.2	13877.6
15092	1993.2	2272.2	14180.1
7174	1999.0	2248.4	13957.6
19932	1969.2	2136.2	13424.6
3530	1996.0	2229.7	14033.6
52032	1996.5	2232.7	13967.6
18260	1989.3	2221.5	13701.7
18623	1999.3	2220.2	14060.9
47553	1978.0	2164.7	13656.6
9667	1978.5	2208.4	13765.4
11954	1983.2	2267.0	14432.2
38405	1995.6	2261.0	14070.5
38378	1989.8	2203.6	13952.5
7537	1995.6	2285.8	15009.5
55001	1972.1	2169.8	13657.5
41145	1980.0	2195.0	13641.6
48939	1978.4	2217.0	13941.4
5137	1986.4	2234.7	13889.4
46098	1972.6	2207.5	13697.2
56637	1967.9	2169.8	13509.0
17182	1973.5	2187.7	13747.1
54272	1996.9	2235.7	14035.9
19075	2002.9	2286.2	14307.8
26850	2000.1	2236.5	14039.8
53582	1961.4	2146.6	13445.7
56688	1973.9	2182.4	13660.4
2297	1981.7	2190.2	13626.6
2569	1979.3	2257.4	13757.9
9798	1985.7	2256.9	13822.5
34598	1978.7	2196.0	13701.5
27722	1984.0	2192.2	13893.0
6912	1977.2	2261.4	13870.7
17843	1997.4	2241.9	13889.6
46547	1979.3	2154.2	13604.0
3596	1983.9	2228.1	13852.8
53203	1990.6	2205.9	13751.1
44861	1984.4	2245.3	14305.0
16536	1989.6	2234.8	14040.6
34140	1998.5	2245.4	14314.7
49260	1987.3	2265.2	13966.6
11768	1986.9	2248.0	13728.6
1779	1989.5	2258.4	13872.4
25980	1971.7	2172.1	13539.4
14729	1980.2	2206.1	13788.4
27690	1989.3	2208.7	14045.0
12527	2003.0	2235.1	14114.6
56612	1976.7	2246.1	13802.8
30210	1984.6	2232.0	13923.9
9244	1979.7	2208.5	13782.8
58082	1991.6	2211.3	13891.6
31189	1999.1	2369.8	14305.5
43647	1989.5	2225.6	14063.9
50127	2003.1	2292.3	14214.8
45450	1990.2	2234.5	13916.4
24630	1988.2	2229.9	13957.7
36830	1997.0	2238.9	14117.9
49712	1988.7	2211.6	13788.6
12633	1991.9	2238.5	14050.8
15946	1977.3	2226.1	13803.5
33778	1967.7	2217.3	13663.5
36932	1977.7	2215.1	13767.7
58496	1994.6	2258.4	13945.2
13061	1983.0	2238.1	13796.0
56847	1987.2	2233.3	14472.5
24270	1985.2	2265.2	14010.5
2476	1976.6	2202.0	13680.6
57475	1988.9	2231.1	13889.3
21989	1987.3	2238.9	14460.7
13031	1986.3	2277.5	13926.3
24576	1974.4	2150.6	13539.4
6082	1986.3	2288.8	14073.5
30960	1974.8	2201.5	13696.0
37418	1985.1	2223.4	13798.6
22547	1990.9	2223.6	13991.7
44484	1988.9	2242.4	14032.9
9931	1996.2	2200.7	14072.6
40699	1970.3	2211.5	13673.0
9515	1995.6	2302.3	14308.0
5943	1991.0	2199.2	13709.3
21807	1996.8	2240.1	14074.5
51463	2003.9	2263.9	14192.5
20702	1996.4	2273.9	14198.2
12310	1972.1	2203.0	13553.7
12105	1982.0	2211.3	13867.5
194	1988.6	2200.7	13820.7
52797	1983.7	2286.2	13941.2
9898	1990.8	2230.8	13958.8
21389	2001.8	2273.0	14110.4
15882	1973.8	2179.9	13666.8
17627	1983.2	2199.9	13633.4
653	1979.0	2211.8	13540.4
40782	1993.8	2217.0	14141.3
58169	1987.1	2217.4	13806.8
13378	1969.0	2235.6	13601.1
8603	1983.7	2236.4	13899.0
49563	1990.5	2231.8	13862.4
41932	1981.4	2221.7	13763.5
22553	1980.0	2210.7	13796.1
37294	1987.8	2277.7	14045.0
55219	1983.1	2190.7	13794.2
15999	1989.6	2270.5	13943.2
45767	1977.6	2197.4	13605.4
19298	1987.5	2193.4	13748.2
26060	1978.2	2174.2	13778.4
7338	1986.4	2282.0	14156.7
45762	1972.2	2189.9	13674.9
22533	1988.8	2281.2	14127.3
51066	1988.2	2246.3	14070.2
21194	1985.6	2235.1	14040.3
5935	1983.1	2229.8	13795.7
26280	1991.0	2225.5	14178.9
13958	1998.9	2281.9	14237.2
43988	1987.4	2232.0	13824.8
47149	1975.7	2223.5	13714.8
12400	1987.4	2248.8	13908.8
6624	1991.3	2245.3	13924.5
52460	2012.8	2254.6	14460.8
56724	2006.5	2222.9	14362.5
50907	1986.6	2225.2	13847.7
46577	1969.8	2165.2	13476.2
10426	1985.8	2280.0	14178.2
16311	1997.5	2248.4	14199.1
25799	1989.8	2314.8	14177.1
10737	1975.4	2227.8	13658.1
31079	1989.1	2182.5	13840.7
14588	1990.1	2196.7	13770.9
38290	1971.3	2196.8	13711.3
31252	1971.1	2238.0	13531.1
40069	1995.7	2224.7	14044.4
17814	1982.6	2207.8	13847.2
54472	1982.0	2184.1	13879.0
19233	1991.0	2196.3	14283.2
24156	1992.2	2244.2	13981.1
20077	1978.9	2210.0	13717.5
11498	1993.5	2245.3	14149.1
46746	1971.0	2185.7	13612.5
55740	1983.1	2220.8	13778.9
42682	1975.1	2208.5	13731.2
43842	1984.2	2231.7	13945.0
24817	1976.6	2195.4	13653.2
10084	2006.5	2242.2	14521.1
16802	1981.0	2238.4	13899.2
30765	1986.0	2230.8	13833.7
22820	1984.2	2184.0	13759.8
11537	1977.6	2218.8	13581.3
12093	1987.4	2248.9	13888.8
2862	1981.5	2190.2	13592.7
14992	2002.8	2283.3	14557.8
45593	2000.8	2269.4	13929.2
17323	1993.8	2244.4	14058.1
30826	1982.6	2188.4	13842.6
3097	1974.1	2190.0	13660.2
32184	1993.0	2240.7	14159.9
18451	1987.5	2292.4	14062.5
12800	1974.7	2191.9	13573.7
55980	1998.1	2289.3	14304.8
10163	1974.6	2190.0	13560.8
45927	1989.5	2259.9	14111.0
16288	2006.7	2329.7	14501.0
7058	1975.1	2211.6	13894.0
13115	1991.9	2252.1	14138.1
54021	1984.3	2212.0	13857.9
26097	1985.1	2180.3	13715.5
56345	1992.2	2205.5	14242.9
20525	1985.5	2206.3	13639.2
11233	1989.5	2183.5	13726.1
46518	1994.2	2255.5	14172.0
11119	1982.3	2280.3	14089.2
10772	1980.2	2209.9	13654.3
58684	1997.2	2241.5	14152.9
3640	1985.6	2247.4	14140.4
56869	1985.8	2177.1	13786.8
36779	1992.6	2263.9	14273.5
17314	1995.2	2269.7	14132.9
47176	1998.9	2301.3	14476.3
10371	1988.0	2228.8	14036.9
12032	1990.7	2288.2	14154.1
46450	1973.6	2208.4	13764.0
3373	1982.9	2225.1	13862.7
12911	1974.8	2205.3	13622.0
42936	1976.2	2181.1	13653.7
55658	1993.2	2237.7	14008.2
16309	1976.7	2198.7	13667.1
3627	1974.2	2205.8	13686.8
4516	1996.9	2307.5	14274.7
42489	1986.2	2195.2	13717.4
259	1985.4	2223.5	13758.3
17838	1986.6	2199.9	13903.2
45070	1983.8	2212.6	13959.6
53929	1989.8	2224.7	13922.9
32182	1984.9	2254.0	14233.2
43578	1994.9	2262.9	14020.9
43202	1992.9	2251.0	13973.0
16130	1970.6	2178.7	13701.6
5457	1990.4	2285.1	13986.4
30538	1998.3	2267.0	14027.8
44674	1995.6	2330.5	14587.2
8157	1988.4	2220.5	13875.1
8958	1978.9	2224.1	13851.0
51193	1970.1	2191.7	13609.8
59896	1995.1	2254.8	14116.8
51524	1993.1	2249.1	13924.1
4947	1988.0	2206.2	13731.6
47143	1982.6	2224.4	13897.7
46010	1993.5	2230.8	14045.8
23271	1989.9	2214.5	13736.4
25769	1971.2	2228.2	13679.5
48942	1986.0	2201.3	13950.3
45676	1972.1	2167.8	13621.9
3036	2005.8	2273.6	14277.1
42392	1980.3	2153.5	13787.5
33640	1985.0	2246.1	13915.5
3721	1990.6	2233.9	13858.1
41515	1985.5	2176.0	13779.0
25438	1993.6	2253.9	14179.8
33017	1982.3	2237.8	13731.4
7121	1986.6	2260.6	13945.8
41078	1981.9	2231.8	13798.5
43949	1982.3	2241.3	13860.4
59011	1987.9	2217.5	13733.2
57000	1979.7	2198.9	13945.8
27555	1993.2	2265.9	13998.8
28952	1980.7	2209.6	13582.8
19261	1983.7	2237.4	14079.3
43999	1983.3	2205.9	13835.3
17965	1991.8	2235.0	13958.2
28836	1990.0	2227.5	14100.8
9994	1978.8	2226.5	13711.9
51787	1995.1	2226.0	14013.1
53502	1973.6	2247.3	14047.7
52026	1999.8	2191.2	13978.4
269	1983.1	2242.5	14026.8
30430	1999.3	2268.6	14098.7
42805	1985.2	2246.0	14047.1
37336	2001.8	2264.6	14471.2
44313	1985.0	2209.8	14045.2
33549	1989.5	2209.3	13877.2
3118	1989.1	2203.7	13980.8
16674	1987.8	2248.0	13798.1
50671	1985.6	2249.3	13831.0
42562	1996.2	2272.3	14062.6
31811	1989.0	2201.5	13831.1
31069	2016.0	2216.0	14298.0
15714	1990.1	2171.6	13781.5
25540	1991.7	2213.4	13990.0
14408	1958.8	2252.7	13716.2
25429	1986.6	2213.9	13972.8
31607	1982.8	2223.9	13655.1
34076	1966.5	2187.5	13357.1
33336	1982.2	2252.1	14102.7
57082	1975.2	2160.8	13658.1
23450	1990.5	2242.5	14089.3
58476	1983.9	2211.5	13891.9
50197	1988.4	2239.6	14026.2
22637	1984.8	2248.6	13854.0
53605	1980.7	2221.5	13912.1
3497	1971.7	2210.6	13964.3
22699	1984.9	2221.8	14142.5
2205	1968.3	2185.3	13493.0
54497	1989.7	2207.2	13911.6
57309	1978.8	2205.2	13702.5
4897	1980.5	2179.8	13573.7
54521	1986.5	2181.4	13707.0
40658	1979.2	2218.9	13691.1
58553	1991.5	2198.4	13795.6
46427	1980.6	2145.3	13688.0
34865	1990.2	2314.6	14335.4
43013	1978.9	2198.2	13930.2
10736	1980.7	2213.2	13669.5
58965	1990.3	2242.9	13944.9
17663	1993.1	2223.2	13921.8
8218	1974.6	2231.0	13758.0
20381	1989.4	2165.7	13862.6
4245	1998.5	2184.0	13929.9
10886	1997.8	2273.4	14199.2
11578	1979.5	2224.7	13789.5
14421	1983.2	2253.6	13895.1
57575	1968.4	2219.3	13528.0
31815	1973.2	2201.0	13822.6
35063	1991.7	2279.5	14219.4
18043	1980.8	2224.5	13651.2
52682	1996.3	2196.3	13828.6
43144	1983.3	2244.2	13919.7
15407	1994.6	2300.1	14200.0
5448	1991.4	2239.4	13990.4
8324	1981.7	2245.4	13999.1
57656	1975.3	2205.3	13737.7
17293	2001.1	2256.0	14107.2
56546	1972.8	2248.0	13692.5
13269	1988.1	2202.4	13887.0
18244	1972.8	2203.3	13620.7
10733	1989.7	2219.6	13786.0
26488	1987.2	2245.3	13810.2
4410	1991.5	2191.2	13664.2
14307	1980.0	2245.5	13945.8
45133	1985.3	2182.5	13818.6
21010	1993.6	2235.6	13991.9
7618	1986.5	2218.4	13911.7
4785	2001.5	2254.5	14240.4
23138	1988.3	2216.2	13790.7
5347	1986.9	2219.2	13784.6
34061	1977.6	2189.4	13528.4
21476	1993.8	2258.8	13951.0
38814	1987.9	2191.5	13605.2
10649	1985.5	2198.7	13972.5
10033	1990.4	2236.4	13887.7
33266	1991.6	2258.8	14014.6
33953	2000.1	2310.8	14340.2
36103	1988.1	2217.0	13839.9
28628	1989.4	2271.1	13859.8
6997	1992.8	2287.3	14077.8
12808	1986.3	2247.9	13906.5
45799	1986.2	2234.2	13931.3
44747	2000.5	2184.6	14113.7
18110	1978.6	2248.4	13923.1
21444	1978.4	2192.3	13804.9
3824	1989.0	2221.1	13874.4
33988	1991.6	2199.7	13908.2
15137	1990.3	2275.3	14094.6
10119	1991.2	2256.9	14150.1
1793	1989.4	2232.6	13948.2
1742	1998.8	2250.9	13925.5
4873	1989.9	2250.5	14102.0
46019	1985.8	2238.1	13752.5
25403	1997.2	2250.3	14226.7
25076	1987.9	2212.4	13813.3
45595	1969.5	2193.2	13358.9
21950	1985.2	2309.2	14382.2
15319	2000.6	2293.7	14243.5
12073	1981.2	2231.4	13778.4
45178	1985.9	2233.1	13862.1
10638	1984.9	2249.0	13901.7
29468	1987.6	2262.3	13814.4
54782	1987.4	2305.2	14438.7
49885	1974.2	2179.3	13768.7
36048	1997.4	2244.3	14197.5
11110	1984.8	2195.3	13642.7
44587	1986.9	2203.5	13711.0
32845	1998.9	2259.5	14109.6
12759	2009.4	2281.0	14185.2
42661	1999.9	2245.8	14041.6
20817	1986.3	2268.4	13996.5
16842	1991.9	2242.9	14214.5
13245	1977.3	2215.1	13885.5
6743	1981.8	2213.0	13802.4
28547	1986.8	2223.8	14009.2
56360	1994.3	2267.1	14179.4
44562	1975.4	2187.5	13513.2
52062	1972.3	2205.8	13554.5
55091	1979.7	2162.0	13867.2
2280	1991.2	2262.6	14093.9
26088	1984.9	2230.6	14080.7
38624	1993.9	2254.2	14066.8
19065	1985.7	2234.6	13850.6
43185	1989.5	2254.3	13712.5
30551	1962.9	2159.7	13381.7
16952	1984.6	2250.8	14062.9
11286	1988.3	2222.8	13908.7
45176	1995.4	2228.4	13848.8
29052	1983.5	2170.4	13620.5
2030	1998.3	2167.3	13892.8
43517	1982.2	2204.9	13704.0
54669	1974.5	2194.0	13685.3
9845	1986.7	2219.3	13774.0
29623	1983.2	2222.7	13854.0
4916	1972.3	2196.2	13772.3
46412	1989.7	2264.9	14159.3
24392	1995.2	2243.3	13936.9
5955	1982.0	2232.0	13767.2
36588	1984.2	2282.1	13883.4
24710	1995.0	2264.7	14210.2
37211	1989.5	2232.9	14038.4
4708	1996.5	2244.8	14010.3
19191	1979.4	2155.0	13535.2
34484	1990.9	2249.0	14035.7
37272	1978.4	2238.2	13662.8
42401	1988.1	2226.3	13740.8
12356	1994.6	2204.4	13861.8
27102	1986.2	2210.7	13961.7
5986	1997.9	2313.4	14191.0
35099	1986.2	2203.8	13714.4
173	1987.4	2218.6	13669.1
54074	1993.7	2204.4	13766.3
40047	1984.7	2215.1	13644.1
6123	1981.1	2222.2	13753.9
32294	1984.3	2237.6	13869.5
58363	1980.1	2232.3	13970.2
36133	2004.5	2320.4	14401.6
715	1989.9	2213.2	13654.4
45000	1978.5	2187.8	13691.8
47495	1988.9	2275.1	14125.3
51072	1986.7	2210.6	13965.4
41	1974.1	2215.3	13747.2
103	1985.8	2233.5	14064.9
35785	1989.5	2240.6	13874.1
10265	1991.4	2248.3	14069.2
9439	1977.7	2225.3	13880.3
46150	1992.8	2260.3	14044.5
42477	1991.1	2270.2	13951.5
30708	1993.5	2280.6	14099.8
40718	1987.2	2230.3	13914.6
38794	1980.2	2230.7	13773.7
45772	1991.4	2221.1	13915.0
31890	1982.7	2216.0	13713.5
57569	1990.6	2240.7	13827.0
14292	2000.9	2231.4	14109.6
43705	1994.9	2226.1	13963.6
53131	1984.3	2202.4	13809.4
50595	1998.9	2277.4	14082.2
15721	1993.1	2309.9	14159.0
33841	1974.3	2198.2	13687.7
22780	1994.8	2213.6	14131.4
54454	1996.4	2192.7	13950.6
32995	1987.7	2258.2	13790.6
9325	1986.5	2250.4	14047.7
22812	1995.0	2211.4	13714.0
56021	1970.4	2173.9	13489.0
589	1978.3	2187.4	13584.3
7730	1972.2	2160.6	13462.3
13827	1990.1	2264.3	13967.9
44115	1981.3	2288.7	14250.7
33063	1998.2	2272.3	14208.2
47371	1986.5	2221.4	13749.8
59944	1989.1	2175.3	13651.9
59732	1990.5	2219.7	13872.0
16755	1994.8	2226.0	13877.1
25853	1981.2	2239.1	13985.1
42629	1962.3	2225.7	13535.9
59555	1980.7	2176.9	13738.7
11476	1981.5	2168.8	13489.6
55103	2000.0	2272.2	14201.5
38848	2001.2	2241.2	14377.7
5100	1989.1	2242.8	14287.8
4322	1982.5	2190.2	13814.9
28365	1977.1	2172.6	13732.4
11214	1978.2	2163.4	13827.7
13572	1986.5	2225.5	13934.0
56867	1981.2	2189.8	13459.8
4057	1998.2	2240.0	14175.0
46794	1989.2	2242.4	13888.4
1484	1994.4	2200.8	13811.6
6180	1981.1	2181.0	13596.3
51046	1993.9	2290.8	14177.6
10596	1991.5	2203.0	13897.0
19907	1984.5	2232.0	13959.3
8477	1984.4	2177.3	13718.5
1544	1972.1	2222.6	13647.5
8641	1984.1	2218.9	13803.8
31042	1993.8	2198.8	14070.2
54350	1987.3	2236.3	14000.4
50708	1981.1	2212.5	13679.0
55934	1985.8	2189.5	13786.4
51386	1988.5	2225.2	13865.6
4572	1984.7	2216.9	13856.4
11857	1980.8	2228.8	13785.1
43312	1995.9	2244.1	14093.0
20903	1986.8	2246.0	13870.5
54030	1978.6	2195.0	13631.1
41070	1988.7	2256.3	14071.9
4487	1980.5	2250.9	13922.1
58497	1982.5	2250.9	13976.9
25718	1982.7	2231.5	13818.3
53422	1995.2	2274.2	13878.4
35453	1984.5	2226.7	13825.1
52943	1983.8	2199.9	13692.5
2157	1988.5	2224.8	13790.7
6519	1987.9	2243.4	13850.9
44461	1991.5	2199.5	14051.7
46449	1985.1	2197.5	13782.9
57758	1972.0	2191.6	13645.4
57682	1980.9	2214.7	13675.2
2396	1988.0	2249.2	13994.0
40635	1995.8	2216.5	14243.2
58470	1992.9	2191.9	14048.5
59608	1980.9	2226.2	13759.8
8998	1970.8	2213.9	13557.4
21120	1978.5	2255.0	13842.8
42655	2001.8	2247.9	14051.4
37004	1983.3	2173.4	13743.4
35542	1997.1	2259.0	14226.8
10473	1990.9	2283.5	13929.1
14643	1986.3	2308.8	14034.4
19915	1993.3	2262.3	13921.6
49096	1979.5	2199.2	13664.6
6744	1990.9	2239.5	14046.6
16448	1992.4	2223.1	13939.2
48478	2002.5	2270.3	14041.8
57016	1982.2	2230.1	13877.5
38138	1980.4	2246.7	13938.0
37769	1986.2	2209.8	13995.8
26001	1986.4	2256.6	14071.8
54140	1998.9	2236.8	13973.7
52311	1985.9	2196.6	13939.1
4197	1984.1	2229.2	13838.0
39763	1988.0	2253.1	13968.7
9468	1982.8	2234.5	13745.9
7118	2000.2	2281.1	14334.6
47580	1992.6	2302.4	13958.7
17443	1989.2	2227.3	14037.6
15389	1980.8	2205.9	13644.6
27670	1981.1	2218.4	13792.1
54819	1993.3	2219.9	13893.1
9829	1976.7	2172.0	13509.9
24822	1985.4	2241.7	13936.5
40434	1982.3	2239.0	13983.8
35581	1977.6	2190.0	13634.7
40615	1995.6	2273.2	14490.6
40967	1993.7	2235.1	13900.1
20057	1992.9	2204.7	13866.3
30771	1993.6	2180.7	13653.2
24192	1993.6	2271.8	14197.8
31074	1967.4	2166.2	13477.4
20212	1981.5	2206.9	13879.1
5214	1985.5	2243.0	13926.3
50043	1989.2	2237.2	14230.6
54047	1987.7	2229.2	13957.0
52488	1981.1	2246.0	14310.4
8789	1977.0	2182.7	13552.5
59185	1974.2	2185.3	13662.8
57455	1982.4	2201.4	13861.2
38504	1973.7	2229.9	13997.2
57142	1987.8	2224.0	13830.3
30	2014.0	2291.7	14342.7
59102	1984.6	2263.5	14235.8
50902	1970.2	2171.8	13414.7
31790	1982.3	2235.8	13851.3
3747	1979.3	2244.9	13936.6
38617	1982.7	2181.0	13770.8
45019	1984.2	2256.2	14121.5
43628	1996.1	2216.1	13897.1
52126	1982.1	2180.8	13815.6
22280	1978.5	2223.7	13688.3
40713	2008.6	2268.5	14503.6
11283	1983.8	2178.6	13857.5
25811	1990.9	2185.3	14183.7
6687	2000.5	2269.8	14050.8
52861	1975.3	2192.0	13611.9
55217	1985.5	2261.8	14223.8
28817	1993.8	2194.7	13993.4
51090	1995.8	2255.4	14120.1
48036	1992.2	2260.1	14232.1
34130	1984.5	2241.7	13800.4
9660	1972.6	2210.4	13773.5
52423	1985.1	2160.4	13767.9
40380	1991.4	2293.5	14088.3
17527	1987.3	2233.0	13840.0
9021	1963.0	2188.7	13390.0
18862	1985.1	2266.2	13909.7
50223	1985.0	2196.2	13681.5
44265	1963.7	2187.6	13565.3
38307	1989.5	2247.7	14132.3
35237	1995.2	2254.8	14045.9
13247	1984.2	2219.4	13903.1
33342	1994.1	2259.1	14142.6
15815	1985.3	2200.7	13817.2
49543	1984.3	2138.1	13582.7
27711	2000.9	2247.7	14050.3
51610	1977.8	2201.3	13788.5
2370	1982.6	2252.3	13899.6
28455	1988.7	2285.2	13973.6
13569	1986.1	2179.4	13686.0
26520	1978.4	2195.6	13746.9
37707	1985.7	2189.3	13769.7
2880	1985.8	2183.0	13642.5
49410	1990.3	2241.5	14064.9
25120	1966.1	2136.7	13370.2
18625	1991.8	2236.6	13837.4
24681	1988.9	2249.5	13896.4
28648	1978.3	2186.3	13576.8
15991	1998.2	2321.0	14191.1
5345	1976.8	2207.8	13772.3
43585	1986.0	2229.5	14082.3
56644	1998.7	2226.2	13886.8
10844	1989.5	2265.8	13975.6
29401	1990.0	2262.9	14056.8
33263	1991.2	2258.3	13928.9
16161	1987.2	2242.6	13879.0
44541	1986.2	2187.8	13824.4
56775	1987.2	2241.8	14045.8
44568	1988.3	2273.9	14375.3
29019	1989.5	2240.9	13976.4
29043	1985.2	2191.1	13710.0
3353	1981.0	2226.0	13878.0
10750	1985.2	2234.8	13838.2
291	1997.6	2234.2	14047.3
31520	1982.5	2223.3	13631.2
57885	1982.8	2230.3	13899.6
2301	1994.7	2254.1	14577.4
15236	1977.2	2214.0	13758.7
9608	1972.2	2275.6	13926.0
290	1991.8	2257.8	13986.7
20187	1983.0	2267.8	13830.0
11904	1999.2	2251.0	14137.2
35262	1985.2	2250.1	14027.1
50350	1989.1	2243.8	14263.8
39202	1994.0	2249.5	13947.6
28576	1984.3	2170.9	13934.1
14495	1978.7	2164.4	13730.6
3817	1978.6	2212.9	13885.7
46965	1993.3	2262.9	13993.9
23654	1996.2	2256.8	14297.6
55389	2004.3	2254.2	14171.5
22033	1993.7	2235.7	14118.5
21600	2000.8	2235.9	14157.8
27322	1970.7	2174.8	13468.3
29559	2004.4	2287.9	14033.0
23899	1984.6	2177.4	13699.5
33906	1986.1	2244.3	14192.5
47344	1999.5	2220.9	13829.3
47038	1990.7	2255.0	13860.5
14130	1991.1	2264.4	14108.7
10549	1992.6	2273.8	14024.7
33694	2003.1	2236.7	14064.2
28509	1990.9	2243.7	14139.0
10651	1990.2	2225.6	13867.9
15436	1997.1	2273.1	14003.4
11020	1976.3	2193.7	13612.5
8301	1980.5	2184.1	13763.4
12364	1992.1	2268.2	14100.1
48983	1974.5	2199.2	13667.1
29494	1979.1	2267.0	13750.4
44743	1986.5	2230.8	13995.5
12459	1983.2	2266.4	13846.8
29833	1989.4	2218.3	13786.8
47531	1995.4	2236.0	14273.7
27232	1983.2	2265.7	13923.5
59569	1991.9	2257.0	14024.9
32295	1987.0	2213.3	13668.2
51432	1988.9	2192.3	13860.4
16136	1975.1	2186.6	13527.9
7747	1982.4	2211.5	13739.0
56394	1991.7	2236.7	14115.7
1947	1985.6	2230.0	13892.9
24366	1975.7	2210.2	13779.1
35438	1972.9	2169.5	13575.1
37475	1980.3	2208.0	13680.0
46481	1992.3	2227.7	14182.3
39898	1981.4	2255.2	14063.5
31962	1986.0	2221.0	14132.1
21992	1973.6	2168.7	13573.6
44569	1976.9	2202.4	13797.7
29604	2000.1	2282.9	14315.3
36758	1983.6	2234.0	13755.6
1907	1980.4	2217.5	13669.6
31644	1988.5	2280.3	14244.7
37397	1980.8	2251.3	13851.0
27191	2002.0	2231.4	13845.6
40864	1998.7	2266.5	14112.2
42823	1981.5	2185.5	13640.3
32793	1997.8	2263.9	13975.7
26256	1991.5	2206.5	13777.4
30197	1978.6	2160.4	13549.8
4744	2005.6	2255.2	14143.8
21647	1979.2	2205.3	13733.0
34316	1985.5	2226.3	13957.8
4782	1980.0	2185.6	13743.0
33177	1982.0	2215.5	13724.1
9184	1979.3	2189.2	13754.1
51821	1986.1	2198.6	13827.3
12517	2001.4	2266.6	14273.1
52469	1999.7	2212.1	14200.9
32326	2000.0	2274.7	14269.0
7897	2000.6	2291.5	14047.9
17267	1990.5	2215.8	13769.5
10861	1976.5	2184.0	13439.7
21846	1997.9	2212.0	13941.1
49082	1992.3	2284.8	14126.6
29880	1988.0	2238.1	13930.1
35822	1999.1	2317.1	14249.8
37593	1989.2	2228.2	14132.7
34252	1980.8	2243.4	13734.3
31926	2003.5	2270.0	14474.0
32672	1981.0	2209.0	13667.2
1441	1986.4	2231.6	13952.5
26004	1992.3	2257.5	14196.3
53084	1988.1	2210.8	13924.9
985	1978.5	2214.0	13575.5
52314	1996.9	2282.5	14027.7
2460	1995.7	2251.7	14124.1
22228	1977.4	2217.5	13732.6
28187	1964.4	2172.1	13463.4
18285	1981.5	2215.7	13717.6
46764	1969.1	2165.3	13672.6
47326	1981.7	2227.3	14121.6
49688	1985.1	2286.0	13995.9
7565	1975.0	2178.2	13575.5
38923	2004.0	2255.5	14085.0
59269	1992.3	2257.5	13953.7
57095	1984.7	2256.6	14138.6
56502	1979.6	2195.3	13592.2
33530	1997.5	2233.6	13914.8
18041	1994.5	2236.8	14141.7
28159	1986.1	2229.1	13845.8
49820	1986.3	2224.9	13855.3
4590	1984.4	2223.1	13793.4
4310	1985.5	2287.8	14115.8
48180	1997.1	2244.8	14216.6
59420	1967.4	2155.8	13533.5
17689	1979.5	2222.5	13848.1
50501	1985.9	2196.8	13865.5
31655	1992.1	2240.3	13946.1
23032	1977.3	2239.8	13608.3
46007	1985.9	2190.7	13740.7
39955	1982.4	2222.9	13851.2
1113	1989.9	2259.9	13921.6
12101	1983.5	2215.1	13797.2
23579	1983.5	2219.2	13918.9
47484	1998.6	2220.1	14190.0
37812	1994.0	2215.7	13854.1
51747	1994.7	2210.8	14067.8
10561	1982.8	2190.6	13670.5
50323	1978.3	2208.9	13739.7
49687	1989.9	2247.9	14064.8
30078	1989.5	2202.7	13941.6
55486	1981.1	2188.5	13792.7
32305	1973.5	2231.1	13761.9
34844	1990.9	2240.3	13945.9
10865	1986.1	2204.7	13736.3
41783	1978.3	2251.9	13958.6
19232	1992.4	2264.9	14026.6
4504	1984.8	2218.0	14034.3
16242	1989.8	2209.1	13863.9
6736	1988.9	2254.7	13859.7
39	1994.1	2272.2	14151.7
23676	1992.8	2263.9	14073.8
29513	1979.3	2237.8	13894.5
3975	1985.6	2210.5	13654.2
4813	1974.4	2226.1	13696.7
18265	1997.9	2283.7	14255.3
15967	1994.8	2329.2	14349.8
21951	1995.1	2212.1	13953.6
9688	1964.9	2180.5	13693.8
19762	1977.3	2191.4	13607.6
58167	1966.6	2159.9	13622.7
55302	2000.8	2240.4	14000.4
56984	2017.9	2284.7	14280.9
32098	1982.5	2222.8	13992.0
26228	1990.0	2285.7	14121.0
276	1980.8	2232.2	13675.2
35112	2001.1	2238.8	14052.1
46748	1983.8	2227.3	13830.7
45905	2000.3	2289.3	14036.7
49274	1988.8	2201.7	13917.6
23481	1990.5	2227.5	13796.8
7917	1970.7	2234.8	13639.4
70	1983.4	2236.6	13983.1
58677	1991.5	2211.0	14008.0
37650	1971.7	2184.5	13526.0
35201	1993.3	2213.8	13789.0
36960	1982.0	2188.0	13687.6
3421	1985.1	2194.0	13794.5
11789	1986.9	2174.7	13593.6
48739	1979.1	2221.8	13657.4
19496	1988.8	2224.8	14008.9
51252	1982.8	2211.5	13741.6
34957	2012.2	2329.7	14384.1
28696	1986.2	2194.9	13841.3
19837	1995.0	2267.0	14508.9
35851	1990.6	2247.2	13931.4
23959	2004.4	2329.9	14150.8
26729	1985.7	2215.3	13902.5
20251	1998.6	2255.7	14004.0
45852	1988.0	2201.2	13933.6
39862	1991.4	2221.4	13832.9
21211	1995.8	2222.0	13997.9
10617	1977.7	2183.3	13649.5
49142	2003.9	2259.1	14269.5
28116	1984.7	2219.7	13826.1
33855	1994.8	2261.7	14056.8
11227	1990.0	2298.4	14181.2
28639	1975.0	2254.2	13892.0
42874	1996.5	2271.3	14107.5
52916	1978.0	2202.6	13597.6
10799	1981.2	2229.1	14123.8
59611	1991.3	2184.2	13865.2
41194	1989.1	2248.6	14085.3
1236	1993.3	2237.3	14017.9
55840	1999.2	2221.5	13989.1
5080	1998.7	2266.7	14220.5
12903	1968.4	2226.6	13713.8
21613	1977.0	2184.3	13689.1
59121	1985.4	2238.9	13690.7
55506	1983.4	2236.7	14223.4
11383	1985.1	2256.0	13789.2
48250	2002.4	2265.3	14209.3
42947	2002.3	2295.7	14318.7
14420	1974.8	2198.0	13653.2
44280	1993.1	2220.8	13996.2
18785	1995.8	2298.3	13969.6
8682	1989.4	2235.0	13951.8
59030	2001.1	2275.0	14275.0
38793	1980.9	2200.6	13836.8
14122	1990.1	2248.4	13953.3
42773	1993.9	2237.1	14183.2
54647	1986.4	2212.4	13968.2
24410	1994.7	2241.7	14135.1
58384	1993.6	2223.8	14279.8
49377	1992.9	2197.0	13955.6
58951	1978.1	2236.9	14043.3
32618	1991.1	2257.4	13946.4
12323	1974.3	2203.9	13698.8
28893	1990.7	2234.2	14069.7
30075	1973.0	2142.9	13514.0
12057	1982.4	2257.4	13925.5
49791	1982.7	2222.2	13750.8
22896	1970.5	2179.9	13507.6
32051	1980.9	2291.0	14108.7
31498	1988.8	2242.2	13952.3
57491	1984.5	2254.3	13933.8
21993	1982.1	2232.3	13749.0
23185	1989.7	2238.6	14025.2
21287	1978.0	2227.7	13813.6
43690	1996.4	2181.7	13898.3
53194	1994.4	2206.7	14086.6
2343	1979.4	2227.6	13765.1
26115	1974.6	2164.1	13461.7
25079	1984.2	2158.1	13427.9
2661	1989.1	2180.9	13708.7
30504	1993.4	2252.7	14105.9
37441	1996.8	2241.9	13954.6
47491	1981.1	2190.2	13764.4
9000	1990.2	2239.1	13830.6
45567	2000.8	2200.2	14096.1
15119	1986.9	2177.6	13839.9
11126	1966.2	2210.6	13578.7
51416	1992.7	2235.6	14008.1
36297	2001.6	2228.0	14102.0
17630	1964.0	2177.1	13427.4
39520	1972.2	2200.0	13633.4
53066	1990.7	2176.3	13800.7
41525	1985.4	2214.3	13836.1
44227	1997.8	2272.7	14070.2
26906	1985.7	2237.4	13855.6
58008	1985.9	2246.5	13843.9
35255	1992.0	2178.7	13906.1
54327	1987.2	2216.1	13848.6
10613	1988.6	2235.8	13963.0
36209	1983.3	2252.0	13747.5
27237	1995.6	2218.6	14173.2
50440	1988.6	2204.2	13709.6
32389	1993.9	2247.8	13991.2
11773	1993.4	2248.1	14175.2
29816	1994.3	2181.1	13866.6
24144	2002.0	2299.7	14266.6
1015	1969.9	2164.3	13702.7
13932	1993.1	2255.9	14244.7
7669	1989.1	2196.6	13756.7
37224	1996.0	2243.2	14156.7
5524	1988.1	2184.2	13584.6
44606	1983.3	2171.4	13632.0
7564	1995.8	2292.7	14152.6
47804	1985.3	2167.8	13967.7
42675	1981.8	2154.2	13725.2
10827	1975.8	2226.7	13686.6
5566	1995.1	2267.7	13999.4
35900	1992.3	2225.0	14185.1
42400	1980.1	2196.3	13809.1
36047	1975.6	2169.5	13619.6
7695	1993.2	2220.7	13909.9
3877	1985.1	2229.6	13840.6
40629	1975.6	2178.7	13784.9
30640	1992.3	2282.4	14102.8
18553	1988.9	2254.8	13912.9
28876	1986.4	2248.5	13803.6
34804	1975.4	2209.3	13722.1
11398	1991.3	2256.4	14039.3
23943	1985.1	2259.1	13888.6
26132	1989.6	2236.8	14031.7
13323	1994.4	2272.0	14000.1
17934	1981.6	2226.3	13937.4
51291	1996.3	2238.6	14138.4
2268	1993.2	2258.9	14070.6
20682	1981.1	2229.3	13954.7
51102	2005.1	2236.3	14036.3
55911	1984.2	2203.8	13915.2
40749	1981.7	2191.1	13794.1
9229	1983.2	2190.4	14002.9
31947	1977.4	2189.4	13786.1
59073	2010.4	2258.0	14322.7
22213	1983.6	2263.9	13982.2
33141	1994.1	2222.8	14045.7
3521	1990.3	2232.2	13917.3
36129	1969.0	2207.4	13694.2
13357	1992.1	2263.8	14072.8
28266	1986.2	2222.2	13832.3
12792	1992.5	2231.6	14050.7
40638	1981.4	2222.7	14006.4
38397	1980.2	2220.3	13727.8
25012	1990.8	2240.1	14374.8
32630	1967.4	2180.6	13518.8
4271	1980.1	2165.8	13538.3
45778	1988.4	2188.9	13725.7
32131	1984.6	2215.4	13989.5
55916	1990.5	2239.8	14203.7
57410	1981.0	2227.8	13803.3
30299	1989.5	2218.6	13804.8
2125	1991.7	2264.5	14051.6
19110	1974.7	2194.8	13827.6
24360	1988.8	2234.6	13934.7
33804	1983.3	2236.6	13992.5
57284	1987.2	2222.1	13896.5
4608	1987.3	2180.8	13660.6
53838	1989.2	2223.4	13752.2
15482	1990.3	2235.0	13891.3
33016	2000.9	2260.9	14271.5
18779	1985.9	2215.5	14029.8
32422	1982.6	2207.4	13874.4
28378	1983.1	2222.0	13852.4
38345	1980.6	2223.8	13841.6
57141	1990.2	2227.9	13871.9
