15101	1348.2	1677.5	9134.8
24920	1343.9	1574.3	8788.8
21886	1332.2	1605.1	8789.9
28684	1334.9	1559.0	8695.2
32422	1338.4	1564.4	8751.4
32236	1337.6	1527.3	8574.3
33786	1328.0	1551.7	8638.4
32109	1341.8	1588.6	8780.4
6774	1327.7	1660.9	8921.7
30901	1336.8	1502.4	8603.9
16834	1346.8	1609.3	8978.9
32098	1352.2	1589.4	8890.1
13211	1352.6	1593.4	8759.3
15067	1345.4	1593.9	8882.0
18273	1334.5	1612.1	8793.3
9970	1330.9	1554.8	8671.2
16314	1338.0	1559.3	8669.7
18238	1334.1	1557.8	8685.6
14846	1336.4	1584.6	8709.4
6858	1341.9	1587.6	8667.8
34678	1352.7	1563.2	8902.3
28970	1353.2	1621.3	9062.1
32644	1329.3	1528.3	8545.8
21883	1338.1	1556.7	8638.7
6468	1341.1	1627.9	8946.9
18650	1349.6	1552.0	8782.6
31919	1347.3	1530.8	8624.2
26298	1332.1	1539.6	8666.9
16351	1339.8	1553.6	8753.7
5311	1333.8	1607.0	8790.6
8816	1343.7	1549.4	8879.0
4600	1343.0	1598.1	8751.5
31452	1336.7	1585.1	8659.3
9124	1336.1	1598.3	8840.1
14217	1356.1	1646.1	9323.3
13618	1349.2	1599.3	8817.5
12320	1337.5	1574.4	8609.2
26961	1350.6	1612.7	8918.6
30964	1323.2	1515.4	8643.8
20545	1327.0	1552.0	8679.4
9674	1342.9	1585.0	8836.4
32393	1345.2	1589.9	8838.6
18201	1343.1	1577.2	8772.8
14546	1334.3	1566.6	8671.8
34202	1348.7	1552.1	8611.9
7376	1340.1	1546.5	8752.9
28392	1355.4	1657.1	9097.3
6965	1337.0	1550.3	8695.2
12958	1338.2	1571.1	8679.1
30764	1343.1	1563.7	8816.0
30144	1343.1	1563.0	8699.3
3775	1338.3	1557.8	8883.2
19643	1336.9	1608.5	8861.8
19029	1349.3	1616.9	8988.8
13248	1335.9	1556.9	8667.5
16645	1332.6	1566.1	8703.1
4405	1337.4	1564.0	8656.9
19194	1350.3	1620.9	8854.0
6876	1339.5	1557.8	8744.0
26003	1329.5	1569.7	8742.9
22285	1361.2	1638.0	9102.6
10643	1321.6	1541.4	8581.2
31702	1338.0	1534.4	8763.1
19736	1325.5	1595.0	8886.8
10607	1336.1	1572.7	8843.9
3436	1355.3	1601.5	8851.5
22128	1354.2	1609.6	8810.0
6956	1319.8	1547.2	8502.7
18180	1343.1	1552.2	8709.0
6565	1342.3	1573.2	8769.7
25131	1342.1	1570.3	8827.2
22273	1335.2	1601.0	8660.9
14868	1335.3	1608.2	8831.4
15760	1342.4	1594.4	8776.0
24335	1346.3	1601.7	8793.1
27329	1332.8	1524.0	8516.4
15069	1333.6	1593.3	8772.1
11107	1337.9	1525.8	8619.2
19782	1338.6	1583.6	8807.8
24518	1328.1	1576.1	8609.8
30577	1337.7	1552.8	8639.0
13026	1340.5	1623.3	9195.7
20032	1351.4	1651.7	9119.6
10822	1337.0	1574.9	8708.1
1055	1342.5	1593.5	8808.5
21958	1364.1	1648.0	9040.0
3325	1341.5	1579.2	8811.9
2847	1360.1	1603.8	8940.8
20799	1330.9	1540.7	8665.4
18069	1342.1	1584.8	8782.9
12223	1343.0	1573.5	8678.1
8832	1340.3	1592.2	8703.6
4219	1354.1	1647.7	9196.8
11653	1330.2	1563.1	8694.5
2096	1344.9	1575.6	8815.5
30357	1338.4	1540.6	8518.3
10679	1352.0	1614.7	8793.9
10891	1331.4	1550.9	8824.9
27747	1341.9	1527.1	8740.7
5673	1332.0	1614.2	8644.9
7007	1331.9	1586.7	8722.6
22418	1350.3	1603.7	8841.5
22402	1333.5	1550.4	8583.2
4434	1350.8	1675.7	9130.3
32087	1339.8	1587.9	8942.8
24015	1342.4	1573.7	8783.0
28556	1326.0	1599.2	8729.3
3037	1326.8	1543.7	8670.5
26901	1326.4	1610.1	8787.5
33041	1337.7	1584.1	9083.1
10055	1331.9	1630.7	8681.9
31663	1347.9	1565.5	8873.6
11159	1335.1	1508.0	8578.8
15688	1339.9	1573.5	8729.4
31261	1325.8	1559.3	8788.1
33070	1335.2	1584.4	8758.1
1386	1341.5	1593.4	8776.3
1545	1344.5	1585.4	8943.4
5756	1335.2	1536.3	8858.2
20203	1321.4	1527.7	8512.2
16198	1336.7	1634.1	8769.7
4076	1335.7	1573.7	8867.7
10444	1328.6	1548.4	9168.6
27164	1333.1	1560.3	8679.3
2146	1342.3	1586.5	8821.6
31041	1341.1	1588.0	8812.9
26182	1331.1	1549.7	8763.6
9684	1347.7	1552.5	8706.1
19938	1344.8	1609.2	8788.7
28745	1333.0	1615.1	8728.0
6908	1338.2	1533.2	8669.4
1090	1355.4	1628.9	8896.4
15186	1325.0	1545.1	8529.2
8634	1336.5	1578.3	8814.8
16182	1349.8	1573.3	8735.6
7352	1335.9	1571.9	8736.5
33027	1335.2	1521.2	8694.0
17651	1330.7	1578.6	8715.0
5441	1350.0	1582.5	8769.2
33883	1341.6	1624.4	8938.0
18222	1342.6	1615.1	8810.6
25477	1356.0	1588.1	8925.1
29250	1360.5	1629.0	9036.6
26527	1333.8	1552.4	8625.2
14403	1346.9	1659.5	8930.2
21508	1346.9	1545.7	8866.2
29009	1335.7	1542.9	8636.5
7418	1338.4	1599.0	8804.5
9347	1347.4	1613.7	8909.7
19731	1319.5	1493.2	8538.6
21568	1346.8	1594.8	8976.8
34124	1341.4	1592.2	8906.8
7669	1342.4	1537.4	8716.9
33164	1346.1	1590.8	8896.9
14195	1344.6	1602.2	8798.6
1506	1339.5	1617.0	8933.8
33529	1347.6	1557.1	8805.7
12868	1331.4	1545.0	8782.8
7653	1330.1	1576.3	8600.5
14375	1333.7	1611.6	8918.5
3607	1328.5	1589.6	8641.8
18092	1333.5	1537.6	8903.1
21852	1339.9	1584.9	8860.9
13195	1340.8	1576.8	8789.6
25967	1340.4	1615.8	8964.6
5850	1335.2	1571.5	8781.9
23763	1331.1	1627.2	8767.1
5609	1360.9	1636.0	8890.3
3530	1349.9	1586.8	8818.0
12765	1346.3	1542.9	8729.6
30030	1357.3	1610.2	8873.0
12123	1343.0	1546.5	8853.5
7238	1328.1	1530.1	8677.4
7118	1351.6	1631.6	9033.6
186	1343.8	1660.6	8905.6
30807	1331.4	1543.9	8775.7
5835	1340.3	1554.4	8663.4
12525	1348.5	1592.6	8899.8
9319	1336.1	1592.2	8701.3
10335	1324.9	1515.7	8507.5
455	1345.8	1578.8	8766.2
23813	1355.3	1589.2	8934.1
33934	1331.9	1580.4	8748.6
7863	1332.7	1624.1	8941.3
5084	1332.6	1554.7	8763.9
28925	1334.7	1563.6	8649.0
24483	1349.0	1587.2	8751.6
13204	1334.1	1595.9	8740.8
21784	1335.9	1548.4	8613.0
32217	1339.7	1563.5	8768.9
9391	1340.3	1544.2	8764.4
26716	1342.4	1580.5	8918.4
11311	1336.6	1560.9	8676.4
15247	1331.2	1555.5	8722.3
4351	1332.8	1569.5	8702.1
26714	1331.2	1510.7	8736.5
163	1342.0	1604.7	8922.3
29801	1328.3	1570.5	8830.9
12416	1332.9	1532.1	8746.5
3537	1338.4	1616.4	8834.5
15377	1343.2	1613.1	8751.1
8207	1360.8	1594.6	8935.9
25682	1348.0	1548.5	8739.0
27522	1341.3	1563.2	8730.2
7301	1343.5	1543.3	8793.8
3940	1340.3	1606.6	8795.0
30612	1343.6	1617.7	8864.2
33094	1363.8	1662.5	9687.6
29709	1329.4	1542.5	8671.9
27189	1329.7	1568.8	8644.0
6154	1328.1	1532.0	8610.6
9579	1346.5	1652.1	9140.4
15100	1357.9	1589.3	8884.7
6336	1332.2	1566.8	8601.4
18172	1337.8	1593.3	8703.6
8577	1353.2	1634.5	9004.8
22368	1342.0	1622.0	8888.5
14	1333.9	1608.4	8812.5
23404	1347.2	1574.1	8804.4
10456	1347.9	1586.7	8777.5
31783	1335.2	1579.2	8967.7
11282	1339.2	1555.6	8731.1
14146	1327.8	1551.6	8511.3
11773	1349.4	1599.6	8960.6
6783	1333.3	1599.0	8779.5
27289	1336.4	1583.5	8750.0
32521	1336.2	1589.8	8818.5
24925	1343.0	1533.6	8775.7
25600	1328.4	1578.8	8560.7
14532	1333.7	1575.6	8636.2
5962	1346.3	1567.1	8774.8
9870	1327.7	1563.1	8668.6
17993	1345.1	1580.2	8797.8
13372	1355.7	1628.6	8951.0
6809	1352.2	1595.2	8995.2
7133	1351.4	1624.1	9129.1
1763	1350.0	1551.3	8869.0
8819	1350.8	1642.9	8871.1
26620	1363.7	1660.8	8983.4
10176	1361.4	1616.5	9038.2
18030	1358.5	1701.0	9219.5
1902	1345.5	1585.5	8975.4
18821	1352.6	1579.4	8732.2
10833	1338.2	1553.6	8768.7
7547	1319.6	1570.0	8714.9
32662	1345.8	1577.4	8771.7
6014	1337.9	1576.4	8710.8
26815	1333.8	1564.8	8708.9
9576	1331.7	1562.5	8648.3
4209	1336.9	1630.6	8823.5
7732	1349.6	1657.6	9087.4
31522	1348.8	1587.6	8699.0
15283	1344.9	1562.8	8702.4
32874	1339.9	1605.6	8893.4
12042	1336.4	1527.9	8587.3
6639	1321.1	1568.1	8694.5
27160	1337.4	1549.9	8556.7
6573	1354.0	1652.7	9089.4
6372	1335.0	1593.4	8798.0
34234	1345.6	1657.4	8918.9
2225	1352.6	1663.8	9132.2
33179	1336.1	1560.6	8550.1
21497	1336.0	1601.0	8693.6
10178	1337.3	1626.7	8882.5
27543	1343.3	1605.4	8951.8
6141	1347.4	1599.1	8876.1
7107	1333.3	1545.0	8625.0
27121	1348.3	1693.7	9167.3
2073	1342.5	1569.8	8812.5
7620	1324.7	1564.8	8686.6
25078	1323.2	1561.7	8566.5
32475	1345.1	1599.0	8704.6
9596	1330.5	1567.0	8593.2
2223	1309.5	1510.5	8556.1
2740	1338.9	1546.9	8701.7
24818	1334.3	1605.3	8742.1
34235	1326.9	1546.5	8601.7
10487	1357.9	1630.7	8995.7
26320	1331.1	1574.1	8768.2
31470	1343.5	1538.9	8775.1
18827	1328.7	1600.6	8931.6
25453	1338.3	1517.4	8793.8
25234	1356.5	1564.5	8901.3
9496	1329.4	1551.1	8779.8
3291	1322.4	1552.4	8614.6
17872	1347.7	1584.5	9169.5
26090	1337.2	1526.8	8668.3
4862	1339.1	1563.7	8683.3
5328	1354.0	1588.3	8950.3
29880	1333.1	1595.0	8751.8
34940	1335.8	1543.0	8637.4
30073	1342.4	1597.7	8769.8
2998	1337.9	1493.8	8564.2
27526	1334.3	1515.6	8737.5
26868	1350.5	1558.5	8876.0
13650	1344.9	1606.5	9049.6
15102	1319.6	1543.4	8565.5
28572	1331.4	1563.6	8727.8
26674	1337.8	1578.7	8720.6
1890	1348.4	1592.9	8925.8
24765	1347.0	1595.1	8786.1
19679	1338.7	1587.2	8744.1
2289	1334.2	1565.7	8605.3
24256	1334.4	1570.4	9116.3
14912	1358.2	1643.7	8968.1
19317	1330.0	1608.3	8775.5
4267	1344.9	1645.6	9192.3
24002	1353.8	1602.2	8903.0
25671	1337.5	1601.0	8674.1
34425	1338.5	1583.4	8884.1
33256	1335.3	1555.7	8891.8
16144	1349.9	1594.4	8803.6
16956	1360.2	1597.9	8942.8
11324	1351.3	1687.7	9107.9
25701	1331.7	1569.3	8815.0
10572	1359.0	1551.7	8838.5
16890	1352.8	1587.7	9100.0
5940	1340.4	1555.1	8726.3
30227	1353.3	1570.8	8917.1
31224	1338.7	1578.6	8744.5
30366	1359.8	1602.7	8963.6
7637	1345.4	1628.4	8918.6
17817	1364.3	1620.9	9148.4
25008	1326.3	1536.2	8625.5
21830	1345.4	1587.1	8824.1
25885	1336.9	1637.8	8755.2
19630	1343.6	1615.1	9009.4
1948	1353.3	1607.7	9020.5
9826	1343.3	1598.8	8621.9
29579	1353.9	1639.3	8942.9
24868	1354.7	1650.5	8945.3
18622	1346.2	1647.1	8884.2
18191	1364.9	1595.0	8856.2
9269	1342.1	1563.5	8744.1
14978	1335.2	1550.6	8724.2
8511	1338.0	1617.3	8875.5
14915	1342.6	1598.9	8788.3
18504	1335.9	1579.0	8637.8
19939	1342.8	1585.5	8740.3
19509	1335.0	1536.3	8633.8
33305	1329.6	1531.2	8582.9
13766	1344.3	1610.1	8739.9
34115	1334.7	1590.4	8743.5
29305	1332.6	1551.2	8701.5
13294	1341.2	1602.6	8743.6
31285	1334.2	1584.4	8837.0
2176	1330.4	1582.1	8935.7
13331	1325.8	1531.3	8625.8
1427	1337.6	1595.7	8684.8
31803	1359.9	1605.9	8840.2
33436	1341.0	1598.5	8744.8
2991	1345.4	1626.1	8961.8
31817	1337.3	1627.6	8821.2
23765	1342.0	1580.9	8789.4
34159	1345.6	1633.6	8891.9
27116	1320.7	1539.9	8600.1
20400	1327.7	1546.3	8671.5
25133	1324.4	1537.9	8459.5
6386	1345.3	1599.9	8970.2
34399	1337.7	1552.4	8749.6
10410	1347.2	1632.2	8901.3
4924	1337.2	1593.4	8706.3
11989	1338.6	1584.6	8761.2
2617	1350.7	1621.6	8884.2
6475	1348.2	1597.3	8710.6
6877	1343.6	1577.8	8755.7
8529	1339.4	1587.5	8780.4
33592	1341.8	1628.4	8841.2
18631	1337.9	1606.6	9022.2
20518	1337.6	1607.1	8825.2
10633	1349.5	1554.0	8767.1
30750	1342.5	1538.4	8640.8
25211	1333.3	1566.6	8655.8
9103	1343.2	1577.9	8887.5
3320	1329.5	1566.5	8597.2
4991	1339.9	1603.2	8799.1
33638	1325.0	1576.0	8725.5
10200	1331.5	1584.3	8710.1
32994	1346.4	1612.0	8868.4
7864	1339.8	1593.5	8792.3
10753	1335.5	1600.0	8818.6
6392	1339.7	1543.2	8676.6
15541	1346.0	1546.0	8677.3
2721	1348.4	1583.7	8988.2
8468	1335.4	1589.5	8787.2
26367	1334.3	1548.5	8749.6
12361	1337.6	1599.9	8717.3
4585	1336.5	1588.3	8699.2
2941	1353.7	1610.9	8830.6
13597	1336.6	1545.5	8810.4
3268	1349.3	1616.3	8856.0
338	1337.9	1601.5	8707.4
12633	1346.5	1592.2	8907.1
22700	1344.4	1564.5	8743.0
6348	1335.4	1578.0	8846.4
5990	1341.0	1615.3	8812.2
19479	1355.5	1666.7	8942.2
19878	1349.0	1568.2	8764.5
21126	1328.6	1552.6	8648.5
16787	1352.0	1641.8	8960.1
4229	1337.8	1630.4	8747.2
7604	1329.7	1630.8	8710.5
26756	1329.9	1550.0	8624.9
26145	1357.3	1652.8	9236.5
10682	1340.3	1573.6	8791.7
12618	1337.9	1558.4	8705.3
2390	1344.4	1626.5	8975.8
19900	1343.4	1659.2	8996.3
8958	1333.1	1575.1	8701.2
6045	1342.6	1551.2	8791.9
1213	1329.2	1563.0	8836.4
1184	1355.4	1550.6	8708.2
3001	1333.0	1584.1	8759.8
26885	1333.3	1577.4	8939.2
14918	1372.3	1653.0	9056.9
14729	1346.8	1575.5	8760.2
26639	1327.8	1493.8	8535.6
12915	1325.6	1571.5	8899.3
9067	1339.9	1582.8	8756.3
7183	1344.0	1645.4	8930.1
26397	1329.9	1530.4	8663.7
6350	1360.8	1580.5	8897.9
17280	1342.3	1580.2	8666.8
31971	1334.1	1554.1	9045.9
29129	1331.2	1596.8	8760.1
21099	1358.9	1571.4	9175.2
6626	1348.9	1596.4	8847.8
26055	1345.5	1596.7	8698.1
19241	1350.1	1573.5	8765.6
7584	1339.4	1622.0	8845.5
24938	1337.5	1570.3	8799.7
12261	1346.0	1597.2	8969.4
9955	1335.7	1543.2	8668.0
7868	1331.6	1548.0	8695.9
4095	1352.0	1560.1	8790.3
16748	1339.3	1596.2	8754.1
32887	1326.4	1538.6	8658.6
26042	1323.0	1544.6	8583.2
30393	1330.7	1558.8	8719.4
32151	1361.4	1617.6	8974.4
1508	1333.5	1586.7	8696.0
15322	1338.5	1572.8	8814.6
22596	1343.7	1589.0	8773.5
11248	1328.2	1535.1	8490.7
25243	1360.2	1570.1	8847.8
17913	1340.2	1578.3	8777.2
10023	1350.1	1593.7	8883.6
6736	1335.0	1605.0	8818.3
26399	1350.0	1599.3	8846.4
17044	1342.8	1573.5	8625.5
1366	1354.0	1559.7	8714.4
25437	1331.0	1547.8	8689.4
31907	1344.1	1578.3	8769.2
5902	1334.3	1580.2	8668.1
17376	1327.7	1614.6	8827.4
3043	1332.2	1545.3	8678.8
27117	1353.6	1636.0	9091.0
14342	1355.0	1670.5	9105.0
3647	1333.8	1571.1	8662.8
21418	1342.0	1582.0	8754.7
14528	1332.9	1612.9	8793.4
21780	1335.7	1576.9	8800.2
2925	1358.7	1601.0	8819.7
11327	1341.8	1559.7	8818.9
20198	1345.0	1623.1	8920.5
21816	1342.3	1582.0	8758.9
24791	1340.5	1525.0	8714.6
7363	1339.1	1522.0	8609.3
15917	1331.9	1581.0	8737.7
3669	1353.2	1568.1	8829.4
20556	1327.1	1514.1	8678.6
7219	1346.5	1585.7	9067.3
31562	1362.6	1653.7	9097.6
23427	1336.8	1541.3	8693.1
3751	1335.5	1582.2	8822.7
18930	1342.0	1590.3	8933.1
34051	1330.6	1584.0	8652.8
21157	1348.9	1542.8	8634.3
615	1340.3	1600.3	8774.3
26300	1330.4	1557.1	8740.8
98	1329.9	1591.6	8753.1
29822	1334.7	1522.3	8606.4
32407	1350.0	1649.9	9102.4
4574	1350.2	1641.7	9130.2
20956	1334.2	1563.3	8674.7
6156	1338.6	1543.1	8587.8
5678	1332.0	1578.9	8772.9
26968	1336.8	1557.0	8766.6
24838	1346.2	1574.6	8795.2
18013	1339.2	1602.8	8806.6
23818	1343.3	1597.1	8736.8
22702	1340.9	1618.3	9042.4
26749	1338.8	1627.1	8848.0
18699	1337.4	1534.6	8690.2
33590	1358.0	1669.0	9074.5
8495	1334.1	1541.2	8582.0
25551	1347.6	1564.1	8773.3
31017	1340.9	1620.2	8872.1
29547	1360.8	1630.3	8969.6
9325	1345.3	1607.2	8885.3
19832	1319.5	1546.0	8540.6
13419	1338.2	1626.4	9008.1
31784	1327.1	1528.4	8636.7
19342	1357.9	1640.7	9148.1
5618	1358.8	1643.2	9118.8
13438	1348.7	1580.8	8903.5
32693	1330.2	1587.8	9284.6
554	1340.3	1643.6	8831.6
4695	1339.4	1609.2	8809.9
8230	1331.1	1524.5	8599.8
25790	1330.4	1541.8	8630.0
19383	1350.3	1602.0	8862.4
27678	1328.2	1551.3	8695.3
34967	1334.1	1602.9	8691.6
34845	1347.2	1561.4	8881.3
9929	1357.5	1637.7	8970.9
15204	1322.1	1509.8	8494.6
24930	1327.6	1587.3	8781.6
34742	1350.7	1595.0	8845.7
6871	1354.1	1650.0	8909.6
32161	1347.3	1608.8	8929.5
22738	1348.6	1653.9	8798.2
3176	1344.0	1559.8	8709.2
2725	1331.4	1566.9	8679.6
16662	1340.5	1608.7	8766.7
6721	1340.2	1618.7	8884.2
8088	1337.0	1627.8	8820.6
33184	1340.1	1614.9	8890.0
2573	1340.0	1614.0	8790.3
27345	1350.1	1644.1	9053.2
1083	1351.5	1601.3	8746.5
3805	1344.6	1572.7	8869.0
29810	1333.7	1539.5	8670.9
6365	1356.9	1617.3	9043.9
11762	1330.2	1577.8	8677.3
5138	1340.3	1635.4	8986.2
1120	1340.4	1618.4	8916.1
5234	1337.0	1531.5	8657.9
18217	1346.0	1627.7	8877.1
31725	1336.2	1528.9	8724.1
29615	1335.4	1525.6	8733.9
22	1326.1	1563.8	8798.5
30008	1354.6	1620.4	9050.3
2878	1327.7	1569.0	8712.2
7100	1344.0	1630.8	8856.6
25329	1347.0	1582.9	8910.0
12343	1351.3	1602.6	8917.2
31540	1333.1	1557.3	8634.6
24030	1340.6	1568.2	8690.5
2831	1338.8	1600.0	8773.6
34129	1331.2	1600.1	8692.0
15134	1324.2	1584.7	8672.6
31188	1355.9	1584.3	9085.5
20776	1342.8	1599.0	8787.2
30911	1338.1	1531.6	8643.4
1483	1359.0	1630.2	9101.4
4011	1337.2	1598.0	8717.1
25996	1336.4	1575.6	8757.4
27148	1347.9	1638.4	9116.4
33701	1333.4	1606.0	8776.6
33657	1338.4	1598.3	8884.6
1624	1347.1	1575.4	8727.7
23780	1347.1	1621.1	8874.0
34113	1351.0	1663.1	9135.1
34773	1332.7	1573.2	8646.4
5451	1344.2	1620.2	8901.5
12474	1337.8	1559.0	8674.6
24951	1351.5	1562.3	8818.7
21677	1341.2	1597.4	8845.1
20830	1347.0	1635.6	8905.3
6307	1343.6	1541.1	8685.9
8723	1344.8	1629.3	8835.8
11778	1344.5	1594.0	8802.7
28683	1346.1	1587.9	8899.8
4148	1324.9	1543.6	8623.0
9770	1337.8	1564.9	8670.0
28325	1342.9	1577.1	8672.6
33271	1347.5	1589.2	9054.5
22335	1340.5	1559.0	8754.5
22122	1326.6	1550.0	8651.0
15305	1328.6	1549.7	8622.3
31605	1364.5	1633.4	9062.2
30546	1336.7	1572.1	8641.5
2676	1342.6	1572.3	8827.1
23278	1354.1	1668.6	8951.6
5730	1337.8	1599.3	8884.3
4369	1350.1	1558.3	8866.8
27806	1338.4	1573.4	8703.9
10350	1343.7	1612.9	8853.9
9161	1332.1	1624.3	8906.0
16274	1337.5	1571.8	8733.1
31999	1347.9	1558.3	8775.8
5942	1339.7	1532.1	8628.1
14626	1337.1	1578.5	8876.4
23668	1341.0	1673.0	9051.3
20857	1342.6	1650.6	8973.5
23773	1352.1	1589.8	8646.8
23977	1352.8	1583.8	8895.9
11867	1354.3	1604.4	8814.0
18073	1353.0	1513.9	8581.4
14263	1341.5	1546.5	8679.9
18248	1339.2	1579.1	8895.3
11958	1338.7	1576.1	8749.7
3273	1334.6	1592.0	8726.1
29234	1330.2	1554.9	8702.5
31553	1333.9	1612.7	8867.6
30650	1324.2	1569.3	8750.6
5345	1331.4	1566.4	8689.9
34528	1333.2	1588.4	8913.0
33526	1354.7	1611.7	9022.4
22553	1338.3	1568.2	8715.5
33345	1339.1	1557.7	8738.2
8999	1351.4	1611.0	8871.2
34480	1331.3	1529.0	8551.6
29732	1322.0	1498.7	8461.1
18665	1347.9	1601.0	8887.3
2429	1336.6	1563.7	8744.5
22619	1348.5	1577.4	8858.7
26326	1343.2	1582.7	8791.4
25520	1347.6	1553.7	8685.1
30441	1328.5	1546.5	8725.3
13161	1337.6	1556.9	8689.4
23833	1341.8	1520.1	8635.2
6794	1359.5	1632.2	9163.2
15206	1346.0	1601.0	8873.1
4135	1357.5	1614.0	9106.9
30867	1321.1	1550.7	8685.5
32231	1322.5	1598.3	8895.3
16947	1334.7	1575.6	8676.2
29842	1328.8	1545.6	8752.9
28074	1344.0	1568.0	8764.0
20024	1347.2	1605.9	8815.0
5858	1341.8	1593.5	8827.9
30614	1343.7	1543.0	8738.5
23642	1338.4	1567.3	8810.7
10413	1354.3	1664.3	8996.5
5489	1321.4	1562.3	8689.3
11186	1333.7	1587.9	8687.4
29341	1336.8	1599.9	8740.3
25891	1333.8	1571.0	8674.0
22443	1324.1	1547.5	8666.0
20666	1328.1	1594.7	8813.4
7938	1339.7	1645.0	8924.5
19569	1338.3	1568.3	8735.4
9425	1343.2	1611.9	8944.2
28947	1346.5	1598.3	8981.3
16311	1361.4	1620.9	8978.9
50	1336.4	1597.9	8851.8
1644	1328.9	1528.8	8579.9
16742	1339.8	1577.6	8669.9
8127	1354.4	1645.6	8996.7
15623	1329.2	1556.3	8552.9
22098	1339.8	1576.1	8816.9
1942	1354.5	1624.4	8950.5
28871	1339.8	1613.4	8891.4
14814	1328.9	1498.0	8557.5
11055	1342.9	1556.0	8655.1
14560	1345.7	1619.5	8954.3
16856	1344.7	1538.1	8810.4
9532	1341.9	1569.8	8741.3
3371	1346.5	1582.5	8885.0
25501	1344.2	1609.6	8761.7
33058	1332.1	1554.0	8568.4
6554	1343.6	1607.9	8834.5
17293	1350.6	1607.4	8893.0
19528	1346.3	1611.0	8855.7
9632	1336.7	1589.8	8773.1
26054	1357.6	1647.3	9016.1
33133	1343.1	1557.9	8694.6
26070	1352.3	1583.0	8966.0
17073	1344.7	1547.0	8704.3
17087	1346.0	1629.6	8906.1
273	1343.5	1578.7	8813.5
6503	1347.0	1578.2	8896.5
30095	1359.2	1604.3	9102.4
18521	1356.2	1621.1	8820.9
33776	1326.4	1560.3	8724.3
1616	1353.7	1599.9	8904.6
9101	1328.2	1620.1	8769.5
5845	1332.2	1604.7	8854.7
290	1346.6	1604.7	8917.7
11966	1352.0	1594.6	8887.7
7174	1334.5	1582.6	8715.7
20688	1323.3	1546.2	8809.2
29417	1342.7	1627.2	8863.7
22968	1327.8	1532.4	8678.9
16821	1344.5	1617.4	9216.6
8675	1349.7	1565.8	8816.3
2498	1347.5	1615.8	8977.3
27459	1333.9	1600.5	8777.3
13974	1331.3	1551.5	8474.1
32332	1340.8	1516.1	8596.2
13037	1334.8	1572.1	8746.4
12787	1357.0	1558.1	8742.8
16097	1359.8	1651.1	9169.6
17391	1347.6	1600.7	8806.8
14117	1331.0	1557.1	8575.1
19906	1334.7	1613.4	8829.9
27679	1346.0	1576.5	8798.9
27502	1357.5	1625.5	8953.0
384	1340.3	1593.3	8859.5
6397	1345.3	1607.4	8874.9
19785	1345.9	1578.4	8731.6
16786	1340.3	1560.6	8655.1
6457	1351.8	1583.4	8802.4
9225	1344.7	1589.1	8784.2
6671	1336.6	1589.1	8674.0
5099	1336.9	1578.6	8900.2
7449	1328.6	1536.8	8554.3
28628	1331.3	1599.2	8702.1
17357	1318.6	1549.8	8588.3
26176	1345.3	1608.5	8816.8
7505	1342.9	1606.2	8888.8
17553	1353.1	1574.4	8699.5
27789	1343.0	1576.9	8785.8
16050	1336.6	1562.8	8637.5
34750	1346.7	1569.5	8785.3
18978	1346.7	1598.1	8777.4
30045	1340.7	1588.1	8877.4
9634	1332.6	1581.2	8639.5
4783	1337.5	1590.6	8591.3
32915	1345.9	1584.5	8887.6
1430	1345.9	1563.6	8710.0
14394	1355.5	1650.4	9010.2
20797	1339.0	1617.7	8869.5
21975	1349.1	1587.4	8896.9
27183	1339.9	1534.3	8700.9
23376	1343.0	1645.1	9238.2
18788	1329.9	1560.3	8802.1
13023	1334.3	1585.7	8733.5
26077	1328.6	1530.1	8633.7
17425	1338.4	1610.1	8821.9
21562	1331.8	1569.2	8789.8
1411	1346.0	1552.5	8683.2
18605	1339.6	1549.9	8796.5
21931	1322.7	1559.4	8584.3
16031	1349.1	1587.0	8753.0
23936	1347.5	1639.8	8857.5
25069	1355.1	1643.4	8993.2
19271	1348.7	1619.5	8843.4
15491	1340.6	1620.0	8868.3
17770	1329.6	1571.2	8528.4
3055	1347.2	1592.6	8656.7
12828	1332.6	1539.2	8711.0
20152	1344.9	1606.2	8929.9
3078	1334.3	1582.6	8712.9
19494	1335.9	1587.6	8658.2
5624	1337.8	1591.9	8862.3
30272	1342.6	1635.1	8839.9
7552	1350.8	1658.9	9100.9
30647	1353.6	1551.9	8778.7
19003	1342.2	1589.9	8876.4
4882	1349.2	1577.8	8690.6
10298	1348.4	1589.8	8755.5
6596	1340.7	1610.5	8733.8
12946	1338.9	1539.7	8630.8
28689	1345.2	1605.7	8908.3
17590	1341.0	1607.2	8791.6
21025	1346.8	1617.0	9020.6
22049	1340.5	1609.8	8800.5
20118	1331.6	1578.7	8681.1
18773	1342.9	1583.2	8622.6
19205	1335.6	1631.9	8988.9
1154	1337.8	1625.1	8898.6
15351	1350.9	1597.9	8779.3
31003	1353.4	1577.0	8927.9
892	1332.4	1586.4	8615.0
30558	1363.7	1638.4	9041.4
1746	1339.9	1667.5	9009.3
13170	1327.2	1546.9	8584.6
16615	1330.1	1613.4	8736.0
10892	1360.0	1622.2	9046.1
27351	1354.5	1667.3	9205.5
27676	1333.0	1595.8	8633.6
29041	1342.7	1619.7	8957.1
4699	1337.1	1557.2	8740.6
22820	1343.5	1530.7	8680.7
34577	1335.2	1544.4	8609.9
33321	1356.8	1616.7	9039.4
32979	1342.2	1615.1	8827.5
19704	1346.0	1548.4	8719.0
10754	1364.3	1599.2	8865.8
16601	1347.6	1627.9	8862.0
29117	1336.9	1544.1	8689.9
2983	1344.6	1632.0	8922.8
2821	1345.0	1621.3	8977.9
28170	1343.5	1573.3	8892.6
34665	1340.3	1545.2	8906.5
10553	1336.2	1599.0	8874.9
29512	1335.0	1573.8	8667.0
18623	1359.9	1591.2	8968.0
13641	1344.7	1611.5	8882.6
26915	1333.1	1565.7	8693.7
23419	1353.4	1576.6	8832.4
978	1351.1	1598.0	8918.0
7327	1333.9	1587.3	8720.4
13958	1350.2	1630.2	8960.9
27769	1329.1	1525.1	8509.6
22181	1345.9	1558.2	8854.3
30232	1339.0	1576.7	8835.9
6439	1327.7	1551.7	8630.3
29410	1352.9	1565.3	8864.5
29042	1331.8	1506.1	8773.0
17714	1348.5	1612.4	8837.1
32392	1335.3	1568.0	8772.4
19001	1334.9	1609.5	8942.1
20468	1336.8	1564.6	8743.5
6617	1355.5	1613.9	8950.4
24477	1348.5	1669.1	9061.8
11451	1346.1	1562.9	8800.4
2944	1338.7	1577.6	8771.1
9724	1342.2	1590.3	8716.9
4234	1342.4	1575.0	8724.7
20680	1353.7	1595.0	8860.9
14019	1328.3	1538.0	8477.7
17390	1340.0	1584.4	8783.9
2640	1349.9	1645.1	8903.7
3125	1343.4	1592.1	8853.2
10895	1330.6	1606.6	8715.7
9568	1348.1	1590.8	8826.7
13024	1347.7	1612.6	8818.0
592	1340.7	1608.7	8828.1
11761	1325.3	1563.2	8670.6
33941	1353.1	1649.0	8977.2
32287	1349.7	1614.6	8959.0
33258	1357.0	1624.3	8946.8
18886	1349.5	1629.9	8862.0
15496	1344.7	1619.8	8794.9
34240	1328.8	1572.9	8694.1
20627	1369.0	1616.1	8925.2
27347	1327.6	1545.9	8519.8
26860	1357.0	1616.4	8836.8
28806	1352.0	1595.6	8930.9
13912	1340.8	1532.2	8630.9
361	1338.0	1593.0	8840.9
25223	1335.5	1569.3	8664.8
34236	1357.5	1572.4	8932.0
22094	1336.1	1568.8	8737.2
813	1356.0	1626.0	8809.4
21696	1343.0	1574.8	8652.0
2330	1338.1	1527.1	8716.4
7162	1350.7	1587.0	8952.4
28498	1325.1	1522.5	8476.3
11613	1359.8	1648.5	9066.9
29949	1337.3	1541.3	8746.0
20541	1335.2	1525.9	8614.7
16926	1337.1	1560.8	8891.9
11811	1350.3	1558.5	8902.3
21057	1350.9	1543.4	8739.4
14191	1344.6	1599.0	8706.9
15791	1346.9	1619.4	8806.5
12051	1342.2	1599.3	8729.0
26832	1337.3	1549.2	8689.5
23374	1351.3	1570.5	8983.3
12606	1341.2	1530.4	8599.8
6491	1332.2	1564.0	8584.5
28731	1357.8	1639.8	9032.3
16593	1328.6	1531.6	8564.5
697	1340.7	1583.5	8626.0
6844	1333.4	1573.4	8764.0
16896	1316.8	1586.3	8717.6
25114	1344.0	1592.3	8879.1
30910	1331.8	1614.7	8965.4
6598	1328.2	1597.0	8750.0
34775	1339.5	1586.6	8748.8
24144	1351.7	1639.9	8997.8
1079	1338.0	1583.7	8688.2
32599	1340.7	1559.0	8674.9
3299	1340.3	1589.7	8835.2
7815	1324.4	1563.3	8737.0
12843	1328.8	1574.0	8920.5
34493	1344.4	1557.3	8727.6
32406	1325.0	1534.1	8602.3
6939	1343.6	1606.6	8798.1
28218	1349.5	1596.0	8832.8
25157	1351.9	1592.6	8837.6
8693	1348.3	1629.4	9226.4
25927	1337.3	1572.7	8681.0
11213	1341.1	1587.6	8821.4
5382	1339.0	1616.8	8828.7
34440	1336.2	1560.1	8717.3
22761	1347.1	1607.5	9054.4
8523	1352.1	1616.4	8860.6
25058	1332.6	1512.5	8587.7
31911	1332.2	1548.8	8624.6
14461	1351.3	1602.9	8999.0
34067	1348.9	1585.8	8895.0
28870	1341.7	1613.2	8832.8
34394	1329.0	1567.1	8667.7
19198	1347.4	1642.3	8962.5
7487	1347.8	1628.5	8786.4
17049	1348.9	1643.9	9112.6
17731	1333.6	1525.7	8678.3
7335	1336.7	1592.4	8796.5
29109	1338.8	1570.1	8690.1
13590	1339.2	1561.9	8751.4
18873	1333.7	1555.9	9010.3
18554	1342.9	1580.0	8782.3
33552	1327.1	1540.9	8660.4
13070	1339.9	1570.8	8671.4
13758	1346.5	1614.7	8841.6
12663	1335.3	1584.0	8768.4
25589	1353.3	1591.5	8871.7
31073	1360.7	1661.8	9128.2
1734	1345.3	1601.2	8750.8
15450	1340.5	1549.4	8725.6
14852	1367.3	1669.4	9196.0
1918	1348.9	1579.0	9030.3
17983	1332.9	1589.4	8614.9
21985	1335.6	1560.7	8647.2
27783	1342.1	1642.0	9369.6
5578	1339.8	1575.5	8703.6
26673	1354.3	1596.2	9014.3
9108	1358.4	1641.6	9226.4
6805	1329.1	1614.3	8855.4
30048	1329.7	1538.5	8629.3
21326	1360.0	1638.7	9105.2
10558	1329.4	1526.4	8694.6
23185	1341.2	1584.4	8810.7
31000	1339.4	1559.1	8639.5
24343	1331.5	1570.8	8549.9
25902	1350.8	1560.5	8773.0
15910	1344.3	1607.8	8796.5
33851	1349.6	1640.6	9120.2
20726	1352.5	1602.3	8833.3
31727	1353.1	1625.7	8873.8
6513	1345.0	1608.5	8868.4
21278	1339.4	1544.5	8719.2
16102	1341.9	1615.9	8909.1
29486	1336.1	1556.4	8700.4
19074	1347.7	1597.0	8946.8
7184	1342.4	1605.2	8686.4
17591	1340.2	1545.2	8753.3
14320	1349.4	1563.0	8767.4
980	1334.0	1579.2	8712.1
8430	1329.3	1606.0	8658.3
4819	1341.4	1626.0	8797.0
21864	1340.4	1553.1	8726.5
3582	1345.6	1607.6	8809.2
26122	1352.0	1570.5	8804.1
4760	1327.1	1556.3	8606.7
27966	1329.5	1560.0	8638.3
25009	1334.4	1547.6	8615.4
6642	1328.1	1543.7	8665.8
3609	1346.8	1550.9	8714.6
21102	1346.2	1576.5	8767.0
24850	1341.6	1616.5	8773.5
21187	1337.4	1576.4	8782.6
4838	1351.8	1604.2	8859.1
2637	1334.7	1551.0	8598.6
23830	1325.2	1515.0	8503.5
18070	1350.5	1581.7	8756.7
11101	1349.1	1670.4	10128.2
17053	1341.1	1550.7	8812.9
20472	1329.3	1592.2	8855.8
6976	1342.1	1625.1	8785.2
14210	1331.2	1559.5	8751.9
15472	1334.7	1585.3	8854.7
8087	1327.5	1519.1	8480.3
10746	1335.2	1606.8	9135.6
29979	1328.7	1539.4	8528.0
1714	1344.3	1640.3	8833.0
12331	1351.1	1664.0	9009.1
29870	1349.1	1576.7	8694.7
32642	1363.1	1601.2	9033.3
23901	1325.7	1597.5	8765.8
5729	1335.0	1562.6	8787.4
280	1328.5	1594.2	8719.4
34465	1355.5	1586.7	8905.3
13216	1342.6	1616.5	8853.8
19516	1336.9	1564.0	8752.3
2441	1339.2	1596.1	8849.8
21239	1338.2	1626.1	8758.6
8112	1342.6	1543.7	8759.3
16707	1328.4	1521.8	8518.7
7787	1316.2	1561.3	8509.3
23839	1341.4	1586.6	8884.2
22547	1339.7	1580.7	8820.2
14832	1326.9	1574.6	8722.2
19223	1314.4	1508.3	8472.9
2877	1329.2	1588.7	8685.3
26802	1338.3	1571.7	8798.4
18936	1328.8	1537.8	8553.7
32646	1336.9	1575.1	8821.7
33507	1340.3	1593.6	9429.4
17881	1340.3	1558.0	8722.5
1642	1343.0	1597.7	8728.6
11432	1348.0	1584.5	8799.6
14458	1331.7	1550.9	8665.4
19902	1333.4	1560.2	8727.8
33435	1320.6	1544.6	8539.7
3076	1353.9	1621.7	8971.7
31449	1338.6	1571.7	8700.8
9343	1346.0	1615.1	8775.8
19449	1334.1	1577.2	8640.8
11244	1333.3	1573.2	8743.6
19107	1345.1	1557.1	8759.7
16776	1328.2	1578.8	8748.8
22520	1329.4	1580.6	8775.9
33352	1357.6	1567.9	9029.5
