4220	1071.0	1282.0	1525.5
2708	1079.2	1316.7	1619.3
2309	1070.1	1351.7	1676.1
8467	1072.4	1077.6	1572.2
9063	1057.9	1060.8	1514.1
6257	1078.8	1078.2	1638.3
5217	1066.5	1069.0	1566.0
6291	1072.9	1070.1	1623.4
4109	1076.2	1392.7	1621.7
8334	1073.9	1074.7	1657.4
214	1062.5	1340.9	1551.9
2746	1063.8	1252.9	1529.8
8367	1066.4	1066.4	1562.7
4155	1059.4	1283.6	1517.5
8668	1083.5	1085.6	1649.2
2502	1065.8	1305.2	1553.9
6025	1062.6	1055.4	1613.9
9674	1076.2	1077.5	1591.2
9011	1065.4	1068.2	1571.0
7567	1075.6	1066.6	1604.9
9472	1071.9	1072.7	1583.1
5504	1075.4	1079.7	1612.9
2093	1082.3	1342.3	1633.0
9823	1073.0	1074.1	1587.6
6235	1078.3	1081.9	1632.6
8373	1070.5	1073.1	1573.0
6068	1069.0	1074.6	1658.7
8585	1066.8	1074.1	1554.8
4080	1073.6	1365.4	1639.5
8113	1072.6	1069.8	1557.8
2195	1063.5	1317.3	1569.7
718	1069.7	1355.0	1581.3
9630	1073.7	1069.7	1566.9
4930	1074.8	1320.4	1569.2
1948	1071.1	1327.9	1579.2
8270	1066.0	1063.0	1545.3
6059	1074.1	1074.4	1585.7
1276	1074.6	1304.8	1648.2
5135	1077.5	1087.2	1575.5
4267	1058.5	1328.4	1561.5
5358	1060.5	1066.0	1590.7
3785	1071.5	1362.7	1636.9
9445	1070.0	1067.9	1591.6
143	1071.8	1354.0	1558.4
7623	1074.5	1079.7	1627.3
6754	1065.7	1062.9	1536.4
3844	1067.6	1344.9	1572.9
2080	1071.3	1323.3	1595.1
3257	1073.6	1331.5	1608.9
7030	1059.6	1055.3	1523.8
1120	1071.2	1369.1	1595.1
6541	1063.3	1057.0	1517.0
7272	1063.1	1063.9	1531.5
5295	1060.6	1061.4	1485.8
1782	1056.5	1296.5	1517.1
9004	1059.8	1064.1	1518.9
2612	1070.7	1289.6	1544.5
6850	1072.2	1073.5	1590.2
9200	1071.7	1068.3	1637.2
3536	1074.1	1329.8	1561.6
9148	1078.7	1085.1	1570.1
477	1061.8	1280.2	1514.6
8996	1066.5	1063.9	1569.6
7343	1074.8	1073.8	1612.4
5696	1069.4	1076.2	1667.2
8736	1070.5	1064.5	1563.9
5321	1060.0	1055.7	1496.1
3335	1073.8	1308.6	1587.2
7629	1071.9	1072.8	1643.0
7131	1080.3	1083.0	1598.4
8863	1072.0	1068.2	1631.4
2009	1063.0	1292.7	1528.2
7397	1071.5	1070.9	1625.3
6780	1070.1	1069.0	1612.7
5236	1081.5	1087.2	1666.1
9263	1072.4	1074.1	1675.4
9014	1071.5	1072.7	1551.7
4475	1064.7	1281.5	1518.7
3808	1076.4	1338.2	1620.4
5107	1079.3	1079.1	1660.9
2233	1062.8	1318.9	1529.4
3244	1068.6	1331.7	1569.1
9656	1066.1	1075.2	1575.7
6464	1062.9	1063.0	1515.6
1460	1072.6	1313.2	1570.2
1164	1068.0	1299.1	1584.6
6312	1069.8	1065.5	1551.8
5521	1076.8	1077.2	1624.0
2206	1065.6	1320.4	1553.0
7153	1074.3	1081.8	1556.5
4459	1062.0	1277.0	1534.8
4692	1069.0	1277.2	1547.9
1895	1071.8	1293.0	1568.3
5497	1074.7	1081.3	1588.0
951	1059.7	1288.0	1591.9
4863	1071.4	1348.0	1575.7
1848	1064.4	1313.4	1552.7
4510	1069.3	1296.2	1604.3
7008	1067.3	1075.5	1587.9
7086	1070.9	1073.6	1599.6
8687	1068.1	1069.7	1551.7
7661	1068.0	1059.5	1598.5
584	1068.1	1325.1	1563.4
7369	1067.4	1068.0	1511.1
5652	1070.4	1071.7	1571.4
8540	1076.9	1075.0	1626.1
8797	1079.0	1071.9	1577.3
5452	1081.2	1086.0	1643.3
9573	1068.1	1074.3	1569.5
8264	1067.6	1063.3	1519.8
4666	1070.8	1333.9	1597.2
2306	1077.9	1420.2	1633.2
5028	1066.2	1072.1	1569.0
3101	1076.2	1378.0	1616.0
4450	1075.9	1281.9	1538.6
268	1068.5	1337.8	1548.4
7564	1064.5	1073.2	1563.0
9487	1073.0	1078.0	1564.6
7193	1068.8	1063.6	1558.3
2945	1077.7	1321.9	1612.7
3100	1068.5	1296.7	1556.4
6588	1062.7	1065.8	1515.9
6381	1081.2	1082.3	1675.4
3350	1073.7	1340.9	1577.7
461	1067.5	1320.1	1562.5
4877	1059.8	1291.8	1575.9
4211	1077.5	1360.6	1611.2
3661	1073.3	1332.2	1587.3
5898	1066.2	1062.9	1572.1
9278	1075.0	1078.8	1638.1
6409	1078.5	1069.1	1664.8
2412	1066.1	1287.9	1527.0
8268	1063.1	1061.1	1563.3
2920	1063.8	1284.1	1547.5
7891	1087.2	1089.8	1622.4
4068	1067.9	1323.4	1564.9
8280	1068.6	1069.7	1535.1
6419	1074.6	1077.9	1581.4
1018	1066.6	1303.3	1600.6
8764	1075.9	1079.9	1577.3
1954	1079.7	1306.3	1642.0
5991	1069.6	1070.4	1586.5
5408	1077.8	1076.5	1582.0
336	1073.7	1325.8	1591.3
5842	1071.0	1075.1	1602.5
871	1074.0	1299.9	1564.1
9539	1067.8	1065.1	1546.0
533	1072.8	1330.2	1604.2
9338	1067.1	1063.0	1590.4
986	1073.4	1347.1	1604.2
9756	1071.9	1073.9	1596.1
7558	1080.1	1084.2	1646.2
5418	1078.9	1077.7	1617.2
7007	1071.9	1065.8	1557.8
6525	1071.2	1072.7	1601.0
2154	1070.5	1354.9	1593.4
1443	1072.3	1349.1	1607.2
8606	1069.2	1070.9	1754.3
9399	1075.6	1075.0	1642.9
4467	1070.1	1311.6	1562.3
7295	1071.2	1070.4	1558.4
7582	1082.2	1083.9	1619.9
2736	1053.9	1295.0	1502.7
4023	1077.1	1317.9	1581.7
9349	1070.2	1064.2	1569.0
1064	1077.2	1328.3	1592.4
4466	1071.4	1328.9	1572.2
9043	1072.6	1071.5	1620.6
8129	1060.7	1061.2	1503.9
142	1067.9	1316.5	1543.3
5186	1064.7	1066.4	1561.5
2841	1072.2	1330.1	1613.6
2241	1067.8	1315.6	1594.8
5344	1070.6	1062.6	1564.4
571	1071.2	1341.3	1604.6
4939	1073.8	1311.8	1547.0
959	1076.4	1326.4	1646.4
6877	1066.3	1070.2	1598.9
5645	1065.1	1060.1	1545.0
589	1069.2	1276.9	1548.0
6634	1072.6	1076.6	1590.1
6582	1062.7	1063.0	1526.1
2530	1068.5	1263.9	1520.8
3103	1063.4	1274.2	1515.1
6573	1068.9	1073.2	1607.5
1378	1073.9	1334.0	1558.8
9288	1073.1	1071.8	1575.0
1189	1066.9	1271.2	1559.6
361	1072.8	1323.2	1570.9
1946	1075.7	1321.1	1619.2
5156	1075.3	1069.0	1579.1
9446	1057.9	1060.8	1517.2
2050	1077.2	1338.2	1607.9
2079	1072.5	1303.2	1568.7
2038	1065.0	1322.7	1541.7
200	1076.5	1310.5	1571.8
3540	1066.5	1321.7	1547.4
9144	1070.7	1066.2	1538.4
2287	1069.9	1328.9	1598.9
1104	1069.1	1289.4	1545.9
2577	1071.3	1287.9	1573.9
7982	1070.7	1061.5	1549.0
9290	1065.8	1069.5	1570.1
3546	1066.9	1323.9	1580.4
7522	1067.3	1064.8	1551.9
1761	1064.2	1281.5	1508.6
8886	1069.0	1075.4	1714.4
7474	1077.8	1076.6	1642.3
1348	1071.1	1299.4	1609.5
5103	1072.8	1075.6	1584.1
6387	1065.2	1063.0	1508.1
7093	1074.5	1077.6	1652.7
2365	1076.6	1352.2	1679.2
281	1064.1	1285.6	1522.4
3043	1067.9	1284.8	1569.6
4110	1064.6	1305.7	1529.2
7986	1061.9	1063.4	1502.0
3594	1068.0	1325.9	1577.2
5739	1072.1	1065.1	1583.7
2256	1076.8	1347.6	1624.3
2701	1070.6	1296.9	1543.1
7481	1075.7	1070.0	1604.2
8462	1069.1	1065.1	1590.2
7814	1063.0	1065.6	1498.7
5175	1070.7	1074.1	1546.6
3064	1069.7	1341.3	1584.7
2712	1071.6	1300.7	1634.9
4881	1074.5	1282.6	1556.3
3351	1076.3	1355.0	1610.2
8108	1072.4	1066.8	1600.7
1847	1069.9	1334.6	1573.3
945	1063.0	1318.4	1539.1
4674	1070.6	1324.9	1585.4
1371	1073.4	1308.9	1571.1
8301	1073.6	1075.3	1583.9
5887	1069.9	1071.9	1546.9
478	1079.6	1368.7	1622.2
7424	1069.1	1072.3	1584.5
9769	1079.1	1081.6	1531.0
8451	1063.7	1064.3	1548.9
66	1073.2	1312.7	1553.5
6342	1064.5	1059.4	1516.8
9794	1073.0	1078.4	1606.9
7429	1071.2	1067.7	1592.4
3740	1065.6	1343.6	1670.8
8787	1070.3	1070.0	1572.9
4015	1075.2	1327.3	1578.0
8557	1068.6	1073.5	1597.1
5456	1071.0	1070.6	1633.8
9603	1076.0	1076.8	1604.0
388	1065.2	1257.9	1512.7
9369	1076.4	1071.1	1593.6
712	1070.2	1333.5	1595.9
4801	1072.3	1328.3	1587.7
8371	1070.4	1068.1	1604.7
6166	1066.2	1062.7	1512.1
8941	1074.5	1071.8	1638.4
4678	1067.8	1316.0	1587.4
2901	1061.8	1273.1	1511.5
7979	1073.4	1070.3	1620.9
7855	1078.5	1074.6	1589.3
2870	1073.0	1377.2	1623.7
8653	1070.6	1075.7	1656.0
6647	1067.0	1069.1	1574.4
6518	1073.1	1072.8	1642.9
5212	1073.0	1075.3	1674.3
3154	1064.8	1309.8	1558.3
1143	1068.6	1282.8	1551.9
1858	1069.3	1355.1	1570.4
6167	1062.6	1060.3	1534.8
1128	1062.0	1295.5	1529.5
8146	1062.7	1065.9	1597.4
811	1076.3	1341.5	1582.8
8985	1066.1	1068.6	1530.9
7018	1071.3	1075.4	1606.3
7407	1063.7	1063.0	1562.9
7643	1075.0	1078.8	1604.8
5929	1072.6	1077.2	1570.3
7249	1066.3	1070.6	1545.4
3460	1073.2	1391.1	1625.1
5463	1074.6	1066.5	1590.7
5182	1069.7	1074.5	1628.3
1784	1070.0	1327.5	1571.6
153	1062.4	1310.1	1572.7
6316	1069.2	1078.7	1531.1
6499	1074.6	1081.0	1575.4
4503	1069.3	1316.4	1586.9
2155	1064.5	1287.6	1548.7
9623	1067.9	1059.7	1556.1
6261	1070.8	1069.1	1612.2
711	1079.2	1372.5	1629.5
1105	1069.2	1268.0	1540.0
4390	1063.8	1358.2	1556.6
2499	1073.4	1334.0	1590.5
2166	1071.9	1357.0	1578.6
8503	1071.8	1074.3	1575.8
4729	1078.5	1366.6	1629.2
7114	1062.5	1057.2	1579.9
590	1076.9	1319.6	1559.5
139	1064.2	1258.9	1518.0
1200	1071.2	1317.4	1562.0
620	1078.9	1343.9	1591.8
6482	1076.7	1075.7	1645.9
8806	1080.3	1078.4	1634.8
3071	1065.6	1320.0	1541.0
6524	1069.4	1069.2	1571.4
8458	1068.8	1065.5	1545.6
2958	1069.6	1306.7	1598.6
1545	1070.3	1333.6	1592.0
5229	1076.0	1069.3	1600.4
5684	1071.8	1077.9	1581.9
7866	1062.0	1064.0	1549.2
7198	1071.7	1070.1	1524.9
6720	1064.1	1057.8	1589.0
7784	1077.4	1079.5	1600.2
1991	1063.5	1280.8	1535.2
7539	1064.3	1063.5	1521.0
215	1072.2	1320.8	1576.5
7207	1066.8	1073.9	1606.5
6000	1067.0	1073.4	1544.4
9490	1070.4	1070.2	1557.5
1649	1068.8	1290.3	1577.8
7793	1055.2	1058.8	1484.2
2933	1066.4	1334.4	1551.9
6669	1068.0	1071.4	1557.2
7782	1078.7	1077.5	1664.5
9119	1067.9	1063.6	1550.1
6203	1062.1	1061.8	1547.8
3334	1071.7	1325.7	1568.6
606	1067.2	1347.1	1617.7
2044	1069.9	1314.4	1574.0
5012	1065.7	1073.2	1549.3
2373	1068.5	1281.6	1525.4
9828	1069.6	1072.2	1535.4
1010	1064.0	1325.6	1568.1
2128	1074.7	1338.4	1581.2
1779	1070.5	1365.5	1588.6
2227	1075.3	1372.1	1640.5
3609	1077.0	1294.8	1542.1
4098	1065.0	1291.9	1545.1
2806	1061.3	1312.0	1516.4
5877	1063.0	1062.2	1582.4
2750	1067.3	1326.0	1575.4
6333	1077.3	1071.5	1597.7
9976	1059.8	1058.7	1553.1
9679	1073.8	1078.2	1589.9
8520	1075.3	1079.6	1570.0
9255	1071.7	1065.2	1559.8
7775	1067.9	1076.0	1547.5
9305	1074.1	1074.9	1626.8
8655	1064.7	1071.2	1560.3
5944	1068.3	1062.6	1513.1
9265	1056.6	1052.7	1505.7
7798	1073.0	1078.4	1560.3
6225	1068.8	1060.5	1572.9
3883	1069.7	1314.0	1555.6
3376	1064.2	1341.3	1621.1
1886	1064.1	1270.3	1499.2
5900	1075.1	1069.3	1691.0
9687	1081.8	1080.0	1625.3
7183	1090.5	1096.3	1649.9
7009	1060.3	1061.6	1529.2
5403	1073.8	1071.0	1668.0
6814	1073.1	1073.4	1685.4
1440	1075.2	1365.3	1600.2
6407	1058.0	1058.0	1531.7
7790	1068.2	1068.1	1592.7
7415	1061.6	1067.3	1563.0
5101	1079.1	1070.6	1677.0
3506	1071.7	1339.0	1551.6
1181	1066.9	1273.6	1534.7
8069	1071.1	1069.4	1645.5
3634	1074.5	1355.7	1587.4
2844	1058.4	1305.4	1492.7
5362	1076.4	1079.7	1652.6
4518	1069.5	1304.6	1559.0
7431	1065.4	1064.0	1555.7
6960	1071.9	1073.3	1561.1
5039	1067.9	1069.4	1588.4
5557	1069.0	1069.8	1593.6
194	1060.6	1274.1	1513.5
7752	1070.5	1072.4	1581.4
2930	1058.3	1297.0	1520.5
8718	1070.6	1070.0	1573.2
7753	1072.8	1069.8	1560.7
192	1072.3	1374.2	1634.4
3227	1073.2	1288.0	1575.2
8457	1069.1	1068.2	1542.4
7405	1077.5	1075.0	1576.9
4133	1067.5	1325.8	1540.0
8834	1072.6	1073.2	1591.5
8826	1066.4	1059.5	1532.1
892	1070.4	1357.8	1606.0
1349	1066.2	1302.9	1559.5
8837	1066.9	1063.6	1601.1
3061	1067.1	1297.5	1536.6
9302	1072.9	1078.2	1597.8
4556	1070.4	1278.2	1536.8
4819	1060.0	1292.2	1518.2
6458	1066.5	1067.7	1511.2
7476	1066.1	1066.5	1552.5
8214	1069.7	1069.2	1591.7
2146	1069.8	1321.2	1558.9
6852	1068.2	1072.6	1575.4
1912	1063.1	1312.3	1593.6
4231	1061.4	1210.7	1495.8
2392	1063.0	1279.5	1517.9
727	1077.2	1372.7	1598.8
6255	1073.0	1070.3	1594.5
6898	1065.8	1069.1	1555.6
7590	1066.6	1063.7	1596.8
646	1080.9	1334.7	1602.0
8368	1064.5	1075.2	1548.6
9372	1066.6	1069.5	1558.2
9984	1069.7	1075.0	1556.3
2563	1075.1	1324.0	1579.3
6855	1070.2	1059.0	1567.6
6768	1061.8	1062.6	1506.4
2777	1064.0	1322.2	1570.8
3135	1075.3	1365.5	1637.8
4802	1074.4	1351.1	1599.3
6500	1069.7	1068.0	1551.1
6247	1065.8	1066.2	1583.8
9009	1074.9	1068.3	1593.3
232	1063.1	1368.6	1641.9
8222	1058.8	1059.2	1548.0
414	1063.9	1311.1	1523.1
5199	1080.3	1080.5	1625.8
6275	1065.3	1066.9	1564.5
8851	1069.8	1067.0	1551.6
8254	1073.0	1072.5	1589.0
8084	1074.3	1079.1	1562.9
5357	1075.0	1072.4	1662.5
3517	1073.7	1342.9	1669.2
8502	1067.4	1064.9	1601.7
171	1073.8	1367.2	1597.1
9304	1071.6	1070.1	1574.0
2260	1080.9	1326.9	1604.0
2566	1072.8	1337.9	1588.4
9499	1068.8	1072.3	1521.8
3044	1067.6	1325.8	1526.9
6896	1061.2	1060.1	1527.0
366	1073.9	1393.6	1623.4
4254	1073.2	1339.9	1607.9
2168	1070.1	1298.7	1562.8
8739	1072.2	1068.5	1564.4
3234	1074.9	1276.1	1547.1
7809	1073.5	1068.3	1582.1
1406	1069.0	1338.0	1557.8
7880	1072.4	1060.8	1554.9
726	1074.1	1331.3	1541.5
7374	1068.1	1072.2	1584.2
325	1074.2	1322.8	1589.5
3943	1077.6	1293.6	1558.7
2215	1062.5	1296.3	1542.5
5081	1066.4	1061.7	1544.9
6268	1075.4	1073.9	1603.2
5941	1064.8	1066.2	1556.6
7432	1079.9	1085.2	1575.0
6019	1069.3	1065.1	1595.3
9064	1076.5	1076.6	1601.3
102	1067.9	1358.6	1579.7
7319	1068.7	1070.0	1552.3
5409	1076.4	1085.8	1595.1
8961	1074.7	1076.6	1629.2
3911	1071.8	1277.6	1543.6
2058	1071.1	1306.6	1526.8
9153	1071.9	1076.2	1579.5
6670	1071.7	1068.5	1536.5
4616	1069.4	1322.1	1597.3
133	1079.9	1344.8	1616.8
5410	1078.7	1077.4	1662.3
1972	1077.5	1354.4	1611.8
9180	1071.9	1068.1	1594.5
8258	1070.7	1070.5	1629.1
3690	1077.9	1340.3	1617.5
6793	1077.5	1077.7	1618.2
8223	1068.5	1065.1	1561.4
8610	1065.2	1055.7	1543.9
6234	1071.9	1070.3	1532.8
4435	1072.4	1332.8	1630.0
62	1077.0	1371.7	1637.1
6934	1068.5	1064.6	1590.1
3423	1059.9	1272.9	1513.8
2436	1072.2	1320.8	1596.9
5464	1059.6	1055.4	1510.2
6679	1074.2	1081.4	1649.9
8622	1075.7	1066.0	1622.8
914	1070.7	1306.3	1548.7
5021	1065.4	1065.4	1521.4
9309	1069.3	1064.3	1613.2
7080	1069.7	1065.2	1587.2
7417	1078.5	1078.3	1611.6
5699	1069.7	1063.1	1541.9
4353	1071.1	1297.5	1579.8
9096	1072.1	1065.1	1582.2
9190	1069.1	1075.7	1551.3
7717	1076.6	1071.5	1610.7
8172	1066.5	1066.7	1525.0
6530	1071.3	1075.3	1631.3
8249	1072.0	1073.9	1565.5
681	1064.3	1263.6	1612.0
1677	1061.4	1273.3	1512.6
6970	1069.6	1074.7	1586.7
7327	1061.9	1067.4	1565.1
4376	1068.7	1344.4	1599.4
8715	1071.6	1071.3	1602.7
6821	1073.2	1066.4	1572.9
6470	1065.2	1062.2	1526.2
9782	1067.7	1060.8	1583.9
3887	1067.2	1297.9	1565.1
8820	1073.9	1076.0	1583.5
1930	1081.0	1340.5	1607.8
6537	1077.2	1075.2	1639.9
5247	1076.3	1075.3	1599.0
7134	1072.3	1069.4	1540.4
5360	1070.8	1069.5	1581.5
5806	1066.6	1069.2	1537.2
1067	1074.2	1323.4	1591.4
8210	1061.4	1063.7	1511.4
2134	1067.7	1257.5	1541.1
278	1070.9	1304.5	1576.7
518	1068.0	1330.9	1540.6
1821	1065.9	1250.2	1538.2
7714	1066.0	1068.1	1566.0
8812	1068.1	1073.0	1559.2
4372	1071.4	1357.5	1601.8
8163	1068.0	1068.2	1541.8
8636	1074.8	1079.9	1546.0
2599	1072.7	1304.1	1559.0
3913	1066.0	1302.0	1534.0
7764	1064.9	1071.8	1554.7
7679	1063.1	1065.2	1514.2
3437	1077.4	1314.2	1585.8
1463	1073.5	1349.1	1590.9
3579	1065.9	1325.7	1533.8
7194	1072.1	1076.1	1625.0
2854	1070.5	1349.6	1640.1
5419	1072.0	1075.1	1594.1
4411	1070.9	1298.0	1568.3
9702	1076.3	1085.3	1561.7
930	1079.9	1323.3	1626.1
6918	1070.2	1066.3	1605.8
3087	1067.0	1304.9	1563.1
8594	1078.1	1074.4	1630.7
7094	1074.9	1073.9	1642.4
3332	1064.0	1313.9	1537.5
1131	1069.3	1352.1	1615.5
1013	1062.6	1292.3	1493.4
5386	1068.9	1076.0	1539.9
6803	1073.6	1075.4	1554.5
2389	1073.3	1340.7	1568.1
7595	1069.6	1074.0	1569.5
272	1060.1	1318.7	1546.1
9441	1078.4	1074.3	1573.9
2201	1073.6	1363.9	1640.6
7751	1068.2	1067.8	1573.5
3683	1075.8	1365.4	1589.8
1891	1070.5	1331.7	1579.7
28	1063.6	1326.0	1582.1
4101	1074.5	1307.4	1538.4
1040	1068.9	1322.2	1567.6
591	1065.8	1326.3	1570.7
248	1054.1	1226.8	1474.1
4931	1070.6	1325.8	1569.7
9706	1070.1	1074.2	1567.1
9420	1074.3	1069.2	1600.4
9731	1069.2	1072.9	1589.6
3358	1063.2	1317.3	1531.3
4834	1068.7	1304.5	1553.6
6856	1068.2	1073.6	1526.1
3193	1077.8	1400.7	1630.2
517	1074.6	1325.8	1580.6
8767	1069.9	1075.4	1560.9
9365	1071.2	1062.8	1536.0
3277	1068.4	1310.6	1553.7
7148	1065.6	1069.1	1575.5
198	1063.2	1305.8	1560.0
6341	1065.4	1059.1	1528.4
85	1074.0	1341.8	1591.3
2349	1062.9	1316.3	1554.4
3638	1072.3	1338.0	1553.1
3548	1057.3	1282.4	1539.0
9935	1077.6	1084.4	1623.0
8455	1073.1	1072.2	1598.7
6322	1069.2	1070.6	1566.9
4208	1075.7	1316.5	1604.1
4941	1067.3	1328.0	1552.2
4289	1071.1	1327.4	1592.6
1303	1074.2	1307.3	1571.8
1809	1069.4	1316.5	1577.1
9193	1068.0	1078.1	1556.7
1282	1072.9	1295.9	1650.8
9767	1061.4	1066.1	1508.8
9360	1081.3	1087.3	1617.4
7779	1075.4	1073.0	1605.7
2197	1075.7	1315.7	1615.5
8872	1074.2	1071.9	1563.5
8202	1076.9	1079.2	1603.0
7632	1066.2	1064.0	1557.6
8617	1061.5	1067.0	1496.6
4415	1069.6	1310.2	1558.6
9430	1060.7	1062.1	1495.6
6972	1077.7	1074.4	1666.2
4549	1061.9	1278.5	1514.5
987	1071.0	1350.0	1597.8
26	1078.1	1316.1	1573.9
9904	1071.0	1068.4	1579.1
7487	1066.6	1063.7	1575.7
6815	1078.1	1075.8	1633.2
1486	1064.2	1317.3	1532.5
2979	1077.1	1306.5	1579.1
2202	1073.0	1356.0	1568.5
7767	1059.0	1054.2	1519.6
2033	1070.8	1335.5	1631.4
6956	1063.2	1065.9	1526.6
3112	1067.6	1382.5	1601.1
6962	1062.8	1066.6	1498.7
5750	1071.8	1072.8	1591.1
1116	1069.0	1313.4	1551.1
6743	1074.0	1074.3	1573.9
1230	1087.3	1423.6	1690.7
5624	1081.1	1086.4	1660.9
9361	1071.4	1071.6	1635.2
8788	1066.6	1057.3	1542.6
4687	1066.0	1310.3	1577.4
2232	1068.9	1334.6	1613.7
1029	1070.6	1308.0	1592.6
6523	1071.3	1067.4	1574.6
8758	1058.0	1054.3	1535.4
7771	1056.3	1058.1	1477.0
3523	1068.1	1298.5	1565.7
4062	1069.6	1266.3	1514.9
3191	1058.7	1247.6	1500.1
3948	1066.6	1309.7	1578.6
4085	1070.0	1281.9	1567.3
1011	1065.8	1272.3	1518.2
5338	1064.1	1064.7	1602.1
5328	1072.5	1066.0	1549.3
1201	1073.9	1302.5	1573.4
8676	1080.1	1074.1	1631.8
2831	1065.6	1297.6	1540.4
5493	1076.7	1076.4	1583.8
2779	1069.0	1248.4	1505.1
490	1068.9	1286.5	1587.4
8927	1063.8	1066.9	1564.7
255	1063.2	1273.8	1506.2
2879	1074.0	1335.0	1609.0
3860	1070.8	1306.0	1543.4
9268	1071.7	1078.1	1596.8
3142	1068.8	1302.3	1582.2
2810	1065.3	1302.3	1567.5
7940	1076.0	1074.1	1571.5
6254	1061.6	1061.0	1516.4
6875	1062.8	1060.9	1564.7
439	1065.8	1298.4	1589.6
4519	1071.4	1362.8	1602.9
2778	1073.6	1300.8	1572.3
3339	1071.1	1358.9	1571.3
834	1057.9	1302.3	1488.6
3703	1068.9	1323.5	1566.9
7412	1066.8	1059.4	1607.7
3144	1080.4	1322.0	1625.2
1694	1062.3	1292.5	1513.0
9122	1055.2	1053.0	1497.3
5925	1077.0	1072.7	1591.4
2374	1065.0	1311.2	1559.6
6427	1070.9	1073.2	1570.2
9943	1072.6	1072.3	1636.5
6382	1069.9	1069.8	1552.1
8377	1068.2	1073.0	1532.1
742	1068.9	1292.1	1565.6
2605	1078.4	1326.2	1604.8
3727	1076.3	1330.2	1570.0
8686	1063.0	1062.0	1528.7
8144	1073.7	1075.7	1622.6
7756	1066.9	1063.2	1538.2
8431	1078.3	1076.4	1625.3
9845	1072.9	1067.2	1568.0
7306	1062.8	1065.2	1532.8
3178	1078.2	1309.2	1588.2
5284	1068.2	1069.3	1550.0
8588	1082.5	1080.5	1612.6
6827	1070.7	1073.4	1552.5
9541	1087.7	1090.8	1804.8
7437	1074.5	1074.6	1595.1
2677	1070.5	1310.4	1586.5
2996	1071.9	1337.1	1602.2
8188	1063.5	1063.3	1541.9
2185	1066.1	1283.0	1522.7
976	1082.6	1369.3	1655.7
8650	1063.5	1054.9	1584.3
8861	1073.2	1080.5	1606.1
5449	1063.3	1059.2	1570.8
2208	1067.7	1320.5	1535.3
7057	1066.9	1065.4	1535.1
7341	1070.4	1071.0	1599.5
1657	1069.5	1267.5	1587.9
5886	1075.7	1075.0	1663.1
7138	1066.1	1068.1	1529.5
704	1069.5	1361.4	1614.5
1134	1071.0	1331.9	1573.0
43	1068.3	1318.7	1595.2
6586	1071.3	1061.5	1568.9
8769	1059.8	1061.6	1542.3
539	1060.1	1262.0	1563.4
2408	1071.9	1304.6	1579.5
8197	1067.3	1071.0	1897.0
3184	1075.7	1350.4	1621.9
5513	1065.9	1061.3	1580.0
874	1067.9	1329.8	1548.2
3313	1067.0	1294.3	1518.4
6682	1078.4	1078.5	1602.9
4176	1076.3	1340.6	1611.7
4608	1064.3	1309.7	1564.2
459	1075.7	1325.2	1594.2
9543	1075.8	1078.4	1572.9
9872	1073.9	1073.3	1564.0
9262	1070.6	1076.0	1545.7
8119	1069.0	1070.1	1570.0
7110	1075.1	1074.6	1578.5
1236	1075.1	1362.4	1613.3
765	1074.2	1359.5	1584.5
3990	1073.3	1314.4	1612.9
2054	1067.6	1350.0	1598.8
764	1071.5	1348.6	1650.6
5585	1077.7	1074.8	1602.4
1442	1069.8	1272.8	1533.1
121	1060.5	1306.2	1525.3
5258	1066.8	1071.1	1602.3
6765	1064.4	1062.0	1539.3
8783	1067.4	1069.0	1548.3
850	1067.2	1300.1	1555.4
1452	1068.8	1269.2	1521.7
2986	1071.7	1330.6	1581.9
9409	1067.4	1069.8	1618.9
3363	1068.7	1343.1	1612.0
2991	1072.1	1304.9	1558.3
4958	1072.9	1317.1	1607.6
2216	1068.3	1257.3	1546.0
2501	1066.9	1335.9	1550.2
8571	1069.8	1063.4	1556.8
1752	1074.3	1397.6	1623.6
8987	1074.0	1078.6	1558.4
389	1064.5	1357.7	1567.4
434	1067.3	1301.4	1527.8
7329	1065.8	1070.0	1557.8
2315	1072.8	1310.5	1564.6
7116	1069.2	1076.3	1562.8
2444	1063.6	1291.5	1533.3
2103	1062.8	1243.6	1518.6
9663	1069.1	1081.9	1591.2
1288	1064.8	1331.8	1591.8
4749	1063.5	1331.3	1526.8
6562	1070.9	1072.5	1564.4
4891	1077.5	1301.8	1562.6
3868	1075.7	1331.2	1605.3
964	1066.2	1272.9	1509.5
8495	1071.8	1074.8	1568.9
2170	1068.9	1299.0	1561.6
1507	1072.7	1308.7	1564.4
1481	1066.3	1314.2	1550.4
4066	1076.7	1330.5	1589.6
1623	1069.8	1290.4	1579.6
3034	1067.2	1299.2	1568.5
4852	1073.7	1320.9	1587.3
8035	1074.1	1072.5	1663.2
6014	1074.5	1070.1	1587.0
7551	1071.9	1072.5	1630.0
6968	1070.7	1073.2	1577.7
9928	1069.6	1071.8	1589.0
4432	1064.4	1283.1	1558.7
7418	1066.1	1074.0	1556.6
9324	1058.4	1052.6	1487.9
9768	1068.8	1070.9	1581.5
6196	1064.6	1067.3	1507.2
9582	1060.8	1064.1	1514.0
9538	1068.9	1062.8	1558.1
3017	1063.7	1311.5	1541.9
5847	1068.9	1076.6	1551.2
7404	1068.8	1069.2	1570.3
6162	1069.4	1068.3	1532.7
3429	1075.2	1357.9	1651.3
4401	1071.8	1347.7	1685.3
1552	1061.6	1290.5	1528.8
8139	1066.0	1061.6	1503.8
7068	1064.7	1055.5	1510.4
5651	1070.6	1067.2	1550.7
9081	1071.3	1078.9	1630.6
1334	1066.6	1275.1	1537.3
2318	1073.3	1275.0	1547.6
5693	1074.1	1073.1	1600.3
8483	1067.9	1070.3	1520.4
7324	1067.9	1074.6	1564.8
8976	1069.1	1075.6	1582.8
814	1065.8	1334.7	1543.6
5323	1066.0	1069.8	1577.3
6130	1062.1	1061.3	1594.5
445	1062.2	1350.2	1538.5
4455	1071.1	1329.7	1549.2
2320	1070.6	1326.0	1561.1
1634	1066.5	1311.4	1568.0
8716	1067.4	1069.4	1559.8
4005	1075.4	1384.3	1610.1
2500	1073.0	1341.9	1611.7
7810	1077.4	1076.7	1626.5
8515	1074.5	1072.4	1621.8
638	1066.1	1316.7	1561.4
6726	1069.9	1073.3	1597.4
9010	1066.0	1071.1	1556.6
6959	1070.4	1067.3	1597.1
3038	1071.2	1316.8	1615.4
7454	1071.2	1081.8	1577.8
3356	1067.5	1250.1	1497.4
5959	1069.0	1067.1	1538.6
2456	1071.9	1360.5	1565.2
3551	1063.4	1290.1	1509.2
9059	1075.1	1078.1	1567.2
5722	1059.9	1056.2	1516.6
2446	1077.1	1362.3	1654.7
2652	1066.0	1302.1	1564.2
6555	1074.3	1078.7	1544.7
3256	1065.9	1305.2	1570.9
1664	1082.8	1398.6	1668.4
1550	1064.0	1315.5	1557.0
4122	1063.6	1283.3	1529.5
124	1073.8	1323.8	1566.1
6084	1069.2	1077.5	1592.4
160	1072.4	1337.2	1593.0
3306	1071.1	1323.6	1595.3
4137	1070.9	1336.1	1570.3
8077	1058.8	1061.9	1528.8
2370	1061.3	1293.3	1511.0
1856	1067.8	1284.8	1570.5
6685	1071.1	1074.6	1566.6
7075	1069.0	1062.3	1547.5
303	1079.0	1380.8	1619.2
4723	1060.0	1252.3	1524.2
9181	1066.3	1066.1	1549.9
4607	1068.6	1324.0	1570.5
8016	1068.5	1071.5	1578.7
4001	1068.8	1298.5	1592.0
2066	1072.8	1311.3	1554.4
8104	1070.0	1066.7	1575.7
4797	1076.4	1390.8	1627.3
4618	1069.5	1317.6	1579.0
1221	1063.9	1300.0	1568.5
3744	1070.7	1284.5	1627.4
9761	1072.4	1072.2	1575.9
5340	1066.4	1065.4	1609.3
773	1066.5	1312.6	1574.0
5928	1076.0	1076.6	1599.2
125	1058.1	1291.9	1510.2
3194	1063.3	1288.4	1516.4
422	1069.4	1316.6	1571.7
5263	1067.2	1071.2	1575.0
2210	1064.9	1326.3	1576.1
6596	1075.6	1078.8	1602.8
8466	1078.5	1084.5	1603.5
4791	1073.1	1356.5	1620.2
5534	1069.0	1068.8	1556.4
842	1069.0	1274.0	1540.7
1984	1058.5	1249.7	1492.1
1472	1062.9	1356.4	1556.4
8750	1065.5	1071.1	1550.6
3876	1062.0	1303.2	1533.1
195	1067.5	1294.0	1554.4
4601	1069.7	1322.4	1592.4
8151	1062.5	1063.7	1529.4
9419	1068.0	1068.6	1582.4
1455	1070.0	1308.1	1600.3
3585	1076.0	1335.9	1602.2
2384	1064.9	1294.4	1568.4
6567	1069.1	1063.7	1575.2
2582	1062.1	1280.7	1545.7
114	1060.8	1271.7	1508.1
6188	1072.3	1072.3	1584.8
621	1072.1	1304.2	1582.7
8616	1068.3	1068.4	1601.8
8821	1063.6	1076.4	1500.2
9346	1068.5	1074.3	1540.5
6610	1062.7	1064.4	1531.8
8416	1069.7	1067.1	1534.3
8879	1058.4	1057.1	1531.5
3246	1070.9	1348.0	1591.0
4412	1080.1	1393.4	1629.3
2601	1069.2	1369.5	1569.1
3874	1058.6	1226.8	1496.3
3343	1070.7	1352.6	1648.2
2793	1062.8	1267.9	1515.9
2376	1067.7	1301.0	1576.5
652	1074.7	1371.3	1613.2
1248	1084.4	1412.8	1678.8
5935	1064.9	1058.8	1569.0
2560	1066.4	1316.1	1565.4
7695	1061.0	1059.6	1542.6
9556	1066.0	1066.1	1531.5
4406	1071.7	1269.5	1536.7
4778	1072.6	1370.3	1601.8
4893	1055.4	1273.4	1515.7
2772	1061.8	1274.4	1537.6
1384	1071.0	1367.3	1582.6
1594	1072.6	1324.1	1560.1
676	1068.7	1243.4	1515.7
5392	1074.5	1075.4	1622.0
5662	1065.7	1062.3	1507.6
3565	1065.4	1339.9	1571.1
5678	1074.0	1072.9	1602.1
1482	1076.8	1309.0	1576.6
6879	1076.2	1081.3	1642.0
3279	1073.0	1314.7	1564.3
8179	1065.7	1058.5	1538.8
5022	1069.5	1078.3	1586.4
5142	1071.7	1080.7	1566.7
5311	1068.1	1068.8	1572.3
6001	1071.3	1074.2	1564.8
6823	1064.7	1060.5	1564.5
6515	1066.2	1070.0	1516.2
3473	1070.1	1277.8	1542.2
8965	1073.1	1073.2	1605.3
2450	1062.0	1307.5	1552.4
3199	1070.3	1363.0	1574.0
2183	1069.6	1332.1	1561.8
2964	1081.9	1395.6	1769.4
3732	1070.7	1288.6	1534.2
2396	1076.3	1347.2	1641.6
5447	1072.8	1068.1	1573.4
443	1063.9	1257.2	1526.3
8662	1075.0	1075.5	1626.2
4460	1075.6	1315.6	1600.6
4647	1066.3	1304.9	1553.6
6123	1078.0	1079.0	1601.7
2135	1061.1	1287.6	1524.3
6984	1060.2	1054.5	1592.1
6213	1069.7	1068.0	1557.5
8621	1066.2	1064.4	1548.9
6459	1068.3	1068.1	1581.1
541	1073.5	1322.0	1574.2
4086	1073.4	1338.3	1616.3
5369	1071.8	1073.1	1538.8
6710	1064.2	1069.7	1549.6
474	1078.1	1375.7	1612.2
1548	1061.4	1312.6	1557.0
8213	1077.8	1079.6	1567.6
1385	1070.7	1288.2	1555.7
4090	1062.4	1320.2	1536.2
8930	1062.9	1064.4	1553.2
7541	1065.2	1059.4	1549.0
2304	1075.5	1344.1	1608.9
5716	1069.2	1063.3	1601.2
212	1073.6	1309.8	1581.3
7045	1063.2	1065.3	1567.6
5090	1071.8	1071.8	1577.8
3073	1070.8	1271.4	1569.3
2008	1068.5	1376.1	1590.0
5490	1074.5	1076.9	1586.0
8959	1070.4	1073.4	1567.2
1519	1079.4	1357.7	1591.2
4866	1066.2	1323.0	1587.4
3829	1065.7	1281.6	1547.0
841	1068.9	1372.8	1641.0
1042	1073.3	1366.2	1642.3
9664	1064.3	1067.2	1556.4
9222	1059.1	1061.9	1476.0
6973	1077.8	1074.2	1635.2
110	1077.6	1343.5	1581.6
4714	1069.0	1290.3	1589.4
8979	1073.3	1066.6	1550.4
886	1072.2	1357.9	1603.1
7581	1075.0	1077.1	1594.6
7758	1075.9	1080.3	1602.8
6730	1076.5	1076.2	1679.6
9798	1077.1	1076.4	1618.7
6284	1067.9	1074.1	1560.9
2114	1071.7	1362.1	1609.4
8092	1074.7	1079.9	1570.6
2543	1066.7	1323.5	1571.7
3821	1071.5	1311.6	1593.5
4408	1066.2	1298.1	1506.3
942	1072.4	1268.7	1537.8
2544	1071.8	1314.9	1587.5
5169	1063.5	1063.7	1515.2
8500	1066.8	1068.7	1554.4
2759	1079.1	1358.8	1613.4
8772	1075.1	1082.2	1575.8
7956	1068.0	1068.9	1547.6
4063	1076.0	1338.3	1592.1
3132	1063.9	1323.0	1554.7
8928	1073.7	1070.4	1554.1
6737	1073.4	1072.6	1643.6
8121	1081.6	1080.0	1659.2
4853	1060.9	1241.3	1505.4
636	1064.8	1325.8	1650.4
7724	1073.2	1069.1	1574.9
6443	1076.9	1074.2	1585.5
441	1056.5	1234.5	1469.8
9359	1069.2	1069.8	1563.1
3023	1074.8	1342.7	1574.6
7099	1070.4	1075.1	1570.7
9990	1077.3	1076.6	1597.6
