2396	1680.2	1920.3	14281.5
10547	1682.9	1870.7	14357.2
18620	1672.0	1907.2	14094.3
34250	1699.1	1924.0	14582.9
66330	1711.5	1900.0	14426.0
119	1694.4	1908.7	14270.1
45413	1689.8	1882.3	13959.8
13795	1682.2	1918.9	14362.6
50464	1695.2	1940.7	14201.1
3986	1707.6	1990.7	14624.0
40133	1697.6	1968.4	14705.7
42500	1699.9	1957.3	14639.6
10399	1683.1	1902.0	14322.8
39790	1706.8	1986.5	14732.0
64471	1696.0	1940.0	14365.7
41183	1698.1	1955.8	14524.4
16598	1682.9	1896.0	14214.7
34425	1680.8	1899.6	14420.7
69001	1685.8	1913.7	14353.7
15557	1679.0	1893.8	14046.7
64011	1706.2	1905.9	14480.4
20230	1703.9	1962.3	14618.3
8694	1697.7	1958.2	15148.3
26826	1686.9	1907.4	14235.8
64928	1666.4	1859.2	13885.5
49892	1687.3	1883.6	14056.7
3380	1684.9	1954.4	14275.1
49333	1671.3	1940.0	14199.5
13252	1693.0	2016.7	14808.7
45774	1703.4	1941.5	14340.4
47798	1698.0	1892.8	14285.9
6060	1692.6	1953.9	14269.2
23612	1712.6	2008.7	14769.2
6511	1705.6	1949.2	14497.3
8343	1699.7	1970.8	14500.3
68368	1702.4	1988.4	14659.5
62287	1668.4	1907.8	14092.4
20493	1693.8	1931.2	14570.0
31476	1680.3	1910.3	14341.0
73355	1683.6	1876.6	14163.4
31056	1691.3	1914.5	14245.6
61257	1690.0	1899.8	14244.9
16180	1698.0	1968.9	14582.0
36395	1670.8	1917.8	14190.0
41049	1694.2	1939.3	14618.1
12375	1663.5	1857.1	13827.4
39850	1681.6	1945.2	14254.5
36919	1695.9	1945.0	14441.6
45617	1701.2	1937.9	14519.9
10710	1673.4	1912.8	14044.8
4224	1687.8	2000.5	14528.6
61949	1679.4	1907.7	14116.8
36035	1696.1	1902.4	14208.6
50016	1675.1	1901.7	14065.3
54804	1668.4	1889.6	14025.8
25561	1685.5	1873.4	14176.2
38668	1679.8	1914.8	14220.9
48744	1704.4	1945.3	14428.9
6048	1682.9	1890.2	14082.3
39118	1701.2	1936.4	14663.7
49082	1688.0	1916.6	14386.7
557	1675.8	1922.5	14178.7
65184	1692.0	1925.5	14505.5
2619	1699.8	1934.9	14573.3
859	1707.8	1957.7	14576.5
9194	1685.9	1917.8	14393.4
66762	1688.5	1876.1	14446.0
69236	1696.0	1852.9	14212.4
50324	1668.9	1904.7	14142.8
18621	1675.8	1898.8	13928.0
24562	1684.5	1901.1	14172.4
26607	1692.9	1944.9	14566.9
4271	1683.8	1907.6	14327.0
49321	1694.0	1926.6	14436.3
72587	1703.6	1932.7	14946.0
65122	1701.6	1921.3	14368.0
18455	1696.7	1959.7	14425.7
53919	1674.7	1890.6	14150.1
69003	1691.2	1870.7	14306.4
6880	1691.4	1949.1	14356.5
38612	1686.7	1940.0	14434.1
39957	1680.5	1931.5	14217.8
40765	1696.8	1940.8	14211.3
14680	1675.4	1913.3	14103.2
51798	1706.0	1977.9	14906.5
1535	1682.8	1958.1	14418.0
27839	1678.5	1852.0	13856.5
45414	1682.5	1884.7	14354.4
9502	1667.3	1938.1	14173.6
19965	1672.5	1926.5	14044.5
17146	1686.5	1920.8	14217.1
17123	1683.6	1937.1	14316.3
17928	1683.8	1912.1	14220.0
9200	1693.8	2004.2	14676.3
72823	1705.1	2008.3	14763.4
43095	1691.5	1946.6	14531.2
27937	1706.2	1960.1	14587.7
28944	1680.1	1954.7	14205.4
70663	1672.7	1882.3	14075.7
4539	1688.9	2000.2	14574.6
63612	1693.4	1913.5	14339.4
7112	1672.6	1912.5	14064.1
2930	1669.4	1922.1	14223.8
44341	1687.7	1960.7	14602.3
37465	1699.5	1965.7	14554.0
58426	1692.3	1971.4	14631.2
55555	1675.7	1865.3	13810.9
55715	1692.7	1919.2	14820.8
7722	1679.7	1931.1	14231.9
41979	1683.2	1880.3	14252.0
62055	1680.8	1896.9	14223.1
18755	1689.5	1941.6	14356.1
27182	1696.7	1920.0	14600.3
26760	1679.1	1878.9	14021.8
13843	1687.6	1961.7	14756.3
2224	1652.4	1842.3	13837.7
61005	1687.5	1887.2	14283.0
52997	1700.7	1899.0	14340.2
7576	1704.9	1972.9	14529.5
21551	1656.2	1823.6	13605.0
4225	1683.7	1935.4	14270.7
42684	1695.7	1935.1	14331.7
53663	1699.6	1975.8	14423.7
70393	1691.9	1900.9	14351.4
4359	1692.5	1964.8	14571.0
61877	1693.4	1948.5	14416.6
53963	1700.0	1977.4	14474.3
53072	1700.1	1894.0	14326.6
39449	1667.3	1873.5	13923.3
3711	1686.8	1913.6	14191.9
69991	1663.0	1884.5	14204.5
6438	1705.1	1935.0	14394.5
48245	1707.0	1986.5	15132.2
14884	1688.4	1920.1	14274.5
40569	1687.7	1953.9	14991.8
1114	1696.9	1954.1	14386.4
60728	1703.1	1935.1	14643.0
45684	1694.2	1960.1	14614.1
3742	1698.7	1965.1	14588.4
39896	1694.7	1952.9	14371.7
15582	1685.2	1917.3	14131.3
66523	1692.2	1936.0	14458.0
20048	1674.4	1938.7	14290.5
63896	1681.1	1895.9	13979.8
32329	1692.4	1943.0	14118.8
58325	1690.9	1935.8	14292.4
40384	1701.6	1907.0	14610.4
6240	1687.6	1942.3	14315.4
23541	1687.0	1918.5	14412.5
55067	1691.1	1882.6	14131.5
10429	1697.3	1921.2	14136.2
2572	1683.0	1931.2	14370.5
21996	1687.8	1925.3	14237.2
52681	1702.4	1925.4	14548.6
28165	1687.4	1890.7	14465.2
41986	1681.0	1909.3	13989.1
24191	1681.7	1903.9	14138.4
59104	1690.4	1902.4	14204.3
7789	1698.5	1943.1	14465.1
29613	1672.1	1943.5	14556.8
22835	1681.3	1903.1	14070.0
59130	1679.8	1867.2	14102.8
43955	1709.5	1951.5	14383.7
18263	1676.7	1893.5	13899.9
7045	1708.1	1976.5	14779.5
61206	1694.6	1975.8	14551.7
56661	1689.5	1929.6	14211.7
60723	1686.2	1901.7	14183.0
54748	1668.7	1837.4	14003.4
59232	1697.6	1924.4	14484.6
29310	1698.0	1955.1	14291.1
61142	1687.8	1955.0	14321.7
54155	1695.5	1922.1	14327.8
3779	1672.6	1904.1	13967.4
22153	1712.0	1976.6	14488.8
8706	1689.7	1903.0	14243.1
5903	1679.9	1906.8	14067.3
43397	1696.8	1979.0	14555.4
49231	1680.6	1868.8	13991.6
40087	1688.1	1909.9	14094.1
54845	1691.8	1947.7	14591.3
13264	1712.5	1999.1	14908.7
26663	1712.1	2035.7	15302.7
30112	1685.1	1930.5	14197.3
70360	1691.6	1916.3	14318.3
35758	1696.0	1965.1	14424.5
29004	1697.0	1977.3	14515.1
23501	1722.1	2000.1	15406.5
46751	1688.8	1927.4	14383.0
10048	1685.9	1924.3	14286.3
10469	1673.9	1860.7	13912.0
51599	1687.5	1893.6	14203.9
54518	1671.4	1831.5	13840.1
10740	1682.6	1944.3	14419.6
6362	1687.1	1923.7	13990.4
24491	1713.8	1976.3	14676.7
70883	1694.5	1919.4	14362.7
16127	1700.9	1949.4	14608.3
35041	1686.4	1913.0	14207.2
51845	1700.7	1953.0	14278.0
44939	1696.9	1939.2	14517.3
7043	1711.1	1952.6	14662.2
43165	1678.9	1908.3	14114.3
27057	1700.5	1962.7	14672.6
16229	1680.8	1918.2	14276.9
31272	1682.3	1894.5	14221.2
16758	1706.4	1951.4	14297.1
25633	1678.1	1909.4	14149.2
33595	1678.1	1872.6	14210.8
71859	1684.4	1852.1	14135.8
6296	1681.2	1971.4	14225.8
16659	1679.0	1891.0	14334.0
54005	1713.5	1946.2	14891.0
54217	1699.8	1929.3	14557.5
62877	1677.7	1856.6	14001.0
67024	1673.2	1897.0	14255.7
9124	1694.3	1925.6	14476.4
69482	1677.0	1913.3	14081.9
445	1705.5	1968.4	14639.0
58331	1660.6	1836.7	13602.3
7116	1683.4	1865.1	14094.4
26369	1696.6	1915.8	14362.5
63046	1688.3	1929.2	14497.2
72972	1687.6	1912.5	14492.3
55944	1685.4	1948.4	14602.6
7781	1684.2	1937.2	14100.1
28099	1685.7	1944.1	14560.0
22946	1707.9	1893.4	14485.2
55899	1673.6	1870.6	14115.3
30443	1696.4	1994.0	14638.2
35593	1685.5	1920.8	14225.5
2738	1686.1	1935.1	14262.4
43557	1687.2	1942.9	14339.1
44189	1686.2	1945.6	14103.8
9402	1701.7	1954.9	14695.3
51852	1686.4	1947.6	14490.8
15424	1687.7	1944.5	14476.7
33379	1712.7	1999.4	14718.0
13633	1683.1	1919.5	14556.0
23350	1684.6	1875.4	13988.6
32683	1688.2	1913.9	13956.6
43666	1668.7	1952.8	14217.1
21351	1703.6	1966.9	14314.4
22391	1682.2	1950.1	14428.6
51962	1678.7	1873.6	14059.8
19563	1683.7	1941.7	14612.1
15353	1695.8	1953.4	14447.6
53253	1698.7	1947.8	14331.2
52703	1705.2	1979.5	14787.8
3616	1694.3	1961.4	14421.4
11075	1676.8	1903.1	13910.6
30308	1684.9	1947.1	14581.8
57544	1680.3	1933.3	14442.2
49860	1693.4	1956.3	14423.1
53601	1681.3	1893.0	14422.6
8129	1676.5	1884.4	14093.4
45375	1685.7	1866.1	13943.6
7024	1687.5	1884.1	14176.8
53987	1687.5	1928.9	14419.7
73066	1673.1	1955.1	14341.7
2834	1673.1	1933.9	14748.9
18475	1692.6	1926.1	14186.9
8546	1688.6	2010.6	14838.8
15469	1714.0	1974.5	14507.2
15630	1685.5	1933.8	14480.0
61837	1690.1	1954.4	14536.6
9913	1692.8	1918.2	14487.0
40451	1685.1	1872.0	14109.6
57780	1675.9	1902.6	14136.4
33171	1695.6	1906.3	14381.1
24163	1710.2	1962.1	14772.8
51778	1689.2	1913.9	14233.9
61861	1684.7	1921.9	14313.6
8447	1693.7	2001.2	14711.1
63988	1708.4	1906.8	14615.8
68596	1692.6	1930.6	14091.3
67966	1698.4	1938.7	14215.3
59038	1674.0	1877.2	14090.2
3773	1690.9	1904.1	14499.6
38222	1705.2	1982.5	14735.3
23096	1697.7	1922.3	14193.3
74825	1709.6	1956.1	14405.2
3461	1695.7	2039.0	14906.7
35160	1702.0	2003.9	14816.0
44467	1691.2	1907.1	14267.2
27518	1687.5	1914.8	14626.2
702	1691.4	1948.9	14401.5
43056	1678.2	1935.2	14206.2
9904	1669.8	1914.8	14197.0
51237	1707.6	1973.1	14518.6
56123	1696.7	1967.6	14477.4
3264	1680.9	1894.2	14119.2
26608	1688.1	1935.4	14365.2
21346	1671.7	1863.0	13765.6
52891	1689.5	1919.5	14363.3
62652	1706.8	1929.6	14603.9
14852	1689.3	1946.5	14539.4
35465	1673.0	1894.3	14091.1
13040	1695.0	1970.3	14465.7
62678	1697.4	1949.1	14503.0
14660	1689.5	1982.5	14508.5
60603	1682.3	1904.1	14254.0
37182	1688.0	1950.8	14696.4
56783	1690.3	1932.4	14476.6
1812	1689.3	1952.2	14486.2
72250	1680.7	1880.3	14081.4
23811	1700.9	1980.6	14386.8
19875	1690.5	1922.4	14329.2
20703	1705.7	1984.1	14670.8
60424	1690.4	1930.9	14721.1
30307	1689.5	1963.7	14360.6
33410	1687.9	1947.6	14445.6
53391	1698.5	1969.4	14792.1
5732	1706.1	2009.5	14994.4
58830	1689.6	1984.0	14607.2
19680	1695.9	1948.2	14351.3
13700	1688.3	1967.3	14356.4
64370	1702.8	1953.3	15002.2
61321	1682.7	1938.7	14207.0
64685	1700.4	1899.0	14651.6
63549	1672.9	1942.4	14290.9
65640	1691.5	1990.1	14424.0
56946	1688.3	1922.7	14169.2
149	1689.7	1935.2	14244.5
60412	1700.6	1946.6	14573.0
6263	1701.8	2004.7	14412.6
30525	1700.9	1981.2	14626.6
63608	1693.3	1923.9	14303.8
16680	1674.8	1883.9	14265.7
13711	1686.5	1940.1	14468.8
14126	1696.6	1991.6	14819.8
32221	1686.8	1926.2	14424.2
36738	1705.7	1971.4	14601.6
30918	1696.3	1990.9	14595.3
15119	1711.4	1955.0	14826.1
26658	1679.4	1890.3	13842.7
59728	1685.7	1948.6	14368.2
62134	1680.6	1891.7	13980.7
27675	1665.4	1897.9	14057.2
17718	1677.0	1905.0	14246.6
36746	1703.1	1937.2	14527.5
51548	1690.5	1907.9	14324.0
71918	1703.3	1977.9	14812.2
12065	1676.1	1866.8	13986.3
54583	1697.7	1939.7	14694.0
54970	1682.6	1956.1	14586.9
16992	1697.5	1976.2	14513.5
55370	1689.5	1951.8	14502.5
52739	1697.5	1934.1	14616.6
71908	1682.9	1944.6	14188.1
37477	1677.8	1898.5	14223.0
11353	1682.6	1933.5	14422.8
1627	1690.8	1907.3	14205.4
60787	1688.1	1886.7	14108.2
67951	1683.7	1940.7	14382.2
1446	1699.7	1927.5	14286.4
33158	1698.4	1950.3	14328.2
41259	1677.6	1880.4	14270.8
55002	1690.1	1864.5	14362.2
54428	1706.8	1976.1	14671.0
57436	1682.9	1911.1	14208.5
35392	1696.2	1943.6	14417.6
66024	1689.7	1913.1	14389.2
29271	1694.1	1889.8	14127.2
69542	1709.5	1944.2	14758.8
46483	1709.0	1957.1	14452.3
2252	1674.6	1869.5	13863.4
15275	1681.1	1958.7	14575.6
376	1698.9	1987.7	14642.9
73126	1702.6	1948.5	14717.8
19543	1687.6	1926.6	13945.9
13760	1674.0	1850.3	13906.7
9157	1699.9	1940.6	14601.6
4831	1694.9	1974.5	14653.6
42389	1689.6	1966.1	14419.8
61567	1691.8	1947.9	14512.7
60417	1683.4	1928.3	14328.8
74170	1697.1	1952.0	14717.0
16527	1681.6	1963.4	14259.5
72934	1700.9	1946.3	14439.4
70767	1698.8	1893.5	14381.8
54882	1687.1	1920.9	14406.6
35409	1686.3	1892.3	14056.5
16255	1698.5	1941.8	14559.9
71764	1697.6	1868.5	14275.3
19034	1672.4	1881.9	14125.1
35565	1699.6	2000.3	14681.4
7778	1685.5	1909.1	14212.8
20987	1687.4	1899.7	14035.8
66811	1682.6	1898.8	14332.0
43281	1691.9	1923.3	14302.4
54313	1697.6	1976.6	14458.4
28460	1676.6	1896.6	14044.5
6197	1697.3	1896.9	14413.5
26227	1690.9	1929.1	14315.4
11584	1675.9	1944.6	14263.5
16736	1704.0	1956.4	14499.2
74724	1697.1	1892.6	14173.7
6490	1687.3	1891.3	14045.6
35983	1695.8	1938.5	14340.9
68691	1693.3	1940.3	15575.2
36393	1670.1	1908.2	13929.8
32390	1697.3	1928.3	14292.4
2839	1674.9	1897.3	13791.5
6317	1675.1	1903.0	14111.8
10512	1680.3	1888.8	13894.0
12334	1692.1	1931.1	14496.1
53079	1697.8	1970.9	14721.6
52359	1698.6	1975.5	14672.0
12250	1704.9	2006.4	14699.7
28228	1693.5	1920.3	14197.2
2041	1707.2	1980.6	14401.5
71037	1702.3	1943.7	14517.7
18510	1675.9	1881.9	14335.8
36507	1681.2	1882.9	14284.6
50676	1682.1	1936.8	14287.5
25722	1683.3	1938.5	14367.0
24432	1707.8	2008.4	14774.5
65696	1704.9	2000.3	15103.8
26278	1692.1	1907.6	14308.7
8947	1686.8	1865.9	13957.5
21024	1671.2	1941.7	14054.2
18720	1683.7	1892.5	13946.0
60737	1692.5	1916.0	14809.3
30772	1692.4	1898.8	14246.8
17217	1686.0	1932.6	14596.4
57109	1684.3	1912.9	14078.7
39297	1686.8	1954.1	14416.7
47596	1674.2	1968.7	13982.1
35569	1686.3	1921.8	14752.1
15287	1703.6	1951.9	14385.2
52544	1680.7	1893.8	14002.7
4366	1707.8	1972.1	14486.0
74828	1685.1	1917.4	14653.4
26089	1689.5	1937.8	14517.6
48768	1720.9	2042.0	15794.1
55602	1676.1	1872.6	14089.2
7436	1700.0	1938.2	14336.2
11975	1679.9	1882.0	14028.0
33612	1689.4	1963.6	14195.7
37822	1670.7	1853.9	13958.3
24086	1684.6	1901.2	14278.4
51846	1703.4	1910.3	14491.4
33925	1695.1	1923.4	14272.4
73162	1712.8	1932.7	14502.1
31364	1699.3	1945.7	14474.3
62238	1690.4	1917.0	14301.9
48794	1674.7	1884.3	14022.4
58007	1693.6	1920.3	14220.1
49842	1709.7	1962.1	14641.7
29734	1702.1	1987.0	15312.6
55904	1706.8	1972.9	14832.0
14540	1701.9	2003.1	14897.4
2896	1667.4	1880.1	13914.7
63322	1691.4	1899.8	14702.3
68948	1677.6	1906.5	13927.7
7967	1693.1	1883.6	14052.3
6964	1689.4	2013.4	14501.1
64324	1711.9	2001.5	14934.2
70716	1682.4	1908.4	13921.9
328	1692.7	1928.5	14351.4
13517	1669.6	1935.1	14176.5
71347	1684.2	1934.0	14418.6
37789	1679.4	1959.8	14112.7
71287	1679.6	1886.0	14227.2
5809	1685.6	1910.5	14127.1
30735	1698.4	1939.8	14301.4
72619	1696.8	1970.4	14363.7
65674	1696.9	1952.1	14503.3
575	1704.5	1986.7	14903.5
3723	1703.9	1987.1	14412.7
34399	1697.5	1958.9	14430.8
69199	1676.1	1856.8	13899.0
66751	1690.3	1929.5	14221.4
36176	1683.4	1915.6	14283.3
71602	1685.6	1897.5	14315.2
57282	1688.4	1910.1	14361.1
1792	1688.8	1936.0	14089.1
61452	1687.9	1947.6	14657.1
8835	1702.1	1968.9	15337.5
43246	1682.9	1922.8	14347.5
4753	1675.7	1875.8	13816.8
70757	1668.7	1862.1	13804.7
28003	1698.4	1938.8	14237.4
70024	1686.8	1925.0	14342.6
10056	1673.0	1944.0	14256.9
59071	1697.0	1910.8	14446.7
38425	1679.9	1875.8	13768.7
67930	1682.3	1914.9	14185.5
25510	1685.9	1937.0	14386.8
45388	1690.5	1905.7	14313.3
6654	1706.4	1977.6	14642.8
66423	1696.2	1931.4	14554.3
19852	1697.9	1927.4	14608.0
57773	1687.3	1924.0	14328.5
26137	1669.0	1887.3	13973.7
3198	1688.0	1874.2	14107.1
71528	1687.7	1921.3	14474.4
74398	1679.9	1935.5	14484.5
57717	1699.3	1943.1	14482.7
38648	1687.1	1952.1	14476.5
6481	1691.0	1898.8	14133.7
55547	1690.8	1968.9	14981.0
48492	1685.4	1903.7	14112.4
9617	1682.6	1914.2	14062.7
18081	1709.7	1939.8	14620.9
65118	1715.5	1968.3	15067.2
48226	1700.6	1931.7	14582.5
60374	1689.6	1976.5	14368.3
38088	1671.8	1906.9	14196.5
58782	1693.2	1916.2	14447.1
29001	1702.6	1989.7	14736.9
27319	1687.1	1923.8	14124.2
54693	1688.0	1977.6	15037.9
37944	1696.0	1895.4	14210.7
69915	1705.4	1950.6	14819.7
39944	1698.3	1946.5	14513.5
23112	1693.7	1933.7	14252.6
13753	1684.8	1965.2	14592.2
45685	1720.2	2049.3	15137.4
60954	1697.9	1874.5	14301.9
28656	1701.7	2010.1	14701.0
52267	1696.9	1918.4	14414.5
57367	1695.3	1922.9	14187.1
51179	1717.4	1955.2	14619.2
17296	1693.1	1941.3	14471.9
73453	1692.6	1939.3	14570.2
71216	1691.1	1895.6	14358.1
24686	1681.6	1911.6	14186.2
71937	1700.1	1941.7	14428.6
50286	1696.1	1962.4	14751.9
65269	1685.4	1896.1	14114.2
14265	1696.7	1949.2	14830.4
50208	1697.0	1939.9	14631.4
30649	1673.3	1867.6	14164.5
42265	1679.9	1950.5	14332.2
50772	1687.0	1870.0	14111.4
25172	1702.8	1973.5	14456.2
67968	1689.1	1953.4	14407.4
2405	1690.8	1931.8	14163.7
62355	1686.3	1926.5	14429.2
3676	1682.3	1883.7	14304.6
48269	1679.3	1890.0	14060.0
72502	1674.2	1917.5	14073.2
47070	1696.5	1920.4	14178.5
52203	1677.4	1928.0	14227.4
53863	1673.7	1888.1	14217.3
45087	1687.4	1955.0	14284.3
44360	1707.5	1930.1	14359.6
59476	1702.0	1965.9	14891.9
42683	1667.1	1894.3	14022.0
39930	1697.0	2002.9	14698.6
5957	1707.0	1911.4	14610.0
19358	1682.8	1903.0	14300.2
34849	1688.3	1899.9	14202.5
37668	1682.0	1925.0	14350.5
4093	1682.5	1911.3	14029.6
2720	1697.7	1961.1	14406.0
72689	1699.3	1955.8	14653.7
6156	1698.6	1963.5	14627.0
29026	1693.7	1969.2	14294.0
30388	1677.5	1878.2	13852.3
55839	1706.2	1961.3	14626.7
69579	1699.3	1902.6	14142.6
6464	1697.6	1945.8	14420.8
1744	1694.3	1932.0	14304.9
14430	1678.3	1925.6	14194.9
13498	1713.6	2003.4	14783.1
47724	1694.8	1934.3	14556.8
11826	1700.4	1922.0	14189.5
39757	1700.6	1879.4	14273.2
2381	1702.2	1958.3	14482.8
18086	1676.5	1888.7	13979.6
18617	1687.2	1940.3	14160.3
63160	1710.0	1945.5	14442.9
70853	1676.1	1904.4	14253.7
20737	1687.2	1973.5	14387.3
24473	1692.7	1958.2	14650.1
63479	1671.4	1906.8	13963.8
15123	1681.6	1935.1	14496.8
37660	1710.5	1980.3	14681.9
39380	1679.3	1902.0	14101.5
27243	1698.7	1965.0	14468.1
54024	1705.2	1930.7	14461.1
51895	1682.8	1920.9	14266.4
58666	1709.0	1954.4	14833.9
2692	1701.0	1969.6	14388.9
22370	1711.2	1917.9	14684.9
42539	1684.8	1921.9	14469.1
61049	1700.8	1934.1	14412.7
39602	1689.1	1943.9	14885.8
55359	1670.7	1861.2	13996.6
35195	1683.6	1893.9	14108.8
46880	1697.2	1925.8	14548.6
31906	1697.1	1930.9	14457.5
41508	1702.8	1917.2	14115.9
4051	1690.8	1954.2	14401.0
73744	1678.2	1919.2	14437.9
53973	1683.6	1889.0	14086.3
73139	1673.8	1944.7	14118.5
58520	1684.4	1935.0	14416.9
73387	1692.8	1933.9	14583.3
56869	1697.4	1941.5	14701.8
16839	1680.4	1911.3	14168.5
40500	1700.6	1904.7	14269.7
19388	1702.7	1908.0	14547.9
39513	1679.0	1870.5	13949.4
52089	1685.6	1935.5	14117.0
8383	1696.9	2019.3	14826.7
53556	1701.5	1973.9	14707.3
70026	1691.0	1967.4	14405.0
1275	1679.6	1907.0	14101.4
35854	1688.8	1928.5	14503.6
35586	1686.7	1903.0	14050.1
74539	1688.0	1853.7	14149.2
73855	1680.4	1900.7	14233.5
11639	1688.6	1905.4	14111.1
57561	1676.9	1857.9	13892.7
13399	1687.1	1952.8	14590.7
37936	1681.2	1907.5	14142.9
36493	1680.2	1897.9	14217.2
62727	1672.2	1865.4	13910.9
25547	1692.6	1913.9	14122.7
14315	1694.7	1925.6	14554.6
69074	1674.4	1889.3	14176.1
63024	1704.2	1929.4	14420.8
52262	1683.0	1899.1	14203.9
2527	1688.2	1923.5	14133.5
2301	1706.4	2036.9	14789.5
1764	1689.6	1905.4	14373.8
20698	1672.6	1854.2	13972.0
51943	1708.4	1947.3	14623.9
37575	1690.6	1937.0	14291.6
50530	1672.2	1845.2	14038.4
29284	1696.5	1932.2	14461.3
11473	1685.5	1872.3	14186.6
21061	1681.9	1949.7	14466.9
67356	1693.0	1961.2	14332.1
67543	1692.3	1911.8	14215.2
7532	1689.8	1920.9	14412.7
65579	1706.5	1922.5	14574.2
22111	1701.9	1947.8	14391.4
42423	1694.1	1905.0	14122.5
46707	1698.4	1968.3	14558.8
58735	1692.3	1987.3	14695.5
49221	1684.9	1940.0	14299.7
48840	1678.8	1934.8	14117.0
27977	1729.3	1959.3	14616.2
6054	1684.9	1942.1	14261.4
43884	1683.7	1908.7	14220.2
8341	1696.7	1981.9	15028.3
42506	1694.1	1950.3	14601.8
22038	1696.4	1987.6	14558.7
17789	1686.1	1927.5	14305.8
37051	1688.1	1921.5	14462.6
10566	1689.8	1940.5	14364.1
57565	1704.4	1969.9	14575.7
19735	1696.0	1913.4	14027.3
42135	1691.9	1902.7	14341.2
51419	1690.3	1987.4	14655.5
36423	1695.0	1895.9	14351.9
51648	1693.3	1915.4	14405.7
18676	1694.2	1912.8	14242.4
48265	1676.4	1865.0	14104.8
4119	1681.0	1882.3	14002.9
14640	1706.5	1987.4	14439.8
45635	1685.2	1881.9	14024.9
35543	1711.0	1986.5	14803.8
5635	1683.1	1884.7	14278.4
29165	1692.2	1965.6	14635.1
48106	1678.3	1859.5	14233.1
69918	1694.5	1915.0	14566.8
69515	1680.9	1920.0	14392.7
74649	1683.4	1903.4	14186.6
43028	1661.5	1900.2	13917.8
22820	1676.4	1925.3	14483.5
23752	1670.1	1892.7	13987.8
73098	1710.1	1970.0	14893.7
72481	1689.1	1915.9	14608.7
4187	1688.2	1890.3	14284.8
54555	1696.8	1954.6	14550.4
20304	1702.9	1978.2	14580.0
66122	1691.4	1942.9	14414.7
33945	1697.7	1939.7	14568.6
46785	1695.9	1947.9	14359.4
67587	1700.7	1976.2	14678.9
67310	1705.0	1976.1	14702.5
33382	1705.9	1969.2	14553.6
23304	1688.8	1948.5	14180.0
35665	1692.9	1937.9	14310.7
47746	1685.4	1880.3	14130.6
32575	1698.6	1996.5	14488.0
38768	1681.7	1930.8	14097.5
14964	1686.9	1988.0	14455.5
44180	1699.1	1950.0	14335.5
58545	1694.2	1914.3	14379.1
1849	1698.3	1919.5	14232.1
45555	1670.9	1885.4	13884.8
35054	1688.0	1951.5	14596.4
6758	1704.3	1989.5	14577.7
21573	1717.4	2014.8	15252.8
7811	1692.0	1929.4	14347.3
44328	1678.0	1889.8	13985.0
45835	1694.5	1961.3	14447.0
48230	1686.4	1952.5	14488.2
19565	1693.0	1948.9	14538.7
70794	1707.1	1982.0	15314.6
44258	1707.5	2005.3	14697.0
48508	1683.0	1874.7	13749.5
48077	1689.7	1947.5	14449.6
8104	1674.1	1919.4	13953.2
56126	1694.2	1953.5	14492.4
73441	1702.7	1925.9	14473.3
55461	1690.7	1905.5	14450.4
37249	1683.0	1921.9	14309.0
40873	1699.2	1884.8	13964.1
61323	1702.2	1968.0	14403.7
2850	1692.3	1861.9	14049.4
28854	1665.3	1882.1	14045.3
61622	1703.9	1912.5	14594.3
63347	1676.6	1909.4	14072.3
42730	1705.0	1991.6	14836.1
12266	1686.1	1887.5	14345.0
61190	1677.4	1925.7	14091.3
53172	1698.9	1931.1	14386.7
28950	1687.8	1895.3	14195.2
69947	1709.9	1945.8	14915.0
25185	1697.0	1930.7	14300.3
62409	1691.0	1931.0	14557.5
12303	1683.6	1916.5	14265.8
16017	1691.1	1965.4	14697.9
15001	1698.8	1964.9	14460.5
8853	1699.0	1926.1	14382.6
74965	1684.1	1965.1	14474.9
40634	1692.5	1904.1	14141.8
61451	1697.6	1963.9	14435.1
63556	1693.0	1931.1	14671.5
31540	1688.7	1973.0	14488.1
64653	1696.1	1927.1	14304.4
65870	1686.1	1917.7	14185.5
44256	1688.4	1999.7	14424.7
59386	1709.1	2065.3	15525.2
12955	1700.0	1944.5	14425.0
22758	1700.7	1932.0	14351.0
49760	1672.4	1889.5	14172.0
53714	1705.7	1886.9	14058.1
20523	1663.1	1864.5	13675.3
39493	1699.9	1947.1	14596.4
53240	1707.9	1969.6	14603.7
49125	1691.5	1966.1	14416.4
57210	1682.3	1942.0	14388.3
54253	1682.3	1882.4	14209.4
9191	1697.0	1971.3	14589.7
45495	1697.0	1944.7	14354.8
71821	1682.2	1906.5	14162.7
31901	1693.2	1908.8	14476.8
41470	1697.4	1985.0	14645.8
66527	1682.1	1938.9	14123.0
53351	1697.8	1920.1	14344.5
36396	1669.4	1882.5	13798.4
28856	1684.3	1893.0	14096.0
20690	1703.9	1980.3	14571.0
8528	1674.6	1941.2	14105.0
983	1700.9	1996.8	14724.2
7346	1693.4	1921.5	14281.8
12872	1687.3	1893.9	14078.9
18405	1688.5	1896.8	14194.5
8878	1671.0	1885.4	14208.4
23318	1688.2	1983.2	14676.1
62976	1695.7	1893.1	14188.8
54018	1681.4	1908.6	14076.0
41160	1703.2	1914.7	14290.3
69164	1687.4	1859.9	14084.5
9075	1729.0	2007.7	15009.6
48727	1694.1	1936.2	14522.3
12739	1685.4	1974.8	14253.3
71643	1692.2	1991.5	14864.3
22752	1705.3	1940.8	14571.8
58191	1694.1	1961.6	14516.0
55037	1690.2	1903.8	14361.8
22296	1689.3	1972.7	14753.7
60338	1668.6	1890.3	14150.3
46713	1682.7	1866.5	13980.8
62445	1674.1	1912.9	14078.9
4011	1670.4	1898.0	14516.2
61193	1692.6	1938.2	14162.3
23348	1690.1	1963.1	14591.8
1717	1689.4	1934.7	14185.6
31003	1694.1	1925.8	14423.1
13704	1685.7	1936.2	14094.0
43650	1678.7	1935.8	14344.0
8653	1673.1	1859.7	13879.1
39291	1688.2	1925.9	14496.6
60481	1704.1	1897.1	14417.1
22939	1705.8	1927.4	14361.6
51787	1695.7	1941.6	14323.8
51737	1690.5	1940.9	14716.5
68868	1688.8	1900.5	14175.9
23940	1682.2	1905.6	14431.6
15039	1682.8	1966.5	14479.3
15266	1676.1	1859.7	13927.4
28126	1683.8	1883.7	14315.4
4769	1705.6	1945.7	14546.0
13658	1700.3	1932.8	14441.0
30931	1703.0	1899.0	14451.9
8012	1690.0	1912.4	14131.5
39281	1675.7	1919.2	14508.8
25596	1697.0	1921.6	14426.4
55232	1700.9	1975.0	14706.2
40516	1677.0	1922.6	14040.0
28582	1688.0	1924.6	14164.1
73694	1676.2	1917.0	14431.2
21213	1708.1	1957.7	14743.8
55826	1681.3	1924.5	14202.8
39237	1697.6	1937.1	14487.6
57459	1695.3	1934.7	14331.7
43609	1689.5	1957.2	14820.0
59172	1668.7	1851.8	13855.2
25085	1706.1	1936.0	14474.6
9705	1679.6	1883.5	14261.7
64838	1674.5	1911.5	14104.1
10733	1695.8	1893.8	14482.1
623	1676.1	1903.3	14069.6
1992	1685.3	1973.7	14265.6
54575	1694.7	1950.7	14325.8
68991	1684.2	1909.7	14375.1
52957	1694.8	1929.2	14259.8
53083	1693.2	1937.3	14361.3
5874	1698.6	1970.0	14546.7
55874	1684.8	1899.4	14079.6
24119	1696.9	1959.7	14336.2
35320	1688.7	1918.8	14512.2
43973	1691.2	1901.0	14065.8
12201	1698.8	1970.8	14755.1
35596	1684.8	1898.6	14226.9
26172	1690.6	1934.0	14392.4
60724	1693.4	1950.2	14593.7
11153	1687.6	1904.7	14269.6
18182	1695.4	1908.4	14314.4
51969	1677.7	1896.4	14189.7
31	1720.8	2010.4	14694.0
15105	1693.8	1950.6	14463.7
10432	1689.2	1938.0	14251.7
4863	1669.0	1860.2	13970.5
18612	1702.7	1946.9	14646.0
30065	1685.4	1943.9	14509.2
16631	1696.5	1907.5	14248.5
34379	1707.3	1939.7	14587.4
8727	1705.8	1973.3	14506.1
70599	1704.3	1996.0	14833.8
8474	1697.2	1959.3	14639.8
29355	1681.5	1879.9	14286.5
57983	1713.2	1944.6	14796.5
53089	1706.9	2001.9	15016.6
50102	1686.9	1922.9	14182.4
41062	1687.4	1914.0	14177.0
25313	1682.6	1939.2	14197.4
19510	1683.9	1867.1	14095.5
30839	1677.0	1935.7	14225.2
28412	1714.9	1923.5	14645.9
68339	1704.6	1910.6	14415.3
68077	1694.3	1940.7	14262.8
53801	1715.5	2045.5	15024.7
46652	1695.9	1947.8	14412.3
55336	1690.7	1964.9	14842.3
70815	1710.4	1990.9	14910.2
39871	1696.7	1937.1	14423.3
3618	1683.8	1899.4	14245.0
32656	1686.1	1936.0	14330.8
60550	1697.5	1893.7	14211.7
70824	1670.5	1910.7	14074.5
24472	1694.8	1956.0	14492.4
11121	1682.7	1932.8	14303.6
11825	1677.0	1931.3	14140.6
57858	1689.5	1903.4	14295.2
57002	1697.3	1920.0	14403.0
45587	1693.1	1896.5	14242.1
36678	1703.5	1972.1	14492.9
67950	1685.1	1972.6	14532.0
59321	1702.3	2010.3	14899.0
39412	1697.0	1942.2	14597.3
71455	1693.4	1917.3	14494.1
41385	1691.1	1913.5	14115.2
37141	1683.7	1951.7	14306.4
16660	1706.8	1981.3	14842.1
49992	1678.0	1854.2	14204.7
57272	1680.9	1907.5	14204.8
48064	1688.1	1853.9	14516.4
15538	1704.4	1898.2	14202.5
3585	1688.5	1900.6	14116.6
18421	1685.7	1930.7	14065.7
285	1710.2	1983.3	14227.3
60095	1699.3	1942.0	14418.3
17927	1674.0	1897.8	14194.9
44768	1680.8	1888.9	14025.7
41534	1682.7	1905.8	14389.6
55997	1681.5	1970.7	14528.5
4819	1697.0	1945.6	14404.5
13534	1673.6	1852.0	13871.0
73279	1692.1	1952.2	14399.9
37602	1703.7	1985.9	14590.0
55605	1705.5	1955.2	14567.9
57903	1700.1	1991.6	14571.7
60790	1682.2	1890.1	14329.1
13652	1682.4	1968.6	14260.3
40837	1705.1	1931.8	14843.0
56949	1704.8	1957.6	14683.4
19250	1684.0	1912.1	14188.4
45251	1676.9	1920.5	14236.0
64547	1689.8	1887.3	14094.8
21162	1701.2	1914.3	14290.5
2828	1682.4	1938.6	14220.5
22024	1682.1	1929.4	14874.0
29758	1697.7	1964.9	14414.7
73416	1689.4	1888.4	14184.7
11949	1701.5	1970.1	14905.5
7536	1691.0	1918.3	14210.4
52034	1691.2	1958.8	14459.8
66863	1682.6	1850.9	14068.3
6623	1701.8	1946.0	14455.2
12387	1676.6	1902.5	14200.3
11119	1700.9	1991.6	14636.9
34711	1697.1	1971.1	14599.4
4748	1683.9	1909.8	14215.8
3142	1688.7	1904.7	14161.8
47475	1685.4	1966.5	15550.8
30325	1685.1	1949.3	14662.5
3504	1691.3	1942.2	14478.8
24850	1685.7	1888.9	14086.3
46086	1665.2	1871.6	13891.4
65252	1673.6	1873.9	13976.8
44132	1703.1	1966.5	14544.7
57726	1695.7	1870.3	14232.4
16076	1697.3	1907.4	14241.0
26033	1704.2	1940.6	14509.7
58419	1681.1	1906.6	13993.2
26535	1696.9	1950.0	14584.2
23132	1682.8	1897.3	14194.4
124	1707.2	1989.9	14445.1
42784	1686.0	1896.5	14262.9
5223	1702.0	1981.3	14728.5
25323	1687.9	1950.2	14223.2
38597	1685.6	1884.7	14124.1
55719	1709.5	1952.7	14581.2
3684	1690.2	1940.4	14229.5
74387	1694.8	1882.0	14444.9
48056	1690.0	1937.5	14463.4
44299	1692.7	1888.8	14146.1
61371	1692.9	1939.1	14506.5
23290	1677.8	1962.4	14132.2
71427	1685.0	1935.2	14784.3
45783	1716.8	1981.3	14666.1
27110	1696.6	1904.5	14446.8
51359	1700.5	1950.4	14567.3
17908	1691.7	1901.1	14054.7
29315	1680.4	1894.6	13933.9
70091	1684.4	1854.7	14021.1
53104	1693.1	1950.6	14366.1
26864	1682.1	1970.3	14382.4
31365	1705.3	1960.8	14717.9
7085	1687.4	1959.1	14587.7
39845	1707.1	1929.3	14383.0
32269	1685.8	1941.3	14289.1
41463	1687.7	2005.6	15508.2
8667	1709.9	1941.1	14758.7
11284	1685.3	1886.2	14222.8
30846	1687.7	1900.6	14028.7
62281	1704.8	1980.7	14812.0
21556	1682.6	1902.1	14161.2
63537	1702.5	1903.6	14305.2
41057	1700.5	1924.4	14675.7
39658	1713.8	1984.5	14577.1
4100	1689.6	1899.4	14501.4
65354	1680.7	1886.0	14170.5
3195	1696.1	1982.5	14618.9
1969	1707.4	1996.6	14484.1
52109	1687.5	1888.8	14248.8
33474	1682.0	1932.0	14103.2
61382	1699.0	1988.1	14871.7
56153	1696.3	1920.3	14159.7
48111	1691.4	1871.9	14391.7
64616	1683.4	1904.1	13993.3
10641	1688.3	1876.7	14030.1
48243	1702.5	1935.7	14593.7
41511	1691.9	1964.3	14227.6
59296	1669.9	1879.9	13953.8
4897	1684.2	1960.6	14521.0
45283	1695.5	1942.3	14439.4
1840	1700.9	1908.7	14132.0
49730	1692.8	1936.3	14332.1
65771	1688.8	1924.6	14181.9
59889	1688.0	1963.5	14564.7
44919	1691.2	1986.1	14583.7
67387	1680.1	1936.0	14258.4
64382	1678.3	1866.9	13881.7
9219	1703.1	1974.0	14636.1
23453	1715.0	2018.1	14889.5
66324	1694.2	1924.6	14279.6
18201	1703.7	1905.5	14441.8
45561	1689.6	1928.1	14484.4
