15121	1384.5	1612.3	6512.4
27101	1376.6	1621.4	6639.8
1737	1385.7	1689.9	6870.0
4240	1372.1	1597.3	6474.6
29586	1392.7	1663.1	6851.5
36580	1382.8	1591.3	6620.6
39244	1396.5	1614.8	6811.8
25736	1382.8	1643.3	6718.6
19774	1388.9	1643.4	6741.7
37045	1387.6	1622.6	6784.4
35647	1380.0	1634.5	6669.7
7620	1384.2	1598.1	6590.4
5102	1377.7	1594.0	6552.2
21193	1377.1	1592.3	6518.7
20145	1379.5	1549.7	6452.9
28462	1372.5	1613.7	6447.1
16158	1383.7	1597.7	6538.4
31309	1390.7	1663.8	6842.4
5780	1379.0	1607.9	6545.3
9994	1386.3	1674.6	6901.5
11587	1394.7	1720.0	6829.6
12626	1389.5	1623.8	6717.3
10661	1395.0	1718.3	6954.6
12332	1377.8	1604.9	6657.5
24275	1381.4	1609.2	6723.0
2896	1390.6	1679.2	6716.7
31011	1387.7	1636.3	6784.5
32563	1385.0	1611.7	6616.4
5457	1388.3	1617.1	6644.8
26730	1387.1	1638.2	6769.4
18005	1388.4	1631.0	6722.9
14513	1380.9	1601.2	6658.5
25553	1395.0	1646.9	6664.4
7629	1389.3	1667.9	6719.8
25254	1385.8	1610.6	6728.4
31968	1385.0	1643.3	6887.5
11443	1395.0	1603.6	6800.1
3363	1383.2	1628.2	6700.0
23875	1393.3	1646.2	6783.7
30877	1382.6	1620.5	6689.1
28798	1389.5	1661.1	6858.6
19385	1396.1	1661.2	6738.8
16176	1385.2	1637.6	6686.5
34636	1386.1	1624.9	6556.0
14567	1390.5	1622.9	6693.6
13989	1378.2	1636.5	6592.0
174	1386.7	1686.0	6762.6
26858	1396.7	1657.6	6746.4
34907	1385.3	1639.4	6750.2
29967	1387.1	1631.3	6653.3
20450	1385.4	1589.3	6669.9
31004	1399.8	1655.1	6907.9
12779	1368.1	1616.8	6461.1
24035	1381.9	1639.6	6846.3
730	1381.2	1644.2	6732.9
11538	1393.2	1648.5	6760.8
7724	1391.2	1620.6	6666.1
23204	1377.5	1663.3	7049.3
18700	1403.6	1643.6	6977.3
18577	1370.0	1547.5	6386.9
8507	1397.8	1675.1	7040.7
33476	1373.9	1638.6	6564.7
37248	1386.1	1654.5	6814.6
15049	1384.6	1612.6	6681.5
1527	1390.9	1603.3	6668.8
22055	1394.5	1682.5	7196.4
13768	1397.2	1656.6	6926.3
26201	1386.1	1596.2	6524.9
34512	1390.1	1621.2	6937.0
36750	1375.3	1633.5	6567.8
14097	1389.8	1657.6	6930.8
330	1383.7	1649.4	6780.1
17540	1384.7	1611.6	6614.5
646	1377.6	1623.9	6658.1
8466	1381.2	1588.1	6653.7
25341	1391.9	1665.3	6805.7
21757	1383.6	1663.4	6753.1
8635	1376.1	1578.7	6475.8
38230	1388.9	1659.7	6731.7
6577	1383.3	1613.6	6644.5
34587	1383.4	1624.3	6625.0
30507	1391.5	1640.1	6765.2
15014	1383.7	1612.4	6619.5
4329	1389.1	1622.0	6783.2
10861	1382.8	1606.3	6622.8
22910	1382.8	1610.8	6591.3
6108	1395.5	1679.0	6870.6
10032	1386.6	1691.4	6992.5
29758	1380.5	1615.3	6696.3
4594	1381.2	1597.3	6565.7
15908	1382.5	1612.3	6743.7
28047	1387.4	1623.7	6666.4
65	1388.0	1609.8	6703.9
2192	1388.4	1653.3	6825.1
14658	1379.5	1582.3	6604.8
31286	1379.0	1641.7	6620.3
4206	1395.8	1660.3	7026.6
8856	1395.1	1667.0	6919.7
31496	1399.2	1693.5	6899.0
27655	1390.5	1620.5	6633.9
5023	1380.1	1627.7	6596.5
10486	1375.1	1584.6	6542.7
18248	1381.9	1609.6	6592.3
36728	1391.5	1670.0	6822.3
1540	1391.3	1631.6	6753.4
19068	1380.6	1644.2	6727.5
34662	1400.6	1639.1	6820.5
32687	1381.4	1678.6	6708.7
5740	1390.0	1662.9	6838.7
256	1388.3	1632.0	6710.1
3803	1391.7	1650.1	6828.0
25753	1388.2	1620.8	6680.1
10640	1383.0	1642.3	6718.4
21462	1391.2	1668.1	6796.4
10883	1376.7	1589.0	6539.5
30338	1382.4	1638.2	6655.4
23768	1387.4	1634.1	6952.8
3435	1388.7	1654.8	6733.5
13109	1389.1	1595.0	6625.6
23928	1391.7	1631.9	6757.4
16580	1388.3	1609.9	6657.1
31087	1386.8	1556.9	6554.2
10037	1383.5	1627.5	6757.8
34805	1399.8	1709.2	7090.9
14615	1378.2	1587.6	6501.8
11753	1382.8	1658.1	6710.0
10282	1388.0	1608.5	6635.6
37553	1380.9	1640.3	6628.4
260	1379.9	1568.1	6491.0
20626	1377.2	1620.0	6453.4
38156	1390.4	1617.0	6859.4
19074	1389.6	1623.4	6636.1
7393	1391.4	1674.2	6835.4
22550	1392.7	1706.3	6875.8
18106	1368.8	1546.0	6358.4
38016	1394.9	1695.1	7013.8
37501	1396.6	1619.2	6752.0
31023	1394.0	1641.5	6822.0
37415	1387.6	1619.4	6543.6
4833	1391.1	1687.0	6999.8
4820	1373.1	1565.2	6381.7
39991	1387.1	1637.1	6646.3
2836	1386.9	1634.1	6718.4
2071	1380.7	1586.6	6611.3
11739	1376.5	1646.2	6617.4
37691	1373.3	1603.9	6595.1
3369	1381.8	1624.4	6709.1
26992	1389.1	1641.7	6877.2
21864	1385.0	1637.2	6670.5
6047	1395.2	1691.7	6958.0
13797	1382.9	1561.7	6635.7
12	1391.5	1638.1	6922.2
19974	1387.8	1701.5	6871.1
1437	1383.8	1672.8	6663.1
14004	1375.2	1578.8	6367.7
18902	1383.0	1612.1	6617.8
5463	1380.4	1629.7	6752.0
11666	1384.9	1653.7	6779.6
10438	1377.2	1576.2	6613.8
22879	1387.6	1612.9	6754.1
17518	1370.5	1621.0	6570.2
15421	1383.8	1653.4	6894.4
22008	1398.8	1699.7	7041.8
19430	1387.5	1650.7	6740.9
29745	1376.2	1643.3	6706.0
12781	1370.2	1619.3	6516.1
37154	1399.7	1700.1	6890.9
10998	1393.0	1680.0	6833.6
23503	1375.1	1601.2	6590.3
14397	1385.9	1655.6	6788.0
18500	1384.9	1582.0	6728.6
14886	1380.0	1569.0	6605.9
3073	1382.7	1630.1	6631.5
19164	1394.6	1694.5	6918.3
30977	1379.4	1622.5	6597.9
36376	1397.9	1682.9	7120.3
5247	1390.9	1634.5	6712.2
11165	1387.0	1615.2	6699.8
13757	1389.3	1605.7	6704.6
14452	1377.4	1582.6	6498.2
9750	1391.9	1721.6	6946.6
26833	1387.5	1625.4	6654.0
26838	1386.2	1652.4	6682.8
30964	1385.3	1608.3	6702.2
7502	1389.0	1676.7	6670.2
1269	1399.2	1636.1	6760.5
31498	1387.2	1633.6	6680.3
2662	1399.5	1654.5	6782.8
39421	1391.9	1674.5	6832.7
3348	1388.5	1611.2	6736.8
31121	1370.2	1599.9	6455.3
38548	1386.2	1660.3	6685.5
17126	1392.2	1633.1	6757.7
21184	1390.8	1647.6	6839.7
19456	1388.1	1656.9	6708.7
24593	1383.8	1566.5	6550.7
30466	1378.6	1640.8	6591.0
10115	1379.6	1646.1	6710.7
25856	1376.2	1619.9	6733.0
4123	1388.0	1640.4	6832.2
19851	1377.8	1610.7	6638.1
36042	1385.6	1627.7	6563.9
6416	1389.1	1641.3	6735.7
30798	1397.3	1674.2	6871.2
31209	1397.2	1721.9	7088.3
10014	1391.7	1663.4	7134.0
29355	1389.2	1654.3	6816.6
35760	1387.6	1657.9	6879.0
25845	1380.0	1627.3	6658.4
3986	1392.8	1656.4	6751.8
14474	1390.2	1683.5	7012.9
36921	1380.4	1583.6	6580.2
10105	1391.3	1665.1	6776.4
18672	1380.7	1610.8	6761.8
15582	1386.2	1662.0	6826.5
769	1386.8	1588.7	6685.1
11966	1384.3	1649.2	6678.8
14285	1403.5	1634.2	6987.2
29784	1380.2	1562.2	6540.3
35626	1391.4	1621.3	6707.6
11818	1375.9	1602.8	6563.9
24690	1378.9	1585.7	6673.0
33959	1388.5	1625.3	6755.1
7106	1389.3	1643.8	6647.1
10987	1379.3	1645.9	6536.0
11169	1369.1	1539.2	6424.4
36601	1377.1	1626.2	6809.6
32609	1385.3	1598.8	6693.0
38997	1380.0	1573.0	6744.7
27781	1389.9	1654.5	6867.5
37496	1390.8	1647.7	6814.9
22503	1396.3	1677.3	6816.6
24636	1383.4	1626.7	6772.5
23592	1383.0	1586.9	6542.3
27722	1387.1	1620.2	6630.2
6565	1377.8	1627.0	6607.8
2660	1380.9	1609.8	6655.8
15636	1390.0	1615.4	6843.1
26790	1378.7	1600.3	6502.3
38786	1385.5	1672.1	6831.3
37446	1377.7	1596.7	6456.6
15521	1380.4	1566.6	6467.3
34266	1387.9	1631.3	6763.6
37819	1380.3	1622.6	6646.6
30276	1383.7	1591.6	6584.3
33864	1397.9	1665.6	6922.3
17732	1394.8	1701.5	7207.6
5983	1401.3	1711.4	7224.0
4461	1377.1	1596.1	6543.3
9229	1394.3	1631.2	6767.0
15958	1381.5	1637.7	6695.6
6082	1372.0	1618.3	6780.0
17457	1381.7	1600.7	6520.5
5513	1387.5	1654.4	6719.0
31585	1388.8	1624.4	6680.7
12587	1396.7	1627.4	6729.7
10172	1387.6	1584.8	6649.6
10707	1385.2	1621.6	6743.3
31824	1384.5	1644.0	6635.9
3046	1383.1	1624.6	6611.0
23570	1379.8	1615.7	6684.1
16850	1395.0	1650.2	7074.2
36164	1391.3	1626.0	6776.1
5258	1385.7	1617.1	6593.6
22231	1379.5	1607.9	6691.5
5895	1385.1	1614.9	6741.6
7776	1385.8	1626.7	6842.6
21477	1373.9	1567.0	6368.9
17206	1384.9	1659.8	6735.7
11487	1387.1	1629.8	6637.1
13838	1390.4	1618.8	6841.7
26553	1383.2	1596.7	6635.8
26395	1394.5	1640.7	6744.0
17212	1388.2	1625.6	6673.7
24416	1381.1	1673.4	6996.8
11554	1383.8	1621.9	6678.8
15514	1389.1	1640.7	6640.1
26457	1379.7	1549.1	6572.2
29155	1364.2	1588.0	6341.0
3282	1387.7	1572.1	6558.5
23118	1387.8	1625.3	6740.3
39706	1386.3	1613.4	6566.4
9120	1386.6	1642.9	6783.2
39649	1382.3	1601.0	6772.6
21069	1377.3	1636.9	6766.7
38663	1386.0	1629.8	6569.1
10864	1381.6	1590.3	6619.6
7054	1393.6	1696.1	7042.7
31149	1387.8	1647.3	6728.9
19451	1375.4	1610.4	6591.3
7551	1387.3	1639.1	6664.3
9861	1382.8	1583.4	6590.2
6970	1387.3	1636.0	6709.5
14438	1382.6	1620.1	6634.5
4098	1387.5	1673.7	6674.8
16816	1380.1	1626.8	6567.1
11956	1381.9	1681.1	6978.3
34952	1386.2	1627.5	6724.5
9358	1380.6	1604.1	6763.7
30582	1382.2	1598.5	6768.4
13916	1403.7	1666.2	6777.2
2585	1375.8	1610.9	6658.8
16960	1383.4	1678.5	6877.0
35697	1394.4	1663.7	7102.9
25371	1383.1	1661.2	6648.3
23401	1386.2	1685.0	6729.4
23790	1375.3	1548.4	6525.1
35438	1395.0	1650.0	6836.6
2380	1382.4	1633.8	6667.0
29517	1379.8	1620.7	6630.8
29283	1373.3	1579.7	6491.6
34270	1384.0	1643.7	6705.9
6921	1381.3	1643.0	6881.3
26078	1392.6	1632.3	6762.3
19229	1386.6	1647.1	7213.2
31907	1381.2	1596.8	6665.6
13196	1396.0	1679.2	6822.3
27259	1390.7	1654.6	6886.8
6367	1384.1	1631.4	6555.1
5117	1395.5	1658.7	6702.4
6195	1395.4	1636.9	6931.8
24054	1385.8	1593.4	6529.5
22002	1390.8	1627.1	6754.3
22318	1389.0	1689.1	6843.0
9092	1389.4	1652.4	6810.4
13517	1393.6	1639.3	6811.9
7919	1387.0	1612.3	6654.8
24225	1380.3	1639.3	6723.1
17281	1391.7	1653.4	6804.6
37208	1390.6	1665.2	6782.7
37089	1385.3	1640.9	6611.8
8890	1382.5	1701.3	7357.2
31134	1376.3	1600.2	6493.9
1293	1383.1	1603.7	6556.3
29157	1397.5	1671.8	6839.0
24136	1387.3	1630.1	6591.1
296	1386.7	1652.0	6765.1
35393	1399.0	1627.9	7162.7
28356	1382.3	1629.4	6697.0
343	1387.8	1663.8	6856.4
4844	1387.0	1637.0	6685.9
9113	1390.9	1623.4	6788.9
22625	1382.5	1578.3	6657.1
20891	1380.9	1577.1	6549.4
16637	1384.3	1520.5	6471.8
13341	1391.0	1630.1	6759.7
26719	1384.7	1600.4	6612.3
2573	1380.3	1656.3	6636.7
26161	1393.0	1644.3	6845.3
25769	1391.4	1655.8	6807.5
3465	1390.1	1661.5	6784.0
38092	1383.1	1587.1	6606.4
5288	1394.0	1689.4	6891.5
20556	1380.7	1607.9	6519.8
4939	1381.0	1586.8	6615.7
27173	1391.7	1634.3	6596.3
28427	1375.2	1592.8	6443.3
660	1381.9	1630.8	7088.7
7391	1373.6	1610.3	6480.7
17749	1389.7	1667.7	6838.7
9949	1385.5	1620.2	6632.0
12320	1391.1	1709.2	6827.0
38787	1395.8	1645.1	6779.7
32392	1403.7	1720.3	7240.4
10893	1382.4	1652.8	6735.9
38886	1383.8	1637.8	6682.7
21999	1382.8	1642.1	6740.7
5342	1379.8	1644.8	6786.9
1352	1387.3	1667.4	6885.3
10431	1389.4	1639.8	6824.3
34161	1395.4	1647.4	6857.5
21253	1382.7	1603.8	6837.1
23386	1382.9	1595.0	6698.5
17435	1385.1	1665.6	6717.2
6004	1385.8	1643.9	6782.9
21452	1385.1	1624.7	6627.0
34557	1381.9	1617.1	6699.2
16907	1399.0	1697.3	7100.5
24014	1380.6	1598.0	6555.2
5701	1385.6	1619.2	6647.0
997	1388.1	1657.5	6821.7
11686	1380.6	1697.5	6694.1
38887	1384.5	1599.9	6657.6
27893	1389.8	1634.4	6734.3
19862	1386.7	1596.4	6608.2
4159	1379.0	1610.7	6523.7
9464	1384.2	1675.4	6804.5
39633	1385.1	1567.8	6556.1
21838	1387.0	1639.7	6661.7
15866	1387.7	1646.2	6800.3
37546	1379.0	1615.6	6668.1
28791	1386.6	1680.6	6724.1
2297	1382.3	1594.3	6508.8
20581	1374.4	1587.8	6561.6
25194	1376.3	1592.4	6559.1
4810	1395.4	1656.9	6954.7
25136	1383.1	1632.0	6649.4
36979	1381.3	1643.4	6644.8
14889	1388.5	1607.5	6604.6
8725	1377.8	1616.0	6482.2
1325	1393.6	1635.1	6821.6
16584	1371.8	1603.8	6536.2
36213	1398.6	1674.1	6982.7
23532	1383.0	1620.8	6581.8
38781	1392.3	1669.5	6988.0
7011	1371.2	1615.0	6614.9
11307	1380.1	1598.1	6486.4
3632	1380.9	1594.5	6431.4
133	1383.7	1674.9	6683.8
33686	1383.5	1625.3	6638.5
39772	1393.5	1666.9	6777.1
24152	1396.5	1679.8	7026.3
37717	1375.5	1610.3	6588.8
19346	1375.5	1603.4	6542.2
8833	1378.6	1669.8	6620.1
13369	1391.2	1632.3	6705.7
19289	1371.8	1589.1	6536.7
35900	1380.0	1660.2	6645.6
11437	1384.6	1559.5	6478.1
14269	1372.2	1560.5	6313.3
28057	1376.7	1596.8	6529.5
33693	1389.0	1655.3	6789.1
25829	1380.3	1577.8	6562.2
16253	1375.9	1617.4	6557.2
25876	1383.1	1576.8	6583.8
4118	1387.9	1660.6	6773.9
5498	1388.2	1678.6	6900.2
24620	1377.8	1573.7	6617.7
31901	1383.8	1659.4	6610.9
31788	1376.0	1667.0	6708.8
37551	1388.4	1587.0	6668.6
6800	1381.3	1636.3	6663.5
23233	1386.3	1629.2	6689.6
1649	1390.6	1649.3	6682.6
21903	1386.5	1659.1	6906.2
4656	1381.3	1645.3	6522.3
34183	1381.0	1599.3	6479.0
3229	1392.4	1597.7	6761.6
25076	1393.2	1659.7	6807.0
25874	1390.3	1643.0	6683.8
29267	1383.4	1632.9	6602.6
27948	1385.4	1650.5	6745.8
18545	1387.6	1573.6	6566.9
24383	1379.3	1620.2	6670.1
25854	1387.8	1607.9	6751.4
26517	1369.0	1571.3	6425.6
38375	1388.2	1639.0	6764.2
8744	1381.3	1665.5	6579.0
13087	1391.3	1654.5	6948.0
29336	1372.6	1557.8	6454.0
8028	1389.1	1646.8	6707.4
21673	1380.2	1616.0	6617.0
34237	1386.3	1597.4	6646.9
38656	1390.3	1639.7	6683.0
38282	1381.6	1626.9	6635.3
28793	1394.4	1669.1	6973.9
30110	1375.2	1607.9	6525.6
16933	1391.5	1665.4	6819.7
18986	1386.6	1622.9	6704.7
3245	1392.1	1669.4	6923.6
12129	1384.8	1598.8	6644.3
27699	1388.0	1633.3	6801.8
22504	1383.1	1581.4	6501.7
14231	1384.2	1601.8	6557.5
18006	1401.2	1669.9	6912.3
3840	1396.4	1694.7	6931.3
35482	1381.1	1585.6	6592.6
9667	1398.4	1636.8	6743.4
15655	1390.5	1653.9	6724.8
33616	1386.8	1623.1	6887.2
31247	1374.9	1665.2	6739.9
1318	1386.4	1628.4	6617.1
15885	1380.7	1623.4	6609.3
35158	1390.0	1602.9	6551.0
14113	1390.1	1638.4	6747.3
20551	1377.2	1612.3	6496.2
10748	1390.0	1670.5	6735.8
18154	1386.7	1603.1	6682.8
25851	1380.1	1617.3	6539.0
16077	1381.8	1629.4	6703.3
34545	1381.9	1624.1	6657.4
2788	1379.5	1605.2	6600.2
1364	1382.4	1591.9	6521.5
27052	1372.4	1576.4	6454.4
6024	1376.5	1631.4	6560.2
16315	1378.2	1653.7	6634.0
9360	1383.7	1685.0	6630.4
11125	1368.0	1559.7	6336.2
29409	1392.3	1639.8	6814.3
18222	1392.0	1682.4	6756.9
19209	1381.7	1576.7	6517.6
35301	1395.9	1652.1	6898.3
16861	1384.6	1575.9	6560.9
27725	1390.6	1629.1	6735.5
17627	1394.6	1653.6	6866.7
29663	1394.5	1686.1	6964.3
27960	1381.6	1632.6	6597.5
32068	1380.4	1611.1	6628.4
5673	1394.6	1690.6	7027.3
10533	1385.2	1623.0	6687.5
32751	1374.1	1665.7	6617.8
28106	1386.2	1642.1	6837.2
10698	1384.7	1638.8	6706.1
30036	1386.3	1635.3	6646.9
23	1390.5	1697.1	7021.7
36872	1385.2	1608.2	6688.1
5130	1376.7	1634.6	6541.5
27643	1392.5	1665.2	6813.3
26770	1387.2	1619.9	6621.8
25338	1391.0	1679.2	6874.2
38913	1391.2	1641.3	6809.9
8782	1387.9	1653.0	6734.6
10205	1384.4	1687.8	6719.1
35129	1396.9	1719.6	7189.0
17395	1386.4	1618.8	6631.2
31721	1389.2	1645.9	6911.0
16855	1386.0	1624.4	6625.8
1126	1387.0	1654.5	6804.8
5718	1381.1	1628.2	6784.0
12880	1393.7	1675.1	6978.0
33048	1396.4	1638.9	6758.3
9786	1381.2	1561.8	6509.2
29463	1387.0	1573.3	6611.5
7217	1380.9	1622.1	6622.5
7512	1379.3	1656.2	6697.0
3980	1377.4	1605.4	6586.1
23970	1386.1	1603.6	6674.9
10965	1395.4	1633.4	6672.3
20670	1394.0	1665.7	7077.4
13127	1388.8	1680.1	6908.7
19069	1391.9	1679.9	6786.9
10518	1384.7	1617.8	6561.4
27823	1373.6	1554.3	6399.2
18183	1392.6	1649.7	6891.0
19177	1385.9	1625.2	6935.5
29846	1376.0	1607.3	6472.7
16343	1382.4	1583.3	6493.2
2595	1398.2	1682.7	6863.3
12911	1380.3	1663.1	6712.8
37374	1388.9	1658.6	6993.2
38083	1379.3	1606.4	6627.4
29630	1374.3	1573.4	6444.8
27715	1389.0	1655.2	6908.0
27891	1395.0	1638.5	7061.2
21271	1385.2	1620.0	6632.5
18463	1400.9	1709.2	7093.0
25487	1369.9	1616.8	6482.2
33268	1386.4	1624.7	6738.9
123	1374.6	1629.2	6509.9
16095	1391.0	1590.9	6605.8
21635	1399.1	1674.3	6988.5
37944	1383.0	1613.4	6702.8
25927	1395.3	1670.1	7961.4
8281	1397.2	1646.0	6785.9
34199	1386.7	1629.2	6707.5
35877	1398.0	1674.0	6959.1
7846	1399.5	1649.0	6877.8
21325	1391.9	1674.9	6948.2
20235	1383.5	1619.7	6634.8
13972	1394.3	1682.2	6958.6
28257	1394.7	1644.2	6853.8
23023	1382.5	1633.2	6655.5
16915	1381.2	1658.8	6852.7
13117	1392.1	1675.6	6791.8
39759	1382.5	1656.2	6844.3
7070	1380.4	1572.2	6414.7
5854	1377.0	1574.6	6645.1
16868	1385.8	1607.3	6689.0
3170	1388.1	1689.0	6864.8
2023	1375.5	1614.3	6491.5
24648	1386.2	1600.2	6700.7
12095	1378.9	1584.2	6513.2
17219	1390.2	1632.3	6744.6
5511	1384.7	1599.4	6611.6
24916	1386.2	1641.4	6819.9
33103	1377.5	1570.4	6619.4
33188	1378.1	1612.3	6607.8
27275	1376.3	1604.6	6648.2
5579	1382.5	1658.0	6731.8
33164	1380.8	1635.7	6638.8
4743	1383.6	1624.0	6802.9
11162	1389.5	1656.8	6894.0
27530	1386.1	1634.5	6665.9
9936	1389.1	1615.0	6715.1
23303	1383.9	1622.4	6627.8
15147	1397.6	1667.8	7139.4
21952	1380.7	1626.5	6776.9
15573	1391.9	1571.2	6680.2
10807	1388.1	1633.1	6927.8
38143	1384.5	1604.4	6566.6
34317	1386.6	1616.9	6795.6
17872	1386.3	1620.7	6716.3
1518	1390.6	1645.4	7012.1
12789	1384.2	1602.4	6630.1
18041	1390.7	1699.8	6885.8
5088	1396.4	1634.7	6891.6
8053	1378.8	1625.0	6807.3
2563	1377.0	1638.0	6622.6
32599	1389.0	1622.1	6678.0
16481	1380.1	1667.6	6691.4
33897	1382.4	1641.0	6661.8
22289	1386.8	1651.7	6759.4
12820	1393.1	1686.5	6920.7
923	1386.7	1629.6	6672.2
26257	1384.0	1633.3	6751.6
17380	1389.8	1644.9	6694.8
30577	1385.4	1664.1	6833.6
4875	1393.1	1638.1	6877.6
28996	1386.0	1638.7	6680.0
37531	1384.7	1657.8	6898.4
39857	1388.1	1638.5	6759.4
6335	1392.6	1615.0	6791.3
38731	1383.4	1607.9	6755.0
16163	1369.3	1594.4	6393.2
3181	1390.2	1646.9	6828.6
39066	1388.5	1640.8	6666.6
27026	1399.7	1623.6	6944.0
36997	1390.1	1647.7	6859.9
29644	1382.1	1628.4	6659.2
16952	1385.9	1634.9	6653.8
21669	1397.2	1633.3	6833.3
36465	1370.0	1617.4	6501.6
23673	1384.3	1572.2	6584.9
398	1398.5	1655.1	7104.6
22518	1390.7	1608.4	6690.0
33697	1390.7	1655.9	6684.7
37185	1382.7	1581.5	6513.5
37261	1374.3	1600.2	6687.7
4867	1387.3	1670.9	6843.8
27394	1402.9	1667.1	6895.4
29464	1380.2	1634.4	6666.5
26120	1373.9	1629.5	6578.2
18918	1382.3	1602.2	6562.7
12206	1385.4	1652.1	6741.0
11482	1376.6	1598.1	6471.8
39878	1386.3	1625.7	6698.0
10622	1400.5	1748.6	7086.9
12164	1388.2	1675.0	6787.7
6478	1384.5	1633.7	6584.4
27172	1375.3	1607.5	6552.4
30374	1386.6	1640.7	6716.0
30250	1377.6	1583.1	6588.1
23789	1382.8	1598.9	6566.6
27584	1377.4	1570.5	6635.4
4289	1375.9	1588.9	6570.7
8482	1392.6	1629.0	6774.5
9620	1391.7	1639.3	6671.4
18955	1380.9	1573.9	6421.8
37226	1389.5	1630.3	6686.3
10999	1394.6	1661.4	6787.6
6917	1394.7	1666.0	6799.6
4282	1369.7	1581.0	6448.2
3720	1379.2	1637.3	6625.0
25000	1388.2	1674.3	6884.3
37179	1392.1	1628.6	6774.1
23963	1397.9	1625.7	6812.3
27002	1380.7	1595.6	6540.9
28344	1372.0	1601.6	6486.6
3350	1382.0	1653.4	6587.4
17538	1388.5	1593.6	6652.1
24986	1381.6	1586.5	6676.5
11116	1387.0	1635.4	6729.9
5273	1385.8	1660.0	6694.1
9568	1385.8	1643.9	6718.1
8697	1396.7	1661.8	6894.0
32446	1381.2	1605.9	6845.2
24048	1384.5	1628.1	6631.3
37905	1380.8	1641.2	6891.8
9975	1392.7	1603.4	6563.1
31098	1394.0	1653.3	6839.3
768	1374.5	1597.3	6519.4
23326	1384.5	1668.7	6763.5
35445	1383.6	1651.2	6694.9
13381	1397.4	1666.8	7000.5
8887	1385.6	1598.3	6676.2
14894	1376.9	1615.0	6626.6
7950	1374.8	1606.7	6462.7
11448	1383.9	1619.6	6719.0
26323	1381.7	1611.2	6666.9
15368	1390.6	1643.2	6682.0
39152	1397.7	1654.0	6807.5
8016	1375.0	1598.9	6498.9
25642	1395.6	1618.9	6837.3
11641	1370.7	1608.9	6452.0
30557	1389.9	1628.9	6667.1
5944	1381.1	1625.2	6646.9
12717	1376.6	1625.0	6480.7
5704	1384.2	1693.1	6783.9
28276	1380.5	1651.0	6868.9
8269	1372.4	1610.7	6507.3
19533	1375.7	1550.0	6402.5
16094	1383.1	1638.5	6712.4
18763	1389.5	1634.0	6628.0
20736	1391.9	1633.7	6777.6
1345	1380.0	1637.3	6685.4
39214	1394.9	1633.2	6847.9
30823	1394.3	1676.6	6850.1
37602	1401.3	1701.9	7098.5
30923	1389.9	1654.7	6877.8
27583	1387.2	1634.7	6695.0
13539	1384.5	1594.5	6521.8
24413	1381.0	1610.1	6643.7
39654	1395.8	1607.4	6731.5
5311	1398.4	1686.1	6886.2
20905	1379.4	1612.3	6596.1
26198	1393.2	1636.6	6731.7
35698	1374.5	1599.1	6761.3
27855	1397.5	1664.5	6873.2
15352	1382.3	1587.5	6654.2
8153	1376.4	1607.5	6562.5
5193	1392.5	1660.1	6808.3
13352	1396.7	1643.9	7153.8
21291	1375.0	1577.8	6408.2
1726	1388.7	1638.0	6849.9
37193	1392.7	1680.2	6929.8
29714	1382.4	1648.7	6685.2
4305	1400.2	1711.6	7004.8
39137	1394.3	1686.2	6971.2
35136	1382.6	1644.2	6688.5
37903	1381.0	1601.1	6543.6
744	1383.0	1608.9	6662.2
17041	1379.5	1584.1	6591.4
32879	1395.5	1601.4	6754.3
28563	1397.2	1643.8	6790.4
38925	1380.3	1646.5	6566.0
32554	1379.9	1637.5	6834.8
4211	1385.4	1614.6	6618.2
16217	1398.4	1660.5	7013.4
13154	1381.5	1601.2	6659.5
32800	1386.4	1695.7	6784.9
25743	1402.1	1644.2	6892.2
31026	1395.3	1665.6	6928.9
7248	1376.4	1627.3	6777.2
7804	1389.8	1694.4	6790.3
4942	1378.7	1610.1	6546.7
20103	1396.6	1640.0	6793.8
34886	1376.5	1567.7	6712.9
16179	1386.3	1665.4	6961.9
35096	1381.9	1624.5	6668.5
15087	1394.0	1642.9	6847.3
36293	1389.5	1667.7	6871.6
25296	1393.4	1643.2	6888.0
7166	1382.2	1618.8	6560.5
17646	1393.3	1638.1	6710.9
9045	1390.8	1603.4	6893.6
27216	1390.1	1642.3	6689.4
10801	1389.3	1673.1	6659.6
31680	1394.3	1636.6	6809.7
24680	1378.0	1640.0	6623.0
37115	1389.1	1715.1	6887.4
14959	1379.8	1604.2	6572.4
25073	1381.2	1588.8	6501.0
27570	1376.7	1594.2	6499.2
4185	1379.5	1663.4	6695.6
25568	1380.5	1560.8	6545.2
30774	1388.2	1687.5	7001.1
14058	1375.4	1565.7	6623.4
39462	1382.5	1643.9	6759.1
29702	1376.4	1574.0	6427.1
5560	1393.1	1668.7	6975.2
9477	1396.8	1659.4	6918.0
29767	1377.4	1595.1	6439.9
36745	1391.8	1618.6	6737.8
28095	1384.2	1625.8	6697.1
33185	1382.6	1611.4	6607.9
2965	1375.9	1615.3	6456.3
9734	1392.1	1657.9	6840.2
20110	1380.8	1590.9	6558.8
29279	1391.9	1649.1	6795.9
20829	1375.9	1608.6	6522.3
34147	1374.9	1618.9	6582.4
20066	1388.8	1682.2	6817.1
9181	1388.1	1640.8	6710.2
21422	1379.7	1654.8	6695.6
2070	1390.5	1620.6	6626.3
11700	1386.5	1644.8	6764.6
37967	1393.6	1648.2	6970.1
20327	1383.0	1598.7	6630.2
21552	1377.4	1612.9	6622.0
2858	1382.5	1629.0	6920.3
22517	1385.8	1628.1	6714.3
6686	1379.9	1580.0	6484.2
21628	1397.0	1630.6	6868.1
9480	1385.4	1625.6	6739.2
27618	1394.5	1670.4	6915.4
34845	1394.3	1623.3	6723.8
4766	1393.1	1693.8	7067.3
39764	1382.2	1559.3	6602.5
24862	1385.3	1705.3	6718.5
27916	1386.7	1619.1	6632.2
39132	1386.5	1596.0	6720.9
3592	1386.4	1589.3	6592.6
6202	1393.2	1639.4	6868.4
19934	1380.3	1609.3	6534.2
7190	1382.4	1631.5	6717.5
18150	1373.9	1569.2	6418.3
22023	1371.5	1601.1	6500.0
32463	1393.9	1660.7	6747.0
8489	1377.0	1631.1	6512.0
28912	1398.2	1631.0	7063.6
36027	1383.0	1594.0	6587.7
32275	1385.5	1615.4	6721.2
33954	1385.7	1643.3	6712.1
12038	1379.7	1612.5	6619.1
27997	1402.3	1636.2	6827.9
15713	1375.4	1611.7	6572.2
35252	1387.4	1639.2	6660.6
36738	1393.4	1688.9	6942.8
26824	1385.1	1598.5	6587.0
21132	1375.2	1598.0	6486.9
39310	1383.8	1590.8	6720.8
4524	1390.2	1687.7	6915.2
34524	1387.9	1606.6	6743.8
5774	1388.5	1637.3	6933.7
7466	1381.0	1658.5	6771.6
9153	1392.4	1651.2	6852.0
13017	1392.6	1644.8	6962.5
31635	1390.6	1596.9	6706.2
2202	1389.3	1681.8	6937.9
17856	1382.8	1609.1	6739.1
20575	1368.4	1570.5	6416.2
8398	1382.7	1621.0	6640.2
435	1381.2	1601.4	6494.5
3576	1385.4	1668.1	6817.7
37720	1381.9	1653.1	6847.4
20070	1379.5	1596.0	6742.5
39032	1381.1	1591.1	6569.4
10321	1380.6	1620.3	6577.9
28655	1389.3	1611.0	6760.0
33915	1381.2	1635.2	6621.2
11728	1385.4	1629.2	6724.3
6166	1391.6	1667.1	6803.6
980	1383.7	1674.8	6716.6
18308	1376.1	1619.0	6573.1
13375	1394.3	1671.4	6978.3
8347	1391.0	1652.9	6761.8
30532	1395.4	1667.7	6873.7
34029	1385.1	1609.7	6630.8
24472	1386.1	1636.1	6732.8
38044	1394.8	1643.1	6846.2
25292	1373.2	1607.7	6589.1
33846	1391.5	1634.1	6922.8
5085	1385.6	1624.4	6605.5
34783	1385.6	1637.0	6746.3
20138	1397.6	1671.5	7010.0
20488	1395.2	1652.2	6657.6
19353	1387.3	1661.8	6755.2
9504	1381.2	1635.9	6715.7
26441	1378.6	1595.6	6543.9
19160	1393.8	1637.3	6791.3
30832	1385.3	1679.6	6799.2
7312	1379.7	1623.5	6629.8
18997	1379.6	1613.4	6686.6
149	1394.8	1691.0	7008.0
19648	1388.4	1640.6	6721.2
38959	1386.2	1637.9	6880.0
15213	1392.2	1651.1	6878.8
19992	1394.9	1686.4	6927.5
26435	1386.0	1613.5	6590.0
15293	1375.5	1616.9	6627.6
3908	1367.7	1586.1	6396.0
9720	1368.2	1569.5	6360.1
27622	1385.0	1615.8	6741.8
34094	1368.0	1561.3	6469.1
32169	1383.6	1634.5	6777.1
14957	1387.9	1634.7	6640.6
6836	1379.2	1653.9	6594.9
8368	1383.7	1667.3	6822.3
28333	1374.5	1611.6	6486.3
35727	1386.8	1643.2	6740.3
11744	1392.8	1701.9	6984.5
13673	1384.1	1607.5	6577.3
28664	1375.0	1625.1	6756.4
12257	1395.3	1678.1	6896.2
28432	1391.2	1656.5	6886.4
27696	1382.6	1647.0	6692.9
33831	1385.1	1636.5	6697.2
14488	1391.8	1602.8	6731.9
29051	1381.0	1594.5	6554.7
35091	1390.5	1658.7	6763.9
14006	1388.3	1611.5	6766.6
11462	1382.9	1602.2	6657.8
2035	1386.9	1675.0	6836.3
35523	1383.0	1605.1	6692.5
24889	1389.3	1637.7	6954.2
13931	1393.3	1630.1	6677.1
24884	1397.0	1617.2	6761.0
12760	1375.1	1551.6	6573.7
19904	1392.2	1632.5	6743.1
21642	1378.2	1595.2	6510.3
29124	1375.8	1618.5	6583.1
5303	1378.9	1636.5	6698.1
17297	1383.9	1616.9	6733.4
26634	1391.0	1650.3	6783.0
39378	1379.2	1603.8	6830.6
30984	1385.2	1598.3	6593.1
39657	1380.2	1576.2	6489.0
11769	1381.3	1622.0	6623.0
32465	1380.5	1610.6	6600.0
14650	1388.8	1609.1	6645.7
38369	1382.5	1610.7	6574.1
11324	1393.2	1647.7	6899.5
25977	1388.8	1627.8	6718.2
32120	1388.9	1649.3	6833.1
14315	1381.2	1615.3	6709.6
36953	1386.3	1625.5	6734.2
7978	1376.6	1618.6	6476.6
34321	1388.8	1597.6	6786.0
21393	1371.8	1628.9	6575.3
34190	1362.4	1543.5	6386.4
8011	1385.6	1651.1	6691.1
24232	1375.4	1596.3	6712.9
39174	1383.6	1627.6	6669.0
17665	1382.8	1602.7	6517.3
39322	1380.2	1616.0	6685.9
31659	1393.5	1650.9	6873.1
32763	1395.4	1649.4	6836.7
18067	1385.8	1595.4	6642.6
18147	1396.5	1661.4	6864.2
23783	1372.7	1627.4	6523.9
27985	1390.5	1634.0	6727.6
28570	1390.6	1608.3	6774.1
38334	1376.1	1607.1	6558.7
26644	1395.7	1610.5	6825.4
12651	1378.8	1598.0	6542.2
21684	1391.7	1590.2	6825.5
15986	1370.6	1547.2	6287.4
2648	1396.4	1681.8	6883.0
37304	1383.3	1596.5	6773.6
21263	1378.5	1658.7	6690.7
3053	1380.1	1590.3	6656.5
23829	1391.0	1624.9	6908.9
18768	1397.7	1640.3	6690.9
4315	1372.4	1609.0	6479.9
8941	1383.9	1657.4	6820.4
11960	1378.8	1579.5	6646.7
21865	1370.6	1585.1	6445.8
36316	1382.1	1596.2	6551.3
24362	1388.5	1599.2	6622.2
25826	1385.6	1671.2	6870.9
25459	1390.3	1648.8	7061.7
39966	1385.5	1627.9	6562.8
37517	1383.0	1635.7	6630.4
23607	1388.3	1631.3	6763.2
31066	1400.1	1695.0	6964.5
22458	1378.3	1578.8	6512.4
23265	1383.5	1694.6	7011.6
6059	1383.3	1590.0	6545.6
22513	1394.0	1675.7	6946.5
19877	1376.8	1641.2	6601.3
34895	1385.6	1618.5	6683.9
2831	1389.4	1661.5	6814.1
20011	1400.5	1677.9	6920.0
17802	1388.1	1621.2	6604.0
38371	1387.3	1610.7	6683.3
20081	1395.8	1691.1	6807.9
31769	1402.9	1748.4	7237.0
6088	1379.8	1634.8	6781.3
29635	1385.3	1643.6	7081.4
6502	1387.3	1645.4	6675.5
25140	1378.6	1630.4	6599.2
26835	1390.9	1683.8	6871.7
34263	1385.1	1598.6	6575.6
4002	1383.6	1629.9	6630.2
28583	1388.2	1635.6	6839.6
15369	1389.1	1636.1	6737.5
18317	1391.5	1645.9	6844.0
8549	1384.3	1647.7	6890.3
27751	1391.0	1647.1	6739.9
36983	1388.4	1656.1	6817.6
9320	1391.1	1656.6	6689.8
23482	1382.7	1638.8	6671.3
7600	1392.1	1653.0	6655.8
20065	1383.6	1590.2	6623.8
15954	1377.5	1626.8	6610.8
17062	1382.7	1647.4	6733.2
22599	1384.9	1604.9	6581.8
24699	1398.5	1682.1	6825.0
33486	1389.0	1640.0	6953.9
32960	1384.1	1630.9	6764.0
10443	1393.0	1622.4	6673.9
35480	1399.8	1662.8	7080.2
9256	1389.8	1696.2	6829.2
31096	1379.6	1606.9	6622.0
29694	1392.3	1667.4	6797.5
6853	1388.6	1656.3	6656.2
3859	1387.2	1640.3	6643.3
14767	1391.6	1630.6	6896.4
5293	1376.6	1597.9	6563.9
30686	1394.0	1639.8	6870.3
33012	1390.7	1603.0	6847.3
20474	1390.4	1637.0	6763.0
31057	1380.3	1579.0	6615.0
21653	1370.7	1597.2	6435.3
26714	1374.8	1578.3	6397.5
19766	1381.5	1554.5	6541.5
22410	1381.0	1602.9	6493.4
30968	1376.5	1629.0	6579.4
9436	1384.5	1655.7	6868.7
15598	1384.2	1603.5	6731.0
