14824	1263.0	1515.4	4657.5
10883	1269.1	1505.6	4664.9
3126	1257.0	1543.8	4589.4
5904	1260.2	1460.7	4550.7
22249	1259.6	1483.6	4601.6
10479	1257.7	1470.3	4539.1
8120	1256.9	1499.5	4541.4
6227	1266.4	1510.9	4555.8
17939	1262.8	1480.9	4531.3
3005	1254.9	1504.4	4603.2
9946	1260.9	1517.1	4555.9
10264	1258.6	1515.6	4534.2
23674	1249.2	1473.5	4684.6
2848	1267.4	1513.0	4633.3
20294	1254.4	1525.0	4564.7
4216	1265.9	1511.9	4613.4
20040	1252.3	1507.8	4707.2
24013	1256.3	1441.7	4425.2
5729	1258.4	1492.2	4582.8
24762	1254.8	1522.8	4620.2
13475	1249.1	1452.4	4528.3
23670	1265.3	1555.5	4778.5
19010	1253.7	1498.2	4550.0
24608	1253.5	1453.8	4455.6
21833	1266.3	1543.3	4743.9
8090	1265.8	1488.4	4593.9
6897	1269.0	1525.4	4706.5
17731	1259.3	1492.5	4623.8
12259	1251.8	1511.9	4513.4
23430	1251.5	1506.0	4517.9
10045	1262.9	1503.7	4515.0
13547	1261.8	1506.8	4601.6
6034	1258.1	1506.8	4646.9
2897	1260.0	1475.0	4531.3
16297	1249.9	1444.7	4439.2
4185	1256.1	1492.2	4625.0
2420	1262.7	1543.2	4768.2
7753	1261.5	1540.8	4577.2
24684	1261.4	1499.6	4563.6
1461	1261.6	1508.8	4631.9
22019	1248.3	1489.9	4482.0
14280	1257.3	1516.6	4460.3
862	1262.6	1532.2	4633.7
8321	1268.7	1560.2	4760.9
8033	1263.8	1541.3	4770.8
14485	1265.6	1496.8	4585.7
24434	1267.6	1509.4	4674.1
6198	1266.7	1506.6	4713.5
14238	1268.7	1584.3	4740.6
12576	1262.0	1508.1	4575.2
13853	1264.6	1533.2	4633.3
12634	1257.4	1478.1	4489.1
24788	1253.8	1543.8	4566.6
14315	1269.5	1553.5	4786.2
17289	1256.3	1518.3	4574.9
23955	1258.6	1487.5	4560.1
6297	1260.8	1506.5	4564.6
732	1267.0	1520.3	4633.2
23207	1256.5	1492.8	4605.6
12325	1270.3	1519.1	4601.1
20898	1248.5	1443.1	4364.5
10638	1260.3	1541.0	4579.9
5556	1265.2	1557.7	4761.5
14883	1263.6	1489.2	4555.3
17057	1261.2	1469.1	4602.4
1171	1261.8	1522.7	4622.1
1234	1262.9	1546.6	4651.1
8330	1262.7	1496.7	4578.6
7832	1263.4	1494.2	4620.1
6859	1251.2	1468.5	4476.5
1158	1257.9	1541.6	4642.6
106	1265.7	1549.4	4673.5
2765	1256.0	1473.1	4654.1
1674	1267.5	1564.2	4862.3
18736	1247.9	1438.3	4341.3
18516	1259.9	1464.2	4526.2
21225	1262.1	1548.1	4593.9
7798	1250.1	1487.8	4449.8
24390	1257.5	1500.6	4509.4
20637	1254.0	1523.6	4776.4
14236	1262.8	1490.7	4609.4
15514	1250.5	1442.3	4409.6
7431	1258.3	1521.5	4634.5
4455	1252.1	1507.4	4540.8
8560	1264.5	1526.0	4633.1
7916	1259.0	1519.0	4578.4
11183	1255.0	1472.0	4631.8
22399	1250.9	1485.8	4572.0
21053	1259.6	1477.3	4538.0
10412	1258.0	1485.2	4564.9
10421	1253.6	1495.9	4560.7
21149	1260.3	1524.1	4874.6
18628	1258.9	1491.4	4575.1
20442	1258.2	1530.9	4576.3
7312	1261.7	1492.1	4610.8
6726	1264.8	1534.0	4673.3
3934	1261.0	1492.7	4537.7
24730	1259.9	1484.8	4525.6
17639	1265.8	1525.1	4593.3
21317	1254.1	1486.3	4494.9
10592	1265.2	1423.9	4647.6
4644	1260.4	1554.1	4572.6
1772	1261.9	1501.0	4622.3
15393	1261.1	1477.4	4510.9
12288	1252.4	1452.6	4459.1
4499	1264.2	1522.5	4622.0
14632	1254.1	1506.9	4507.4
4178	1262.0	1553.8	4630.1
6904	1259.4	1482.3	4597.3
11925	1256.8	1488.9	4491.4
4512	1268.7	1513.6	4595.7
14976	1262.9	1479.1	4599.8
12100	1254.1	1515.7	4507.9
16020	1260.6	1552.0	4742.8
3282	1245.0	1449.9	4380.6
5541	1256.7	1512.6	4650.3
13616	1252.8	1459.2	4440.9
23075	1253.7	1499.9	4447.0
18594	1261.8	1482.9	4589.2
12727	1266.2	1502.5	4635.7
15357	1251.9	1505.7	4557.9
1465	1259.5	1455.4	4513.6
8906	1268.9	1507.6	4577.4
8480	1251.6	1486.8	4548.8
11280	1250.7	1491.9	4542.1
16027	1257.3	1455.1	4476.9
14311	1255.1	1525.0	4607.1
18821	1264.1	1524.9	4788.7
5987	1261.6	1506.3	4654.0
8438	1251.2	1479.2	4516.2
13949	1259.1	1501.2	4639.4
132	1257.0	1526.0	4604.2
2860	1255.8	1478.6	4501.6
11066	1258.7	1497.4	4632.4
5494	1261.5	1567.6	4677.4
8096	1247.0	1476.4	4505.9
14983	1268.5	1482.6	4760.4
17282	1248.0	1468.4	4448.9
15792	1271.2	1566.4	4682.1
16225	1252.7	1566.9	4714.7
20261	1261.0	1509.2	4757.1
9811	1256.5	1519.1	4652.4
2414	1252.9	1479.7	4539.8
884	1260.6	1570.9	4637.9
1536	1264.8	1509.2	4606.9
2978	1262.0	1545.3	4648.2
15113	1265.3	1524.6	4674.8
11831	1272.4	1551.7	4793.3
17102	1259.7	1496.8	4528.2
14124	1262.8	1474.6	4559.7
22145	1259.1	1557.1	4860.5
13585	1273.7	1529.7	4962.1
15337	1255.5	1507.7	4647.7
21692	1268.2	1544.1	4741.3
6413	1274.4	1596.9	5188.6
11324	1263.2	1528.0	4643.6
14161	1260.0	1543.7	4633.9
16109	1263.3	1479.7	4760.2
6318	1266.7	1532.0	4627.8
11456	1256.0	1503.0	4529.9
3385	1263.8	1541.4	4624.6
24098	1261.9	1462.4	4494.1
11820	1259.6	1492.8	4555.8
23854	1254.9	1515.8	4789.2
9506	1258.4	1505.0	4536.4
17661	1257.2	1444.5	4471.1
407	1254.8	1496.5	4542.9
23450	1258.3	1453.1	4450.4
4712	1259.1	1496.9	4572.2
15487	1259.9	1486.9	4531.7
15037	1248.9	1460.1	4405.3
2657	1268.2	1510.9	4698.2
18018	1251.6	1466.4	4439.2
14948	1259.7	1564.0	4663.3
17101	1265.2	1540.0	4692.2
6140	1264.4	1479.6	4572.9
10289	1264.5	1516.7	4651.4
12080	1256.1	1482.5	4499.8
11535	1254.1	1494.6	4632.5
23890	1257.7	1498.9	4553.1
2637	1256.7	1513.7	4580.0
5853	1258.6	1497.2	4598.8
11655	1258.1	1523.3	4576.3
1187	1257.7	1456.5	4559.0
12914	1249.4	1444.5	4439.3
21662	1250.9	1458.9	4456.0
12660	1250.5	1498.8	4448.2
1724	1251.6	1465.4	4603.8
180	1252.4	1506.2	4565.3
18095	1256.1	1451.6	4524.0
3961	1253.7	1485.5	4701.0
2167	1265.7	1492.4	4629.3
19839	1257.8	1526.2	4610.2
14832	1252.6	1487.2	4590.0
1590	1254.1	1452.3	4436.3
4221	1259.4	1548.3	4674.0
16206	1258.3	1549.4	4652.1
9285	1251.9	1447.9	4464.0
4159	1266.1	1540.3	4685.4
13458	1260.9	1526.4	4670.3
21981	1260.2	1545.7	4783.0
3664	1254.9	1531.0	4555.7
2685	1258.0	1487.2	4493.6
3080	1266.2	1528.3	4723.4
24207	1257.3	1466.8	4504.5
18056	1253.5	1516.0	4534.0
17745	1262.5	1509.5	4650.5
16929	1265.4	1526.8	4665.5
23988	1264.4	1492.0	4719.1
20868	1259.6	1486.1	4534.0
24059	1247.4	1485.5	4416.9
21545	1261.0	1489.7	4521.8
22064	1256.6	1487.7	4462.5
23905	1258.9	1528.8	4598.9
13116	1254.9	1527.6	4489.7
3686	1264.8	1535.6	4781.5
16640	1262.3	1541.5	4599.6
15115	1252.8	1426.0	4391.9
11499	1267.0	1494.1	4635.9
23409	1261.8	1516.6	4636.7
23152	1252.8	1471.6	4499.6
4452	1268.4	1548.2	4705.0
20861	1260.3	1575.8	4712.3
10484	1264.5	1542.1	4885.7
17499	1259.1	1476.6	4562.4
10329	1254.1	1511.0	4597.2
3276	1256.6	1454.1	4502.1
9286	1262.3	1507.6	4578.8
126	1263.7	1550.4	4702.7
15664	1251.4	1448.6	4475.5
10772	1252.6	1532.3	4553.9
20501	1255.6	1485.9	4538.0
24485	1268.6	1529.3	4751.8
2001	1247.5	1478.7	4504.0
10806	1261.6	1504.7	4535.7
19602	1273.4	1547.6	4660.2
6860	1261.6	1524.2	4677.0
2481	1261.5	1498.5	4707.8
15306	1257.5	1444.2	4507.5
4205	1248.2	1479.5	4477.4
21213	1262.9	1498.1	4635.4
8515	1266.5	1524.8	4711.8
13867	1249.8	1402.4	4350.1
18963	1257.4	1528.2	4612.1
12073	1248.4	1452.8	4468.1
12709	1255.8	1512.0	4597.5
23422	1249.0	1465.6	4466.7
1151	1257.8	1543.5	4655.0
17722	1254.7	1429.5	4458.0
6768	1253.9	1526.6	4578.8
7654	1265.7	1482.5	4519.0
6167	1260.8	1541.7	4590.7
719	1262.6	1500.8	4538.5
23701	1252.5	1482.2	4445.5
1230	1267.4	1504.3	4570.1
13675	1258.5	1494.0	4556.7
22294	1259.3	1492.3	4556.3
22707	1261.3	1495.1	4638.9
9079	1262.2	1537.6	4719.4
11213	1260.0	1504.3	4529.7
5864	1260.7	1569.8	4627.3
10620	1255.6	1495.2	4463.3
3003	1255.8	1480.8	4485.1
7020	1265.5	1543.3	4664.5
18882	1264.5	1558.0	4778.3
664	1254.6	1504.7	4525.9
23172	1260.4	1480.5	4613.4
18654	1249.8	1473.1	4459.0
8127	1249.1	1454.8	4368.2
21714	1253.9	1477.3	4571.7
11136	1265.5	1498.4	4639.2
15619	1257.9	1500.9	4570.7
1013	1261.8	1556.4	4674.3
4045	1254.3	1546.8	4847.4
23478	1255.8	1507.6	4561.0
2937	1262.2	1488.4	4521.8
21757	1260.2	1473.9	4570.6
4550	1251.0	1491.1	4647.5
3959	1254.6	1452.8	4432.9
24545	1256.8	1463.3	4551.1
23651	1268.2	1519.6	4622.3
23557	1264.3	1521.6	4790.7
9147	1252.1	1438.3	4466.9
9452	1246.1	1478.0	4431.8
17027	1250.6	1523.8	4518.2
9719	1269.6	1495.9	4532.3
13979	1254.8	1525.3	4587.9
14514	1265.8	1534.2	4645.0
4767	1272.3	1529.9	4720.4
1093	1266.4	1587.3	4744.4
9508	1264.7	1522.3	4639.6
2381	1254.7	1492.8	4547.6
16774	1259.8	1543.5	4616.3
17367	1265.7	1558.3	4659.6
20138	1265.8	1521.7	4613.0
19688	1261.5	1505.2	4690.8
13378	1257.3	1541.3	4609.8
20582	1256.7	1517.7	4583.5
6330	1270.3	1559.8	4740.8
2384	1265.2	1511.0	4596.0
12330	1262.1	1553.4	4745.6
1768	1261.0	1545.7	4746.5
18200	1266.1	1560.2	4779.3
9274	1255.2	1475.2	4631.6
17870	1249.2	1446.5	4439.8
11520	1250.9	1510.1	4551.5
11801	1250.2	1501.2	4692.1
21083	1251.8	1486.8	4521.4
6060	1267.8	1515.1	4585.0
9207	1253.2	1478.5	4466.6
17938	1254.9	1506.9	4664.2
5783	1255.8	1496.4	4593.7
14172	1254.3	1498.8	4520.9
14364	1261.3	1510.1	4561.3
18348	1248.9	1472.8	4418.1
21080	1260.1	1482.1	4550.8
10277	1258.4	1500.0	4600.9
18293	1257.0	1488.3	4569.7
12728	1255.0	1458.4	4546.0
24838	1256.5	1536.9	4661.0
23023	1252.6	1461.3	4514.5
24389	1252.9	1496.7	4573.3
4721	1247.5	1456.2	4413.2
25	1259.1	1498.4	4645.5
8501	1264.1	1505.4	4631.9
10310	1253.4	1493.7	4495.3
1374	1253.3	1510.4	4590.5
22426	1268.5	1539.7	4839.1
15384	1250.7	1485.5	4606.9
2647	1253.4	1459.2	4466.1
12543	1250.6	1515.1	4545.2
24150	1261.4	1569.3	5040.0
18404	1268.1	1529.3	4757.1
21654	1257.5	1483.5	4494.1
3910	1256.3	1553.9	4715.5
10832	1258.9	1494.6	4562.5
16772	1265.1	1515.0	4551.2
7882	1253.9	1495.6	4499.1
24214	1262.0	1494.5	4591.9
1979	1252.2	1492.5	4504.2
20944	1252.3	1501.2	4468.2
16422	1266.9	1515.6	4658.7
18176	1255.0	1468.0	4481.7
9447	1256.9	1514.6	4576.5
8965	1260.9	1499.2	4724.6
23161	1260.1	1499.4	4573.8
22323	1255.3	1460.3	4484.6
14112	1268.7	1486.9	4575.9
10524	1273.2	1539.5	4755.8
3180	1259.3	1486.1	4495.0
22033	1255.4	1471.1	4600.2
14728	1261.3	1553.7	4769.0
5403	1264.3	1534.9	4666.3
1567	1257.1	1502.2	4565.6
24636	1256.9	1478.1	4534.0
10298	1264.3	1506.4	4645.7
7744	1258.6	1499.3	5105.8
2338	1259.5	1522.9	4573.8
835	1263.1	1516.6	4628.1
12686	1265.6	1490.8	4604.1
20070	1257.9	1543.5	4938.9
13635	1260.4	1458.3	4553.3
503	1266.1	1520.9	4618.5
3831	1250.8	1447.4	4425.8
21829	1266.1	1520.5	4695.6
17267	1261.5	1486.0	4686.6
9621	1255.5	1442.6	4529.0
15901	1250.0	1497.1	4440.7
662	1254.3	1510.5	4568.8
22514	1265.2	1476.4	4644.2
12791	1264.9	1473.7	4492.5
20592	1259.1	1537.0	4614.4
17082	1254.9	1477.7	4467.5
15517	1254.4	1443.2	4439.3
16078	1255.5	1508.3	4524.5
16659	1266.2	1549.1	4696.8
8232	1248.4	1468.8	4461.6
10954	1258.3	1538.7	4677.3
11971	1262.6	1527.8	4627.4
1016	1252.5	1505.2	4629.9
2689	1255.1	1532.7	4629.6
15911	1259.0	1492.9	4569.2
23106	1256.6	1537.6	4574.9
16702	1247.5	1452.8	4413.7
8667	1263.6	1472.8	4633.0
23908	1262.4	1513.2	4566.4
22971	1250.6	1486.1	4468.2
17389	1255.1	1464.3	4472.5
17861	1258.8	1515.4	4614.0
15471	1247.6	1451.3	4366.6
12093	1257.3	1566.5	4731.8
17437	1258.4	1523.1	4586.3
1248	1255.2	1484.2	4498.4
9880	1260.8	1515.0	4568.3
9168	1256.5	1527.5	4513.6
18760	1253.2	1486.4	4702.0
22334	1264.1	1503.4	4635.5
2888	1249.9	1509.5	4556.1
24919	1264.9	1512.4	4664.5
3083	1252.9	1460.3	4504.4
5118	1268.7	1598.4	4716.2
4757	1252.6	1486.9	4504.7
10802	1271.2	1572.2	4883.8
16513	1260.4	1502.5	4613.0
2220	1251.7	1504.1	4591.9
1124	1269.3	1521.4	4774.2
90	1262.1	1512.5	4641.4
11283	1259.1	1484.2	4603.5
19661	1258.3	1481.6	4539.4
20513	1267.4	1466.9	4611.5
12198	1269.4	1586.6	4741.4
1464	1260.8	1546.8	4609.0
3170	1254.9	1509.7	4546.2
4149	1250.8	1452.2	4391.3
1206	1246.9	1438.2	4377.1
22333	1261.7	1498.9	4578.1
7950	1247.3	1468.2	4488.2
9718	1244.2	1459.4	4468.8
21593	1259.1	1502.9	4607.1
20357	1249.6	1488.4	4579.7
5047	1265.1	1497.1	4675.6
10904	1262.8	1546.1	4711.9
13605	1261.5	1509.3	4559.8
21752	1257.9	1496.7	4535.0
4395	1256.0	1500.1	4549.8
21395	1263.0	1547.1	4798.9
16632	1267.7	1527.9	4644.5
23593	1257.8	1486.6	4514.5
18925	1251.9	1465.9	4411.6
22896	1271.3	1557.0	4824.9
22320	1256.5	1487.2	4621.1
18658	1255.7	1501.9	4563.4
9596	1261.0	1510.4	4541.6
497	1262.6	1527.8	4558.6
22584	1262.4	1512.2	4685.4
8139	1261.0	1516.6	4580.8
9260	1259.0	1490.7	4484.2
8832	1264.6	1551.1	4659.8
24308	1251.8	1458.6	4510.6
20531	1268.4	1549.1	4742.1
15584	1258.9	1460.9	4529.2
15054	1258.4	1499.5	4591.2
7546	1250.5	1494.2	4492.9
2889	1254.7	1509.5	4552.6
29	1253.1	1525.8	4592.7
166	1254.3	1491.0	4440.0
20347	1254.3	1482.9	4481.9
3981	1267.6	1504.4	4553.1
18222	1258.0	1489.9	4583.3
22350	1263.0	1503.7	4634.1
8473	1253.4	1519.4	4502.4
13633	1260.6	1486.1	4516.4
9560	1252.3	1518.8	4523.6
17868	1260.1	1492.6	4602.7
11405	1268.8	1564.4	4672.2
2394	1269.5	1539.3	4772.6
21968	1251.7	1480.0	4483.6
4529	1259.5	1519.2	4601.8
6970	1270.4	1591.8	4871.4
12453	1262.3	1554.4	4750.4
8166	1269.3	1510.4	4644.0
3230	1262.6	1535.5	4684.2
5836	1251.1	1502.4	4411.1
8944	1261.1	1513.0	4534.0
21951	1264.4	1534.8	4789.5
21915	1253.1	1469.9	4515.7
9520	1260.7	1541.2	4615.1
14807	1256.8	1552.8	4664.6
12138	1255.1	1453.2	4599.6
6216	1266.8	1550.2	4706.3
24910	1264.3	1519.1	4678.6
2996	1261.9	1541.4	4595.7
7890	1253.5	1499.1	4528.9
22388	1248.3	1486.4	4469.7
20386	1259.0	1496.8	4602.9
23468	1252.5	1445.5	4491.0
23416	1261.0	1487.6	4565.5
10898	1269.2	1555.9	4650.3
16446	1269.7	1528.0	4788.5
9054	1252.8	1496.5	4566.7
17852	1254.7	1480.2	4594.5
1777	1261.2	1567.6	4648.0
21800	1264.9	1561.0	4732.3
1047	1244.7	1423.3	4421.7
10961	1269.2	1480.6	4571.9
17978	1268.4	1513.6	4630.0
19288	1255.3	1445.0	4506.3
877	1246.8	1493.3	4470.4
11745	1257.0	1530.5	4636.5
8626	1253.5	1467.3	4448.0
9219	1262.5	1521.1	4699.5
7590	1257.4	1468.4	4535.1
24447	1252.7	1539.2	4584.5
3287	1264.3	1519.0	4992.4
11901	1255.5	1474.0	4551.4
12648	1254.6	1503.9	4512.4
5991	1269.5	1529.0	4692.1
13463	1267.3	1553.8	4662.6
22747	1252.2	1476.6	4453.8
9799	1254.0	1483.5	4568.5
6180	1257.2	1494.2	4522.5
21339	1265.0	1554.4	4761.4
3443	1257.1	1492.0	4500.4
13521	1268.8	1557.0	4737.8
3987	1262.0	1483.6	4521.7
21672	1257.9	1476.4	4513.4
14080	1256.6	1486.2	4536.0
16019	1252.7	1462.8	4550.9
8880	1260.5	1500.5	4722.3
23170	1256.8	1509.3	4571.8
2557	1271.0	1531.6	4846.3
13725	1257.5	1504.6	4552.0
14543	1265.2	1586.2	4767.8
6354	1264.9	1509.5	4575.9
12651	1260.5	1547.3	4684.3
19445	1256.6	1482.2	4465.4
7640	1251.6	1496.3	4527.6
22065	1253.1	1497.2	4537.8
24518	1246.1	1456.1	4531.5
21621	1264.1	1529.4	4619.4
10244	1255.8	1432.1	4485.2
15958	1251.3	1510.9	4512.8
13991	1267.4	1561.6	4714.0
18301	1257.5	1519.8	4628.4
12804	1253.9	1469.7	4488.4
6875	1256.2	1562.5	4639.1
18945	1261.3	1531.5	4597.1
6563	1251.2	1516.2	4555.9
5433	1262.3	1548.4	4801.8
23310	1265.9	1541.5	4637.7
19466	1258.1	1463.9	4552.5
7393	1266.3	1564.7	4814.9
8791	1261.5	1499.3	4616.8
10660	1254.6	1498.5	4524.4
16302	1256.5	1483.4	4536.7
15669	1261.6	1445.9	4508.0
3258	1272.0	1542.9	4877.0
10866	1258.0	1472.0	4529.5
15606	1255.0	1514.3	4618.5
3556	1264.9	1512.5	4704.2
2335	1257.4	1481.2	4578.8
15629	1269.1	1533.4	4616.2
112	1251.0	1459.1	4452.2
23306	1264.0	1551.4	4660.2
18659	1260.5	1440.9	4500.2
5569	1239.8	1442.2	4367.2
2111	1253.9	1486.7	4484.0
24806	1254.1	1452.8	4437.2
24983	1258.3	1468.7	4499.9
20448	1267.9	1539.5	4739.3
14531	1261.9	1517.3	4929.8
8868	1251.2	1452.0	4493.0
15305	1260.6	1616.5	4881.2
11544	1251.6	1507.7	4667.7
10119	1260.6	1510.2	4644.2
17614	1252.8	1473.4	4540.9
3261	1249.9	1469.5	4476.7
21838	1253.3	1474.3	4563.7
3898	1261.9	1501.6	4672.4
18655	1252.9	1483.8	4492.7
10980	1261.2	1512.8	4654.5
2094	1255.6	1424.5	4365.3
13024	1262.4	1489.3	4541.0
4847	1261.3	1491.6	4546.8
2404	1258.3	1498.3	4563.8
22501	1261.6	1510.1	4645.9
2288	1263.0	1499.8	4690.9
24103	1252.4	1525.5	4806.8
3168	1265.1	1549.5	4711.7
15554	1262.3	1533.6	4542.2
4236	1248.9	1476.3	4396.1
4621	1256.6	1523.3	4611.8
19123	1268.8	1569.4	4702.6
17005	1259.5	1550.8	4646.1
20010	1266.2	1556.2	4658.8
19853	1246.5	1521.6	4525.6
22139	1253.6	1465.4	4445.4
4615	1264.5	1498.6	4543.9
13021	1266.0	1474.7	4594.3
7788	1257.5	1502.9	4587.6
24235	1257.1	1474.2	4579.7
14476	1259.8	1481.3	4565.5
5860	1255.5	1493.0	4638.7
22613	1265.6	1557.8	4693.5
9568	1255.5	1449.3	4510.2
15502	1247.3	1462.2	4398.5
608	1257.9	1522.7	4560.3
19610	1249.1	1464.8	4584.1
17792	1256.4	1500.3	4586.8
11460	1254.7	1492.2	4588.2
18572	1263.9	1462.1	4525.6
1981	1252.4	1462.8	4532.1
9234	1259.8	1545.9	4849.8
14048	1268.6	1549.6	4808.2
16564	1256.9	1510.7	4541.1
22520	1250.2	1483.0	4471.4
13763	1245.6	1400.4	4373.5
14554	1250.5	1452.0	4497.6
18137	1251.7	1481.7	4423.4
20663	1266.1	1531.9	4785.2
1770	1262.1	1530.5	4581.5
17815	1255.7	1525.5	4585.7
24089	1254.8	1480.2	4547.7
7778	1261.7	1534.5	4651.3
16527	1258.9	1496.8	4534.5
12086	1255.9	1482.2	4546.3
11633	1256.5	1447.1	4473.1
15434	1252.3	1467.8	4484.2
17666	1257.4	1536.1	4811.7
2677	1255.8	1528.0	4590.6
19615	1267.4	1555.2	4593.1
17630	1265.6	1529.6	4706.6
10149	1267.9	1525.3	4754.1
18345	1250.3	1454.4	4475.7
19641	1269.3	1519.6	4644.8
17854	1255.8	1544.8	4576.1
15863	1251.6	1524.7	4552.9
3417	1258.9	1523.4	4678.4
5289	1250.7	1507.1	4485.6
14121	1257.0	1472.3	4449.6
19729	1258.5	1520.1	4676.4
660	1262.7	1503.1	4825.8
23376	1264.2	1534.7	4682.1
6936	1256.7	1462.9	4502.0
13353	1279.0	1580.2	4928.6
15506	1257.2	1489.4	4689.9
150	1263.9	1562.7	4693.3
18697	1261.5	1493.3	4518.1
3554	1264.5	1524.9	4754.1
12713	1250.2	1483.4	4446.9
14040	1249.4	1453.0	4498.5
784	1255.3	1528.8	4555.1
1975	1259.3	1511.2	4637.7
1018	1257.0	1472.1	4429.6
13552	1263.5	1497.1	4563.4
5672	1261.6	1515.2	4605.9
24960	1252.4	1499.1	4482.8
16754	1265.5	1524.7	4738.1
22232	1254.3	1450.4	4520.6
22239	1264.7	1488.1	4694.3
19206	1258.9	1514.4	4590.9
9383	1248.4	1488.0	4510.2
16150	1259.2	1508.8	4516.9
18262	1258.0	1505.2	4545.9
12462	1257.4	1507.5	4615.8
3912	1264.0	1523.5	4677.9
20709	1249.7	1482.4	4463.3
113	1267.8	1520.1	4623.0
2787	1265.3	1547.8	4608.3
16147	1257.5	1459.4	4548.3
18390	1257.4	1467.1	4636.0
10572	1253.4	1479.9	4541.8
11455	1250.7	1485.5	4467.9
19117	1259.8	1445.6	4573.0
17428	1264.6	1489.6	4619.4
20382	1260.5	1554.7	4675.9
11231	1267.3	1526.1	4818.7
10000	1257.2	1510.1	4628.8
24108	1256.4	1500.4	4601.4
10115	1253.9	1482.2	4518.6
5612	1262.5	1499.8	4585.1
10035	1251.4	1474.6	4395.4
7806	1265.9	1567.1	4709.1
191	1265.9	1541.0	4604.9
12904	1267.0	1529.4	4638.3
20271	1264.5	1487.1	4559.5
23141	1263.5	1489.4	4542.9
16291	1262.2	1508.6	4623.3
8246	1257.1	1506.9	4536.6
12610	1255.5	1436.2	4449.1
3562	1258.0	1540.1	4733.8
9759	1263.1	1516.4	4588.0
22068	1252.0	1480.9	4569.5
22995	1266.9	1513.7	4790.0
1585	1256.9	1452.1	4501.7
4719	1249.6	1482.7	4477.5
8505	1262.4	1539.6	4866.8
4011	1258.7	1472.1	4556.5
4649	1266.8	1507.2	4619.5
11509	1266.3	1505.7	4694.4
596	1266.3	1523.0	4589.0
2991	1257.4	1508.9	4561.5
24191	1261.8	1513.6	4685.7
4576	1258.0	1510.1	4594.3
20760	1264.3	1497.5	4596.2
19920	1252.4	1508.6	4549.3
11554	1263.7	1510.2	4723.8
1608	1261.4	1476.3	4611.0
9514	1250.2	1464.2	4500.8
23631	1260.2	1508.4	4614.1
6496	1264.0	1540.2	4615.2
23939	1242.5	1479.8	4416.1
4643	1262.4	1543.5	4679.3
19877	1262.2	1558.0	4863.0
17556	1260.5	1488.9	4524.5
9032	1267.6	1525.0	4648.5
17707	1256.5	1530.8	4628.4
21842	1264.1	1520.5	4617.3
18241	1249.7	1493.3	4473.1
22351	1259.1	1518.3	4529.9
5706	1263.3	1490.9	4838.9
22558	1263.3	1510.0	4570.7
10321	1257.3	1548.7	4659.2
14773	1258.3	1478.2	4625.7
1666	1257.8	1509.9	4578.5
10817	1256.3	1530.0	4614.8
3161	1256.3	1499.1	4485.7
9610	1256.0	1433.3	4455.0
23796	1261.7	1528.4	4690.3
18395	1261.0	1529.6	4632.5
24174	1268.2	1513.0	4673.0
3969	1250.9	1456.9	4476.9
9942	1273.1	1545.6	4722.8
10248	1242.0	1481.6	4361.6
9171	1266.8	1521.3	4633.3
4373	1267.5	1543.4	4651.5
12551	1269.5	1498.0	4613.9
16365	1251.0	1477.6	4592.0
16825	1265.7	1545.6	4946.4
4419	1256.0	1481.7	4439.3
933	1261.0	1573.2	4587.7
3902	1255.2	1516.6	4560.5
8864	1249.4	1496.4	4632.1
20740	1266.4	1553.5	4690.5
18419	1260.9	1548.9	4714.4
12038	1261.0	1476.5	4547.7
3894	1259.2	1517.3	4556.8
4656	1260.0	1473.3	4623.5
9126	1261.5	1492.5	4588.2
21628	1263.6	1539.7	4620.4
7710	1259.4	1524.0	4514.0
14412	1245.3	1484.0	4583.8
14287	1246.2	1470.5	4486.8
7456	1256.0	1508.2	4521.7
17642	1265.8	1536.8	4616.3
6253	1261.8	1499.5	4583.9
3689	1264.6	1504.5	4584.2
24585	1262.3	1468.9	4555.4
7008	1256.2	1533.5	4517.7
23704	1269.9	1501.9	4689.7
2487	1257.4	1473.7	4562.2
18914	1256.2	1464.5	4503.0
9587	1257.3	1519.3	4604.1
17811	1264.6	1561.2	4676.0
439	1242.3	1429.1	4286.5
20755	1263.8	1485.6	4573.0
18950	1257.5	1510.7	4533.9
13746	1267.4	1486.4	4572.2
14257	1259.4	1500.8	4615.6
24772	1259.6	1481.9	4564.6
14154	1248.8	1488.9	4508.5
19059	1251.3	1459.1	4451.7
4139	1270.6	1546.0	4785.1
10553	1261.1	1560.3	4663.2
10856	1270.6	1540.5	4690.9
7838	1248.1	1438.0	4354.2
6947	1253.2	1503.0	4629.0
951	1251.7	1488.4	4518.3
14574	1257.9	1495.2	4498.8
2975	1269.8	1546.3	4733.3
14143	1250.4	1456.6	4396.6
11160	1260.5	1485.1	4620.9
6714	1252.8	1500.9	4635.4
22955	1261.5	1531.4	4572.6
16223	1250.1	1517.3	4523.1
23846	1252.1	1513.1	4562.1
19499	1261.2	1501.1	4567.8
22815	1260.2	1486.5	4558.9
10794	1259.9	1562.7	4753.7
13571	1257.4	1451.1	4531.6
14153	1254.6	1502.8	4572.3
19062	1257.7	1529.9	4563.0
18835	1261.3	1519.0	4650.1
365	1260.1	1530.7	4620.2
3690	1254.6	1514.3	4559.7
15267	1266.1	1584.2	4653.3
645	1261.2	1528.3	4554.8
20283	1264.2	1498.2	4636.5
22372	1264.6	1560.1	4743.5
16449	1256.4	1473.6	4510.9
14557	1261.8	1487.2	4560.3
15564	1262.8	1507.1	4695.7
7779	1255.6	1538.2	4607.5
21348	1265.6	1494.2	4632.0
21190	1259.1	1539.7	4707.1
18339	1251.3	1514.2	4503.6
2009	1266.7	1468.0	4583.2
8110	1261.3	1518.4	4566.3
4942	1240.7	1409.1	4350.3
24652	1261.3	1491.7	4682.8
22463	1249.8	1524.9	4614.5
2265	1252.8	1487.0	4558.5
3561	1255.1	1492.4	4578.8
865	1253.4	1514.8	4566.4
20446	1259.6	1453.9	4580.4
2093	1249.9	1488.5	4696.4
3328	1257.2	1482.1	4525.9
10897	1270.6	1523.9	4620.0
894	1251.4	1445.5	4467.5
24623	1264.2	1500.0	4593.2
21849	1274.8	1515.9	4726.9
24162	1267.1	1579.7	4880.2
9015	1265.4	1489.3	4632.6
12166	1257.7	1517.7	4616.9
253	1250.4	1458.3	4430.6
8239	1255.5	1457.7	4479.9
9772	1257.5	1495.1	4470.7
7452	1260.9	1541.4	4543.4
23134	1266.0	1499.3	4633.2
17357	1256.0	1479.3	4474.8
20342	1259.5	1538.3	4566.5
3266	1259.5	1489.7	4503.2
7276	1249.3	1495.2	4527.5
39	1253.8	1499.6	4566.8
19548	1262.6	1504.4	4617.8
16740	1251.6	1485.2	4484.4
18981	1268.8	1580.9	4802.0
8575	1264.2	1532.0	4648.7
20415	1256.6	1527.4	4695.5
2851	1272.0	1538.3	4680.2
8428	1249.3	1484.5	4554.5
15578	1260.0	1515.3	4702.8
15289	1249.7	1489.9	4532.6
8136	1264.2	1514.4	4652.4
8497	1262.4	1571.0	4695.9
1027	1264.1	1508.4	4672.1
14444	1251.7	1471.8	4478.1
11422	1248.6	1437.7	4355.9
6872	1245.7	1445.2	4404.4
8267	1259.6	1494.2	4626.1
23491	1268.1	1526.8	5292.8
8982	1263.4	1517.8	4597.9
20867	1261.6	1445.0	4512.9
18069	1268.5	1522.3	4717.8
1221	1247.2	1476.4	4421.3
19277	1262.2	1548.8	4692.4
1927	1260.1	1514.9	4551.0
20383	1270.7	1521.5	4670.4
14039	1268.8	1538.2	4707.6
22024	1260.3	1491.2	4565.7
22425	1257.0	1474.3	4620.3
14077	1260.3	1537.5	4749.5
19922	1248.9	1479.4	4501.9
11725	1258.9	1475.5	4556.3
16334	1258.1	1522.1	4567.6
1002	1246.8	1483.9	4507.1
17169	1253.2	1480.2	4498.6
20434	1263.6	1524.3	4695.5
22533	1251.7	1497.4	4453.0
4503	1256.3	1530.3	4741.0
3738	1253.4	1567.0	4715.3
3131	1256.2	1491.0	4601.2
23679	1250.4	1446.6	4464.0
7068	1255.1	1495.7	4607.7
816	1266.4	1507.5	4582.0
9417	1260.2	1538.5	4571.5
15253	1280.3	1546.9	4911.0
3421	1249.1	1450.5	4466.5
23381	1260.0	1509.5	4559.0
1351	1262.4	1491.2	4619.1
5463	1258.9	1465.8	4549.1
11592	1268.8	1540.9	4685.0
1514	1264.0	1498.3	4798.7
4473	1256.8	1474.4	4497.9
8336	1254.1	1474.4	4495.4
1598	1259.4	1480.1	4514.1
22712	1278.5	1576.4	4832.7
11116	1256.2	1486.8	4575.3
22496	1257.7	1511.0	4562.7
9271	1262.8	1551.0	4574.5
19946	1252.6	1498.0	4553.7
16714	1262.3	1527.9	4626.0
10714	1261.2	1485.6	4496.3
11311	1267.9	1558.4	4696.3
15359	1258.7	1488.3	4595.5
23137	1258.0	1474.9	4536.5
14817	1252.8	1458.5	4460.3
13497	1255.7	1496.3	4635.4
22120	1256.0	1468.5	4548.0
8375	1258.1	1482.9	4524.9
1515	1250.9	1517.7	4683.9
23085	1254.8	1500.2	4614.4
12197	1256.9	1495.3	4473.3
1558	1260.8	1491.0	4608.0
13880	1259.4	1477.9	4520.7
23479	1259.1	1494.8	4596.5
21774	1256.2	1519.3	4606.4
9094	1260.7	1511.3	4617.7
23696	1253.9	1476.9	4520.3
9988	1267.4	1493.9	4620.3
4905	1249.4	1428.6	4422.9
21877	1260.0	1501.5	4617.4
11071	1262.3	1500.1	4564.4
2300	1256.1	1464.8	4535.9
179	1259.1	1496.0	4539.1
12560	1262.2	1521.5	4558.9
7855	1249.0	1474.3	4542.6
23860	1250.2	1465.5	4569.2
18544	1252.3	1475.9	4482.9
4210	1258.0	1488.4	4500.1
10587	1244.9	1451.0	4396.6
8194	1255.0	1479.8	4553.3
16355	1263.0	1510.2	4631.5
21505	1261.5	1475.1	4523.6
23308	1266.9	1512.5	4575.1
5741	1254.2	1558.2	4638.0
14322	1260.8	1486.3	4567.9
5689	1255.3	1486.4	4534.2
22841	1258.8	1483.8	4537.0
18305	1244.4	1448.3	4506.0
21226	1252.4	1480.6	4495.6
23166	1263.1	1491.1	4630.8
8249	1245.0	1485.3	4439.6
13428	1262.9	1484.9	4602.3
5126	1250.7	1482.8	4491.6
14885	1261.3	1493.2	4545.1
5009	1255.9	1494.1	4537.9
12773	1266.2	1514.0	4680.8
13277	1257.2	1472.5	4469.0
3153	1253.6	1497.8	4526.3
15745	1253.6	1508.5	4551.1
16165	1258.1	1488.4	4612.6
17927	1258.2	1490.7	4602.2
17476	1261.1	1558.8	4622.0
17602	1255.4	1479.5	4570.0
19442	1262.7	1539.6	4661.8
8573	1269.3	1557.8	4813.8
1565	1265.8	1512.7	4652.4
22284	1255.0	1488.4	4554.1
8207	1256.5	1507.5	4578.2
23307	1260.4	1492.6	4517.6
20916	1257.9	1509.7	4669.2
7577	1270.9	1519.9	4842.5
14474	1251.3	1479.1	4505.4
11214	1261.4	1488.8	4573.0
6389	1265.8	1515.3	4649.3
4169	1264.4	1554.0	4643.1
23963	1271.9	1552.3	4723.4
2997	1252.3	1488.3	4475.7
2669	1260.3	1516.6	4570.9
6829	1262.2	1490.2	4580.0
11581	1266.5	1547.3	4709.4
9977	1254.7	1476.3	4474.1
16741	1250.0	1480.4	4437.4
22474	1258.9	1465.6	4568.9
14491	1258.5	1478.8	4674.6
22419	1255.9	1515.9	4566.6
4337	1257.5	1477.8	4520.1
15973	1263.7	1540.7	4622.4
21709	1255.9	1486.3	4526.7
23710	1271.2	1569.4	4777.2
23358	1266.2	1515.9	4723.5
549	1261.5	1529.7	4667.3
3484	1253.7	1500.8	4488.7
16573	1252.4	1476.4	4486.5
16529	1265.3	1583.0	4668.1
5873	1271.2	1541.1	4649.8
14752	1268.6	1541.5	4791.5
16441	1261.9	1542.9	4656.4
3147	1258.8	1492.9	4625.5
2895	1263.5	1490.4	4620.3
16669	1263.3	1536.0	4636.8
21779	1274.0	1543.5	4676.5
15954	1255.9	1516.7	4590.3
14158	1258.2	1542.7	4685.4
2626	1265.5	1522.8	4605.8
18291	1244.9	1427.2	4277.2
23318	1255.2	1511.7	4603.2
16607	1262.2	1482.6	4527.9
12655	1258.1	1476.6	4564.6
6455	1263.4	1518.3	4595.9
15117	1259.3	1453.6	4473.7
13889	1266.8	1537.2	4718.6
16484	1267.8	1526.7	4628.9
10521	1259.7	1521.1	4620.8
1785	1260.5	1551.3	4863.1
10824	1247.2	1439.2	4471.3
14639	1255.6	1556.8	4601.1
13290	1256.2	1496.1	4583.5
19072	1265.5	1510.7	4590.1
15085	1251.8	1458.0	4461.7
468	1254.0	1483.3	4433.7
9116	1261.7	1559.5	4662.7
5111	1239.1	1455.1	4345.5
10101	1263.6	1554.1	4641.6
14333	1252.9	1465.0	4462.6
13569	1250.9	1478.6	4589.7
14544	1253.7	1515.0	4531.2
7362	1262.4	1531.8	4635.0
7147	1249.0	1461.9	4508.7
20418	1260.7	1534.5	4656.8
23275	1259.4	1481.9	4471.4
6085	1256.8	1496.6	4536.4
9184	1247.8	1486.3	4565.9
11673	1259.8	1533.3	4644.0
10443	1263.9	1504.3	4551.4
7709	1264.6	1537.0	4689.6
22876	1254.3	1545.2	4529.6
10014	1245.0	1445.2	4364.6
21645	1254.6	1490.4	4569.7
