18268	1396.1	1672.3	6884.0
23299	1389.0	1637.8	6886.9
39855	1380.0	1611.7	6574.1
37342	1392.2	1671.5	6886.2
22959	1387.6	1659.1	6793.9
2637	1391.1	1633.8	6833.2
32617	1391.3	1619.8	6774.1
22343	1390.1	1616.4	6807.2
3631	1391.8	1656.2	6765.8
3622	1387.7	1662.0	6663.7
30536	1386.5	1662.9	6674.0
9917	1394.6	1626.7	6822.0
36356	1392.4	1696.9	6854.7
5201	1379.0	1599.2	6597.4
11413	1377.7	1591.8	6564.4
19853	1394.1	1609.3	6885.1
16625	1389.3	1623.2	6789.8
8359	1375.7	1569.0	6547.7
2097	1384.3	1642.8	6763.3
22906	1389.4	1637.8	6791.7
14467	1381.6	1545.7	6555.0
39386	1375.8	1588.8	6776.9
21816	1393.5	1636.8	6928.9
30347	1384.8	1604.5	6669.6
27698	1384.8	1621.0	6715.9
12677	1385.0	1631.0	6774.9
27108	1386.1	1644.4	6831.4
8682	1388.1	1680.5	6755.6
29151	1376.3	1622.3	6706.7
28110	1389.4	1625.9	6670.5
11276	1384.4	1624.6	6827.5
2021	1389.2	1637.6	6801.5
14542	1392.1	1702.7	6996.9
23151	1378.0	1611.0	6596.3
22327	1386.2	1605.6	6645.8
58	1379.2	1628.2	6632.7
288	1368.6	1562.9	6479.8
18976	1395.5	1636.7	6930.0
11504	1387.2	1640.7	6872.3
11898	1382.3	1605.0	6676.6
22096	1378.3	1609.3	6571.7
17386	1378.5	1620.1	6695.8
32	1387.1	1653.5	6721.7
28959	1372.8	1559.9	6439.5
13262	1380.3	1645.3	6718.4
35899	1384.4	1656.5	6739.4
28448	1397.8	1614.1	6803.6
28541	1384.4	1632.4	6639.6
34834	1385.1	1599.2	6590.5
24473	1379.3	1604.8	6649.6
25143	1381.7	1623.0	6688.8
37011	1382.0	1617.0	6576.7
33922	1396.7	1674.4	6839.4
30590	1393.4	1662.0	7032.0
39566	1390.2	1604.4	6647.8
8844	1378.7	1607.6	6569.5
21187	1384.4	1617.0	6796.9
39803	1373.4	1572.0	6574.0
24181	1377.2	1629.2	6565.6
38706	1387.8	1669.9	6810.7
35861	1388.2	1746.3	7090.2
38108	1389.5	1632.0	6711.7
26637	1377.7	1620.1	6607.0
2705	1395.6	1643.6	6811.4
15070	1390.2	1661.9	6806.1
19331	1390.7	1634.9	6893.7
33720	1378.0	1611.6	6664.7
20621	1377.0	1625.1	6569.0
9880	1402.6	1660.8	7195.8
38325	1388.0	1628.8	6643.5
3369	1394.7	1638.3	6938.6
34151	1388.2	1655.7	6833.9
5683	1386.9	1641.5	6957.7
10437	1391.9	1689.8	6982.8
36249	1385.9	1664.8	6748.2
20130	1386.5	1638.6	6778.1
28122	1392.9	1646.1	6797.4
33966	1385.1	1597.5	6642.5
28670	1391.6	1639.8	6689.7
9234	1381.9	1609.1	6647.4
764	1386.3	1608.8	6611.0
7252	1380.8	1645.7	6595.5
4219	1388.7	1604.1	6737.6
15426	1389.4	1640.3	6852.8
30297	1379.6	1631.2	6724.0
38954	1386.2	1645.0	6857.0
24936	1402.0	1635.8	6854.1
365	1387.4	1625.3	6675.0
22127	1381.6	1601.5	6557.7
34753	1380.3	1579.6	6613.8
32987	1376.8	1559.4	6395.4
24063	1383.1	1655.7	6802.3
38044	1375.7	1601.7	6691.2
29350	1390.2	1663.4	6912.9
1635	1372.6	1598.0	6697.7
4851	1386.9	1585.0	6663.0
17965	1379.3	1598.6	6594.1
21650	1380.5	1616.8	6698.9
28299	1385.7	1606.4	6659.4
1767	1386.8	1658.6	6978.8
2787	1376.9	1622.3	6549.0
29800	1387.1	1625.0	6798.7
36672	1395.6	1639.2	6694.3
33563	1390.0	1663.2	7223.9
26252	1382.8	1633.8	6777.0
11287	1391.1	1673.1	6851.3
12593	1387.7	1631.4	6862.7
30011	1397.2	1671.1	6986.6
23055	1389.1	1653.5	6907.5
19628	1390.4	1585.2	6623.6
15834	1385.5	1615.8	6690.1
6911	1385.3	1576.5	6615.0
2844	1389.5	1629.8	6757.6
24944	1382.7	1584.8	6664.9
3964	1395.0	1677.0	6796.1
13543	1381.4	1590.1	6621.2
15040	1380.2	1583.1	6508.5
2132	1373.5	1619.2	6578.5
25796	1386.4	1660.1	6801.6
34999	1393.1	1626.8	6725.3
17664	1392.2	1659.8	6875.9
12408	1384.9	1606.9	6808.4
32041	1394.1	1652.4	6893.7
25636	1389.6	1620.7	6878.9
708	1396.0	1663.8	6943.4
9999	1383.9	1619.5	6782.6
8229	1377.2	1584.0	6648.9
12095	1374.9	1579.3	6564.7
33225	1389.6	1615.6	6821.4
32467	1386.6	1623.4	6708.0
16670	1398.7	1651.8	6805.9
23790	1382.6	1651.9	6765.6
24990	1388.8	1734.9	7086.8
33871	1382.5	1628.2	6752.8
14948	1385.0	1617.9	6735.5
12731	1395.4	1619.4	6859.4
38424	1378.3	1560.6	6570.5
3460	1392.2	1668.9	6888.4
9954	1382.4	1621.8	6604.8
13684	1386.1	1673.3	6778.8
29371	1395.2	1618.1	6871.8
15635	1390.2	1633.8	6842.1
24700	1387.9	1613.4	6593.5
33995	1365.2	1585.1	6449.2
10387	1389.3	1676.0	6911.0
8616	1378.9	1617.9	6654.8
36432	1402.4	1712.7	7078.3
8053	1375.8	1554.0	6392.2
32910	1389.0	1630.4	6928.6
9928	1389.9	1634.2	6781.6
10377	1368.8	1543.4	6380.4
18826	1396.7	1656.3	6793.6
9955	1388.6	1634.1	6671.9
30986	1378.3	1623.4	6699.0
4681	1387.3	1658.9	6718.8
16749	1394.1	1631.9	6938.1
21418	1386.6	1668.1	6785.9
24212	1396.3	1666.4	7084.9
1731	1386.1	1664.3	6715.6
14813	1386.0	1654.8	6661.8
38145	1398.8	1665.8	6895.3
24030	1380.4	1665.5	6856.9
35587	1384.6	1637.0	6790.6
20299	1396.1	1639.2	6772.4
3984	1381.1	1612.4	6791.1
24683	1388.5	1608.3	6732.9
38366	1387.3	1631.3	6716.4
25333	1391.6	1668.7	6968.9
22954	1389.7	1648.0	6774.7
35614	1383.3	1623.2	6692.4
14546	1388.3	1659.6	6728.8
6566	1385.5	1633.7	6698.4
33890	1391.1	1629.9	6738.0
10917	1407.6	1651.6	6887.7
6268	1385.3	1623.6	6745.8
7334	1391.5	1661.0	7016.0
22765	1375.5	1604.2	6572.8
35890	1387.6	1589.7	6672.8
2992	1382.4	1603.8	6630.8
17905	1377.4	1611.1	6583.2
15182	1389.9	1628.1	6718.5
21235	1393.9	1660.2	7007.4
17224	1396.1	1692.2	6832.4
25684	1394.4	1667.2	6804.2
807	1380.6	1634.0	6595.9
21149	1381.6	1603.9	6520.8
5624	1392.5	1588.4	6673.9
34232	1388.3	1593.4	6622.0
9718	1394.6	1612.5	6730.3
31745	1391.2	1636.4	6793.3
806	1392.3	1665.6	6880.9
17901	1387.7	1642.3	6888.9
28394	1389.4	1612.1	6655.1
30539	1376.1	1634.3	6840.2
25641	1390.6	1701.8	7141.3
37530	1389.5	1644.2	6704.9
12180	1377.0	1637.6	6608.1
14132	1394.6	1646.4	7007.8
7754	1387.0	1640.6	6746.7
22669	1384.1	1593.9	6639.7
13686	1384.8	1611.9	6779.4
16675	1381.8	1565.8	6542.7
61	1393.6	1650.3	6839.9
22631	1377.8	1594.1	6506.0
28116	1386.9	1603.8	6610.8
14242	1389.4	1635.6	6729.0
31148	1377.5	1593.0	6654.0
35750	1388.9	1650.5	6863.4
34997	1377.0	1560.6	6530.3
7125	1392.4	1645.7	6740.5
11054	1379.2	1592.8	6573.8
31830	1396.9	1651.1	6962.2
867	1380.1	1575.7	6559.9
20016	1391.8	1642.2	6723.0
17300	1388.4	1687.1	6767.8
26247	1386.2	1629.7	6677.3
30612	1397.9	1697.4	7051.5
21244	1384.5	1620.0	6826.3
22533	1393.2	1636.7	6696.7
11821	1383.0	1608.8	6737.8
16260	1376.2	1658.5	6663.5
25401	1382.2	1687.5	6843.0
27834	1387.5	1648.7	7065.5
17543	1397.8	1689.2	7007.7
22382	1386.2	1614.5	6916.5
38076	1383.5	1623.3	6731.4
1586	1384.2	1612.6	6675.7
14902	1388.3	1681.3	6799.6
8145	1388.2	1666.9	6899.0
36986	1387.4	1598.0	6650.1
32501	1387.7	1591.8	6706.3
12728	1370.8	1545.8	6399.4
19673	1382.6	1607.2	6753.2
14038	1396.6	1676.1	6926.0
38167	1376.8	1586.6	6594.6
29077	1384.8	1622.1	6830.7
2098	1387.6	1656.5	6936.0
18784	1381.2	1563.2	6447.4
27600	1382.4	1660.9	6848.8
37490	1385.4	1647.4	6742.3
31559	1386.6	1627.2	6679.2
10374	1387.0	1618.3	6887.5
29420	1393.9	1685.2	6883.3
201	1390.4	1680.2	6856.4
10245	1394.8	1652.7	6828.5
583	1378.1	1595.4	6570.5
29946	1384.2	1604.4	6668.9
33561	1367.2	1582.6	6469.2
4478	1388.6	1619.3	6663.0
26171	1386.4	1686.5	6779.4
37885	1394.1	1619.5	6754.5
16826	1394.7	1621.5	6767.2
16790	1391.0	1643.1	6891.3
19291	1381.6	1592.9	6670.0
3178	1393.9	1643.8	6913.3
2841	1371.8	1578.2	6447.8
8421	1382.3	1632.3	6739.1
38065	1386.2	1664.2	6707.7
24908	1393.6	1645.7	6906.9
20734	1388.0	1621.6	6710.9
4692	1382.8	1620.3	6670.0
4398	1384.9	1645.2	7091.6
11203	1386.8	1612.6	6717.5
17141	1371.2	1569.9	6533.5
39933	1385.7	1619.6	6812.4
15532	1399.3	1673.8	7500.1
7087	1380.3	1670.4	6874.9
10779	1386.7	1640.0	6858.3
19347	1390.5	1660.3	6805.0
32965	1381.1	1608.2	6618.7
21181	1391.6	1613.1	6931.6
37624	1390.3	1613.4	6784.2
3008	1382.0	1644.1	6789.5
38220	1378.2	1597.1	6624.9
10792	1378.0	1609.2	6575.6
37535	1366.6	1574.5	6372.5
8386	1389.1	1643.0	6858.5
33219	1380.5	1586.3	6557.9
5111	1378.7	1625.9	6786.1
23283	1394.9	1607.6	6800.1
23661	1380.2	1607.8	6619.4
22650	1400.7	1675.4	7280.0
29426	1376.7	1576.5	6569.2
21038	1386.8	1655.2	6926.8
34195	1397.1	1605.7	7008.2
29469	1383.1	1634.1	6621.0
23506	1373.7	1607.3	6597.8
5036	1386.0	1668.6	6787.1
28389	1387.4	1664.0	6809.5
48	1377.1	1621.6	6593.4
2082	1382.1	1600.0	6538.4
22097	1383.8	1654.9	6703.0
12081	1385.2	1648.1	6767.4
18561	1379.7	1587.0	6655.7
13424	1381.8	1606.9	6713.8
25257	1384.5	1662.5	6861.3
23037	1384.9	1632.2	6562.2
17758	1387.3	1646.8	6802.9
15089	1374.5	1660.7	6789.1
18275	1380.0	1618.9	6602.9
35841	1390.0	1644.8	6786.5
22903	1381.0	1631.9	6756.4
21977	1394.4	1688.9	6905.7
21836	1381.8	1588.7	6656.2
12982	1386.6	1654.7	6803.5
29191	1390.5	1642.6	6772.2
25305	1399.5	1702.0	7051.8
13159	1388.2	1650.2	6881.5
25512	1377.7	1643.4	6716.7
4055	1378.5	1638.9	6629.6
34306	1398.0	1675.3	7038.3
14981	1383.8	1608.7	6698.9
3733	1396.5	1629.7	6759.0
23494	1389.5	1695.9	6896.0
6001	1382.0	1603.2	6613.1
21575	1409.3	1707.6	7269.6
29188	1391.5	1642.1	6769.8
18339	1401.4	1633.0	6845.1
13503	1382.6	1614.1	6739.4
1392	1400.5	1739.3	7431.0
18940	1389.7	1629.8	6871.6
1610	1388.8	1618.8	6736.8
6697	1382.4	1647.7	6620.6
14998	1381.4	1630.3	6644.2
6808	1383.1	1653.3	6822.0
25505	1382.0	1619.5	6570.2
784	1394.2	1665.7	6915.6
32029	1383.9	1629.7	6666.3
29130	1391.9	1712.7	6893.9
25258	1388.1	1682.9	7001.4
10321	1395.0	1675.0	6927.1
29581	1392.8	1662.3	6875.8
20593	1383.6	1619.0	6703.0
24570	1391.8	1594.6	6692.2
30443	1384.2	1668.1	6753.7
6083	1375.9	1642.7	6788.5
23302	1401.3	1672.0	7107.7
29102	1398.8	1642.8	6862.7
289	1386.3	1623.7	6844.1
434	1389.7	1640.9	6887.7
36377	1387.0	1650.5	6722.1
696	1386.5	1623.7	6617.0
34530	1385.0	1633.0	6795.9
22170	1382.0	1579.4	6519.0
30001	1393.5	1664.2	6938.1
5877	1391.2	1674.5	6930.6
36104	1389.0	1657.6	6725.6
23810	1385.2	1630.0	6758.0
16766	1375.8	1602.6	6922.1
33462	1386.5	1686.6	6930.9
27712	1370.9	1614.9	6493.4
31004	1385.6	1654.6	6697.5
17008	1381.3	1637.3	6574.8
31174	1377.7	1556.3	6599.5
189	1387.7	1711.6	6934.3
17539	1395.1	1680.3	6879.4
36397	1385.9	1622.8	6714.5
36404	1382.8	1575.3	6570.1
9419	1394.7	1658.2	6931.6
21858	1391.8	1668.8	6773.7
13359	1382.2	1596.3	6806.8
12681	1386.4	1646.0	6778.0
36515	1382.8	1585.4	6670.8
28340	1380.5	1631.8	6617.8
19980	1376.9	1596.3	6566.4
1211	1373.1	1581.4	6478.8
13926	1395.1	1628.6	6719.3
20679	1378.0	1639.8	6943.7
17301	1388.1	1668.2	6826.4
8831	1393.3	1680.3	6817.1
10290	1375.5	1628.8	6612.6
33800	1391.0	1642.6	6798.4
34591	1387.3	1625.8	6799.8
36073	1377.0	1602.4	6621.4
8510	1388.4	1634.5	6804.2
8196	1381.1	1624.4	6629.1
26301	1381.0	1608.9	6640.3
37698	1376.4	1597.0	6463.1
32483	1381.7	1601.2	6534.6
31864	1383.9	1676.9	6941.8
34656	1375.5	1595.8	6579.2
684	1379.6	1616.6	6667.0
16529	1380.0	1665.0	6699.0
18849	1387.7	1644.5	6732.8
1879	1375.2	1608.9	6429.3
34870	1390.9	1629.2	6804.6
9006	1391.1	1615.7	6771.1
22034	1388.4	1598.7	6617.5
25264	1385.2	1636.8	6769.5
38373	1382.1	1635.8	6666.5
24	1383.9	1635.5	6883.2
26276	1384.7	1621.5	6608.2
31489	1380.6	1617.8	6666.6
5125	1376.0	1589.5	6566.9
1833	1381.2	1596.4	6645.5
37373	1380.9	1559.2	6656.9
12253	1395.4	1620.4	6737.3
35417	1397.1	1664.7	6977.1
18324	1387.0	1628.0	6742.0
29675	1385.1	1570.5	6576.1
29925	1380.8	1633.1	6723.0
6928	1379.3	1653.6	6592.5
31416	1382.3	1548.2	6520.6
7250	1386.4	1629.5	6657.8
28372	1395.7	1635.1	6993.2
21770	1383.7	1599.5	6654.2
6311	1386.8	1634.8	6774.4
35306	1392.8	1655.1	6917.6
38650	1384.4	1626.1	6808.7
20122	1386.4	1679.4	7057.5
6429	1369.4	1597.4	6484.5
7017	1393.7	1652.7	7079.4
6136	1388.4	1579.9	6721.3
37809	1372.2	1598.4	6817.7
32235	1388.9	1614.0	6710.1
3163	1372.8	1583.1	6548.8
33226	1391.1	1667.2	6894.5
33347	1396.9	1622.0	6810.6
10772	1383.9	1631.9	6673.0
27761	1393.1	1709.8	6939.7
38504	1386.1	1618.4	6763.0
33577	1383.7	1611.9	6573.1
18774	1379.6	1657.7	6684.1
29589	1390.5	1672.5	7027.4
7874	1394.0	1608.1	6732.3
13747	1382.1	1685.3	6796.3
9797	1375.8	1593.8	6576.3
39606	1392.4	1635.0	6796.1
12919	1383.5	1628.4	6715.7
28674	1391.3	1604.8	6740.0
12084	1380.1	1584.4	6481.7
14663	1381.9	1611.5	6689.3
18979	1404.9	1660.4	6948.7
39384	1389.1	1625.8	6821.0
17009	1387.7	1602.5	6682.1
25425	1384.8	1626.7	6980.6
21608	1381.0	1621.7	6700.6
33200	1385.0	1604.4	6588.6
22044	1394.2	1679.7	6896.3
22687	1379.5	1591.6	6620.3
17754	1395.6	1739.0	7190.1
10362	1386.2	1669.5	6896.3
14241	1399.8	1687.6	7103.5
13097	1385.7	1605.2	6666.6
32820	1391.5	1591.9	6670.6
23188	1390.0	1623.1	6758.2
11120	1367.0	1554.2	6403.5
26850	1389.9	1609.7	6768.8
24750	1368.8	1584.5	6490.1
3050	1390.7	1628.3	6749.5
31529	1387.5	1633.9	6730.7
9418	1391.3	1684.1	6844.5
5507	1379.6	1623.7	6650.9
27609	1382.1	1623.1	6702.0
35535	1390.1	1631.2	6823.9
4632	1382.0	1642.5	6664.8
2320	1397.4	1684.8	6907.6
38309	1376.3	1596.1	6822.7
8294	1388.2	1667.0	6726.8
15398	1373.4	1556.1	6493.0
37586	1384.7	1606.9	6591.2
32956	1391.4	1650.4	7033.8
20725	1392.6	1701.0	6830.7
23860	1371.7	1594.9	6635.7
39467	1384.8	1643.3	6687.6
38850	1392.5	1660.1	6983.7
5267	1379.1	1646.0	6767.9
16303	1380.9	1629.1	6687.2
6378	1401.0	1669.8	7113.8
12399	1382.2	1575.3	6704.4
14800	1391.6	1611.3	6684.3
32732	1392.1	1680.5	6895.9
34890	1385.7	1639.4	6758.3
13296	1380.0	1616.5	6555.6
20218	1396.0	1658.1	6888.3
3858	1380.7	1634.7	6634.1
22412	1383.2	1625.7	6655.4
30465	1387.5	1605.2	6707.0
9251	1387.9	1670.1	6859.8
23663	1381.0	1639.0	6749.5
30506	1390.9	1617.9	6793.5
24728	1386.7	1610.2	6631.9
32655	1373.1	1605.9	6623.3
3053	1380.2	1580.2	6573.7
37904	1378.6	1640.6	6633.1
14650	1387.9	1622.8	6652.3
28971	1373.0	1600.7	6530.8
27384	1394.0	1634.5	6883.5
37923	1393.6	1654.0	6841.9
12037	1386.8	1597.4	6680.8
855	1382.9	1621.1	6775.3
34583	1392.4	1625.6	6800.5
18039	1384.7	1595.4	6693.4
4838	1379.1	1565.6	6548.3
12538	1384.7	1635.3	6721.3
19611	1381.1	1575.7	6584.1
470	1382.9	1632.9	6688.8
20762	1382.7	1591.6	6616.7
18168	1389.9	1638.8	7334.5
6392	1377.0	1570.1	6515.7
27664	1372.5	1579.8	6455.0
13226	1389.2	1642.6	6813.6
675	1392.6	1646.2	6872.1
39458	1398.0	1658.2	6834.8
28658	1390.8	1707.8	7019.6
39088	1377.4	1589.6	6705.7
36739	1385.3	1626.1	6749.1
17226	1396.4	1674.0	6845.7
3003	1394.3	1683.7	7089.3
8772	1384.3	1699.6	6882.8
19187	1389.4	1654.7	6797.8
13132	1398.4	1678.0	6946.0
14621	1390.3	1669.7	6966.3
2985	1383.6	1589.1	6639.3
36724	1387.8	1661.1	6774.7
9908	1396.3	1699.7	6935.7
2744	1390.4	1659.3	6837.1
29129	1383.8	1645.0	6743.8
24159	1390.4	1662.4	6768.2
22557	1388.9	1644.3	6669.4
8494	1391.6	1696.9	6833.1
29158	1368.9	1580.5	6544.8
26896	1369.9	1571.9	6430.2
36577	1386.8	1629.3	6783.5
11333	1391.0	1630.1	6771.1
33367	1383.5	1606.1	6688.3
32352	1384.8	1614.7	6828.8
38801	1395.3	1651.0	6854.1
32914	1387.1	1624.1	6834.5
1794	1377.3	1601.7	6543.4
14815	1381.1	1634.3	6767.0
659	1388.1	1631.3	7012.2
4732	1391.7	1639.9	6802.7
25153	1384.3	1638.8	6756.5
17535	1384.3	1616.6	6630.7
7154	1386.9	1620.1	6844.1
26520	1389.8	1633.9	6812.5
19739	1379.7	1637.6	6838.8
24895	1380.7	1627.0	6678.4
25551	1395.6	1669.9	7378.8
7118	1384.5	1560.1	6535.8
34970	1386.5	1673.8	6747.0
35670	1375.0	1614.5	6702.1
10074	1387.7	1651.9	6830.8
38275	1386.1	1608.9	6788.9
26934	1395.2	1671.3	6877.7
11029	1388.5	1648.0	6878.1
16552	1390.3	1645.2	6838.2
18951	1400.1	1664.5	6858.9
864	1379.6	1642.3	6711.0
39142	1383.8	1661.4	6902.8
25903	1378.6	1562.0	6583.3
8853	1377.6	1598.0	6636.1
38984	1393.4	1672.4	7055.9
4105	1402.0	1704.4	6940.6
27182	1387.2	1613.5	6731.4
13589	1391.3	1620.5	6753.9
6463	1389.1	1673.2	7000.6
36396	1383.6	1559.3	6491.0
36362	1383.3	1622.8	6595.7
38620	1385.2	1619.9	6634.0
18714	1398.4	1669.6	6879.8
11385	1382.1	1635.2	6635.2
15808	1398.2	1700.3	6995.5
33849	1388.9	1595.7	6763.2
1310	1388.5	1613.8	6837.1
38397	1380.5	1581.7	6584.2
1701	1392.1	1629.3	6754.2
22142	1387.8	1630.5	6832.1
4292	1390.3	1628.2	6885.7
34665	1395.2	1680.6	6984.5
7224	1387.3	1708.9	7120.5
7170	1383.8	1597.8	6788.3
26277	1385.4	1586.2	6585.1
37220	1392.7	1646.5	6849.7
6967	1385.3	1629.8	6787.0
31809	1378.6	1591.6	6488.8
7104	1388.8	1650.6	6696.7
35445	1386.6	1666.8	6890.8
21694	1389.3	1627.3	6882.1
36253	1380.7	1605.6	6647.4
12494	1390.8	1612.8	6883.5
14928	1386.9	1648.1	6805.8
15672	1399.4	1712.8	7155.2
37953	1392.9	1619.8	6861.5
35400	1375.7	1592.1	6569.6
39971	1385.2	1601.9	6666.5
30346	1397.8	1630.8	6877.2
8121	1385.0	1612.2	6814.0
697	1386.0	1633.6	6723.2
5395	1385.5	1628.6	6858.1
16712	1386.8	1648.9	6877.2
11659	1383.6	1700.0	6982.0
30514	1383.6	1630.7	6586.3
7298	1382.7	1583.7	6466.5
12613	1377.6	1671.2	6712.7
30677	1386.0	1604.9	6917.3
15629	1384.8	1651.0	6827.6
34274	1381.5	1612.2	6764.0
15795	1399.0	1638.5	6954.3
34448	1382.2	1642.0	6619.7
30015	1391.4	1641.8	6917.3
17190	1390.7	1612.2	7031.3
37076	1393.5	1627.8	6769.5
11067	1371.4	1561.2	6463.3
9272	1386.5	1624.3	6657.3
27111	1382.0	1578.1	6492.9
10200	1386.0	1665.3	6745.2
28988	1379.1	1595.6	6653.5
33887	1377.4	1596.9	6580.1
32548	1384.0	1624.2	6615.6
22917	1378.3	1607.1	6602.0
20161	1383.8	1663.0	6838.2
32620	1384.5	1608.4	6699.6
5908	1389.8	1630.6	6837.4
1860	1377.7	1577.4	6506.4
22726	1374.8	1605.4	6725.7
31273	1370.8	1564.7	6467.9
13181	1390.3	1633.2	6749.5
22139	1392.2	1659.8	6873.2
14519	1385.1	1620.9	6597.9
5370	1394.0	1648.9	6782.5
33876	1386.3	1641.8	6708.2
18756	1372.7	1586.6	6572.2
727	1389.2	1643.8	6900.3
11243	1386.6	1692.5	6846.7
25744	1385.6	1607.6	6689.2
39609	1379.9	1634.6	6716.5
34810	1382.4	1647.0	6703.1
17740	1378.5	1563.9	6504.9
37941	1378.1	1584.3	6716.0
7692	1373.5	1609.7	6613.8
8873	1382.3	1603.0	6561.1
5168	1379.7	1589.8	6578.4
3396	1389.0	1609.4	6749.9
16618	1383.1	1654.2	6748.1
15364	1387.3	1618.4	6760.9
12757	1384.5	1585.1	6662.4
26066	1371.9	1607.7	6730.4
26170	1374.6	1626.0	6608.7
21302	1387.4	1636.2	6813.2
29069	1381.7	1596.3	6687.8
34699	1377.2	1541.3	6484.3
20124	1384.8	1653.9	6648.2
9410	1381.8	1608.5	6634.1
643	1396.5	1644.1	6864.6
14256	1385.7	1627.8	6807.8
14375	1383.4	1602.4	6738.1
14409	1393.8	1644.1	7019.0
20728	1381.7	1668.8	6712.8
27879	1383.5	1665.6	6809.8
9094	1391.0	1647.1	6753.4
28908	1394.3	1595.0	6766.2
6419	1378.6	1568.7	6506.9
25668	1384.9	1634.6	6862.5
32612	1391.4	1638.2	6814.8
32488	1389.2	1687.0	6843.3
22818	1378.7	1571.9	6534.0
34287	1393.6	1621.4	6753.3
9112	1397.4	1643.2	6969.6
26182	1384.4	1608.6	6818.0
6805	1377.5	1622.6	6554.6
17580	1387.5	1629.9	6645.5
19375	1400.2	1690.7	7016.2
17430	1385.3	1668.1	6783.6
12048	1393.7	1665.6	6880.2
23867	1378.7	1628.8	6926.4
7969	1383.5	1578.1	6566.8
38533	1379.0	1585.0	6618.5
13654	1381.1	1644.7	6744.4
21053	1385.6	1612.1	6800.3
15646	1390.6	1666.8	6666.3
34275	1381.1	1607.4	6529.5
30815	1397.0	1655.6	6908.9
12233	1381.2	1636.5	6721.3
29363	1390.1	1669.3	6772.5
21815	1394.9	1622.5	6947.6
19485	1384.7	1662.0	6707.1
21210	1386.3	1603.3	6736.0
36892	1376.6	1605.5	6681.4
6836	1385.8	1621.1	6782.0
6026	1386.3	1608.7	6691.4
692	1389.7	1671.3	6733.5
3706	1381.3	1620.8	6747.5
9578	1385.9	1661.1	6738.0
20493	1376.3	1607.5	6629.5
14770	1382.5	1657.8	6839.8
3117	1386.4	1627.1	6745.8
2950	1380.2	1633.5	6631.3
29377	1386.0	1647.9	6902.9
37178	1381.7	1654.8	7016.0
14572	1380.1	1676.3	6673.3
9007	1379.9	1669.9	6667.4
35041	1393.5	1644.7	6792.1
24114	1377.3	1585.6	6536.2
9832	1371.7	1587.2	6515.7
5344	1378.9	1640.3	6643.7
5887	1385.6	1634.4	6791.6
27535	1389.1	1627.0	6986.6
20265	1382.8	1646.6	6904.9
31222	1376.2	1591.8	6600.0
36414	1375.7	1571.9	6524.5
23109	1388.5	1582.5	6684.2
22705	1401.1	1684.6	6985.7
7460	1383.6	1582.7	6637.8
2996	1377.1	1597.8	6578.7
5317	1396.1	1638.4	6842.5
18515	1387.4	1576.2	6609.0
35814	1394.2	1632.4	7023.7
29134	1397.3	1684.2	7013.9
22416	1393.4	1588.9	6718.7
14440	1383.0	1597.6	6699.3
28587	1373.7	1606.3	6590.9
9153	1383.5	1649.7	6741.0
26854	1373.0	1589.9	6519.7
30808	1390.7	1624.3	6752.3
18590	1387.1	1567.7	6527.3
8733	1384.1	1593.1	6692.8
31303	1393.8	1689.7	6960.7
34065	1380.6	1612.3	6724.0
26800	1382.3	1611.3	6772.7
26050	1383.5	1628.5	6661.2
23139	1387.4	1647.1	6778.5
33291	1386.3	1630.8	6743.5
24521	1379.3	1628.1	6630.0
10921	1385.1	1622.7	6673.9
15603	1393.7	1635.1	6887.9
21889	1376.4	1652.3	6674.7
6989	1379.8	1614.4	6585.1
36274	1380.4	1616.0	6617.2
27554	1381.6	1637.8	6730.1
9175	1373.4	1648.3	6572.6
19999	1386.5	1659.4	6823.2
32368	1387.1	1586.8	6741.2
30410	1387.0	1603.7	6542.2
7626	1391.1	1680.7	6928.9
33381	1397.6	1681.6	6925.1
362	1396.5	1706.6	6937.1
9571	1386.0	1631.9	6768.8
4703	1385.0	1644.6	6825.8
12493	1388.2	1680.1	7154.8
17843	1374.9	1637.6	6737.3
34536	1391.3	1630.4	6763.7
39604	1380.0	1659.4	6982.7
36407	1396.4	1650.3	6957.9
18355	1389.9	1595.9	6757.1
7918	1389.3	1686.7	6836.6
10258	1386.7	1648.3	6739.7
26574	1387.0	1617.6	6725.6
1130	1388.6	1614.3	6685.8
3479	1391.0	1673.1	6917.7
35482	1386.6	1605.6	6590.0
19194	1381.2	1556.5	6496.7
8080	1372.7	1543.8	6341.9
36946	1384.6	1669.4	6885.8
11114	1392.5	1658.6	6933.6
1388	1386.3	1609.9	6657.0
6734	1393.0	1640.9	6933.0
37188	1393.2	1619.1	6945.6
30570	1391.1	1640.7	6731.4
29323	1374.0	1557.0	6430.7
948	1374.2	1611.8	6644.9
22721	1390.1	1608.8	6912.4
21803	1389.5	1683.3	6880.7
9029	1389.7	1659.7	7009.2
33320	1385.0	1672.1	6879.5
35468	1386.6	1665.2	6711.2
10970	1381.4	1616.3	6724.1
6249	1390.8	1659.6	6818.6
13542	1374.7	1646.8	6658.9
23722	1390.1	1679.8	6893.2
31652	1380.3	1589.0	6595.6
3713	1379.0	1601.5	6588.2
37189	1383.9	1595.1	6649.2
31383	1391.8	1612.6	6886.0
15975	1386.0	1676.5	6826.6
29823	1386.4	1697.4	6836.7
11695	1387.3	1646.5	6780.5
21932	1390.8	1596.1	6856.5
14349	1388.7	1623.0	6708.2
19786	1375.8	1601.2	6572.8
6098	1383.7	1641.5	6689.2
28193	1380.9	1618.7	6602.9
32296	1399.4	1686.8	6879.9
20706	1389.7	1651.5	6890.1
34814	1381.9	1582.4	6599.1
2186	1384.0	1623.4	6701.3
23154	1382.8	1608.7	6730.6
37281	1392.4	1713.2	7278.4
8627	1386.8	1657.7	6835.5
37620	1384.1	1628.5	6872.6
37311	1385.9	1589.7	6657.5
17943	1388.7	1647.5	6815.9
21972	1378.3	1624.2	6835.6
24125	1372.6	1576.8	6520.9
35416	1382.3	1630.5	6625.5
9748	1383.4	1630.5	6847.5
12056	1405.7	1721.9	7224.2
26522	1377.5	1671.4	6740.4
34458	1391.9	1644.8	6944.0
14516	1387.7	1634.2	6914.6
1642	1393.7	1669.5	7022.7
8533	1392.2	1650.6	7033.9
32147	1380.1	1622.9	6614.2
3372	1394.8	1618.6	6789.1
1214	1390.9	1658.3	6936.0
30494	1378.8	1618.8	6547.1
37112	1384.5	1603.3	6666.1
32831	1384.4	1637.2	6594.8
29950	1374.9	1624.9	6549.2
23813	1388.3	1649.2	6854.1
38813	1396.9	1627.2	6797.8
21535	1378.5	1588.6	6557.5
8858	1386.7	1678.5	6806.2
16888	1387.8	1632.5	6724.3
1305	1390.7	1634.7	6794.4
12755	1376.9	1575.6	6567.9
7232	1390.5	1653.7	6713.2
30366	1379.7	1559.5	6512.4
25554	1386.7	1636.2	6671.5
24731	1377.1	1633.7	6867.1
22029	1379.6	1578.0	6605.2
13873	1392.2	1695.4	6866.5
5900	1380.2	1579.4	6614.0
18389	1381.9	1627.9	6812.0
35645	1384.0	1612.0	6759.3
22857	1387.4	1686.9	6806.3
27943	1383.6	1634.0	6790.3
31429	1382.7	1595.0	6647.6
9866	1391.0	1648.7	6762.7
31851	1392.0	1645.7	6925.3
25184	1394.1	1683.7	6862.0
1257	1394.9	1667.0	6886.6
38487	1379.9	1638.3	6791.5
38743	1380.4	1607.2	6692.4
10790	1386.0	1612.4	6755.8
28089	1380.7	1594.4	6696.2
27428	1394.5	1648.2	6815.9
29988	1395.8	1680.8	6760.0
18583	1373.7	1554.0	6496.8
10326	1382.3	1618.5	6696.3
4655	1387.0	1618.8	6789.5
39273	1392.2	1632.6	6900.9
19300	1390.4	1665.8	6889.3
31785	1385.6	1684.0	6852.5
36299	1386.9	1627.3	7173.1
24206	1380.5	1580.9	6567.4
11342	1387.8	1694.6	6866.1
33600	1397.8	1656.5	6997.6
8302	1390.5	1642.8	7370.3
24695	1380.4	1637.5	6776.3
27004	1385.2	1640.8	6797.0
28813	1382.6	1603.0	6711.6
23947	1384.9	1618.2	6748.4
37310	1382.9	1579.8	6594.2
31154	1384.9	1605.1	6735.9
16140	1393.6	1633.4	6868.3
27244	1378.4	1610.4	6601.4
26539	1392.6	1628.0	6950.6
20878	1380.3	1619.7	6668.1
32902	1379.5	1615.0	6776.7
36162	1391.8	1670.4	6904.4
37226	1390.2	1657.4	6891.3
27430	1374.4	1587.3	6559.6
14673	1379.8	1548.1	6447.1
36012	1375.1	1591.0	6639.2
17247	1385.0	1617.6	6648.2
25256	1387.4	1573.6	6593.4
24296	1374.0	1601.0	6642.9
8213	1398.6	1701.2	7013.5
21307	1385.8	1587.1	6746.5
4741	1386.4	1637.4	6807.6
17266	1386.0	1606.7	6878.0
9950	1378.3	1606.6	6629.2
942	1380.8	1638.3	6637.3
37907	1384.4	1633.0	6815.3
15989	1390.8	1644.4	7024.7
13373	1395.4	1672.1	6903.8
230	1381.4	1600.6	6589.3
18569	1373.9	1618.9	6556.8
24619	1381.5	1593.2	6616.2
1007	1382.1	1646.7	6759.8
21945	1383.6	1609.5	6717.6
6361	1395.5	1646.2	6971.3
35483	1392.1	1622.0	6772.3
33548	1401.6	1658.1	7026.7
28925	1380.0	1626.2	6795.4
14207	1398.0	1682.9	7017.7
4309	1400.0	1709.6	6951.5
3579	1390.0	1623.1	6854.0
14386	1388.2	1657.0	6882.4
28230	1388.0	1589.9	6718.3
21121	1393.1	1663.2	6850.8
33945	1393.5	1606.9	6716.8
24424	1390.8	1659.5	6805.7
11363	1388.6	1695.2	7472.5
21209	1386.6	1646.5	6787.1
27048	1374.3	1620.9	6606.8
27086	1379.8	1611.8	6525.5
26058	1385.2	1601.8	6595.7
24234	1383.2	1638.7	6732.8
23184	1380.2	1595.6	6528.4
38713	1389.2	1645.9	6821.1
4598	1385.1	1663.6	6835.0
32294	1387.5	1689.4	7025.6
20226	1387.6	1631.0	6653.6
9000	1382.4	1628.9	6609.5
17004	1384.7	1668.3	6835.8
7763	1387.9	1635.2	6857.7
1009	1391.7	1641.2	6818.9
36705	1396.0	1665.0	6924.3
4906	1395.9	1680.8	6845.3
2384	1384.8	1658.4	6746.1
5437	1368.3	1596.6	6498.0
16609	1373.9	1597.7	6551.0
23386	1387.6	1710.4	6883.2
8924	1375.8	1614.7	6670.6
19795	1393.8	1650.7	6749.9
12368	1377.0	1657.2	6752.6
2287	1389.8	1600.7	6943.3
38609	1373.8	1617.1	6843.8
32924	1395.6	1694.3	6914.1
6173	1379.0	1604.5	6521.3
27462	1382.1	1634.5	6830.5
35946	1368.0	1569.5	6542.7
19984	1393.9	1637.9	6741.7
8388	1387.7	1633.6	6738.6
32265	1388.0	1628.7	6681.8
27632	1385.1	1605.4	6805.2
32288	1386.0	1595.6	6662.1
10436	1381.9	1636.5	6718.8
22980	1380.7	1642.8	6658.7
2236	1392.1	1562.8	6619.0
7716	1371.6	1582.0	6563.3
25594	1390.6	1634.7	6834.0
10605	1388.0	1639.5	6799.8
8639	1379.8	1647.9	6647.3
35023	1373.6	1558.4	6618.7
9774	1384.6	1629.3	6613.5
21843	1390.2	1598.3	6687.4
23783	1393.0	1669.5	6791.2
15533	1370.7	1611.7	6450.9
20996	1386.2	1669.6	6775.8
37153	1369.9	1599.0	6475.5
33765	1380.1	1626.0	6704.9
3961	1375.3	1610.9	6652.0
4299	1396.4	1714.5	6962.6
3506	1381.7	1601.3	6807.8
8339	1396.7	1655.5	6868.2
3564	1386.6	1614.1	6648.8
28607	1381.7	1608.2	6550.5
26964	1395.4	1625.2	6904.3
27708	1386.7	1631.4	6710.8
22871	1376.5	1605.6	6597.9
39216	1382.5	1601.3	6591.3
35025	1377.3	1631.6	6694.6
39020	1381.6	1593.7	6723.4
33039	1385.7	1630.9	6793.8
18405	1391.6	1615.5	6669.8
38042	1385.4	1636.6	6763.3
11321	1392.5	1648.9	6939.6
21194	1380.4	1631.2	6677.1
23569	1376.5	1595.8	6424.3
6597	1398.1	1649.0	6836.0
19450	1383.9	1592.4	6631.6
38448	1390.2	1630.3	6700.7
32353	1375.3	1630.1	6652.9
32804	1390.4	1621.8	6776.2
26010	1384.8	1603.7	6705.9
11753	1389.0	1726.4	6939.4
602	1378.2	1585.5	6639.2
25451	1385.7	1593.0	6652.2
28761	1376.9	1584.2	6516.3
11681	1379.8	1662.2	6733.9
409	1387.1	1647.2	6792.7
7553	1380.5	1602.5	6583.1
23537	1395.7	1657.4	7055.5
28184	1378.5	1591.2	6610.0
3714	1381.0	1632.1	6634.7
33750	1387.7	1627.4	6768.1
36327	1391.9	1695.5	6913.5
28449	1393.1	1661.8	6797.6
15659	1393.3	1602.2	6753.8
34714	1388.0	1633.3	6751.6
39633	1375.0	1610.2	6517.9
1443	1389.6	1595.1	6790.1
24586	1373.8	1607.5	6577.7
667	1388.7	1621.7	6862.5
6960	1381.4	1633.6	6676.5
24787	1378.3	1648.0	6702.9
26577	1386.2	1616.1	6728.6
3022	1385.7	1635.6	6655.9
15773	1382.4	1645.2	6705.7
26042	1384.1	1645.9	6854.3
6296	1385.9	1624.0	6700.8
33799	1390.4	1613.0	6850.0
24361	1378.5	1644.7	6706.2
9388	1379.6	1654.0	6686.0
9915	1394.6	1641.5	6805.6
26860	1383.8	1595.4	6710.7
