39892	1377.6	1591.7	6681.0
18353	1376.2	1594.0	6604.5
29646	1379.1	1658.0	6903.7
34806	1383.7	1593.3	6733.1
25389	1390.9	1652.4	6741.3
18902	1379.3	1683.1	6767.1
12921	1383.1	1630.0	6696.4
21683	1375.2	1572.7	6526.2
27392	1364.2	1566.8	6312.0
25490	1385.9	1606.7	6637.9
28475	1383.1	1634.5	6627.6
6011	1375.5	1657.9	6806.1
15428	1387.6	1661.3	6799.7
37490	1367.2	1518.5	6397.1
32253	1386.8	1630.4	6881.4
10338	1387.3	1613.1	6638.0
32032	1387.2	1659.5	6845.2
18416	1388.7	1722.3	6994.7
14085	1383.4	1604.3	6594.9
6665	1395.1	1623.8	6782.0
31791	1380.6	1657.9	6851.2
24940	1397.5	1688.1	7064.9
31193	1397.5	1652.5	6981.7
30051	1377.5	1617.1	6543.5
21569	1399.0	1657.7	6942.4
30416	1391.7	1642.6	6847.4
1845	1399.8	1663.5	6860.4
29458	1381.9	1561.2	6550.7
24530	1379.5	1619.3	6706.0
9765	1381.0	1619.4	6782.6
7947	1374.8	1596.0	6515.3
29004	1387.9	1666.2	6775.4
39607	1384.7	1583.8	6670.4
19818	1379.5	1583.4	6452.1
16454	1386.7	1625.4	6650.1
31965	1384.2	1611.7	6909.2
20282	1397.9	1695.1	6963.3
30326	1388.9	1633.4	6627.1
21210	1384.8	1624.5	6631.7
38667	1384.4	1638.2	6658.8
30654	1385.2	1620.9	6642.0
38691	1393.8	1611.2	6635.0
34603	1385.8	1592.6	6681.7
21935	1384.1	1645.0	6675.1
33411	1375.3	1582.2	6529.1
9682	1384.9	1605.4	6664.0
37150	1381.8	1578.6	6525.7
15400	1374.2	1559.5	6471.1
22228	1379.6	1604.7	6640.5
10530	1384.9	1612.1	6670.3
27161	1390.6	1660.2	6973.3
25747	1374.9	1581.7	6448.7
34518	1387.8	1621.1	6659.5
11856	1381.8	1614.1	6739.7
20812	1388.7	1618.3	6864.5
34087	1391.9	1640.0	6723.4
39416	1397.4	1633.5	6987.7
19254	1377.7	1590.8	6593.3
28046	1379.3	1597.7	6606.7
39859	1371.1	1598.8	6451.3
201	1390.4	1609.3	6807.6
37024	1386.8	1612.3	6641.5
35034	1391.8	1603.9	6760.2
32919	1384.5	1599.6	6681.9
1530	1390.1	1610.4	6713.7
17413	1395.2	1626.7	6867.4
32147	1373.0	1607.7	6458.3
27627	1388.2	1711.5	6875.8
19131	1370.0	1573.8	6617.1
3585	1369.7	1591.7	6543.4
14809	1388.1	1625.0	6709.1
15485	1388.0	1625.2	6719.2
12251	1388.3	1658.2	7115.9
16359	1390.2	1627.9	6919.0
35514	1389.8	1627.1	6702.3
27181	1393.7	1651.2	6846.6
31739	1384.1	1630.2	6786.8
23313	1393.9	1676.2	6827.5
4670	1399.6	1662.6	7138.1
25681	1385.4	1658.0	6683.5
19447	1389.0	1614.1	6859.7
15832	1381.5	1628.1	6680.6
2930	1388.4	1611.2	6730.3
9340	1383.8	1684.1	6760.8
23396	1400.3	1660.5	6958.7
34743	1398.0	1683.1	6901.7
39547	1380.4	1647.2	6680.0
10669	1382.1	1614.7	6653.4
1839	1384.8	1609.1	6666.1
11312	1395.2	1683.7	6851.6
35938	1384.6	1651.5	6618.9
31379	1380.0	1645.3	6672.2
29582	1380.5	1626.1	6728.0
25346	1377.1	1592.6	6555.3
5951	1392.4	1659.4	6730.6
16311	1382.5	1573.5	6578.5
32377	1392.5	1670.7	6939.0
18787	1393.9	1659.3	6820.5
28500	1385.3	1625.1	6667.1
25605	1372.1	1576.2	6477.9
25042	1387.3	1608.3	6781.1
35807	1370.2	1607.4	6558.7
18160	1390.8	1675.3	7057.3
6392	1380.0	1630.9	6612.2
1533	1385.2	1662.1	6712.1
31818	1398.6	1637.1	6972.7
29949	1391.9	1658.5	6945.3
28387	1401.4	1665.5	6871.1
20294	1393.1	1732.6	7143.5
8676	1387.3	1627.7	6740.8
37014	1386.8	1592.8	6666.5
35151	1379.7	1637.7	6711.0
31034	1384.7	1583.6	6676.5
1499	1383.8	1642.9	6870.4
2337	1388.6	1604.8	6750.8
24501	1372.6	1524.8	6465.0
13450	1384.5	1611.7	6644.0
4521	1390.7	1684.4	6926.5
5453	1392.4	1665.3	6853.8
21140	1387.8	1614.6	6732.1
21465	1388.5	1629.4	6698.3
34244	1391.1	1649.1	6852.2
35748	1377.1	1643.5	6643.6
26333	1384.2	1624.6	6698.5
20681	1377.4	1644.2	6897.3
6959	1386.0	1616.1	6691.2
29642	1384.1	1605.8	6613.6
24008	1380.4	1611.0	6610.3
35559	1385.1	1626.7	6661.4
8383	1389.8	1625.3	6724.6
27186	1386.4	1596.4	6731.9
171	1386.7	1665.5	6859.0
23747	1376.6	1618.9	6594.8
38261	1380.7	1612.4	6656.8
14026	1390.7	1639.2	6749.1
29686	1386.0	1630.2	6757.5
36724	1385.0	1609.9	6756.0
34860	1380.0	1636.7	6570.7
9790	1393.4	1680.8	6796.0
20826	1375.9	1570.1	6563.4
30418	1381.1	1622.2	6649.9
15724	1385.8	1636.2	6826.5
30473	1399.8	1688.7	7119.0
15915	1373.8	1611.7	6677.2
14555	1377.5	1583.2	6578.6
16256	1387.6	1661.3	6710.1
5625	1381.2	1628.8	6703.2
31507	1386.1	1658.8	6846.6
9636	1381.9	1629.7	6699.3
7993	1373.2	1576.6	6485.2
33958	1393.7	1697.9	6947.7
15778	1388.2	1645.5	6782.0
29502	1375.8	1619.4	6717.5
4450	1380.2	1637.4	6672.2
9331	1390.6	1614.4	6676.0
28909	1399.0	1669.1	7051.2
2698	1380.9	1661.6	6742.5
4586	1382.7	1622.0	6649.4
9117	1386.6	1644.1	6814.1
38869	1392.9	1653.5	6910.7
9024	1379.7	1602.6	6619.4
6051	1392.8	1637.9	6933.5
34736	1392.3	1648.2	6825.6
38373	1386.6	1579.4	6591.2
13945	1384.4	1598.5	6629.5
13724	1379.6	1654.0	6972.2
8639	1386.4	1627.1	6720.0
10316	1389.1	1658.2	6731.1
29991	1386.3	1628.4	6667.9
23093	1398.3	1705.9	7174.9
24862	1385.1	1579.5	6672.7
25019	1392.1	1611.6	6684.5
4467	1391.9	1676.3	6841.3
35827	1401.2	1684.9	7004.7
17004	1389.9	1610.4	6659.6
7075	1383.0	1703.5	6844.3
611	1382.7	1621.9	6712.4
2909	1378.0	1592.4	6802.0
11547	1399.0	1753.0	7140.2
6983	1373.7	1589.0	6731.6
33660	1380.9	1605.2	6676.8
1631	1381.0	1607.6	6570.3
17995	1376.9	1623.7	6659.0
11611	1382.1	1644.4	6703.0
23067	1386.0	1630.3	6851.5
4160	1393.5	1645.8	6824.7
3078	1385.3	1620.4	6700.8
31986	1395.3	1649.9	6977.7
25746	1384.3	1589.7	6703.6
18400	1383.5	1623.5	6705.8
15221	1380.6	1601.3	6625.9
31129	1387.4	1670.4	6897.5
32365	1391.3	1626.7	6838.5
32736	1380.3	1606.2	6625.0
23352	1381.4	1648.8	6881.1
25342	1386.2	1602.1	6607.4
18387	1379.7	1613.4	6610.8
19274	1379.7	1650.7	6879.1
25156	1398.5	1726.1	7379.7
37947	1377.4	1593.2	6593.9
8761	1396.9	1671.2	6952.9
6470	1393.4	1683.9	7064.6
8240	1381.0	1564.5	6530.5
2384	1373.6	1610.3	6549.9
29845	1378.0	1645.7	6763.1
387	1378.9	1568.5	6541.7
4487	1376.1	1605.6	6660.8
4463	1380.2	1601.6	6573.0
22994	1385.2	1603.5	6598.4
8139	1392.6	1733.9	7000.0
10666	1384.2	1625.1	6575.6
3198	1386.8	1663.1	6761.4
28146	1378.5	1569.6	6518.1
39483	1382.9	1602.9	6618.6
28822	1392.1	1623.9	6767.8
21603	1397.8	1640.1	6873.5
36172	1388.8	1573.3	6624.3
39691	1382.2	1625.0	6649.0
27793	1386.9	1600.3	6650.2
18869	1397.8	1677.4	6909.8
4554	1392.2	1647.0	6770.1
11113	1387.4	1633.2	6771.2
23746	1388.0	1663.8	6761.6
39646	1380.5	1594.6	6742.5
34316	1391.0	1666.8	7026.3
32798	1388.2	1616.2	6684.2
36451	1397.1	1627.3	6802.8
16904	1398.6	1704.6	7136.0
28918	1387.1	1595.2	6601.5
13041	1384.0	1632.3	6623.0
18744	1379.5	1619.8	6607.6
9619	1388.3	1660.4	6717.7
5200	1380.2	1619.6	6642.6
22480	1376.1	1587.0	6758.3
20909	1378.6	1594.5	6567.7
18703	1375.9	1603.7	6589.3
17493	1374.7	1663.2	6650.8
15652	1390.4	1641.7	6744.6
33754	1397.6	1689.1	7170.1
35489	1378.4	1594.7	6667.4
1730	1377.0	1582.4	6534.8
24996	1386.5	1617.9	6591.3
19199	1389.5	1675.5	6881.2
26691	1391.2	1630.7	6716.3
9	1391.7	1626.1	6872.5
26180	1391.5	1620.4	6696.6
25628	1387.0	1627.2	6707.3
6815	1384.5	1663.2	6737.4
25607	1384.8	1623.2	6796.6
24158	1384.4	1642.4	6995.9
15540	1379.7	1581.3	6554.4
39311	1385.7	1639.6	6857.0
23054	1393.0	1665.1	6804.7
3297	1377.7	1629.9	6660.5
33074	1398.0	1666.9	6939.2
39537	1378.8	1582.7	6917.9
17069	1387.6	1584.8	6671.0
11745	1377.7	1610.4	7411.7
27494	1380.1	1603.5	6559.9
3336	1384.7	1662.4	6767.6
32633	1380.4	1632.6	6643.2
35602	1381.7	1570.2	6692.9
26328	1386.0	1629.8	6789.4
34978	1385.6	1576.0	6522.3
7426	1388.2	1576.7	6616.5
17483	1397.3	1683.5	7127.0
27831	1394.3	1705.8	6904.1
25979	1401.8	1683.2	7149.1
5256	1383.1	1601.8	6600.7
27366	1388.1	1650.6	6892.3
20065	1385.6	1603.1	6746.6
7655	1394.5	1614.2	6677.5
39793	1381.7	1605.2	6640.0
39802	1390.4	1697.0	6899.8
33756	1378.6	1621.4	6609.1
6749	1398.3	1693.4	6857.3
12631	1379.2	1610.5	6580.7
423	1386.1	1643.7	6699.7
4163	1397.4	1660.3	6827.5
199	1390.2	1594.9	6673.4
6238	1366.8	1594.8	6501.0
32855	1395.4	1636.1	6813.6
23171	1382.2	1617.2	6705.8
17623	1392.9	1626.6	6741.3
37237	1384.8	1668.5	7165.3
9119	1390.2	1622.6	6721.4
12083	1383.0	1626.7	6711.4
38268	1376.6	1579.7	6636.1
24590	1383.0	1569.5	6586.3
34682	1379.5	1573.7	6581.0
6326	1388.6	1625.9	6683.4
11273	1375.8	1584.3	6529.6
7944	1388.7	1615.3	6592.2
16465	1388.5	1666.5	6760.5
3550	1375.1	1582.3	6483.8
25717	1392.6	1657.8	6852.2
19282	1394.2	1620.6	6753.8
19264	1386.9	1636.8	6938.0
6855	1384.0	1606.8	6547.1
39019	1379.8	1625.1	6647.8
34991	1381.6	1643.6	6667.7
7049	1394.8	1665.2	7000.6
3229	1382.5	1631.1	6776.3
16648	1393.0	1627.6	6863.3
22587	1390.4	1637.0	6674.5
6289	1394.2	1657.3	6855.6
23340	1384.9	1657.2	6746.4
36810	1388.3	1619.1	6715.1
3900	1371.3	1570.5	6548.6
28037	1382.8	1626.0	6719.9
32883	1394.6	1626.5	6739.2
11270	1386.3	1635.4	6802.9
6438	1386.5	1580.1	6592.7
24166	1395.7	1649.9	6834.3
5744	1389.8	1611.7	6749.8
18307	1401.7	1682.1	6932.6
9586	1378.2	1621.2	6560.2
23074	1378.1	1649.0	6572.6
29381	1384.3	1588.9	6685.8
37778	1382.0	1549.8	6469.2
35892	1387.9	1573.8	6655.7
31721	1398.0	1672.3	6939.2
27893	1380.1	1629.9	6749.5
22218	1388.0	1665.9	6808.6
3447	1379.9	1621.5	6660.9
10735	1383.6	1590.9	6501.0
21828	1383.2	1624.9	6731.9
13706	1398.3	1693.3	6925.1
15945	1388.3	1665.1	6801.8
15199	1378.2	1592.6	6631.4
658	1373.6	1598.0	6430.0
3539	1380.3	1649.0	6587.6
5868	1387.1	1619.5	6659.4
32055	1381.7	1599.4	6756.4
21803	1390.7	1649.3	6764.1
33000	1380.6	1635.7	6624.7
28755	1373.5	1612.9	6812.2
22932	1376.9	1610.8	6742.6
6576	1378.1	1602.6	6564.7
17864	1381.4	1636.0	6722.5
34703	1382.7	1601.9	6661.1
15505	1390.8	1618.2	6745.7
13194	1386.4	1644.9	6707.4
1129	1380.3	1607.6	6519.6
11354	1384.0	1607.1	6648.5
18331	1381.4	1600.4	6617.4
20307	1382.2	1640.5	6741.6
9342	1388.0	1651.0	6814.8
11288	1381.2	1585.0	6579.2
33791	1380.0	1571.5	6555.5
30424	1376.4	1579.9	6488.5
2457	1400.7	1647.2	7129.9
38685	1391.2	1654.7	6863.1
25016	1376.3	1568.5	6500.3
17371	1378.6	1599.8	6638.9
33161	1382.1	1615.7	6652.6
13402	1373.4	1617.4	6736.3
33066	1390.1	1613.0	6901.6
14225	1384.9	1714.4	7120.9
12052	1385.8	1612.8	6641.3
1626	1382.3	1619.2	6758.0
37760	1400.5	1669.9	7100.3
2092	1402.0	1678.0	6957.3
33252	1384.0	1639.2	6775.6
32358	1388.2	1594.8	6696.3
20806	1384.3	1630.7	6617.1
34489	1387.6	1640.4	6783.3
26627	1391.4	1670.8	6936.6
3116	1382.6	1591.3	6664.0
9280	1388.3	1648.9	6788.5
39172	1381.7	1606.3	6733.9
11767	1375.7	1659.4	6688.1
14253	1402.2	1758.2	7100.8
30102	1384.0	1654.8	6780.4
12109	1390.6	1622.3	6759.3
3188	1388.1	1620.5	6755.3
30327	1392.1	1669.2	6840.9
25579	1396.8	1669.7	6950.6
39854	1388.7	1637.9	6822.7
39206	1389.0	1619.5	6755.4
39437	1378.8	1613.5	6666.1
12765	1393.5	1641.1	6691.8
16412	1372.5	1603.9	6470.9
28959	1379.0	1589.2	6496.8
32512	1377.1	1626.2	6696.9
216	1382.9	1645.4	6759.9
17080	1382.9	1635.1	6696.1
18633	1384.1	1613.6	6805.8
30973	1384.4	1666.1	6697.0
27479	1388.0	1694.6	6979.5
31830	1382.1	1610.3	6582.5
3761	1383.0	1598.8	6685.9
37027	1386.4	1619.6	6669.7
23611	1392.7	1671.4	6933.9
5053	1392.5	1631.9	6869.1
9944	1385.6	1647.4	6696.7
36883	1385.0	1640.9	6688.1
16527	1379.5	1583.7	6447.6
26438	1379.7	1590.8	6591.9
6099	1366.9	1600.1	6494.5
3473	1386.3	1625.4	6827.9
18963	1393.8	1682.1	6907.4
14590	1389.8	1672.7	6772.9
29544	1384.5	1656.2	6645.4
29123	1383.9	1622.4	6683.6
12690	1388.1	1629.1	6719.5
16550	1395.6	1631.2	6875.4
39230	1374.1	1615.2	6557.3
1619	1374.5	1588.6	6483.4
38601	1375.9	1578.2	6574.5
29491	1379.5	1585.1	6541.1
5311	1378.3	1645.9	6799.6
30993	1387.0	1631.4	6698.0
4952	1387.0	1602.1	6631.2
20266	1391.0	1675.9	6765.3
28222	1379.4	1642.6	6829.6
1291	1396.8	1659.3	6872.2
8927	1388.3	1605.3	6730.4
6468	1388.3	1597.2	6803.7
17578	1386.9	1642.5	6765.8
22753	1384.6	1619.3	6759.4
11005	1384.4	1623.4	6721.4
29195	1391.7	1637.3	6763.1
17703	1389.6	1687.7	6939.3
34253	1378.4	1643.4	6768.0
39538	1391.1	1639.0	6779.7
25581	1400.6	1727.5	7165.2
13464	1394.5	1656.2	6812.1
28933	1393.4	1641.7	6937.1
4094	1387.1	1624.0	6696.1
21718	1385.7	1639.2	6935.1
39911	1379.6	1588.6	6507.9
29283	1388.9	1636.0	6739.7
34732	1385.9	1685.4	6863.9
18564	1368.1	1603.4	6469.9
38646	1386.6	1599.7	6608.9
6153	1375.6	1599.9	6540.4
8103	1385.3	1604.2	6748.5
30841	1378.1	1627.4	6724.3
37990	1381.8	1568.8	6546.4
35367	1389.8	1649.8	6758.9
14361	1389.2	1673.1	6894.5
19595	1397.3	1667.4	6846.8
2719	1383.2	1625.0	6560.5
37542	1396.6	1688.3	6967.1
36630	1386.5	1595.3	6786.9
4829	1376.0	1605.0	6563.1
28050	1386.2	1666.5	6906.2
2467	1388.4	1626.2	6715.8
26275	1380.6	1586.4	6544.6
9231	1381.6	1674.0	6815.7
1793	1389.9	1630.0	6728.8
20783	1380.3	1606.1	6712.7
37222	1392.3	1679.2	6798.1
37970	1376.6	1630.0	6613.7
15208	1380.8	1653.6	6736.9
1057	1388.9	1676.5	6904.5
2036	1381.7	1617.9	6712.1
38963	1378.8	1575.0	6588.1
28862	1379.5	1566.8	6634.8
8021	1381.2	1608.1	6673.0
307	1381.6	1635.1	6786.3
12587	1387.2	1622.2	6715.7
10452	1390.3	1661.7	6812.8
26216	1381.7	1602.0	6569.2
30084	1379.8	1584.3	6555.3
14767	1374.5	1595.5	6608.7
24774	1378.0	1589.1	6560.9
11600	1390.9	1654.4	6783.2
37612	1390.2	1620.3	6685.9
6309	1375.4	1603.0	6486.2
22797	1373.1	1562.7	6481.4
24337	1391.9	1637.3	6642.5
28528	1387.8	1630.7	6707.1
28762	1383.0	1624.1	6710.8
6321	1384.9	1616.4	6682.8
1826	1378.0	1558.4	6619.5
32097	1388.5	1633.1	6727.4
3286	1379.7	1632.2	6611.4
30909	1378.3	1612.8	6605.2
35453	1376.3	1625.4	6579.5
5133	1381.5	1626.1	6714.2
1568	1384.2	1603.1	6640.9
14051	1383.4	1612.0	6765.8
15939	1386.1	1635.2	6675.3
10484	1387.5	1676.9	6881.5
2435	1390.1	1616.7	6814.1
13827	1386.4	1641.4	6673.7
14262	1383.8	1620.9	6695.9
9615	1385.1	1650.0	6793.5
16167	1392.2	1669.9	6860.2
29688	1379.6	1617.0	6689.7
22910	1384.7	1593.3	6656.0
11336	1384.6	1609.3	6645.1
6448	1391.1	1636.7	6776.9
4078	1379.1	1652.8	6731.4
19979	1387.8	1617.1	6648.0
2899	1385.5	1667.0	6920.4
1103	1384.3	1605.8	6559.7
22957	1382.1	1635.1	6731.5
12696	1380.0	1604.1	6616.1
35164	1396.6	1714.4	7018.2
11355	1388.7	1637.4	6785.3
404	1383.9	1676.3	6796.7
2076	1387.9	1645.5	6831.3
29712	1392.6	1646.0	6799.2
9003	1374.0	1621.4	6499.2
27138	1394.7	1679.8	6892.8
1177	1380.2	1638.9	6806.2
24207	1390.1	1660.1	6957.7
19522	1394.4	1654.7	6860.7
18608	1380.0	1613.1	6618.6
13049	1379.9	1611.8	6651.2
35647	1383.4	1623.0	6788.8
15310	1383.7	1600.3	6592.8
31324	1377.9	1596.1	6651.6
27100	1384.3	1636.0	6735.0
15338	1381.0	1630.2	6836.3
26478	1394.6	1603.2	6844.8
4114	1387.1	1629.4	6707.0
4045	1377.5	1589.2	6657.1
5627	1374.0	1623.4	6579.5
10282	1384.6	1572.1	6686.6
33669	1379.8	1552.5	6519.9
16610	1389.6	1641.6	6721.8
25412	1377.3	1645.4	6553.0
1396	1396.5	1650.0	6783.2
34276	1379.5	1655.2	6785.7
5217	1388.2	1606.9	6722.2
33944	1385.2	1634.9	6665.0
5718	1399.4	1701.5	6926.4
5690	1380.6	1606.9	6617.8
6156	1383.8	1564.8	6556.5
32490	1388.7	1668.5	6830.3
2101	1386.3	1652.6	6685.8
14916	1391.9	1608.8	6713.8
8349	1386.5	1637.6	6675.3
21871	1395.1	1680.3	6856.2
5861	1380.4	1660.6	6836.4
22993	1399.8	1641.5	6785.6
37344	1393.4	1656.7	6879.6
6488	1395.8	1642.6	6865.5
10226	1383.8	1636.6	6736.8
39177	1391.1	1689.5	6813.2
9338	1380.8	1591.8	6561.7
27019	1387.5	1601.8	6655.7
32141	1376.2	1587.5	6598.8
13927	1391.9	1640.2	6869.1
35964	1387.7	1645.5	6891.4
31494	1379.8	1628.9	6681.1
33908	1385.6	1657.1	6811.0
17853	1381.6	1622.4	6746.8
14740	1386.4	1623.7	6774.3
24828	1379.9	1605.8	6585.4
19775	1390.0	1650.8	6751.7
597	1393.1	1640.8	6830.8
15309	1367.3	1656.6	6499.3
2455	1388.8	1637.3	6699.6
17073	1381.0	1604.4	6666.4
30022	1393.9	1670.9	6983.0
9333	1381.9	1632.1	6837.7
10789	1393.0	1680.1	6839.5
14131	1383.1	1624.4	6679.1
34745	1379.7	1574.9	6673.5
34667	1396.4	1664.6	6973.0
6466	1389.7	1629.3	6800.3
3163	1387.0	1614.9	6593.3
39082	1388.5	1624.3	6808.0
6875	1390.4	1634.4	6809.3
10048	1374.6	1623.5	6581.9
26781	1386.3	1668.0	6825.2
557	1393.7	1715.4	6960.1
26176	1385.0	1627.0	6776.3
33051	1383.3	1573.7	6515.8
38168	1390.4	1637.1	6853.8
13860	1387.8	1630.9	6800.3
33631	1400.6	1621.9	6821.8
38322	1375.0	1659.2	6745.4
5367	1385.8	1637.5	6750.0
31467	1383.1	1602.5	6687.5
39166	1381.2	1609.0	6563.2
13534	1390.5	1640.6	6782.8
8870	1382.4	1613.2	6507.3
18322	1382.8	1599.2	6613.8
517	1385.3	1597.6	6638.9
9888	1387.2	1615.1	6713.6
1931	1391.1	1663.0	6850.1
155	1396.3	1626.2	6702.6
34056	1376.7	1638.4	6633.2
11974	1384.4	1602.0	6663.4
32074	1376.5	1627.0	6617.4
35642	1386.1	1583.9	6614.8
29895	1382.6	1634.2	6617.5
29708	1380.1	1607.2	6665.1
9098	1389.5	1674.7	6747.9
26474	1384.3	1628.0	6664.0
35154	1389.1	1609.0	6782.1
21809	1374.0	1612.5	6538.0
6961	1375.1	1606.7	6495.5
363	1387.8	1639.7	6734.9
26477	1387.7	1647.5	6671.1
15160	1380.4	1636.8	6709.4
28158	1383.8	1626.4	6797.9
33181	1385.8	1601.2	6657.2
2537	1382.0	1614.1	6598.4
32888	1397.1	1660.4	6948.8
36457	1393.2	1695.7	6922.4
15326	1389.3	1596.7	6697.9
39395	1383.7	1594.0	6512.2
5884	1389.3	1615.0	6692.8
16271	1393.3	1714.8	7088.5
4579	1388.3	1704.3	7121.1
22249	1380.1	1598.0	6648.0
36204	1385.9	1620.0	6612.1
1896	1391.9	1678.1	6970.0
10976	1384.9	1655.6	6656.4
35876	1385.2	1635.6	6771.6
5424	1392.8	1637.5	6695.8
18206	1384.1	1643.6	6729.2
23793	1388.4	1605.9	6727.8
33280	1392.7	1661.8	6926.4
37177	1378.4	1599.4	6770.2
24721	1385.6	1618.3	6757.0
22074	1394.0	1703.0	7009.2
27682	1388.2	1637.0	6867.7
6986	1376.3	1593.2	6450.7
9011	1384.3	1636.9	6817.0
13282	1387.9	1646.8	6863.0
35584	1382.9	1589.5	6664.4
32509	1376.9	1613.0	6607.5
21481	1389.5	1657.6	6743.4
19889	1378.0	1616.6	6605.5
11418	1390.6	1617.7	6733.9
26882	1394.4	1681.7	7173.5
28023	1377.1	1617.4	6631.9
17140	1383.5	1589.5	6651.1
12443	1382.8	1628.8	6692.6
12055	1377.2	1623.0	6649.1
23459	1386.5	1600.2	6653.2
13902	1382.2	1653.4	6852.6
36094	1386.4	1601.5	6653.6
37752	1379.8	1625.6	6734.1
19002	1381.4	1660.4	6708.7
19649	1379.1	1616.6	6571.2
5614	1393.6	1665.8	6832.9
30534	1383.5	1624.9	6674.7
27890	1390.8	1604.1	6746.3
33608	1388.5	1636.6	6865.4
1948	1402.1	1670.3	6889.6
17861	1382.3	1593.3	6684.7
16293	1403.5	1702.1	7182.4
8393	1375.3	1618.3	6634.4
7227	1378.3	1602.0	6515.1
4654	1383.0	1647.6	6775.3
26713	1382.1	1599.9	6636.5
14952	1386.6	1602.9	6578.3
25325	1393.1	1615.5	6731.1
18934	1390.5	1679.1	7028.2
24794	1384.4	1641.4	6705.3
16294	1381.0	1611.7	6637.2
30848	1388.1	1606.7	6730.5
27960	1380.4	1613.3	6564.5
35782	1390.6	1608.2	6900.6
39330	1387.4	1601.8	6692.3
30365	1391.7	1650.0	6783.4
29367	1380.8	1661.3	6786.5
20860	1379.4	1603.8	6510.6
20017	1384.0	1648.4	6889.7
9320	1370.3	1584.2	6463.1
10999	1396.9	1690.6	7069.0
4150	1378.3	1580.9	6457.5
29257	1382.2	1643.8	6679.5
14009	1379.8	1610.5	6794.9
19261	1383.3	1606.2	6594.5
5371	1385.0	1638.0	6670.4
9248	1383.1	1635.4	6820.0
8844	1388.3	1640.6	6639.3
17867	1379.1	1585.0	6551.1
22979	1392.3	1587.6	6734.4
19696	1390.4	1663.1	6699.2
24913	1385.6	1663.7	6731.3
21405	1394.9	1654.4	6975.4
23737	1392.5	1652.8	6863.2
38736	1389.3	1635.4	6753.1
18863	1367.0	1556.4	6333.2
23872	1393.7	1628.7	6800.6
17163	1395.8	1651.5	7001.1
37289	1378.4	1625.5	7004.0
38069	1379.1	1639.1	6781.0
19387	1385.7	1600.8	6574.3
31817	1404.7	1642.0	6955.5
9925	1381.3	1647.8	6670.6
27946	1390.0	1642.3	6881.6
5588	1379.7	1605.5	6498.3
11284	1384.0	1630.9	6761.8
24670	1385.8	1633.1	6816.6
15899	1381.2	1584.4	6645.6
16865	1385.1	1629.6	6705.9
21363	1393.3	1623.4	6720.0
25088	1387.2	1619.6	6898.9
24980	1383.4	1630.5	6819.9
9703	1379.9	1575.2	6501.6
32101	1385.4	1657.4	6947.1
25115	1377.4	1586.8	6544.3
4971	1392.7	1651.2	6804.9
29761	1394.5	1653.3	6793.3
23736	1375.1	1557.7	6407.5
7984	1381.0	1639.6	6709.2
24411	1400.7	1666.0	6959.5
14041	1374.9	1574.8	6492.6
19972	1386.5	1640.8	6661.8
13790	1376.6	1605.2	6569.7
84	1391.0	1648.6	6765.4
17114	1388.4	1645.6	6781.4
7562	1386.1	1647.6	6784.4
38251	1382.3	1605.9	6543.2
38798	1382.7	1583.8	6733.9
25582	1382.9	1649.4	6697.4
17792	1392.3	1662.9	7088.4
39199	1379.8	1611.2	6671.1
19284	1377.9	1646.0	6641.4
35926	1400.5	1684.0	6898.2
26756	1380.0	1599.2	6649.5
13068	1389.0	1655.9	6685.1
16046	1396.7	1631.8	6844.4
39702	1388.0	1665.8	6727.0
11016	1384.7	1607.3	6741.3
34937	1384.1	1563.9	6583.5
4355	1390.4	1683.5	6856.1
20869	1386.2	1615.3	6633.3
32207	1388.8	1648.2	6796.8
1178	1384.0	1608.1	6702.4
37063	1376.3	1625.1	6724.5
27470	1383.8	1571.8	6536.6
11697	1387.0	1633.8	6745.5
19835	1378.8	1610.7	6538.4
19890	1388.5	1652.1	6926.4
1333	1381.9	1585.1	6603.1
10523	1385.8	1630.0	6758.3
23863	1387.0	1612.6	6832.1
12799	1385.2	1635.5	6728.3
13304	1385.8	1609.5	6750.7
16276	1388.2	1624.3	6797.2
9151	1369.6	1545.9	6419.5
12850	1376.1	1589.5	6695.7
10379	1370.0	1553.3	6418.8
33440	1366.6	1584.7	6424.8
14157	1382.9	1614.4	6663.4
3186	1386.1	1594.0	6724.8
25617	1394.0	1595.8	6788.5
30784	1401.5	1694.3	7193.1
6492	1381.7	1613.2	6712.1
20802	1383.3	1628.7	6766.0
29682	1387.1	1604.7	6660.5
20870	1396.8	1665.9	6894.6
33621	1380.9	1672.1	6768.0
28668	1379.2	1621.0	6619.6
3613	1395.3	1666.9	7166.8
35683	1386.2	1606.7	6712.8
37774	1383.1	1651.0	6753.2
23013	1378.6	1573.4	6519.1
20416	1383.1	1665.2	6858.0
16000	1389.8	1608.5	6891.0
22466	1385.3	1633.7	6838.5
37279	1389.3	1602.7	6669.4
30074	1376.5	1572.2	6529.6
4147	1386.9	1658.7	6875.4
33712	1386.1	1657.7	6889.1
21194	1375.2	1625.0	6827.1
31234	1386.0	1607.0	6608.0
15089	1396.5	1710.0	7177.4
13782	1381.6	1648.7	6761.0
25160	1391.2	1676.8	7037.6
4595	1384.4	1624.3	6721.0
10090	1381.4	1647.5	6683.4
14949	1386.7	1661.1	6851.1
2636	1376.5	1652.2	6578.9
29972	1387.8	1608.2	6614.7
13262	1395.2	1586.0	6657.8
26423	1383.0	1601.7	6570.3
7410	1384.6	1618.8	6596.3
10932	1386.0	1652.9	6737.9
27637	1392.5	1619.1	6766.0
30624	1389.1	1559.3	6689.3
13005	1381.5	1647.1	6821.8
1490	1389.5	1672.0	6819.2
12365	1372.5	1574.8	6491.8
20798	1385.1	1588.6	6525.0
16206	1391.6	1686.8	6908.3
16769	1394.4	1652.4	6892.6
5503	1394.2	1654.2	6906.5
38012	1389.6	1638.1	6688.0
27422	1390.5	1684.6	6836.4
20062	1383.3	1596.6	6652.8
15727	1371.5	1644.3	6651.9
26723	1384.7	1585.9	6678.4
31645	1385.7	1639.1	6729.7
820	1383.7	1652.7	6668.8
27803	1371.9	1584.5	6665.2
39477	1396.7	1646.3	6809.3
16770	1378.4	1611.9	6528.4
24958	1388.7	1637.4	6753.8
37581	1386.4	1656.6	6722.3
36185	1386.2	1655.0	6715.5
3280	1372.0	1597.3	6453.6
13735	1388.7	1610.9	6715.5
76	1388.5	1634.1	6672.9
35999	1390.2	1590.7	6637.4
14117	1387.1	1638.0	6795.5
31087	1389.0	1614.6	6686.7
1501	1377.3	1607.6	6513.6
23122	1394.5	1652.0	6763.2
10856	1380.4	1586.4	6584.3
7438	1391.3	1648.7	6709.8
1265	1380.8	1608.4	6692.1
37371	1389.4	1664.4	6953.1
6954	1374.8	1647.0	6593.9
28677	1379.9	1594.4	6677.6
24246	1378.4	1598.3	6513.9
2097	1376.9	1599.7	6732.8
34108	1383.3	1603.3	6595.2
11392	1386.5	1648.4	6695.5
32410	1387.1	1693.1	6889.9
13675	1381.5	1592.1	6491.8
2751	1392.4	1618.0	6721.8
19074	1385.9	1619.6	6657.3
8016	1386.4	1588.9	6619.3
19313	1370.3	1592.1	6488.6
340	1389.3	1678.8	6849.8
29408	1377.9	1619.6	6639.8
1482	1390.3	1662.5	7117.5
24970	1387.0	1616.0	6635.7
37699	1379.2	1641.2	6576.1
26114	1388.2	1615.5	6679.4
33799	1388.3	1627.5	6795.8
29119	1387.9	1660.2	6905.2
36135	1399.6	1681.2	6957.1
33367	1382.5	1580.3	6630.2
15721	1394.8	1656.9	7108.4
23501	1385.7	1592.7	6645.8
14409	1380.5	1607.5	6531.0
1045	1388.4	1658.5	6739.0
24675	1384.9	1626.7	6644.6
2015	1378.1	1643.2	6624.0
6049	1379.5	1629.9	6664.3
30163	1386.8	1619.5	6697.5
35596	1394.2	1650.1	6792.1
7137	1381.7	1589.4	6661.6
33493	1378.6	1593.6	6520.4
35593	1380.1	1595.1	6785.5
8038	1385.4	1596.1	6612.0
20044	1389.7	1656.1	6858.8
31075	1384.2	1586.4	6700.5
7342	1391.2	1625.6	6804.7
11050	1389.6	1610.9	6754.0
27944	1394.2	1673.6	6973.2
8958	1385.9	1611.1	6660.7
29986	1393.2	1657.3	6799.5
13191	1376.6	1653.3	6826.8
24442	1376.5	1601.8	6564.3
17288	1377.0	1601.9	6538.5
16398	1393.9	1671.0	6837.8
16982	1391.5	1665.3	6866.0
15024	1376.1	1608.9	6545.9
3659	1390.4	1609.0	6826.6
35124	1378.7	1572.6	6661.5
18524	1381.4	1624.1	6617.2
17025	1394.7	1654.1	6945.8
10485	1391.5	1703.0	7107.5
11036	1389.5	1669.4	6739.3
22660	1386.6	1617.5	6825.2
5260	1380.5	1626.1	6637.6
29073	1376.8	1592.7	6544.8
10357	1391.8	1604.3	6610.8
723	1396.2	1625.9	6736.0
32584	1393.7	1623.0	6694.7
1221	1389.1	1670.7	7254.8
13348	1377.0	1593.9	6640.4
13334	1388.8	1671.3	6830.7
10796	1382.4	1650.5	6873.1
29350	1379.5	1610.0	6630.7
21020	1385.3	1650.1	6884.6
37884	1385.4	1712.0	6863.2
37506	1381.5	1619.9	6656.3
29983	1388.6	1614.8	6684.2
2420	1390.5	1638.8	6880.7
959	1370.7	1566.3	6503.8
28768	1400.1	1679.5	7128.8
20654	1375.1	1604.2	6491.6
35081	1396.1	1654.7	6847.7
10907	1391.8	1673.9	6902.4
20428	1384.2	1689.5	6900.6
14156	1376.5	1630.9	6555.2
7759	1397.1	1679.0	6983.7
18743	1387.7	1626.2	6731.7
8506	1390.9	1626.2	7155.4
37686	1396.4	1705.4	6803.7
24669	1395.6	1691.8	6806.1
10291	1385.2	1645.6	6762.7
2729	1378.0	1609.2	6581.6
21352	1384.4	1606.9	6777.0
19120	1384.9	1614.4	6702.8
10958	1393.1	1638.3	6857.7
11401	1381.2	1655.5	6767.4
23744	1383.0	1648.0	6764.0
29553	1379.4	1653.2	6758.0
35053	1372.3	1551.6	6436.1
25278	1398.4	1693.8	7028.4
26604	1369.6	1544.5	6441.9
32787	1389.8	1620.7	6699.6
21032	1395.0	1641.2	6837.2
12854	1390.9	1665.3	6785.8
31727	1383.8	1631.8	6764.6
549	1387.6	1658.2	6803.5
18774	1392.1	1646.5	6918.8
34990	1387.4	1622.0	6727.6
8684	1386.7	1655.1	6717.0
5172	1400.3	1641.9	6819.9
22194	1386.5	1659.2	6853.9
20129	1388.6	1619.2	6626.8
35854	1382.8	1636.7	6883.9
20871	1382.7	1635.9	6964.3
33759	1391.0	1606.9	6713.4
37323	1388.0	1634.3	6824.5
23764	1387.0	1626.2	6771.5
28600	1396.2	1692.7	6955.7
10524	1392.1	1695.8	7004.3
3129	1392.2	1655.9	7116.8
38149	1383.9	1641.6	6843.3
28353	1381.8	1638.2	6718.2
31103	1393.2	1601.4	6684.5
17208	1387.9	1643.1	6785.4
25701	1388.7	1637.1	6883.3
20162	1383.4	1597.7	6690.8
28033	1378.8	1600.5	6656.4
17203	1383.7	1679.1	6741.9
5306	1383.9	1666.7	6795.4
27668	1378.1	1630.6	6631.4
32046	1380.6	1594.9	6608.2
8215	1396.9	1698.0	6977.4
34488	1377.6	1577.3	6558.1
24557	1390.6	1587.5	6520.2
30200	1385.6	1625.9	6699.8
34	1387.8	1627.0	6701.8
13517	1375.3	1564.2	6446.4
2186	1387.7	1625.8	6725.8
16338	1394.5	1668.7	6903.1
33363	1394.7	1652.5	6730.6
29453	1382.2	1611.2	6650.2
9210	1371.2	1552.7	6342.3
37015	1386.0	1606.1	6765.9
24420	1383.6	1622.5	6707.0
6331	1397.2	1690.0	6894.2
39203	1376.0	1605.1	6572.5
35011	1379.4	1669.3	6703.0
2404	1388.0	1685.1	6996.3
1268	1395.3	1669.2	6968.0
14280	1388.7	1638.5	6884.4
38117	1390.9	1621.2	6736.5
32483	1383.4	1614.3	6723.7
19794	1385.3	1643.6	6736.2
19716	1375.1	1605.4	6713.8
31594	1380.2	1621.6	6710.6
39013	1379.1	1579.8	6483.9
12889	1384.8	1596.4	6568.5
29939	1378.3	1605.5	6728.9
14241	1397.6	1681.7	7890.5
24458	1382.0	1633.8	6586.7
21804	1393.7	1660.6	6846.6
23817	1387.3	1630.3	6760.6
14480	1375.9	1572.1	6682.1
15973	1390.3	1630.1	6689.9
32072	1393.5	1617.0	6756.7
24156	1393.2	1688.3	6834.6
27952	1394.5	1629.9	6832.2
403	1393.2	1684.5	7100.6
33276	1386.7	1653.7	7088.6
36179	1383.9	1572.2	6614.9
25017	1398.5	1649.6	7094.9
9070	1374.9	1592.3	6636.4
15667	1383.2	1614.8	6549.9
30064	1374.6	1541.8	6572.5
14982	1384.3	1662.4	6870.2
17164	1384.0	1587.1	6634.3
21765	1383.9	1590.2	6682.6
18185	1384.0	1583.6	6649.8
2361	1371.7	1591.7	6482.6
8554	1375.2	1601.5	6489.4
21913	1383.3	1607.2	6644.3
4525	1382.4	1580.9	6674.7
4384	1387.6	1688.3	6815.8
14758	1387.7	1610.6	6776.7
36758	1371.5	1613.5	6573.0
12891	1381.0	1620.6	6665.1
10609	1382.8	1640.0	6799.2
36701	1368.5	1556.2	6388.9
38018	1374.4	1654.4	6590.8
13182	1389.6	1623.6	6676.9
20576	1388.6	1640.2	6735.7
13846	1382.9	1654.9	6831.5
