45670	1914.6	2173.6	21256.9
58249	1894.2	2138.6	20723.5
99639	1910.5	2110.0	21486.8
93356	1888.1	2141.2	21343.6
57397	1892.6	2120.2	21819.1
6587	1894.4	2148.3	21124.1
81541	1897.3	2154.4	21563.4
55853	1924.7	2165.3	21549.5
9068	1898.1	2113.0	20937.1
9044	1898.6	2139.8	21219.3
76337	1895.3	2126.0	21105.3
24782	1896.0	2145.3	20637.5
90889	1938.3	2178.4	21525.0
12986	1868.4	2060.8	20563.7
28519	1872.8	2101.1	20973.8
49621	1903.9	2131.6	21197.4
41550	1885.3	2134.7	21873.2
20877	1880.7	2088.8	20609.1
5219	1889.9	2117.9	20836.8
57253	1896.9	2143.8	20950.2
36150	1892.1	2096.2	20690.3
98464	1899.2	2085.2	21286.3
54525	1886.4	2098.4	20860.6
75861	1887.8	2141.2	21069.5
69234	1902.4	2113.5	21205.4
31666	1897.5	2087.0	21231.5
67759	1891.4	2095.7	20876.1
21675	1894.0	2186.9	20934.2
72868	1885.3	2177.6	21587.5
70263	1900.7	2120.2	21267.9
28159	1920.8	2212.4	21335.5
5009	1877.4	2094.2	20531.4
36325	1918.2	2180.4	21409.3
57857	1913.9	2188.8	21645.6
55797	1903.3	2184.6	21778.8
94	1910.9	2184.6	21725.4
666	1899.4	2167.5	21115.2
47411	1900.7	2164.3	21291.2
28719	1915.0	2222.8	21434.5
29705	1906.8	2181.3	21401.4
55214	1943.5	2260.7	23044.8
43431	1881.2	2051.2	20506.4
36316	1891.5	2108.4	21229.2
72381	1887.7	2093.2	20942.5
33113	1892.2	2096.5	20845.7
89740	1913.8	2162.1	20862.1
71100	1891.9	2055.7	20836.0
71334	1908.1	2154.6	21064.2
87077	1879.4	2059.7	21149.6
61154	1880.8	2072.8	20560.3
62831	1917.1	2212.4	21406.5
92523	1894.6	2095.5	21026.3
84795	1926.0	2218.1	22054.5
76457	1901.3	2139.1	20996.7
98916	1912.2	2190.7	22080.6
22046	1926.8	2118.3	21381.7
52928	1897.6	2083.0	21082.9
99508	1905.1	2123.9	21071.6
60419	1893.0	2126.4	21169.8
96762	1904.2	2161.1	21465.8
89644	1908.9	2142.9	21079.8
95265	1873.9	2015.1	20363.2
66561	1887.8	2163.3	21315.7
6674	1896.4	2115.7	20989.0
37615	1881.1	2139.2	21363.0
48277	1907.5	2113.3	21063.4
84285	1905.1	2110.5	20947.1
51503	1882.3	2094.2	20829.4
24624	1896.0	2116.0	21115.9
95809	1925.1	2163.6	21165.8
8327	1893.1	2150.8	21257.8
85364	1894.9	2091.3	21101.8
14115	1898.5	2131.3	21284.4
26012	1920.5	2142.3	21409.4
90613	1889.8	2120.0	21045.7
50271	1909.6	2217.1	21756.7
70272	1910.4	2168.3	21286.8
84897	1903.2	2092.6	21137.4
71643	1911.4	2165.4	21317.0
22993	1896.5	2179.4	21103.3
1792	1895.0	2152.4	21134.0
18031	1916.4	2173.4	21731.4
10438	1938.4	2200.1	21451.3
38490	1911.4	2166.0	21119.8
75713	1908.0	2106.9	21112.7
97382	1883.5	2079.2	20743.9
62293	1894.3	2147.1	21250.3
784	1922.1	2165.0	21654.3
55260	1893.6	2143.0	21367.6
86865	1883.7	2145.7	20939.8
82444	1906.7	2104.5	20877.5
60103	1911.3	2160.5	21254.6
95105	1895.3	2091.4	20878.6
73338	1911.4	2137.4	21340.7
3952	1885.9	2170.4	21036.1
12002	1886.3	2137.7	20926.5
44833	1897.3	2121.7	20902.5
54059	1917.6	2215.4	21358.8
70704	1908.9	2151.6	21124.2
4277	1881.1	2090.7	20663.4
6828	1894.4	2152.0	21100.3
74462	1902.7	2158.9	21281.5
91668	1914.0	2157.0	21389.1
83883	1896.1	2070.8	20481.1
65578	1881.0	2117.1	20529.9
28104	1923.4	2183.2	21412.7
31373	1890.4	2084.3	20689.9
74988	1904.0	2130.6	21387.6
57569	1900.2	2160.2	21262.0
48988	1891.0	2080.6	20640.8
39486	1870.8	2060.1	20690.2
17141	1878.7	2099.9	20521.7
6954	1907.8	2149.9	21423.8
62297	1890.5	2087.4	20592.7
9757	1893.9	2139.6	20893.3
33743	1906.7	2219.5	21520.6
37492	1901.5	2143.5	20933.8
5164	1887.3	2133.6	21123.6
64428	1912.4	2104.9	21473.3
87476	1887.2	2087.5	20569.3
44060	1905.6	2169.3	21497.6
30895	1877.8	2120.0	20706.7
80066	1885.5	2116.1	20806.6
64023	1915.5	2193.8	21928.5
1589	1885.8	2087.5	20636.9
24857	1897.8	2203.7	21261.5
20422	1904.1	2134.1	20920.6
30104	1902.9	2141.8	21010.7
83032	1903.0	2120.5	21024.8
81131	1893.9	2119.5	21091.6
41562	1914.4	2192.7	21211.5
59396	1910.4	2121.6	20782.5
62401	1881.8	2134.3	20880.2
84647	1884.2	2090.0	20920.7
37246	1920.0	2140.1	21362.0
31691	1917.9	2144.6	21048.2
96052	1915.4	2171.4	21360.9
8463	1930.8	2202.1	21695.6
24731	1893.5	2145.9	21431.7
34074	1883.1	2114.4	20632.2
73373	1880.2	2107.1	21100.3
38959	1912.0	2138.2	21482.8
61669	1916.0	2140.4	21183.1
84957	1898.1	2170.8	20830.1
25809	1906.0	2167.9	21504.8
21369	1903.8	2145.2	21176.5
91062	1920.6	2208.6	21992.1
19956	1852.5	2069.2	20411.8
82237	1884.2	2105.5	20798.4
24653	1880.5	2107.3	20623.6
25775	1871.7	2122.9	20681.2
46944	1896.1	2174.2	21544.8
24716	1907.1	2090.2	21435.6
77414	1911.4	2157.2	21166.5
11499	1909.0	2165.1	21865.2
41738	1890.5	2121.1	21065.5
53435	1881.3	2128.0	20932.9
60437	1909.9	2156.1	21129.7
4100	1921.8	2161.5	21236.4
36883	1894.3	2125.7	20905.0
95352	1889.0	2125.7	20868.0
59979	1894.0	2072.2	20915.2
88941	1882.5	2092.6	20897.1
50627	1891.3	2152.4	21231.8
9738	1871.5	2089.3	20593.2
61614	1897.4	2148.9	20798.9
95905	1907.6	2143.4	21244.4
63240	1892.2	2096.5	21100.3
57277	1886.6	2053.3	20594.1
89008	1927.4	2198.9	22418.9
36203	1927.6	2186.2	21715.9
16200	1898.3	2164.8	21102.9
84687	1920.4	2149.6	21558.4
27104	1910.6	2120.6	20773.1
15450	1910.4	2194.4	21588.1
18121	1884.1	2105.3	20851.0
56799	1896.7	2096.1	20773.7
89698	1909.9	2178.7	21452.7
7234	1886.1	2150.2	20963.9
44614	1897.1	2093.4	20870.3
37788	1915.9	2201.0	21681.0
52960	1878.0	2085.3	20715.1
42906	1900.3	2133.5	21448.6
64111	1906.1	2102.9	20942.9
1748	1887.2	2159.0	21218.7
52742	1898.2	2191.1	21802.4
13820	1950.6	2291.9	22520.2
85541	1909.2	2151.5	20766.7
24082	1874.0	2168.9	21079.4
79305	1912.4	2141.6	21183.8
1735	1907.0	2115.0	21002.0
44593	1895.0	2102.4	20844.2
70903	1908.6	2179.2	21439.5
76279	1901.4	2127.3	20971.1
63998	1894.8	2089.9	20936.4
93809	1915.8	2167.9	21135.4
30245	1883.9	2109.7	20804.7
35139	1927.2	2202.3	21436.4
19144	1880.2	2177.7	21605.6
56544	1913.1	2172.6	21561.1
34018	1912.1	2156.1	21344.3
41513	1902.5	2150.4	21089.6
95257	1879.3	2104.5	23124.0
56445	1917.4	2142.5	21624.6
70201	1897.8	2146.5	21042.9
35407	1906.2	2141.6	21070.7
77803	1903.1	2152.8	21010.6
89343	1915.0	2152.3	21630.3
87453	1897.5	2113.6	21025.1
17555	1907.8	2117.5	20966.2
27408	1910.8	2149.6	21051.7
79510	1921.3	2150.5	21577.2
1855	1898.7	2196.4	21130.6
49879	1915.3	2125.2	21241.5
43067	1905.9	2136.9	20975.5
65506	1906.5	2127.2	21121.7
76454	1893.9	2138.9	21351.2
52957	1923.4	2134.8	21589.4
56190	1903.6	2137.0	21233.8
29320	1921.8	2194.5	21347.6
40454	1924.2	2253.2	22098.6
63382	1896.7	2140.4	21176.3
69483	1897.7	2189.0	21150.7
43670	1902.9	2133.8	21014.5
55807	1911.0	2139.5	21601.7
95174	1884.7	2121.9	20862.9
3638	1907.1	2147.5	21135.4
37040	1898.5	2129.6	21303.6
20090	1903.4	2135.9	21526.2
92439	1912.3	2167.9	21511.2
81188	1894.3	2084.2	20480.7
31582	1906.5	2109.9	20970.7
49005	1912.0	2138.2	21263.9
34868	1922.7	2220.6	21903.3
95401	1923.3	2199.0	21851.7
72596	1882.7	2053.4	20569.0
4908	1913.1	2101.3	20977.0
46770	1905.5	2125.4	21198.0
68888	1912.2	2166.2	21586.4
93703	1865.4	2036.1	20367.7
78822	1903.9	2133.1	21325.5
25666	1899.7	2151.7	21278.8
73454	1917.6	2165.8	21244.2
41474	1912.6	2191.4	21477.8
25339	1882.4	2122.4	20896.4
1095	1908.6	2118.9	20971.5
74774	1908.9	2129.8	21148.5
83844	1874.8	2100.8	20927.8
10862	1923.5	2240.1	21990.5
65298	1907.0	2158.1	21240.9
94694	1892.6	2146.3	21370.1
41846	1896.2	2142.2	21172.0
41754	1887.0	2073.2	20805.5
48030	1876.3	2103.4	20752.9
7593	1909.3	2155.2	21071.5
6745	1895.3	2147.3	20897.8
20748	1906.2	2102.0	21119.6
95144	1910.3	2182.3	21387.8
62123	1896.8	2085.8	20702.1
51649	1890.5	2111.2	20866.7
11383	1912.1	2154.0	21237.4
10645	1912.1	2131.5	21278.4
27724	1906.7	2107.2	20891.5
42627	1889.2	2106.9	20802.7
99833	1902.5	2126.1	21052.0
38585	1900.3	2209.1	21567.8
17388	1883.7	2112.9	20851.5
26654	1921.3	2137.1	21242.3
48159	1891.1	2114.4	20909.6
82341	1907.8	2164.0	21083.5
52762	1894.3	2129.1	21190.0
94036	1921.1	2270.9	22554.8
7140	1907.0	2196.1	21740.0
95533	1895.2	2099.5	20901.2
26677	1911.1	2150.0	21123.4
93813	1902.9	2180.7	21274.6
20637	1890.6	2075.3	20661.1
82978	1898.8	2141.0	21352.9
12411	1917.0	2210.6	21610.6
58033	1917.7	2130.2	21419.7
58980	1882.9	2060.2	20334.8
56442	1907.1	2093.0	20957.3
73453	1894.6	2228.8	21718.9
52393	1893.5	2111.5	21095.1
85426	1893.0	2165.2	21440.9
73561	1890.8	2123.7	21216.9
58587	1908.2	2115.0	20882.4
12212	1896.5	2113.5	20890.1
70846	1896.5	2115.1	21394.1
87029	1924.6	2186.9	21584.8
4790	1902.9	2156.0	21042.3
55047	1895.4	2124.6	21284.9
29896	1920.2	2190.4	22010.7
46165	1908.8	2138.7	21246.8
33265	1887.3	2129.7	20642.9
62978	1899.5	2100.6	21025.1
57403	1893.9	2119.7	20887.9
44146	1903.2	2153.5	21244.4
37443	1894.8	2177.7	21707.1
45444	1900.8	2160.6	21084.8
89556	1887.8	2057.5	20668.3
57063	1879.8	2120.4	21273.1
54738	1886.8	2150.0	20904.4
54382	1909.8	2193.7	21120.6
32146	1917.0	2149.4	21139.3
72855	1897.1	2133.7	21387.0
63094	1910.2	2167.8	21984.8
32587	1899.8	2154.1	21281.5
63612	1874.4	2047.1	20371.9
9718	1909.1	2116.2	20923.0
85699	1927.1	2089.2	21330.8
37158	1884.5	2095.0	20971.1
8906	1894.1	2170.7	21291.0
58541	1911.6	2224.0	21954.7
14601	1886.2	2109.2	20916.5
53720	1910.3	2133.5	21461.9
72843	1914.6	2123.3	20934.0
45590	1906.0	2115.3	21093.9
33441	1902.8	2116.3	20991.7
3016	1924.1	2176.8	21374.5
47095	1890.8	2133.3	21212.0
3561	1895.9	2225.2	21539.8
16338	1905.0	2107.4	21057.9
37191	1912.7	2173.3	21161.1
16614	1910.4	2144.9	21262.3
63585	1896.1	2141.8	21244.3
1478	1901.5	2133.6	21208.3
79976	1886.8	2120.9	21096.2
72690	1884.1	2095.4	20857.0
62962	1861.6	2050.6	20323.8
25433	1905.1	2152.9	21176.2
73822	1920.9	2173.5	21262.5
51241	1866.7	2083.8	20578.5
61233	1897.2	2145.5	21012.1
75987	1920.9	2161.6	21436.5
14778	1884.0	2177.0	21482.8
58044	1899.3	2152.4	21223.1
72617	1888.9	2114.5	20842.2
87019	1889.6	2111.7	21005.6
578	1888.1	2145.3	21002.0
90896	1895.4	2096.4	20658.3
1235	1913.1	2169.3	21589.3
86254	1884.2	2098.4	20978.0
55194	1903.7	2123.7	20863.7
74873	1924.4	2153.8	21394.6
14247	1890.7	2211.0	21510.3
90209	1903.9	2158.5	21257.4
59314	1886.1	2081.9	20786.8
41611	1882.8	2115.1	20965.4
83568	1929.8	2184.5	21481.3
69117	1913.5	2179.9	21443.8
77392	1898.3	2119.7	21017.8
42214	1894.4	2087.8	21095.1
77818	1903.9	2133.9	21153.7
79252	1910.6	2125.2	21156.5
43547	1905.9	2115.1	20955.7
90946	1876.0	2061.6	20442.3
90962	1913.7	2162.7	21569.5
23134	1889.3	2130.9	20960.1
54398	1912.5	2161.3	21637.8
33036	1913.5	2128.7	21137.9
31331	1919.4	2157.2	21576.2
91241	1903.4	2142.2	21000.3
70691	1914.6	2154.2	21495.6
49674	1914.5	2164.4	21365.4
2491	1902.8	2133.8	21092.0
34455	1925.9	2156.7	21432.0
51430	1903.1	2137.3	21155.6
42938	1914.7	2151.4	21558.8
21642	1935.5	2239.2	22128.3
25309	1904.1	2108.2	21140.1
84412	1889.3	2094.8	20684.9
86401	1888.3	2087.3	20884.9
90127	1898.3	2149.8	20943.3
20831	1895.0	2110.7	20998.2
20041	1896.0	2108.3	20756.7
65558	1894.3	2099.7	20915.6
94212	1891.7	2125.5	20962.6
81101	1875.6	2025.2	20452.7
79544	1881.9	2086.1	20655.1
86564	1917.1	2122.7	21145.9
1143	1899.2	2181.5	21437.1
40984	1888.3	2098.9	20984.2
46816	1895.5	2141.6	21171.9
4144	1915.0	2155.7	21490.2
87100	1923.6	2189.7	21743.7
22063	1900.9	2118.7	20913.5
54821	1918.7	2121.0	21154.1
62944	1887.9	2093.7	21182.0
95909	1916.2	2164.9	21354.8
69065	1901.4	2148.0	21047.2
65488	1897.1	2123.7	20801.2
78597	1898.9	2170.5	21646.9
12294	1896.0	2208.4	21499.7
4013	1899.1	2113.2	21514.6
93393	1917.0	2147.4	21685.0
30218	1902.2	2178.6	21398.5
88476	1902.3	2107.0	20998.7
45483	1922.3	2166.0	21419.5
74032	1904.2	2209.7	21000.4
74660	1899.4	2108.2	20923.7
16820	1874.2	2108.4	20535.6
78411	1882.0	2114.0	21004.3
17627	1889.8	2081.5	20709.6
70752	1920.6	2148.1	21472.3
54146	1909.5	2194.7	21310.1
15261	1902.7	2138.3	20885.3
88193	1902.9	2180.0	21518.4
96605	1876.1	2133.4	20904.6
49998	1922.6	2282.6	22330.9
15552	1907.7	2174.5	21356.6
17030	1891.9	2064.7	20542.5
14812	1908.8	2092.8	20841.1
94489	1916.3	2178.6	21649.2
80467	1902.2	2151.2	21569.7
7329	1911.0	2178.6	21025.9
82959	1902.6	2116.8	21200.7
83264	1905.4	2141.8	21016.1
26468	1898.8	2127.8	20924.8
69208	1907.0	2142.6	21165.8
96237	1901.5	2139.4	21451.7
83841	1884.3	2115.7	20624.1
46597	1900.3	2172.0	21153.8
73807	1877.6	2117.3	21080.3
19170	1888.4	2119.6	21112.7
33946	1895.2	2114.6	21113.3
24005	1922.8	2193.2	21479.5
99009	1919.8	2157.0	21500.1
31860	1895.4	2091.9	20893.1
71503	1915.6	2152.9	21386.8
29756	1884.9	2089.7	20767.4
36244	1907.8	2172.9	21278.1
47103	1910.4	2118.7	22289.4
98449	1900.0	2091.6	21027.2
42144	1908.5	2171.4	21318.5
63323	1895.3	2129.1	21378.1
53717	1894.2	2139.8	20820.8
82888	1876.9	2102.9	20687.9
54813	1893.5	2102.8	20776.0
56431	1887.6	2076.4	20821.6
44014	1893.5	2114.2	21387.2
25410	1884.9	2106.0	20893.2
35172	1897.9	2173.7	21134.8
32292	1919.3	2174.7	21639.1
81930	1898.7	2152.6	21460.9
57687	1896.1	2144.7	21140.5
27311	1900.6	2137.2	22103.2
66902	1886.2	2133.9	21963.7
61616	1892.3	2127.2	21408.9
6995	1879.6	2099.4	20687.8
78680	1913.9	2119.3	21164.7
23022	1898.9	2081.1	20860.5
13176	1873.1	2096.0	20861.5
68812	1921.4	2175.4	21368.3
88762	1892.6	2118.0	21172.3
10970	1911.3	2124.9	21167.4
5148	1911.4	2118.8	21073.4
95744	1902.1	2069.0	21061.1
20186	1911.9	2143.3	21081.5
38068	1873.9	2119.6	21073.9
93924	1914.0	2196.0	21834.8
82266	1902.4	2113.1	20900.1
51474	1891.2	2091.8	20846.4
59366	1908.9	2197.3	21128.8
98660	1901.0	2094.3	20970.3
97105	1902.1	2152.0	21154.5
12554	1898.0	2162.0	21272.4
40338	1886.1	2090.2	20615.3
15350	1906.1	2119.9	20973.1
30507	1907.1	2163.8	21388.2
36550	1908.2	2123.6	21054.7
81702	1919.6	2125.0	21146.9
87134	1904.6	2142.2	21040.1
32761	1871.0	2077.1	20644.9
50190	1911.5	2161.6	21249.9
8994	1887.5	2117.6	20633.7
55713	1918.1	2195.7	21432.0
75991	1904.1	2116.6	21157.1
22571	1885.2	2128.1	21078.3
58861	1904.8	2114.2	21223.4
76093	1907.2	2134.1	21111.4
61542	1910.0	2119.8	21071.6
81504	1902.5	2200.7	21478.9
6955	1910.7	2144.9	21062.2
94722	1887.0	2083.5	20757.0
36160	1914.4	2163.0	21554.6
72224	1891.4	2110.1	20881.8
68227	1902.5	2136.0	21423.3
94770	1906.8	2186.2	21382.2
29575	1884.9	2093.3	20713.4
1409	1899.2	2129.5	21217.5
86358	1879.2	2059.7	20675.4
44689	1887.3	2108.3	20697.1
11438	1920.3	2138.4	21399.1
30831	1915.2	2176.1	21327.6
48646	1905.5	2142.0	21267.0
36526	1896.8	2119.6	21282.1
51542	1904.6	2153.1	21291.6
45009	1913.2	2231.9	21965.8
15345	1891.2	2185.5	21366.5
68927	1876.4	2118.6	20901.4
32556	1939.5	2210.2	21405.9
938	1900.0	2163.3	21231.5
98636	1918.7	2152.7	21687.6
71429	1897.8	2166.2	21679.7
97704	1877.5	2081.9	20635.4
91787	1911.8	2167.8	21553.7
263	1891.0	2161.2	21029.0
6795	1894.0	2109.4	21052.7
21327	1898.5	2117.5	21450.6
47565	1913.0	2146.1	21445.0
32308	1882.0	2121.4	20972.9
36059	1872.4	2042.8	20525.2
6741	1878.9	2116.6	20926.3
91748	1902.3	2102.3	21012.7
24182	1888.7	2135.9	20947.1
6130	1902.6	2168.4	21152.6
72611	1857.7	2099.2	20582.7
60087	1871.4	2104.1	20502.4
56049	1885.7	2060.8	20878.7
20614	1908.9	2169.7	21380.9
72682	1885.7	2110.2	21136.6
66981	1905.1	2137.5	21179.7
91374	1890.3	2149.5	21112.2
27763	1894.9	2137.2	21311.7
83287	1913.9	2149.3	21701.5
80729	1907.4	2103.2	21149.6
96979	1897.7	2115.8	20981.7
82142	1879.4	2113.5	20933.2
3717	1913.2	2186.4	21427.5
36531	1891.5	2029.7	20802.0
855	1890.9	2147.0	21212.8
11117	1905.9	2121.3	21346.4
62583	1857.7	2069.4	20418.7
43383	1905.5	2159.3	21178.3
17217	1888.8	2090.8	20703.9
66025	1917.9	2213.7	22735.5
48934	1896.4	2149.6	20948.5
61931	1889.2	2090.0	21068.5
63582	1896.3	2082.6	20868.0
17120	1888.7	2180.7	21392.6
87323	1907.0	2111.8	21153.5
89087	1904.5	2179.8	21708.4
24568	1912.0	2150.4	21212.1
95653	1896.2	2087.2	21175.1
67065	1903.1	2171.8	21146.8
26971	1887.0	2096.2	21169.1
40894	1890.1	2111.8	20953.2
46940	1906.5	2153.0	20958.7
1344	1891.5	2096.3	20642.3
97838	1883.6	2118.7	20728.3
64464	1888.9	2116.2	20738.5
21479	1914.6	2193.2	21340.1
97440	1899.4	2113.3	21056.5
9507	1920.0	2214.4	21342.3
67685	1898.0	2127.9	21198.7
33414	1906.2	2169.9	21497.9
15448	1919.1	2133.6	20815.1
90915	1896.7	2076.5	20753.9
90827	1927.7	2157.7	21811.4
96520	1917.2	2164.5	21359.0
46331	1902.4	2196.0	21516.7
27852	1894.2	2122.5	20842.3
39002	1892.9	2156.3	21498.5
84492	1890.9	2155.9	21568.0
2444	1890.7	2141.9	21050.3
95958	1901.2	2124.5	21043.7
3428	1894.6	2127.1	21081.3
54970	1893.0	2114.2	20866.0
9957	1908.0	2210.6	21553.7
86548	1899.5	2148.0	21313.8
17349	1897.3	2102.0	20990.9
17211	1920.2	2153.6	21279.0
65395	1915.3	2144.5	21167.1
92991	1896.1	2129.7	20856.3
16695	1907.7	2100.2	21045.9
79344	1880.4	2156.1	21101.9
17039	1899.5	2139.8	21075.4
88513	1919.0	2198.5	21710.2
53831	1906.2	2156.9	21283.7
90551	1909.7	2169.0	21755.6
30627	1896.7	2148.9	21053.0
36766	1910.8	2177.4	21443.7
38640	1904.6	2150.4	21137.8
94839	1897.0	2142.1	21165.8
88397	1885.9	2085.8	21397.4
99929	1867.2	2052.3	20469.0
75649	1900.4	2067.3	21006.2
19589	1914.5	2150.3	21506.7
862	1855.5	2082.3	20727.8
12712	1900.3	2160.1	20793.5
41258	1894.8	2188.4	21246.4
28509	1875.3	2090.3	20610.8
76071	1920.5	2184.4	21584.0
17506	1922.4	2162.7	21407.4
30914	1899.5	2097.1	21093.4
76483	1899.5	2115.9	20912.0
38519	1895.0	2096.7	21065.5
85557	1902.0	2141.9	21335.5
38936	1898.3	2133.9	21017.7
85995	1887.6	2112.1	20566.9
74809	1892.9	2164.3	21844.3
42454	1909.3	2127.1	21024.0
92623	1878.4	2090.4	20972.8
27003	1905.9	2121.6	21014.8
22472	1919.7	2169.5	21396.2
67480	1884.2	2159.2	21292.2
24811	1919.4	2205.9	21713.2
72215	1912.4	2114.9	21256.0
84577	1868.3	2058.0	20889.8
81198	1919.9	2170.1	21510.7
56896	1909.8	2148.9	21320.3
49942	1886.3	2091.7	20653.2
81380	1894.0	2100.7	20779.7
13973	1908.4	2162.7	21303.8
3757	1912.1	2160.4	21467.7
56410	1892.0	2070.1	20507.2
77978	1915.5	2197.6	21816.1
32321	1892.9	2122.9	20707.0
54927	1915.4	2218.8	21611.3
35696	1901.4	2131.6	21029.5
12606	1897.1	2147.7	21135.8
84545	1913.0	2149.1	22074.7
46386	1907.2	2188.4	21298.4
885	1886.8	2116.3	20919.7
27423	1906.3	2151.0	21253.9
64020	1932.1	2155.7	21566.0
99013	1880.8	2091.7	21044.1
86901	1900.7	2116.1	21166.8
43816	1886.2	2128.7	20671.2
94804	1931.7	2160.3	21320.7
18455	1884.7	2116.1	20919.7
21433	1906.9	2170.2	21223.8
12081	1925.6	2209.8	21467.8
7607	1897.7	2170.9	21175.3
40980	1899.3	2145.1	21225.1
37815	1880.0	2074.3	20871.0
31231	1889.9	2104.8	20840.5
64828	1922.8	2165.5	21289.5
65088	1888.9	2148.7	21171.1
52799	1890.8	2123.6	21241.2
72407	1901.3	2138.8	21044.2
86618	1901.8	2128.5	20892.7
49823	1901.7	2103.4	21119.4
22775	1895.7	2106.0	21275.7
643	1905.6	2179.9	21343.1
35006	1909.9	2117.2	20818.4
35307	1906.1	2182.6	20837.0
35391	1907.7	2159.9	21390.9
51343	1893.7	2102.1	20823.0
69398	1899.6	2126.8	20876.1
21968	1895.3	2146.7	21220.4
71996	1892.2	2176.2	20947.7
15213	1922.0	2164.1	21284.4
63813	1892.7	2113.0	21015.5
81346	1895.5	2141.9	21155.9
81033	1909.8	2129.2	21123.4
56614	1898.4	2103.5	20987.5
85575	1907.7	2126.1	21276.3
22004	1896.4	2126.2	20994.6
65108	1901.7	2140.7	21141.0
16176	1909.3	2199.2	21336.4
43386	1885.2	2075.4	20572.0
47916	1881.0	2081.7	20581.3
43005	1900.3	2121.1	20793.0
29411	1901.8	2089.0	21303.0
59259	1902.7	2130.2	21508.1
19110	1891.8	2131.3	21206.6
96297	1898.1	2153.9	21630.8
33462	1884.8	2139.5	21307.1
52148	1893.7	2118.6	21115.4
38491	1905.8	2131.1	20975.7
85542	1920.0	2190.8	21562.9
76803	1916.2	2181.8	21479.3
29870	1901.5	2093.5	20966.4
73134	1889.4	2167.0	21307.8
54070	1917.3	2135.5	21389.8
48182	1897.8	2090.5	20902.3
52541	1894.2	2151.7	21223.3
92150	1895.7	2114.6	20937.1
16231	1899.2	2119.6	21041.3
14183	1895.4	2106.4	20638.8
708	1905.9	2168.8	21518.9
8321	1896.0	2151.2	20989.5
23152	1904.2	2082.8	20841.7
50723	1894.4	2136.8	20838.0
36265	1907.8	2170.6	21646.1
6827	1884.6	2124.0	20904.7
6403	1901.9	2117.4	20746.0
73164	1913.7	2131.0	21207.7
92871	1897.6	2129.4	21142.2
35760	1922.7	2172.1	21252.9
21699	1872.9	2104.7	20557.2
87472	1897.4	2125.4	21165.2
59864	1926.2	2202.3	21852.3
23781	1892.9	2122.8	20933.2
12441	1893.2	2167.4	21095.0
13810	1889.4	2083.7	21356.5
68506	1902.2	2078.4	21300.7
50136	1901.0	2105.8	21088.5
77821	1896.7	2185.2	22990.8
90941	1895.9	2111.0	21100.6
57322	1890.7	2067.3	21099.4
56299	1907.0	2119.0	20846.5
17776	1900.2	2126.6	21285.9
6495	1906.9	2190.4	21405.4
12358	1934.5	2154.0	21395.8
45709	1909.5	2174.2	21011.8
89423	1882.3	2094.8	20801.1
72542	1890.5	2159.8	20991.7
55565	1929.7	2208.7	21983.8
35408	1882.9	2148.5	20670.6
71159	1897.2	2097.2	20533.2
22043	1897.6	2102.5	20895.0
66778	1908.2	2184.7	21585.6
76771	1888.4	2121.1	20679.4
45890	1907.7	2128.0	21288.3
20978	1887.1	2176.1	21427.1
78019	1879.1	2105.7	20670.9
84999	1909.9	2156.6	22021.3
66638	1908.4	2154.4	21535.1
64742	1902.9	2119.7	21087.4
57382	1895.8	2106.0	21019.1
83044	1883.9	2093.4	20657.0
60875	1902.1	2142.6	21399.6
26498	1886.0	2166.7	21035.3
38333	1893.4	2071.5	20837.1
54219	1903.7	2147.6	21368.2
16554	1896.5	2207.7	21593.6
90582	1889.7	2114.3	20940.2
68539	1904.1	2148.6	21049.3
22077	1878.2	2122.7	21109.3
49440	1898.5	2098.7	21481.8
80706	1894.3	2096.7	21274.3
75757	1901.8	2143.0	20900.9
18157	1896.2	2077.2	20916.7
83266	1918.5	2188.2	21587.2
91190	1902.8	2177.0	21191.6
23069	1916.2	2200.6	21783.6
10761	1895.3	2146.0	21277.2
30454	1892.6	2149.9	21267.5
43982	1887.3	2136.4	21137.8
86186	1920.4	2127.7	21392.3
98999	1882.7	2125.3	20829.2
90916	1896.2	2095.1	20995.4
45271	1916.6	2194.9	21623.0
18882	1902.6	2130.6	20806.3
24797	1888.9	2142.5	20802.9
66052	1910.4	2117.0	21189.4
1714	1912.2	2148.2	20830.4
7651	1903.0	2133.2	21192.2
88575	1889.8	2067.2	20913.1
47387	1874.7	2103.6	20594.5
19281	1915.7	2198.7	21859.3
92278	1913.7	2174.8	21296.7
26951	1883.1	2100.1	20686.9
2355	1883.4	2139.8	21430.7
15872	1922.9	2214.8	21739.4
92889	1906.5	2167.3	21106.0
76151	1909.0	2157.8	21053.8
72999	1889.9	2120.2	20928.7
1234	1893.7	2096.1	20834.7
56301	1899.1	2147.4	21456.6
53978	1920.7	2168.9	21551.9
21667	1869.3	2085.7	20742.1
83107	1909.7	2176.4	21182.1
88538	1899.9	2142.4	20998.4
26575	1895.8	2108.6	21145.1
14632	1915.3	2149.2	21386.4
33078	1898.0	2082.1	21076.4
58826	1908.9	2119.6	21084.8
78884	1897.6	2117.5	20768.4
8213	1927.0	2220.5	21863.1
92891	1903.7	2108.2	21034.3
78202	1904.1	2166.9	21152.1
39227	1904.6	2166.1	21166.1
74257	1899.1	2134.3	21196.9
28396	1931.3	2239.3	21869.7
54293	1902.1	2150.0	21013.6
35110	1908.0	2135.8	21408.2
48862	1899.9	2116.8	21374.6
14232	1937.4	2184.5	21478.2
70131	1907.9	2165.7	21677.8
80510	1899.4	2130.3	20765.0
51187	1878.0	2105.0	20678.9
86881	1911.5	2078.6	21099.6
4330	1887.9	2163.9	20854.4
57380	1916.5	2158.4	21455.6
93122	1911.9	2126.4	21293.7
20622	1883.8	2157.1	21055.5
93978	1901.5	2145.8	21523.6
93197	1900.9	2126.5	21187.3
44189	1877.0	2038.7	20252.5
54384	1903.9	2118.5	21741.3
59831	1889.4	2120.9	20784.6
88401	1882.4	2096.0	20646.7
23450	1896.8	2143.9	21121.8
29288	1913.4	2173.6	21386.0
65895	1880.6	2125.7	20813.0
85977	1885.6	2071.1	20329.5
35511	1891.5	2136.6	21113.0
2930	1887.2	2115.7	20811.0
20367	1925.3	2170.0	21305.5
80127	1882.6	2106.7	20583.0
7304	1911.9	2110.2	20993.4
1840	1898.5	2139.3	21250.1
75942	1907.0	2197.3	21607.9
92690	1903.6	2157.0	21424.8
81857	1889.0	2126.9	20801.1
74565	1884.4	2159.5	21247.9
59032	1913.1	2119.8	21223.8
96997	1927.2	2154.7	21620.7
53264	1910.3	2155.8	21006.5
21176	1886.7	2108.2	21122.5
41501	1907.5	2136.3	21395.2
2057	1907.4	2192.0	21337.1
31037	1901.1	2128.3	20739.8
17057	1903.1	2157.7	21348.8
75615	1919.8	2111.4	21048.6
63434	1905.9	2118.3	21565.0
61349	1889.9	2141.2	20890.3
54508	1911.4	2174.6	21351.1
33860	1882.5	2108.6	21244.8
13676	1889.3	2139.9	21245.5
45290	1907.3	2227.8	21809.9
88975	1902.1	2145.6	21260.7
56600	1913.9	2175.7	21422.8
69476	1896.3	2105.5	21239.6
78301	1906.6	2103.6	20985.2
23709	1906.1	2216.5	21543.9
79370	1902.2	2171.6	21340.5
62489	1905.8	2141.4	21099.6
1909	1892.1	2172.0	21157.3
96171	1888.0	2114.7	20969.9
96817	1909.7	2176.2	21228.1
26043	1886.6	2120.9	21294.3
69842	1915.9	2161.2	21625.9
68168	1919.4	2181.4	21651.8
74648	1906.5	2113.0	21121.8
45770	1904.4	2084.1	20920.9
24861	1902.9	2129.4	20802.8
10499	1898.7	2123.6	20770.5
98161	1910.8	2150.7	21140.8
47583	1912.1	2161.6	21366.6
79198	1908.0	2159.8	21285.0
90627	1916.9	2102.3	21732.7
60004	1881.6	2127.3	20853.5
27425	1917.0	2153.3	21007.9
83793	1874.3	2081.6	20445.1
19725	1910.2	2146.0	21852.2
61240	1886.9	2100.0	21115.2
67087	1896.3	2165.6	21301.5
71667	1925.1	2156.3	21369.4
59342	1894.1	2067.9	21011.6
93188	1908.3	2063.6	21269.1
77596	1913.2	2148.3	21255.0
39569	1907.0	2154.4	21542.6
67692	1913.4	2167.6	21362.5
65905	1901.7	2106.9	21355.1
51566	1916.7	2180.1	21488.5
82023	1905.3	2129.9	21073.8
90280	1895.3	2105.7	20943.6
92974	1913.5	2169.4	21266.1
68161	1889.6	2136.0	21023.1
35845	1926.7	2134.1	22102.6
89899	1898.0	2169.2	21833.3
42362	1898.8	2140.9	21355.7
62650	1902.8	2131.5	21103.2
60219	1927.5	2200.7	22020.2
19474	1911.1	2210.7	21378.0
52645	1878.7	2093.1	21125.9
10677	1893.6	2138.9	21147.8
42406	1903.0	2189.5	22322.3
23871	1898.8	2185.0	21127.3
1048	1916.7	2145.5	21510.9
94699	1912.2	2153.6	21456.4
39167	1921.9	2181.3	21386.3
32537	1910.7	2235.9	21563.7
81002	1908.4	2137.1	20992.7
45701	1887.4	2120.0	20715.4
61028	1894.6	2138.8	21172.5
1201	1914.6	2202.2	21197.7
54253	1918.4	2143.9	21592.7
14764	1889.0	2094.1	21177.4
88556	1930.3	2141.9	21415.4
83651	1927.6	2161.0	21821.4
71937	1907.9	2129.3	21238.6
34642	1873.6	2082.3	20383.3
9557	1913.6	2182.5	21571.3
7707	1883.2	2135.4	21045.8
35090	1917.1	2154.0	20981.8
70175	1900.5	2150.5	21108.2
52157	1902.9	2162.0	21225.1
84656	1907.7	2132.7	21066.5
60527	1909.6	2177.5	21694.0
27424	1896.3	2134.7	20827.0
52376	1919.4	2194.3	21687.6
67176	1891.8	2072.7	20915.8
67272	1880.3	2094.8	20778.0
64665	1902.5	2178.2	21669.1
60041	1906.4	2134.6	21373.4
57381	1878.4	2122.9	20762.1
96738	1912.0	2143.0	21986.3
10268	1904.5	2153.3	21387.7
80469	1891.0	2129.2	21258.1
49878	1905.2	2138.4	21304.5
21423	1865.6	2114.7	20787.9
41711	1892.8	2118.2	20976.9
18286	1895.8	2095.4	20798.0
1164	1880.7	2096.8	20955.1
91647	1905.6	2148.4	21398.7
11039	1902.4	2150.9	21135.1
4643	1905.7	2190.1	21234.9
12383	1915.9	2219.6	21695.2
40702	1909.1	2148.9	21230.6
57882	1871.3	2109.9	21025.8
21219	1872.1	2130.0	21083.0
48777	1919.3	2162.9	21357.8
29948	1874.7	2097.0	20774.0
4388	1871.3	2093.8	20500.2
96474	1897.9	2090.0	20773.8
82062	1920.6	2158.0	21552.6
14235	1918.2	2163.9	21339.9
68212	1889.8	2095.0	20694.8
89721	1897.2	2145.6	21227.0
49251	1915.8	2124.6	21284.1
19848	1918.5	2209.5	21582.1
80387	1888.5	2112.4	20783.2
68641	1889.4	2077.3	20633.1
80446	1896.9	2134.7	21063.7
25036	1913.7	2155.7	21185.7
56843	1931.6	2226.7	21970.0
4240	1932.6	2217.9	21569.7
18134	1902.4	2173.2	21472.4
63470	1891.7	2115.3	21130.2
25457	1889.9	2130.4	21254.8
20472	1916.8	2207.0	21888.0
87380	1911.5	2141.4	21095.2
23348	1913.3	2135.5	21418.7
53954	1895.0	2167.8	21258.6
58874	1914.9	2195.5	21912.7
37948	1894.4	2130.0	20912.8
51803	1899.1	2162.8	21119.8
92780	1876.0	2051.1	20498.4
84187	1899.8	2127.4	21093.2
8595	1914.2	2176.5	21523.7
9450	1922.4	2136.0	21345.8
7437	1868.8	2076.6	20394.7
19696	1895.6	2153.4	21110.8
7581	1903.3	2160.5	21212.4
71102	1891.3	2100.9	21012.2
66935	1891.9	2129.1	20964.5
68822	1908.3	2094.1	21169.2
56552	1880.6	2106.1	20788.6
98013	1911.0	2167.9	21657.1
87382	1896.6	2131.4	21086.4
97515	1899.4	2140.6	20962.4
82342	1895.8	2151.6	21591.3
45219	1911.3	2104.1	20946.9
95034	1918.5	2133.5	21677.2
27245	1902.3	2147.8	21232.5
52291	1908.2	2117.6	20988.6
58315	1880.7	2106.4	20635.0
15256	1931.3	2182.2	21896.6
47865	1911.5	2135.7	20957.4
96064	1903.5	2131.0	21402.9
80599	1926.0	2186.0	21477.8
81743	1883.2	2114.6	20984.5
64505	1905.2	2185.0	21451.8
28331	1896.9	2133.9	21046.9
42126	1901.9	2100.0	21410.0
63086	1900.1	2131.2	20798.1
71482	1914.4	2214.8	21953.0
28144	1883.4	2093.0	20899.4
49563	1891.2	2141.6	21228.5
17667	1886.5	2138.5	21067.8
58225	1879.2	2061.5	20440.6
70016	1893.5	2098.0	20884.5
7922	1906.1	2163.7	21171.5
84141	1886.5	2142.3	21020.7
90681	1877.0	2108.2	20975.3
70686	1906.2	2112.9	20692.6
38228	1919.1	2147.9	21453.2
86585	1920.5	2230.6	21437.1
99070	1896.0	2146.6	30100.0
2149	1909.5	2110.7	21280.3
60882	1898.8	2157.2	21258.9
18709	1901.2	2107.6	20909.2
16144	1911.5	2115.3	21051.1
61389	1905.8	2147.8	21412.4
65932	1927.1	2171.4	21832.7
6148	1908.7	2221.8	21638.7
38510	1901.0	2195.6	21612.5
64572	1892.0	2134.3	21041.5
14453	1902.8	2179.7	21177.4
84262	1888.0	2070.1	20692.0
60305	1902.3	2094.4	20878.0
22296	1900.0	2157.1	21190.8
23634	1876.9	2090.6	20445.9
66647	1904.9	2117.9	21243.2
