10551	1977.3	2269.1	9899.7
6770	1963.1	2187.2	9778.5
5771	1951.0	2160.7	9637.1
21168	1976.8	2249.9	9994.7
22656	1967.5	2229.7	9963.1
15641	1958.3	2179.3	9743.4
13038	1950.2	2231.6	9746.6
15723	1973.3	2248.6	9962.6
10265	1959.7	2173.5	9580.0
20833	1962.2	2144.4	9706.2
522	1942.0	2114.0	9403.8
6854	1944.3	2177.8	9606.4
20916	1958.9	2199.5	9887.5
10377	1955.4	2193.5	9759.8
21668	1948.2	2131.8	9632.4
6239	1935.1	2140.4	9472.6
15054	1965.5	2208.8	9859.2
24185	1962.1	2156.0	9689.4
22526	1953.5	2182.2	9731.0
18911	1976.3	2186.3	9858.0
23679	1969.2	2216.9	9754.4
13747	1963.7	2247.5	9774.5
5206	1970.5	2253.5	9862.4
24557	1962.4	2287.1	10048.5
15575	1950.1	2166.8	9573.5
20928	1962.9	2193.5	9728.2
15155	1966.6	2272.1	9870.7
21457	1957.9	2214.1	9791.4
10176	1954.0	2181.0	9766.4
20275	1953.3	2205.5	9596.9
5453	1961.3	2238.4	9826.3
1753	1958.5	2194.5	9832.7
24074	1970.3	2161.3	9785.7
12301	1969.7	2235.0	9895.1
4829	1956.0	2254.5	9829.2
20666	1950.1	2158.8	9537.3
15126	1961.5	2178.3	9782.2
3142	1967.9	2224.4	9767.2
12810	1972.7	2254.5	10083.1
10635	1954.8	2215.6	9797.5
13369	1940.4	2156.3	9569.2
9425	1958.0	2215.7	9760.8
23609	1967.7	2180.9	9866.4
293	1974.4	2224.9	9851.8
19041	1963.6	2186.7	9701.3
16864	1952.7	2237.8	9655.2
9567	1958.6	2216.6	9587.8
5144	1967.5	2277.9	9892.0
8095	1956.1	2244.7	9838.4
17554	1958.4	2176.9	9652.0
2734	1964.5	2249.1	9878.2
16327	1962.3	2238.4	9770.4
18158	1959.1	2271.3	9805.0
13200	1959.9	2226.2	9967.0
4390	1956.9	2248.2	9693.0
22501	1970.9	2251.1	9839.3
6468	1966.0	2196.4	9742.3
17098	1963.9	2191.7	9806.3
22995	1964.9	2174.1	9705.9
8784	1953.8	2209.2	9646.6
22863	1972.8	2173.1	9806.9
1106	1971.0	2237.5	9893.2
22482	1962.9	2168.9	9684.5
18332	1959.8	2154.8	9750.6
14200	1970.5	2223.6	9975.0
21829	1963.8	2188.0	9785.1
13257	1961.0	2267.5	10052.6
8271	1949.9	2142.8	9577.7
19050	1954.7	2196.1	9730.1
17799	1961.2	2239.7	9831.4
22147	1964.4	2256.3	9972.3
4938	1960.4	2186.2	9753.8
18466	1960.1	2251.0	9953.7
16915	1961.5	2209.8	9860.2
6	1956.9	2252.9	9796.8
23149	1956.2	2209.0	9765.0
22524	1957.8	2196.2	9722.5
11124	1953.4	2225.7	9718.9
9448	1960.3	2201.5	9754.2
12710	1950.7	2146.8	9622.4
5489	1966.9	2221.6	9842.8
8028	1963.9	2241.3	9757.3
24136	1967.9	2183.7	9769.1
16117	1953.3	2208.7	9716.3
3543	1963.2	2222.1	9875.4
2796	1942.1	2172.3	9503.1
15732	1966.2	2224.6	9920.7
13745	1973.7	2297.4	9983.3
5413	1978.6	2269.8	10179.7
17845	1951.2	2143.8	9551.7
11072	1957.4	2157.6	9674.0
11658	1949.7	2166.6	9681.2
4625	1981.1	2273.3	9967.8
13679	1972.9	2227.8	9890.2
2249	1958.8	2210.6	9733.5
12085	1941.4	2162.2	9627.3
4501	1949.8	2213.4	9705.1
11195	1967.8	2249.7	9955.0
17476	1971.7	2246.9	9965.2
17673	1950.3	2194.6	9647.6
21698	1970.6	2213.7	9864.6
19118	1959.4	2168.7	9720.7
1315	1955.7	2201.5	9772.2
18382	1965.7	2219.0	9794.8
14063	1951.6	2200.9	9628.8
21328	1955.4	2165.3	9584.0
21974	1960.0	2194.3	9837.9
13558	1969.7	2210.1	9790.9
23927	1967.5	2198.8	9660.4
20631	1958.4	2187.3	9682.4
11578	1957.4	2170.8	9777.0
5636	1950.2	2221.7	9721.9
12486	1963.5	2225.6	9842.3
7636	1963.9	2206.5	9802.8
11029	1973.0	2171.1	9710.4
501	1958.0	2210.3	9666.7
18868	1954.3	2253.9	9714.4
23710	1958.4	2211.9	9758.8
17934	1970.7	2189.7	9836.1
7236	1954.9	2154.4	9671.1
7625	1972.7	2238.4	10003.2
16408	1960.9	2213.4	9717.5
15887	1967.9	2256.9	9899.3
8252	1967.4	2195.4	9874.5
974	1967.7	2208.2	9757.9
12096	1970.4	2237.0	9932.3
10417	1953.8	2199.3	9567.9
9032	1965.1	2253.2	9965.9
14667	1958.5	2211.4	9910.1
23181	1940.8	2162.5	9613.1
15952	1957.8	2204.9	9729.3
5880	1965.7	2228.8	9898.7
20637	1956.6	2232.6	9799.1
7157	1964.8	2220.6	9884.5
19685	1980.8	2227.5	9862.4
10049	1958.2	2198.2	9752.0
35	1971.7	2215.6	9816.8
15973	1978.5	2286.1	10145.3
2356	1956.4	2196.2	9658.1
21885	1948.2	2181.2	9590.4
4714	1968.4	2200.7	9755.4
14891	1961.3	2264.9	9795.9
13421	1948.1	2200.6	9604.3
629	1977.7	2228.6	9867.8
14515	1962.4	2223.2	9848.8
1977	1963.2	2200.8	9917.3
23837	1967.5	2194.9	9816.3
1121	1972.1	2226.9	9864.9
23330	1961.9	2229.2	9752.8
2260	1980.3	2218.3	9938.0
24385	1955.3	2189.7	9823.1
18839	1965.6	2169.7	9746.3
13439	1962.2	2256.8	9903.8
17448	1965.4	2206.6	9849.5
16231	1943.8	2149.0	9394.7
5199	1972.0	2257.7	9940.0
3405	1947.6	2219.9	9705.4
21482	1960.3	2226.7	9755.6
23485	1951.1	2213.9	9646.7
11035	1945.2	2180.7	9598.7
18173	1960.6	2163.4	9654.4
18896	1955.5	2191.3	9665.9
6661	1953.0	2183.2	9655.0
9909	1968.9	2201.3	9831.4
23357	1951.2	2148.9	9536.7
2437	1964.6	2213.7	9868.8
11025	1964.2	2224.2	9867.9
22583	1956.0	2196.4	9803.3
20276	1954.7	2156.9	9589.3
13402	1955.5	2146.0	9577.5
12840	1961.9	2227.2	9827.4
6916	1949.6	2183.7	9621.3
5399	1951.3	2109.2	9627.9
13238	1964.4	2204.9	9700.9
1178	1958.5	2164.7	9823.8
12213	1955.5	2193.7	9634.4
2156	1970.2	2233.5	9837.2
17108	1972.3	2251.8	9888.2
13994	1963.2	2215.5	9810.7
1216	1966.5	2185.2	9860.2
16494	1976.4	2206.4	9893.3
16362	1962.9	2240.9	9715.8
6119	1962.8	2212.0	9729.5
7564	1956.4	2176.1	9753.4
16338	1954.3	2169.3	9743.5
3202	1950.1	2165.5	9622.1
23200	1958.2	2199.4	9796.9
2721	1958.9	2194.9	9757.4
626	1953.9	2205.9	9658.9
4632	1951.6	2188.2	9706.9
12749	1970.2	2210.5	9853.7
23599	1971.4	2201.7	9947.5
4892	1961.8	2244.2	9834.9
4965	1954.3	2203.6	9785.5
4860	1955.8	2133.8	9603.6
209	1977.8	2246.3	9918.1
8657	1962.9	2193.4	9723.7
22835	1955.6	2173.0	9631.1
5486	1956.8	2178.7	9795.4
2491	1958.0	2197.8	9747.2
6216	1959.9	2128.6	9505.8
19892	1960.5	2180.3	9774.2
23203	1937.1	2137.6	9491.9
8665	1947.6	2213.2	9807.7
18729	1966.5	2208.6	9926.4
4144	1956.9	2175.2	9716.9
22182	1960.3	2206.5	9682.0
18606	1964.2	2202.5	9913.7
3094	1964.6	2204.5	9824.9
12603	1963.5	2160.4	9741.0
15852	1971.3	2248.6	9899.2
17640	1955.0	2257.5	9781.3
5664	1962.4	2228.8	9852.9
385	1969.0	2240.7	9736.4
7380	1959.7	2251.0	9810.4
10083	1961.8	2207.4	9723.6
19900	1958.7	2213.8	9657.6
8772	1970.3	2198.3	9790.9
14206	1965.7	2212.3	9901.4
5381	1950.5	2206.9	9686.8
6508	1968.8	2191.6	9787.3
18619	1973.7	2271.4	9965.1
21103	1957.9	2199.1	9782.4
19462	1967.3	2273.8	9939.5
12773	1964.6	2179.7	9764.1
7422	1963.5	2219.3	9853.0
6527	1948.2	2248.9	9737.5
12024	1973.2	2226.1	9943.1
8145	1952.6	2196.5	9648.7
20203	1946.7	2182.3	9704.7
4330	1954.0	2192.4	9683.5
2041	1945.8	2190.3	9702.6
11496	1965.8	2195.5	9980.2
3119	1956.9	2175.0	9635.7
20692	1964.7	2208.2	9725.2
14569	1965.6	2220.0	9826.0
849	1971.1	2216.7	9820.9
18467	1958.3	2208.1	9684.9
24416	1969.8	2205.5	9943.2
21071	1971.5	2255.7	9946.8
13130	1971.3	2183.2	9817.1
15719	1939.8	2178.6	9547.6
24477	1962.9	2200.0	9810.8
18478	1966.8	2268.3	9907.3
9116	1957.3	2212.5	9738.0
21922	1966.2	2205.3	9727.9
9811	1951.8	2189.4	9669.3
21338	1966.9	2207.9	9835.8
13468	1952.4	2158.6	9613.0
23992	1954.3	2203.0	9702.4
600	1950.1	2196.5	9657.2
23398	1960.3	2226.8	9834.9
1420	1967.4	2240.1	9832.6
11800	1958.5	2177.9	9789.5
20864	1954.8	2217.2	9640.3
15266	1968.2	2262.0	9914.9
22312	1975.3	2225.4	9886.5
11485	1961.0	2223.3	9708.8
6970	1960.2	2202.9	9790.5
19867	1958.9	2217.5	9723.3
19553	1956.7	2199.6	9775.9
6888	1970.1	2229.8	9940.8
21579	1963.5	2221.8	9854.4
16483	1963.9	2186.2	9688.9
16154	1961.3	2178.7	9796.3
12834	1959.0	2183.3	9687.6
7606	1968.3	2229.7	9997.6
2494	1961.2	2202.9	9737.1
4309	1961.5	2221.3	9837.6
15259	1969.7	2237.0	9919.5
2450	1951.5	2195.5	9717.6
20289	1968.9	2189.4	9787.9
1643	1964.1	2184.3	9640.1
22420	1973.3	2202.2	9886.9
17419	1957.0	2176.0	9652.9
18409	1957.6	2177.7	9624.3
19009	1951.6	2189.7	9718.9
14649	1967.2	2283.5	9937.1
18006	1954.4	2196.0	9809.9
8368	1947.4	2196.0	9683.1
13463	1967.0	2213.8	9875.1
12747	1959.2	2245.6	9830.8
4103	1975.6	2202.0	9853.4
17388	1956.7	2280.9	9768.2
15629	1947.2	2185.6	9617.0
16093	1975.0	2188.5	9802.7
11015	1968.1	2195.2	9859.8
5041	1954.0	2167.2	9562.6
24041	1970.5	2175.4	9838.9
15487	1960.5	2194.2	9737.1
1362	1952.5	2139.4	9631.0
2363	1974.7	2244.7	9960.7
10723	1961.9	2204.4	9713.0
5909	1951.4	2192.2	9810.2
5059	1958.6	2219.8	9755.8
21191	1947.0	2171.2	9584.1
11583	1980.8	2239.5	9996.6
17654	1962.7	2214.0	9817.3
1042	1962.3	2260.9	9928.8
21855	1948.6	2110.9	9540.3
2592	1953.9	2189.4	9946.6
1113	1968.0	2223.1	9928.2
16042	1961.6	2176.7	9684.8
21961	1964.1	2204.7	9776.7
7354	1937.9	2158.7	9424.2
16147	1964.8	2160.6	9731.8
21072	1969.1	2184.5	9645.2
7061	1959.5	2233.1	9722.8
3460	1964.1	2273.5	9841.5
12845	1964.4	2196.7	9669.3
14004	1964.5	2222.7	9756.4
19562	1943.8	2208.8	9600.8
17860	1962.5	2168.3	9632.8
16642	1960.4	2260.3	9758.3
19353	1954.9	2202.9	9809.9
4587	1953.0	2189.8	9736.0
18727	1954.6	2195.4	9835.2
9987	1960.0	2185.5	9888.5
17880	1956.7	2226.4	9725.2
14804	1971.8	2252.6	9860.9
23701	1949.6	2210.3	9787.7
3709	1946.4	2199.9	9632.5
19374	1966.9	2240.5	9938.2
6981	1965.6	2191.5	10049.7
16506	1956.7	2194.6	9746.5
19345	1964.7	2249.9	9792.6
22753	1975.3	2231.1	9837.7
15316	1962.5	2202.1	9790.8
7996	1965.0	2157.6	9669.2
1037	1943.7	2114.4	9535.0
4703	1976.2	2210.8	9926.2
12276	1964.8	2194.8	9710.3
5540	1967.3	2203.4	9798.8
24561	1952.2	2175.3	9764.2
2061	1960.2	2232.8	9825.9
4911	1968.6	2185.4	9689.9
4019	1950.5	2174.5	9615.1
5162	1971.9	2199.0	9872.7
8687	1970.0	2225.5	9764.8
9935	1967.8	2269.2	9883.8
6636	1961.4	2218.7	9916.8
14475	1952.6	2194.3	9674.2
6491	1953.4	2167.2	9648.3
15639	1968.5	2239.0	9919.2
24940	1964.6	2203.8	9751.8
24180	1967.5	2188.4	9781.1
21222	1967.1	2211.4	9890.6
23097	1983.6	2284.5	10153.9
19317	1965.6	2165.2	9723.2
23226	1952.6	2178.9	9662.9
21565	1949.7	2147.5	9547.8
14638	1958.7	2203.4	9680.5
23123	1962.7	2191.8	9812.3
322	1967.2	2183.1	9712.4
15355	1981.9	2232.0	10045.4
9370	1958.5	2234.3	9867.0
8075	1970.7	2235.9	9825.0
4265	1968.4	2214.5	9809.0
14521	1963.8	2195.1	9709.3
24201	1967.4	2195.1	9660.8
17800	1963.7	2163.9	9652.8
17354	1964.6	2196.7	9790.9
13249	1957.0	2146.0	9646.5
16856	1971.9	2200.2	9875.8
3116	1958.9	2205.0	9755.4
15815	1954.4	2168.4	9638.4
19350	1964.9	2233.3	9831.1
18389	1951.6	2170.5	9596.9
12472	1947.2	2214.4	9634.9
8392	1956.6	2209.8	9686.3
2445	1963.6	2211.7	9790.8
20062	1944.6	2137.0	9536.8
8716	1956.1	2209.3	9645.9
6696	1959.7	2142.4	9655.9
13135	1976.7	2256.4	9921.2
10976	1962.0	2213.3	9816.4
18429	1958.5	2267.4	9896.4
17222	1964.3	2208.3	9953.9
12307	1959.1	2220.6	9806.5
13631	1941.6	2106.0	9443.2
92	1959.2	2194.3	9744.4
19248	1963.4	2194.3	9763.1
6905	1952.9	2194.0	9617.0
21719	1963.3	2205.2	9828.6
381	1976.5	2261.4	9858.7
4648	1964.4	2191.4	9743.0
7659	1945.4	2142.6	9556.4
21051	1971.8	2266.1	9999.2
18356	1962.5	2225.5	9691.9
9977	1964.0	2253.8	9925.8
22015	1946.4	2150.1	9610.1
21995	1970.0	2236.5	10126.2
1673	1950.3	2095.4	9559.3
2842	1959.2	2230.3	9877.6
22023	1950.5	2210.6	9700.1
7225	1959.8	2208.8	9884.5
23213	1976.0	2263.1	9958.2
11053	1974.8	2203.1	10011.6
11726	1964.4	2193.6	9817.4
15925	1941.0	2150.3	9611.3
18533	1966.5	2211.2	9865.9
20425	1963.9	2179.7	9663.3
4873	1964.4	2212.3	9774.3
16934	1953.3	2142.6	9689.4
4270	1954.1	2185.9	9624.6
10212	1964.2	2175.3	9774.0
5499	1950.7	2152.8	9570.3
1228	1966.1	2257.9	9872.5
15399	1971.1	2220.5	9835.5
17048	1958.3	2183.3	9741.4
18822	1960.4	2242.4	9899.3
1014	1966.0	2214.0	9794.1
20816	1977.8	2241.0	10004.2
23390	1967.4	2209.0	9960.5
24960	1951.8	2144.0	9651.9
5925	1970.4	2233.8	9859.3
16932	1968.0	2218.3	9928.2
16710	1963.4	2193.2	9745.3
6472	1961.8	2201.5	9765.8
7389	1952.6	2199.1	9553.4
11663	1971.7	2260.1	9832.1
16019	1950.7	2182.9	9549.6
15371	1961.0	2154.0	9808.1
22458	1970.9	2176.8	9754.9
11333	1967.5	2204.3	9771.0
20438	1964.7	2192.6	9828.0
24958	1959.6	2209.3	9863.0
12677	1953.8	2218.9	9642.7
15440	1966.2	2221.5	9751.7
22051	1963.6	2245.7	9719.9
20517	1971.9	2208.9	9798.8
20081	1969.3	2230.9	9964.3
13079	1950.2	2149.8	9595.4
8353	1966.4	2273.0	9918.1
21153	1957.1	2172.8	9608.4
6614	1977.8	2260.5	10069.3
396	1965.7	2232.0	10047.4
5119	1977.3	2273.2	9927.7
5905	1962.3	2233.8	9732.7
23714	1959.7	2201.0	9716.2
7131	1967.3	2209.3	9781.9
17025	1953.6	2208.1	9648.3
19323	1959.6	2210.4	9853.3
10237	1962.5	2237.3	9855.2
4875	1978.5	2244.6	9925.8
21761	1956.8	2156.0	9619.0
7613	1975.6	2290.0	10017.6
19369	1960.6	2207.9	9741.9
2911	1970.3	2220.1	9871.0
19552	1962.4	2219.2	9966.6
1159	1982.2	2247.3	10090.6
18250	1957.2	2178.4	9656.8
19299	1969.8	2220.8	9752.4
9427	1973.6	2235.4	9926.9
4982	1955.4	2151.9	9642.7
12352	1964.2	2253.4	9836.7
15403	1961.4	2221.7	9872.9
14561	1939.8	2168.2	9545.8
18397	1974.6	2238.5	9860.4
14762	1969.6	2151.6	9757.1
22594	1976.2	2237.3	9874.6
778	1966.2	2260.5	9859.0
18104	1938.9	2119.6	9422.9
13188	1962.6	2197.7	9795.0
22326	1971.4	2179.6	9849.9
9332	1959.3	2194.6	9612.5
4564	1964.3	2240.0	9846.2
22822	1963.7	2214.8	9736.4
16431	1966.0	2204.2	10207.1
11144	1961.0	2192.6	9862.5
6777	1955.5	2230.2	9801.5
13184	1954.7	2193.1	9712.7
4333	1953.8	2216.6	9656.6
22890	1955.4	2231.8	9774.6
430	1956.2	2183.8	9700.0
8754	1962.0	2182.5	9762.1
16742	1952.3	2183.1	9648.4
20426	1976.3	2195.1	9888.5
21421	1959.9	2220.7	9865.1
15302	1974.3	2201.3	10073.5
10666	1957.2	2226.2	9762.9
22416	1958.9	2191.9	9692.0
17102	1958.1	2220.0	9695.0
8058	1958.5	2187.5	9671.1
5514	1964.1	2235.3	9969.0
13315	1969.0	2178.9	9832.4
16444	1968.8	2124.0	9756.5
21450	1962.4	2217.5	9718.7
1586	1976.8	2252.6	9934.1
12170	1962.9	2206.0	9774.2
23219	1958.0	2180.6	9728.0
17475	1952.2	2132.2	9534.2
18343	1956.2	2215.6	9816.5
13913	1953.1	2177.7	9649.9
10443	1976.0	2273.4	10058.7
22669	1966.0	2181.9	9821.5
22911	1955.7	2193.1	9693.1
19114	1976.1	2292.5	9937.7
20288	1973.8	2220.7	9961.3
16053	1950.2	2191.1	9610.0
20484	1953.6	2204.3	9615.2
965	1957.3	2205.7	9847.4
3534	1966.1	2201.9	9873.0
17184	1965.7	2240.5	9823.9
18106	1954.3	2220.8	9609.4
10493	1968.2	2239.6	9918.1
21686	1960.8	2196.9	9769.4
16800	1979.1	2244.1	9941.1
15893	1969.3	2223.0	9955.7
24439	1961.6	2227.3	9843.4
9225	1968.9	2275.9	9956.7
21954	1963.3	2195.1	9797.5
4174	1960.7	2188.3	9668.3
16063	1955.7	2167.5	9653.2
12731	1952.8	2142.2	9507.8
17603	1952.3	2191.1	9717.3
13023	1967.1	2201.9	9824.5
14173	1955.9	2189.0	9689.5
1936	1953.4	2145.4	9673.5
20378	1949.3	2178.0	9630.2
4689	1968.4	2311.6	9947.7
17896	1965.9	2234.6	9808.7
1930	1970.6	2222.5	9874.3
3876	1946.7	2182.8	9626.4
19096	1951.7	2165.1	9691.9
21932	1953.0	2191.2	9749.8
10461	1956.4	2192.3	9731.3
20255	1951.2	2095.2	9561.0
21476	1955.5	2193.4	9700.2
5879	1973.8	2237.2	9851.3
9271	1949.1	2170.9	9770.6
19222	1960.9	2217.6	9769.8
19003	1960.8	2244.8	9815.1
8039	1960.7	2169.8	9667.2
2937	1970.7	2234.9	9844.2
8405	1960.8	2150.3	9673.0
17748	1964.0	2206.9	9781.4
6529	1952.2	2172.1	9709.5
13157	1942.4	2196.7	9519.0
0	1961.8	2190.3	9734.1
24230	1958.6	2170.7	9807.4
1549	1963.0	2157.1	9652.5
17030	1966.3	2176.4	9736.7
7123	1966.2	2273.1	9880.6
21365	1952.6	2181.3	9667.4
17486	1952.7	2167.9	9612.7
7754	1962.0	2181.0	9792.0
2058	1956.9	2201.1	9592.9
1752	1972.7	2296.3	9976.3
13064	1963.2	2186.4	9678.0
16730	1971.8	2221.3	9879.4
5307	1952.1	2227.7	9806.5
18778	1966.7	2237.2	9851.9
1222	1959.7	2203.3	10098.0
23554	1971.7	2195.6	9894.1
4817	1967.7	2219.3	9828.3
19181	1958.4	2216.7	9803.3
8649	1963.2	2168.4	9720.0
4008	1958.7	2196.6	9797.9
9674	1973.3	2217.6	9857.9
9730	1953.1	2201.9	9635.9
1803	1966.3	2234.1	9817.8
637	1958.8	2199.0	9668.0
13234	1959.0	2142.4	9652.7
11874	1959.1	2230.3	9833.9
24240	1947.6	2175.1	9628.4
23499	1964.0	2193.1	9763.8
24303	1962.5	2191.0	9698.3
7796	1958.1	2206.4	9646.6
11618	1960.8	2220.0	9831.2
363	1955.8	2174.4	9642.4
7366	1971.9	2246.5	9978.7
14134	1960.1	2194.7	9815.3
21806	1970.1	2259.6	9948.7
23356	1959.1	2231.9	9799.6
7578	1949.0	2144.6	9509.8
17609	1940.8	2127.4	9493.7
5009	1972.2	2199.1	9804.2
15516	1950.0	2160.6	9536.7
2097	1956.2	2181.1	9667.3
5167	1950.2	2144.4	9734.3
8507	1965.5	2212.5	10020.1
8273	1958.6	2193.3	9744.0
24831	1966.2	2183.3	9762.9
20996	1957.8	2207.9	9736.4
15463	1950.5	2185.6	9643.9
9981	1957.8	2215.1	9767.4
11881	1963.1	2231.9	9847.6
10189	1957.7	2207.6	9719.4
2443	1961.9	2160.1	9632.2
3753	1963.3	2219.3	9754.8
22906	1956.6	2208.0	9668.5
2382	1977.6	2255.0	9977.2
24396	1958.0	2211.4	9814.2
23339	1957.0	2182.6	9694.5
19238	1957.4	2184.6	9758.4
4750	1953.7	2212.1	9622.4
22074	1962.0	2192.5	9803.3
20335	1945.5	2146.7	9499.4
18855	1962.4	2217.8	9779.2
21410	1965.4	2204.8	9933.4
10503	1960.9	2216.8	9779.6
23521	1942.6	2169.6	9623.3
17139	1967.5	2279.6	9859.7
10848	1973.1	2208.3	9821.1
1598	1957.8	2201.2	9842.7
14789	1955.6	2200.5	9655.7
24752	1962.6	2245.4	9817.7
18474	1959.0	2175.0	9678.1
16728	1966.3	2169.8	9818.6
2887	1961.4	2231.1	9880.8
6763	1968.1	2237.5	9869.6
4744	1959.1	2245.6	9768.7
19199	1952.2	2208.3	9710.5
4300	1963.9	2175.9	9650.8
17091	1950.0	2209.9	9759.0
7104	1971.0	2203.2	9764.3
17106	1964.8	2191.1	9720.1
13955	1974.1	2259.8	9914.5
1911	1945.6	2142.9	9583.4
16536	1961.6	2186.8	9653.2
2205	1968.8	2232.2	9971.4
13626	1955.2	2214.3	9679.1
23340	1972.1	2199.8	9916.4
21849	1964.7	2215.9	9827.4
11188	1972.0	2242.8	9875.9
4803	1964.8	2255.4	9817.3
1672	1939.4	2134.2	9456.3
15958	1965.4	2212.5	9701.1
21771	1961.8	2218.5	9878.0
19203	1958.6	2198.1	9779.5
8154	1964.2	2216.2	9757.8
9556	1959.3	2143.9	9761.1
7287	1978.9	2229.7	9964.5
9256	1961.4	2215.7	9785.0
9612	1966.2	2119.2	9657.4
1612	1969.9	2261.0	9874.3
12870	1953.8	2221.3	9621.3
12843	1965.0	2220.7	9806.4
2103	1963.5	2145.6	9711.0
21556	1948.3	2115.8	9512.8
6342	1959.4	2189.6	9696.3
13270	1939.1	2095.1	9412.3
6204	1962.3	2226.3	10123.8
23202	1959.9	2256.0	9954.4
22207	1957.8	2231.5	9782.4
15018	1948.8	2161.4	9580.9
6458	1960.9	2193.2	9624.9
9014	1960.9	2186.6	9679.4
23094	1981.2	2288.7	10205.9
7142	1955.4	2158.0	9712.6
6274	1955.1	2212.6	9802.2
19636	1959.7	2282.9	9951.9
15242	1951.1	2179.1	9677.8
16861	1960.0	2230.3	9975.2
23697	1955.9	2205.7	9771.2
10722	1959.3	2245.0	9899.1
6184	1977.1	2258.4	10031.1
7645	1955.5	2205.0	9789.7
1117	1973.0	2230.5	9924.6
8591	1968.9	2243.1	10013.5
18255	1952.9	2193.2	9723.1
440	1975.1	2236.7	10002.6
3350	1962.1	2243.4	9811.2
22713	1957.2	2190.8	9747.6
14377	1968.9	2214.9	9760.0
5118	1955.3	2166.9	9679.5
15684	1963.6	2179.9	9728.1
24852	1955.5	2214.0	9804.7
15566	1962.0	2220.7	9808.9
20768	1963.2	2165.8	9825.8
857	1965.0	2236.5	9819.3
5715	1970.1	2225.1	9762.1
8640	1968.2	2226.7	9841.4
21572	1949.0	2161.2	9571.6
20161	1965.5	2239.5	9669.7
19147	1952.1	2165.1	9954.8
20906	1960.4	2220.9	9703.7
24597	1954.0	2187.8	9656.9
17971	1958.3	2183.6	9713.9
7200	1959.1	2222.5	9804.1
12694	1970.3	2281.5	9872.2
21317	1960.5	2197.1	9699.6
16721	1970.5	2212.8	9853.7
23803	1968.2	2180.7	9796.7
18312	1948.2	2129.5	9592.7
5883	1958.0	2197.5	9743.7
6716	1953.8	2207.5	9793.7
20269	1960.7	2184.5	9800.4
4595	1965.4	2231.8	9873.4
1437	1966.5	2285.8	9833.1
528	1967.1	2219.2	9841.1
22025	1967.7	2255.7	9976.1
13115	1958.6	2229.2	9830.9
4649	1958.4	2200.8	9688.5
17313	1962.4	2197.1	9808.3
18056	1969.0	2226.9	9924.0
3206	1965.8	2240.1	9868.3
14253	1949.8	2188.1	9595.6
17524	1963.0	2198.4	9734.1
710	1955.8	2203.7	9693.2
1833	1966.0	2254.0	9876.3
3517	1963.4	2252.4	9994.6
16080	1955.2	2169.6	9693.1
21783	1958.1	2219.1	9777.8
10393	1959.4	2166.5	9680.3
5155	1963.8	2194.2	9749.7
498	1956.6	2193.5	9727.6
7183	1978.2	2245.9	9980.1
13269	1976.8	2274.3	10092.1
1139	1963.8	2182.7	9904.6
7515	1980.8	2228.6	9859.0
16324	1975.8	2236.5	9920.2
9771	1976.1	2202.2	9784.4
10898	1972.8	2255.6	10031.9
14588	1961.9	2264.4	9831.1
23805	1959.2	2168.3	9714.8
24665	1965.5	2227.5	9857.0
23070	1966.7	2244.3	9964.2
20079	1972.8	2275.1	9855.8
17440	1955.0	2195.0	9693.6
2069	1967.3	2216.4	9786.3
836	1978.6	2292.4	10020.7
9272	1968.1	2211.8	9769.7
4205	1956.8	2241.2	9706.4
828	1951.9	2192.9	9751.9
13444	1967.0	2186.7	9814.9
2598	1957.6	2182.4	9677.3
16070	1959.0	2188.5	9658.3
12585	1973.2	2204.2	9821.2
16531	1963.4	2266.0	9863.4
21815	1959.4	2202.3	9770.1
298	1955.0	2190.8	9675.8
2618	1968.7	2233.6	9833.2
6634	1963.5	2223.3	9808.4
23452	1955.5	2132.2	9613.1
7617	1953.7	2260.6	9893.1
6642	1958.4	2157.1	9708.9
11793	1956.1	2187.8	9701.4
4609	1973.7	2220.8	9913.8
5354	1960.5	2189.6	9654.5
21256	1962.3	2226.5	9735.6
3388	1958.0	2196.2	9692.9
22345	1962.9	2139.0	9739.5
9627	1970.5	2255.5	9902.9
21076	1965.1	2195.9	9792.9
17999	1965.5	2215.1	9794.0
4859	1971.6	2224.4	9884.8
17441	1973.0	2254.1	10517.0
5192	1964.7	2197.7	9906.6
4298	1962.8	2205.9	9677.8
24117	1943.7	2184.3	9514.3
2159	1961.1	2213.8	9791.4
11231	1970.1	2231.0	9808.9
15986	1953.0	2195.2	9656.5
11604	1968.4	2205.1	9786.2
8919	1955.5	2232.0	9850.1
1301	1964.0	2191.4	9761.5
21053	1971.0	2218.8	9988.5
4462	1961.1	2195.7	9757.0
2720	1959.8	2165.3	9634.5
2651	1962.2	2205.6	9750.9
9431	1961.2	2225.6	9793.4
3020	1961.8	2250.4	9792.0
6720	1957.4	2171.3	9753.8
11490	1971.2	2234.7	9845.5
19844	1962.9	2230.0	9797.3
14539	1962.2	2199.2	9847.9
18572	1959.0	2200.7	9713.2
17042	1960.5	2198.6	9775.6
24813	1962.1	2174.1	9780.9
10383	1956.5	2166.0	9636.4
18222	1961.3	2257.9	9875.0
23227	1952.4	2172.9	9645.6
24392	1951.8	2205.3	9668.4
15012	1965.1	2158.4	9725.3
23903	1952.6	2160.5	9611.0
23788	1952.6	2178.4	9622.9
6660	1948.2	2237.4	9607.7
14092	1957.8	2202.3	9770.7
18181	1963.4	2210.5	9830.3
14918	1966.1	2219.2	9825.6
7737	1975.5	2202.2	9886.6
10289	1964.6	2179.8	9693.7
2802	1944.0	2166.1	9612.6
20110	1963.1	2211.6	9812.7
17294	1950.4	2176.6	9608.2
13572	1960.8	2184.2	9695.6
22587	1954.4	2160.5	9701.7
2222	1949.1	2219.9	9707.5
4808	1962.2	2206.1	9950.1
13678	1965.0	2263.0	9879.7
21012	1942.6	2195.3	9558.3
17964	1956.6	2215.2	9741.6
22307	1953.9	2209.0	9743.4
845	1966.8	2231.2	9761.6
12701	1972.7	2218.8	9967.0
14824	1960.0	2200.8	9673.5
21685	1965.5	2209.1	9775.2
10416	1960.5	2224.3	9845.8
4800	1971.4	2248.9	9943.4
2994	1955.5	2188.4	9803.3
21624	1975.9	2219.1	9925.6
9228	1956.3	2199.5	9596.8
5268	1952.7	2150.6	9663.4
19237	1975.8	2221.0	9960.4
21094	1969.3	2234.1	9943.0
12705	1952.9	2186.6	9701.7
16385	1961.0	2221.6	9809.2
22396	1953.0	2225.9	9792.2
16996	1952.5	2153.9	9494.9
6674	1962.7	2190.7	9729.1
18299	1966.1	2211.9	9804.2
7508	1970.2	2159.1	9772.4
14362	1961.4	2261.3	9856.8
5136	1961.6	2214.6	9715.0
8018	1971.8	2237.5	9848.4
22523	1971.0	2204.0	9722.2
13733	1967.3	2212.5	9792.3
5104	1939.7	2157.5	9528.5
5645	1951.8	2142.2	9602.9
15926	1960.8	2206.0	9748.3
7235	1959.1	2216.0	9728.7
3039	1947.6	2199.9	9695.7
2737	1966.1	2238.5	9985.5
9513	1951.4	2163.0	9575.0
20929	1963.3	2243.1	9952.1
14680	1970.3	2261.6	9930.5
17872	1954.2	2140.7	9630.5
7358	1965.6	2214.9	9810.4
9548	1954.5	2134.6	9565.3
19931	1970.3	2187.0	9902.0
4887	1956.2	2159.8	9528.4
3530	1960.5	2259.4	9931.5
16261	1958.4	2230.1	9726.7
17288	1967.1	2192.0	9902.9
21853	1974.6	2270.7	9948.7
11086	1953.3	2224.9	9664.7
22840	1956.1	2155.7	9718.6
10778	1949.5	2179.4	9567.1
19768	1960.6	2154.2	9711.2
9177	1983.3	2253.7	10101.4
4073	1961.5	2164.9	9708.1
19999	1953.2	2210.3	9800.5
11274	1955.4	2169.6	9631.4
10801	1957.5	2173.5	9634.0
1835	1959.3	2202.5	9733.8
8493	1964.2	2258.1	9845.5
24370	1964.4	2246.4	10290.5
12702	1955.2	2197.3	9670.6
23215	1956.9	2201.9	9730.5
14251	1973.1	2239.8	9968.8
11477	1958.0	2189.0	9646.3
7033	1955.0	2166.0	9711.4
15091	1957.1	2153.4	9681.8
12494	1954.8	2228.1	9823.8
4433	1958.0	2265.6	9799.3
16013	1957.7	2204.1	9745.0
20951	1967.0	2206.2	9755.5
11245	1965.8	2176.0	9699.1
13206	1958.8	2207.4	9754.0
4043	1960.3	2120.8	9605.5
3826	1962.9	2219.0	9708.6
2471	1955.1	2204.3	9697.9
21699	1961.7	2194.6	9761.2
8822	1967.3	2201.3	9772.2
5387	1967.8	2275.6	10030.0
10736	1958.7	2149.8	9582.6
20115	1959.9	2236.6	9828.0
23464	1961.8	2203.4	9832.2
2416	1952.6	2181.7	9672.3
8046	1976.6	2269.5	9926.4
4868	1955.7	2157.9	9580.0
399	1958.7	2167.3	9625.9
5389	1963.2	2200.1	9783.6
10327	1951.8	2154.6	9652.8
14923	1966.7	2229.6	9873.3
1810	1963.0	2187.7	9781.8
21340	1963.1	2205.5	9695.7
21884	1961.2	2177.8	9719.6
23272	1956.6	2196.5	9797.3
16036	1961.3	2230.9	9830.7
20812	1955.1	2174.1	9684.5
22036	1943.0	2172.0	9616.9
7134	1962.9	2180.5	9805.6
10216	1968.7	2207.4	9796.6
5424	1958.9	2229.3	9809.6
8791	1957.8	2214.9	9730.7
7384	1942.4	2183.4	9529.3
5928	1970.5	2207.9	9806.6
4823	1972.4	2253.2	10435.6
19549	1955.9	2187.1	9716.8
1834	1962.3	2215.4	9794.6
14241	1961.9	2185.7	9840.1
5305	1968.4	2236.5	9879.9
18898	1956.2	2151.3	9605.0
23825	1962.5	2252.9	9831.9
10188	1957.4	2160.5	9669.9
11173	1963.0	2207.9	9844.7
11476	1938.6	2155.0	9521.6
5859	1954.4	2213.5	9719.3
2182	1956.1	2241.6	9820.0
2736	1945.9	2202.8	9571.9
19058	1944.2	2192.1	9534.0
12794	1965.4	2216.0	9910.1
13507	1955.3	2208.0	9604.7
7952	1946.6	2190.8	9609.5
13550	1951.2	2220.6	9817.0
2429	1974.5	2188.4	9743.0
16731	1971.1	2184.5	9768.5
7190	1966.6	2220.1	9800.9
20176	1971.1	2238.3	9932.0
11806	1959.9	2252.0	9799.2
12124	1957.5	2191.5	9666.5
12570	1964.5	2264.4	9856.0
14400	1960.0	2236.8	9840.2
16577	1954.4	2131.3	9584.8
15761	1957.5	2197.7	9894.2
7693	1957.6	2245.6	9910.0
22256	1974.0	2229.6	10008.6
4978	1960.3	2196.0	9770.6
6964	1959.0	2152.6	9620.7
4266	1961.3	2180.4	9854.8
6337	1959.5	2181.7	9692.1
8374	1959.8	2226.3	9673.1
34	1949.5	2158.5	9625.3
12920	1967.7	2206.3	9844.0
9755	1955.1	2215.4	9962.3
487	1959.5	2254.8	9833.2
10299	1959.8	2205.9	9678.4
10794	1963.9	2271.8	9884.9
14712	1968.4	2191.2	9798.4
4127	1972.7	2258.9	9897.2
16995	1957.6	2151.0	9671.6
14948	1952.3	2168.5	9550.7
21341	1969.5	2207.7	9922.5
15599	1963.8	2170.8	9748.3
10788	1971.4	2242.9	9826.4
9298	1963.4	2237.8	9804.9
12703	1966.1	2225.9	9883.2
16264	1955.3	2216.8	9683.2
20375	1961.7	2194.9	9691.3
2552	1964.3	2271.3	9756.5
20254	1965.2	2214.9	9770.2
2117	1974.4	2242.2	9923.9
9301	1967.1	2167.6	9708.6
22159	1958.7	2154.6	9691.3
18468	1958.5	2224.9	9798.4
4552	1957.7	2199.7	9881.2
13617	1972.0	2244.9	9837.4
4710	1962.1	2304.0	10284.4
17147	1964.4	2217.0	9725.0
11950	1961.1	2204.2	9713.1
6589	1953.7	2212.7	9697.0
3755	1955.9	2199.8	9662.7
13012	1958.0	2179.7	9770.7
22233	1953.1	2223.3	9786.2
2452	1979.6	2246.3	9996.2
11349	1970.5	2198.3	9830.4
8592	1955.1	2241.4	9660.9
9048	1967.7	2178.7	9780.8
174	1950.4	2203.5	9584.6
24107	1970.6	2215.6	9950.1
22933	1965.3	2217.3	9850.0
16950	1972.0	2212.6	9836.2
10811	1981.6	2270.4	9907.3
10937	1959.3	2188.5	9849.2
22284	1960.4	2127.8	9645.5
5313	1957.4	2226.2	9730.0
18564	1955.8	2209.4	9709.0
19034	1959.6	2163.5	9800.3
16298	1944.0	2173.7	9658.3
24463	1968.3	2212.6	9904.2
15110	1970.5	2222.1	9892.5
4009	1955.1	2199.4	9704.6
19922	1954.9	2211.0	9712.6
5149	1956.6	2199.8	9751.9
8549	1974.1	2245.7	10005.5
10110	1954.0	2192.4	9670.1
2495	1953.6	2167.4	9640.9
5145	1961.3	2230.9	9759.7
12135	1960.4	2211.7	9770.3
21005	1960.0	2173.5	9768.7
672	1975.2	2218.2	9916.0
21730	1966.6	2222.8	9838.9
19555	1958.3	2213.3	9685.9
9185	1959.7	2260.9	9794.3
6704	1955.5	2178.3	9656.2
22145	1963.5	2228.1	9713.9
16307	1948.4	2179.1	9645.6
19993	1970.4	2206.1	10175.3
11283	1956.9	2182.1	9747.8
1044	1934.1	2156.4	9435.7
18934	1973.8	2265.7	9880.3
15519	1962.4	2168.4	9575.6
16727	1968.1	2190.3	9771.7
23292	1969.1	2226.0	9814.7
6400	1980.5	2304.4	10088.7
17266	1960.8	2250.2	9798.4
24974	1953.3	2203.6	9794.4
