38831	1811.6	2059.1	13577.5
64079	1816.8	2067.4	14045.0
56278	1820.4	2061.5	13871.7
73759	1825.3	2050.6	13884.3
83372	1819.7	2067.4	14058.4
82893	1808.6	2017.9	13547.2
86880	1826.7	2065.5	13827.1
82566	1804.2	2011.1	13467.4
17410	1822.3	2111.5	13793.2
79460	1821.4	2024.6	13517.6
43281	1801.1	2013.5	13483.4
82537	1817.1	1997.1	13826.7
33961	1820.7	2099.3	13810.3
38732	1820.5	2037.0	13699.4
46977	1828.6	2091.4	13937.8
25621	1822.8	2048.3	13667.3
41938	1817.6	2053.4	13692.7
46886	1822.9	2119.9	14106.2
38160	1815.0	2030.2	13840.5
17611	1803.0	2082.0	13823.0
89173	1816.6	2026.4	14217.5
74489	1831.5	2046.9	14116.9
83941	1817.6	2005.7	13532.2
56257	1817.1	2043.6	13639.6
16603	1819.2	2047.3	13602.4
47939	1818.2	2071.1	13784.8
82074	1818.7	2068.8	13865.2
67614	1817.3	2024.8	13731.4
42022	1822.9	2122.9	14368.1
13618	1830.1	2083.7	13938.0
22634	1828.4	2083.2	14193.3
11788	1823.9	2026.9	13661.8
80872	1821.1	2049.6	13929.6
23424	1825.6	2105.0	13691.0
36527	1824.7	2045.2	13926.5
34986	1811.1	2085.4	13604.8
31643	1814.0	2054.5	13790.0
69317	1829.6	2038.0	13890.0
79614	1821.5	2008.4	13424.4
52804	1814.5	2007.5	13608.6
24832	1806.3	2002.4	13340.6
83292	1808.3	2039.5	13293.7
46771	1817.3	2047.9	13619.9
37365	1801.1	2068.5	13525.4
87948	1837.5	2059.8	14245.5
18913	1821.7	2111.5	13909.9
72996	1816.3	2040.3	13617.0
17852	1816.5	1979.5	13519.6
33273	1813.3	2020.3	13857.1
79098	1825.1	2052.5	14001.6
77504	1808.3	2044.3	13465.7
9636	1819.9	2046.2	13583.0
50477	1817.7	2035.8	13835.9
48894	1829.8	2106.8	13950.2
34013	1800.2	2007.7	13206.2
42757	1820.3	2094.7	14191.3
11250	1821.2	2060.9	13695.1
49315	1826.6	2063.5	13978.0
17608	1818.6	2064.0	13584.5
66842	1826.3	2127.9	14332.6
57271	1822.7	2052.2	13751.2
27302	1834.6	2085.8	14213.4
81512	1813.8	2051.4	13878.1
50707	1810.8	1992.3	13378.6
27206	1826.0	2022.0	13691.4
8744	1810.4	2042.5	13546.0
56863	1819.8	2072.3	13953.0
17804	1820.8	2055.7	13954.4
46697	1834.6	2110.3	14183.7
16795	1818.4	2089.5	13978.4
64593	1818.2	2056.2	13887.6
57232	1810.4	2055.1	13687.2
38168	1816.8	2092.9	13735.5
40465	1831.2	2043.7	13982.9
62540	1843.7	2125.9	14964.3
70250	1803.3	2004.6	13446.5
38683	1805.3	2022.7	13338.3
28479	1815.6	2010.7	13923.7
50816	1804.0	2029.3	13556.0
63010	1797.2	2009.5	13165.4
78611	1819.6	2039.9	13721.8
33417	1804.0	2045.9	13323.3
51455	1804.5	2018.8	13423.7
27739	1797.2	2002.4	13282.7
2586	1811.1	2055.6	14183.3
56414	1794.4	1995.5	13096.5
8427	1815.6	2039.7	13689.7
7195	1797.2	2041.2	13605.9
53427	1821.7	2058.9	13764.6
46397	1822.0	2051.3	13674.0
31338	1819.1	2077.0	13862.3
22604	1807.0	2071.5	13550.6
10721	1812.0	1997.6	13522.4
29867	1833.4	2030.8	13712.3
5251	1815.4	2051.3	13464.7
78041	1807.6	2002.6	13408.9
27357	1820.1	2032.7	13512.6
27901	1823.1	2115.8	13999.1
71319	1818.2	2058.1	13894.2
14459	1816.0	2083.2	13853.4
17892	1824.7	2083.4	13566.0
57589	1829.3	2128.1	14120.4
57548	1806.9	2008.9	13627.7
11260	1825.3	2038.1	13690.8
82497	1815.9	2073.5	14080.2
61701	1812.2	2065.1	13501.7
73399	1802.4	2004.0	13424.6
7657	1820.1	2111.8	14150.6
69135	1814.3	2005.8	13690.9
84953	1816.7	2035.2	13574.8
25734	1818.0	2112.5	14175.4
81402	1836.1	2070.4	13933.9
28575	1820.0	2087.1	14127.8
40243	1810.9	2025.4	13605.7
80367	1822.0	2040.1	13630.0
85029	1821.5	2094.9	14159.3
3390	1807.4	2063.1	13867.9
3798	1812.5	2060.8	13658.8
14647	1825.2	2079.6	13836.6
51872	1806.2	2045.3	13639.2
41552	1812.8	2033.0	13624.0
10314	1809.2	2018.3	13366.9
26722	1818.9	2046.3	13799.0
69807	1821.4	2082.0	14045.6
5336	1812.1	2043.0	13635.9
79798	1823.7	2073.6	13846.2
67276	1817.2	2055.2	13819.8
24758	1807.2	2044.3	13781.2
51183	1800.1	2021.3	13359.3
73879	1829.7	2037.1	13677.0
17600	1818.9	2119.1	14021.9
2605	1810.2	2133.8	14188.5
38933	1821.7	2031.4	13593.8
22043	1821.5	2060.1	13818.2
41499	1811.2	2018.4	13500.2
18737	1816.7	2076.9	13860.6
84914	1813.7	2029.4	13627.3
45282	1813.1	2079.2	13722.1
13808	1815.2	2078.5	13778.8
87121	1814.3	2054.8	14064.2
46750	1802.1	2044.7	13698.4
65451	1814.6	2009.6	13602.2
75179	1822.0	2026.6	13643.3
68158	1819.9	2052.8	13825.4
36903	1827.6	2076.7	13997.9
55218	1808.8	2045.4	13616.0
74556	1810.5	2021.9	13418.7
18892	1809.2	2036.1	13203.6
23865	1827.5	2091.9	14097.3
50635	1815.6	2074.4	14046.3
55370	1810.2	1995.3	13318.7
87743	1812.8	2001.6	13322.4
19533	1818.2	2050.3	13640.1
85266	1819.6	2023.2	13688.0
36359	1811.6	2034.7	13572.6
3640	1820.7	2081.3	14048.8
86209	1813.8	2056.7	13713.2
32934	1821.4	2064.6	13728.0
19485	1810.7	2045.7	13417.6
36818	1809.2	2036.3	13555.6
9050	1806.0	2052.2	13603.8
46401	1812.1	2033.6	13373.5
56097	1807.2	2046.5	13763.1
33769	1828.9	2086.3	13887.2
66706	1815.6	2025.2	13644.2
14828	1811.6	2055.9	13795.8
61022	1812.8	2087.0	13934.3
14203	1822.3	2058.4	14102.0
8839	1825.2	2079.5	13690.9
32656	1820.5	2060.6	13710.1
77183	1820.0	2083.5	14363.1
30997	1813.1	2059.2	13506.6
18397	1797.2	1971.3	13118.6
18088	1811.5	1971.5	13333.1
205	1818.3	2075.9	13729.8
79185	1816.3	2058.7	13962.8
14773	1813.6	2085.3	13834.2
32027	1814.9	2091.6	13967.7
23758	1818.4	2049.5	13914.9
26378	1816.3	2080.8	13844.4
890	1804.4	1999.1	13336.5
61144	1829.5	2075.1	14339.4
87250	1807.4	2017.7	13641.4
19996	1819.8	2071.7	13928.9
12826	1806.3	2010.8	13792.7
74328	1809.8	2053.4	13516.6
62870	1804.5	2011.3	13453.7
33771	1811.1	2041.2	13693.4
55906	1814.7	2016.6	13589.3
82821	1804.6	2028.7	13675.7
23929	1817.5	2034.3	13928.7
68628	1828.2	2050.2	13757.0
28881	1808.4	2079.7	13822.5
39036	1821.6	2133.6	14084.2
10922	1799.6	2049.6	13656.4
68620	1802.8	1978.3	13373.1
33739	1817.4	2023.5	14105.9
76585	1810.8	1996.6	13538.2
31727	1819.3	2080.5	13910.3
8813	1822.3	2073.7	13981.1
39365	1800.8	1981.7	13176.9
20860	1807.9	2080.6	13965.1
65955	1811.7	2079.4	13815.6
70702	1813.3	2032.0	13882.4
18519	1819.3	2068.7	13655.7
9844	1830.5	2069.2	13843.1
78678	1827.1	2032.5	13741.9
85081	1824.8	2024.0	13616.8
76345	1825.8	2107.7	14017.8
69843	1827.7	2095.6	13972.1
15552	1824.0	2036.1	13618.6
24389	1836.1	2096.2	14557.4
38639	1803.0	2078.7	14154.8
16017	1826.7	2077.2	14052.3
46567	1838.7	2078.6	14047.8
21801	1809.7	2092.0	13657.9
57396	1816.8	2079.7	13799.6
46825	1826.1	2118.6	14216.1
60068	1812.8	2047.2	13660.5
26644	1827.3	2118.8	14159.3
81698	1795.1	2016.0	13366.3
28774	1828.2	2047.7	13841.4
36167	1819.8	2035.8	13699.2
30041	1820.3	2057.2	13681.9
17156	1811.6	2065.8	13869.5
70094	1833.3	2085.4	13925.7
83602	1806.3	2039.0	13437.6
63990	1813.6	2103.0	14020.5
65733	1818.2	2029.4	13622.8
37158	1824.1	2066.2	13715.5
15029	1830.8	2107.3	14204.6
25119	1823.8	2081.7	13670.8
46090	1796.4	2025.4	13444.1
34157	1823.4	2077.3	13734.9
17211	1818.8	2078.0	13763.4
18046	1805.5	2020.5	13470.8
4181	1818.3	2055.7	13864.6
22399	1811.8	2130.4	13759.0
68361	1817.8	2018.4	13563.5
25899	1798.6	2017.5	13416.9
46181	1818.6	2055.4	13613.2
4531	1819.2	2081.7	13611.1
48220	1815.4	2099.1	13885.1
27592	1808.1	2055.9	13561.0
19104	1819.6	2067.5	13674.3
83962	1811.6	2027.7	13558.6
15143	1810.8	2005.0	13345.7
68862	1810.6	2038.6	13588.3
24341	1798.1	1965.8	13399.5
10476	1823.9	2058.1	13730.9
19575	1816.7	2084.7	13812.8
81019	1810.0	2024.6	13273.6
39074	1806.6	2072.6	13587.7
84510	1811.8	2046.0	13585.7
30703	1821.4	2081.7	13956.6
16745	1820.2	2103.8	13985.6
69749	1812.6	2027.1	13667.2
16573	1809.8	2069.6	13563.7
16052	1834.4	2088.5	14199.6
88023	1798.2	1975.6	13292.3
5337	1825.8	2079.7	13739.8
85297	1818.4	2051.4	13888.0
55118	1805.1	1974.1	13388.0
25878	1809.4	2012.1	13483.4
70736	1810.8	2061.4	13916.2
15447	1839.5	2121.6	14248.7
17941	1814.7	2020.3	13674.2
69644	1826.3	2105.7	13992.0
4932	1815.3	2066.1	13630.2
19261	1811.7	2053.3	14002.7
64366	1814.4	2087.9	13775.6
83477	1821.2	2049.3	13633.7
24365	1833.5	2106.1	14351.6
5312	1805.7	2020.6	13377.7
6646	1820.7	2082.9	14362.7
63693	1837.1	2140.4	14422.4
259	1821.0	2043.0	13494.1
26660	1813.0	2049.5	13721.6
67571	1819.2	2043.1	13749.9
80880	1819.0	1991.4	13551.6
48208	1815.5	2064.6	13594.9
65329	1823.6	2101.3	14203.8
64764	1807.9	1995.1	13419.8
24092	1811.1	2073.8	13677.1
8057	1816.3	2058.1	13484.6
45737	1824.8	2063.6	13970.3
66975	1802.3	2048.0	13643.9
12111	1813.7	2054.2	13722.2
13314	1831.5	2076.6	13898.7
76768	1802.2	2002.4	13345.2
89844	1819.3	2088.9	13717.0
77265	1812.2	2062.8	13791.8
7286	1825.2	2146.9	14282.2
70684	1809.2	2011.8	13531.6
68981	1821.4	2012.8	13650.0
34816	1803.0	2009.7	13334.5
38569	1821.2	2055.8	13810.0
73386	1832.7	2082.6	14177.5
68479	1810.9	2083.1	13960.7
4412	1810.9	2089.4	13949.6
63544	1799.2	2023.4	13200.1
50394	1829.1	2113.0	14351.4
5439	1820.0	2011.7	13623.1
62225	1823.0	2052.0	13964.6
38069	1821.7	2073.8	13876.6
49456	1813.6	2024.4	13511.9
10546	1825.5	2049.9	13802.9
61568	1799.1	2016.1	13211.4
65883	1805.4	1998.2	13476.6
88514	1815.7	2091.3	14066.3
85492	1811.7	2050.1	13711.9
41249	1823.2	2063.8	13927.3
43347	1807.0	2045.4	13629.6
28785	1828.6	2114.7	14298.2
65957	1809.0	2090.2	14144.2
26837	1821.5	2085.9	13732.8
43172	1804.6	2034.6	13485.7
14858	1820.4	2049.7	13655.5
77659	1810.1	2012.2	13469.2
80236	1824.3	2061.9	14011.7
78017	1830.1	2093.7	14119.5
19241	1814.6	2031.1	13555.9
45565	1825.2	2049.0	13790.2
64161	1823.3	2029.0	13537.3
55943	1827.0	2055.4	14119.6
66427	1821.1	2076.2	14162.0
50252	1830.1	2141.8	15072.1
4521	1822.6	2028.5	13658.4
24893	1812.7	2018.6	13378.5
75981	1816.4	2020.0	13741.6
63796	1821.8	2087.5	14019.5
47639	1807.7	2047.5	13510.2
46524	1829.9	2080.0	13808.1
23447	1816.0	2051.4	13694.9
38213	1824.4	2048.4	13604.4
21485	1812.5	1999.6	13614.6
38047	1821.3	2050.0	13483.0
47331	1826.7	2087.0	13796.2
51041	1810.0	2012.7	13576.5
49928	1824.5	2089.2	14117.1
85615	1815.8	2056.6	13760.7
35071	1835.7	2116.3	13999.2
87711	1807.1	2019.0	13594.1
75267	1823.5	2086.1	13892.6
33848	1833.6	2100.7	14295.6
80389	1825.2	2073.0	13897.7
5081	1807.1	1998.5	13198.4
33940	1828.4	2077.4	14115.4
3139	1820.6	2088.7	13763.9
81730	1814.6	2037.8	13590.9
85955	1801.1	1991.3	13335.3
7184	1820.5	2087.1	13713.2
81765	1820.0	2075.5	13758.8
60930	1827.1	2078.7	13878.3
87825	1829.6	2081.2	14041.4
69600	1821.1	2048.5	13803.9
52223	1817.4	2072.8	14045.7
64470	1819.4	2087.2	13711.8
15956	1818.1	2043.6	13696.0
88445	1821.1	2030.8	13550.7
26368	1820.0	2034.7	13758.4
12170	1816.8	2051.4	13650.9
30451	1812.6	2063.9	13685.6
6198	1814.8	2078.3	14579.6
16180	1824.9	2083.4	14255.6
17218	1819.8	2036.4	13648.5
21492	1802.1	2006.7	13373.6
86356	1798.5	1995.8	13259.7
47636	1819.1	2037.0	13744.1
52518	1822.6	2031.2	13708.5
26935	1819.3	2016.2	13622.8
79001	1826.8	1999.8	13727.5
64663	1807.0	2039.1	13702.5
22971	1832.0	2080.5	13962.4
8001	1823.2	2096.6	13800.6
12324	1803.9	2045.9	13578.2
86476	1811.1	2006.0	13602.6
25805	1820.6	2051.9	13620.0
84808	1814.8	2036.9	13620.7
19756	1822.0	2030.7	13642.2
27233	1805.0	2023.1	13633.1
15942	1816.1	2015.6	13243.5
39625	1814.9	1994.4	13473.8
6436	1818.4	2094.5	13994.0
21314	1806.3	1994.9	13482.7
67651	1816.5	2054.5	13668.9
31389	1812.0	2042.1	13836.3
11256	1817.9	2087.0	13836.5
6999	1814.7	2012.4	13469.7
34587	1811.3	2038.7	13470.4
7841	1820.2	2096.6	14034.2
51006	1811.0	2023.8	13448.7
32088	1823.3	2058.6	13804.1
58152	1817.5	2042.0	13658.5
15810	1822.0	2096.0	13825.0
14884	1816.3	2040.4	13446.1
49810	1815.1	2032.9	13630.0
50844	1808.1	2053.9	13816.6
54074	1828.9	2043.1	13624.4
42838	1813.1	2055.6	13622.3
10317	1818.3	2094.0	14041.1
19054	1832.1	2099.9	13851.6
68652	1801.1	2018.1	13911.1
67068	1833.4	2034.8	13931.5
27023	1807.3	2024.7	13726.3
32036	1816.5	2082.3	13749.9
5545	1815.0	2081.7	13589.3
50893	1815.8	2109.0	14163.5
22553	1817.0	2053.4	13638.2
15007	1827.6	2047.6	13691.6
2490	1824.6	2066.9	14192.9
2413	1812.7	2067.0	13991.1
7119	1837.9	2109.9	14200.5
294	1828.8	2108.0	14209.2
37985	1812.3	2014.4	13388.4
37493	1831.0	2037.0	13926.4
68343	1812.2	2004.0	13353.3
32792	1813.4	2095.8	13877.5
22823	1805.7	1996.6	13389.3
17942	1803.9	2057.2	13391.1
67715	1817.9	2097.0	14256.3
15782	1807.9	1998.9	13426.9
44095	1814.6	2109.6	14763.3
82155	1811.9	1997.4	13603.4
74792	1830.2	2127.7	14563.3
53987	1821.9	2038.3	13649.7
16491	1834.5	2100.8	14105.4
66825	1821.6	2099.2	14219.2
49170	1816.7	2033.1	13501.4
18968	1811.5	2029.8	13446.5
63929	1829.6	2077.8	13988.6
31084	1803.5	2047.0	13370.2
25106	1796.1	2023.4	13199.8
19698	1805.8	2023.4	13371.2
9921	1837.1	2178.9	14203.5
42705	1818.3	2111.2	14203.7
84526	1841.4	2119.0	14035.1
66787	1815.1	2047.9	13655.1
78063	1814.2	2033.3	13597.7
82619	1817.5	2049.5	13739.5
3207	1801.2	2071.6	13620.0
39006	1822.2	2054.6	13755.9
57857	1814.8	2027.2	13737.2
28446	1824.0	2125.8	13865.7
64715	1815.5	2044.9	13425.7
45717	1832.8	2098.1	14302.1
25267	1822.1	2079.4	13850.3
16747	1810.1	2072.9	13693.5
67709	1822.7	2113.9	14240.9
43461	1810.8	2072.0	14293.2
2826	1811.2	2040.1	13662.2
65213	1800.0	2011.8	13145.8
81983	1801.7	2066.7	13832.6
14577	1819.8	2042.5	13597.3
44319	1813.4	2032.4	13834.7
7164	1807.9	2036.2	13489.7
69567	1816.8	2017.4	13620.5
36451	1818.4	2055.0	13703.3
8725	1825.2	2087.0	13814.6
54792	1817.7	2077.0	13805.0
36929	1816.8	2062.0	13606.9
55728	1822.0	2078.5	13915.8
6848	1806.0	2030.2	13392.1
28629	1813.5	2117.1	13806.2
51626	1819.7	2052.3	13782.2
55820	1800.4	2017.6	13561.9
63532	1803.3	2013.5	13509.4
18347	1817.3	2059.6	13719.7
40524	1815.8	2057.4	13723.9
8766	1822.3	2074.6	13747.4
52550	1812.5	1978.7	13710.4
17968	1814.1	2067.8	13763.4
81087	1825.8	2074.6	13897.5
59992	1819.3	2046.1	13601.8
8971	1813.1	2062.1	13535.6
48330	1820.9	2043.3	13528.9
87539	1826.4	2123.2	14326.5
54104	1828.1	2122.1	14293.6
835	1812.9	2135.3	14128.7
67439	1812.5	2025.7	13709.8
71192	1827.3	2066.4	14219.3
76573	1798.6	1985.9	13249.0
83276	1806.9	1992.0	13446.4
11093	1820.8	2069.3	13739.7
53579	1817.4	2090.0	13698.3
15195	1811.1	2037.1	13603.9
13952	1818.3	2071.8	13574.0
69168	1794.7	2032.7	13148.2
63644	1825.6	2066.4	14063.1
45942	1805.9	2060.6	13784.3
60998	1824.4	2060.9	14108.9
58103	1821.5	2079.4	13998.9
68600	1810.2	2002.3	13505.1
47719	1794.8	1990.4	13240.6
86344	1831.3	2059.8	14024.8
21248	1814.5	2045.5	13470.1
65490	1809.4	2041.8	13633.6
79667	1823.6	2038.9	13809.1
75854	1808.2	1992.8	13450.4
23396	1822.3	2041.5	13582.3
50652	1817.4	2095.1	14315.7
34014	1811.9	2066.9	13762.9
81658	1825.1	2045.9	13710.8
49379	1838.7	2100.7	14700.5
13773	1831.0	2113.6	14112.0
34060	1823.0	2102.5	14009.0
84015	1807.3	2028.9	13718.1
630	1809.9	2145.1	14396.8
11373	1809.0	2122.5	14078.2
20544	1824.4	2072.4	13947.8
66105	1812.1	2028.3	13893.4
49478	1812.2	2037.6	13925.0
71002	1811.7	2028.7	13528.6
89916	1824.7	2042.4	13658.7
89598	1805.1	2004.7	13122.4
24945	1822.2	2084.4	13737.0
38632	1826.5	2065.9	13901.8
63868	1807.3	2068.1	13672.7
89331	1818.8	2045.4	13775.3
17003	1803.5	2031.4	13457.1
82634	1815.6	2059.6	13933.4
58179	1817.6	2058.1	13861.5
7410	1817.8	2033.4	13588.2
6238	1809.4	2103.8	13784.7
42409	1819.9	2040.7	13798.9
16606	1801.1	2024.7	13311.8
20152	1824.3	2075.6	14062.3
85286	1815.4	2025.4	13540.7
5837	1804.1	1973.3	13075.4
70133	1813.7	2046.9	14010.3
1966	1833.8	2128.7	14176.1
9030	1823.2	2066.7	13843.1
76529	1813.4	2053.1	13733.8
15673	1808.9	2079.6	13806.2
29680	1817.6	2085.5	13611.6
12484	1813.4	2055.3	13772.1
2053	1812.0	2102.6	13874.0
12731	1820.1	2126.0	14030.8
46432	1817.5	2063.0	13965.7
81500	1825.5	2072.9	13763.0
76020	1805.3	1980.0	13226.1
83883	1827.9	2056.2	13735.4
77040	1821.9	2103.4	14028.6
6606	1804.6	2046.3	13514.5
17565	1811.3	2012.6	13351.1
64891	1803.9	1983.5	13326.0
31175	1827.2	2074.8	14010.3
81017	1827.2	2058.5	13931.5
61518	1830.8	2056.3	13808.4
6474	1810.0	2055.5	13607.7
87739	1829.9	2043.7	14173.9
38418	1830.7	2113.1	14007.0
80103	1823.3	2001.0	13494.7
53065	1803.7	2033.0	13389.0
79382	1828.6	2120.4	14063.4
2965	1811.7	2003.3	13445.0
9528	1805.4	2034.2	13579.5
66618	1816.9	2034.0	13758.8
69610	1817.6	2050.7	13628.2
86626	1815.8	2055.8	13942.6
86512	1814.5	2030.0	13638.8
3322	1818.6	2077.6	14399.5
60861	1821.2	2046.9	13926.8
87698	1826.1	2053.6	14124.0
89410	1825.3	2054.2	13785.2
13255	1814.1	2082.3	13661.7
31495	1829.8	2127.0	14495.4
63900	1816.3	2004.4	13624.3
55397	1813.0	2065.9	13557.3
53196	1825.1	2058.1	14079.2
15472	1823.2	2076.2	13969.7
21747	1811.2	2072.3	13504.0
534	1795.8	2072.2	13365.6
73592	1820.5	2038.3	14450.0
9859	1822.0	2071.5	13579.5
24461	1811.4	2049.5	13726.9
72662	1807.3	1995.1	13462.5
85509	1804.7	2005.5	13314.9
57101	1824.3	2043.4	14184.4
56546	1806.5	2083.5	13650.1
38835	1833.7	2101.3	13919.3
81182	1815.1	2016.4	13454.0
78429	1810.5	2046.5	13708.9
6022	1799.4	2019.7	13399.4
59545	1809.7	2059.8	13756.8
13953	1814.1	2048.5	13348.9
10416	1814.4	2081.3	13739.4
71309	1827.9	2075.5	14228.0
25954	1798.0	2055.8	13585.5
22862	1814.0	1982.2	13500.6
41344	1824.1	2081.5	14021.9
82203	1819.9	2044.3	13956.0
14494	1821.8	2123.0	14130.7
37058	1806.0	2030.8	13791.6
60554	1813.8	2016.2	13628.8
53250	1826.9	2079.7	14062.3
60825	1839.1	2169.8	16155.0
61355	1819.5	2053.9	13721.1
29885	1809.5	2020.1	13570.8
46010	1817.9	2046.5	13878.9
36108	1830.4	2144.8	14208.4
46465	1822.7	2110.6	14069.7
30116	1820.7	2040.4	13635.7
7543	1817.8	2054.1	13730.6
75014	1818.3	2059.4	13679.5
81041	1803.3	1989.1	13207.3
78694	1822.2	2078.3	13718.2
12922	1819.3	2077.0	13836.1
88774	1812.9	2105.5	14264.1
86170	1820.9	2091.2	13805.2
57647	1823.3	2076.2	13799.9
85698	1807.2	2039.3	13938.3
22414	1841.2	2079.6	14083.1
88648	1802.1	1976.9	13283.1
76306	1808.4	2031.7	13452.5
47539	1814.9	2045.2	13521.6
5330	1824.9	2103.4	14019.9
57815	1839.9	2133.2	14378.4
67450	1822.3	2078.4	13857.7
65356	1803.1	2015.7	13677.1
78148	1822.7	2051.2	13911.9
33224	1810.6	2068.7	13705.5
60969	1816.8	2116.4	14036.1
16669	1815.0	2005.3	13577.6
38537	1818.0	2053.4	13977.7
9751	1826.9	2059.3	14119.0
79254	1816.4	2064.4	13797.1
82801	1804.2	2004.8	13599.5
43062	1831.5	2100.4	13955.3
76588	1831.0	2113.5	14526.1
71991	1797.5	2020.7	13308.7
51058	1795.4	2026.2	13347.3
14223	1812.2	2050.4	13464.3
78595	1838.3	2119.0	14431.5
60466	1805.9	2028.9	13141.1
26064	1830.1	2067.4	14250.1
13258	1813.8	2058.0	13544.0
28072	1814.5	2005.0	13536.7
75283	1822.6	2091.2	14467.1
66313	1815.2	2065.1	13549.5
57343	1827.5	2104.7	14129.6
52722	1808.7	2007.5	13552.9
19618	1816.8	2024.7	13338.2
49869	1808.8	2035.3	13825.4
23482	1831.0	2134.4	14207.9
74257	1815.3	2038.5	13424.7
41391	1835.4	2066.2	14012.4
77370	1821.9	2118.4	14040.8
3241	1814.0	2070.4	13785.2
42510	1824.2	2068.5	13966.5
20099	1810.6	2047.8	13545.1
39597	1832.4	2087.6	14090.9
56438	1799.8	2031.3	13471.2
4007	1814.8	2050.8	13609.0
74056	1809.9	2000.0	13677.9
37488	1827.7	2086.0	13903.3
27709	1796.1	2017.2	13274.6
36827	1827.0	2088.5	14415.2
42798	1821.3	2056.8	13888.2
23743	1826.6	2085.0	14538.8
7713	1797.7	2021.2	13389.5
65287	1807.5	2052.3	13642.1
84948	1810.5	2032.6	13651.6
15992	1840.7	2134.7	14308.6
43930	1805.2	2052.7	13776.9
49745	1808.2	2037.0	13521.5
23996	1814.3	2085.1	13696.4
66725	1833.5	2033.4	13831.8
85144	1830.2	2091.7	14128.5
66765	1816.5	2042.1	13893.9
43353	1821.5	2050.3	13929.1
43389	1823.5	2059.9	13918.2
4709	1801.7	2040.4	13484.8
15846	1820.0	2017.5	13726.0
77238	1819.1	2057.9	14070.9
47118	1824.2	2034.4	13823.8
86815	1832.3	2072.1	14065.3
3123	1804.3	2022.4	13450.4
22599	1814.7	2064.2	13574.5
14123	1807.9	2001.0	13382.8
290	1814.2	2078.5	13851.3
30052	1811.4	2045.3	13824.8
17580	1805.3	2040.5	13455.9
52751	1810.6	2033.5	13581.2
75469	1812.7	2049.7	13682.6
58684	1835.9	2089.5	14119.1
42683	1806.1	2015.2	13550.7
21479	1826.6	2072.1	14177.7
5400	1802.4	2059.8	13580.0
70371	1806.7	1964.2	13170.5
35270	1837.7	2133.4	14633.7
83057	1811.2	1989.7	13341.6
32829	1826.5	2073.4	13938.7
32176	1829.6	2071.5	14257.9
40792	1828.3	2085.4	14088.6
44161	1815.8	2043.8	13731.3
35636	1815.1	2091.0	13711.2
50705	1820.6	2110.5	14140.8
70942	1835.7	2075.8	14159.7
70481	1824.7	2093.8	14010.2
20924	1813.4	2076.4	13653.7
15532	1811.9	2074.0	13518.2
50386	1821.0	2047.3	13769.0
42578	1794.3	2024.2	13221.4
15684	1837.5	2080.1	13979.6
22890	1807.9	2021.8	13519.5
16239	1817.8	2057.0	13743.1
12143	1804.1	2030.4	13832.2
18262	1801.7	2015.2	13339.6
73409	1814.6	2034.7	13683.4
44059	1819.0	2037.9	13920.3
67023	1811.4	2059.8	13719.0
18403	1820.6	2055.5	13697.3
44568	1815.4	2092.1	14455.9
71221	1826.3	2081.7	14151.3
40651	1818.6	2035.9	13569.5
89351	1805.8	2016.3	13443.7
48275	1811.6	2008.7	13776.2
77096	1816.8	2026.6	13514.4
23938	1808.7	2036.5	13900.6
11303	1817.8	2052.9	13736.8
84570	1811.5	2063.7	13909.7
2567	1791.5	2014.2	13294.6
36332	1810.8	2045.7	13694.0
53007	1808.0	2021.6	13341.9
56075	1818.1	2037.6	13517.8
69640	1819.8	2018.3	13517.5
59724	1817.3	2081.0	13746.6
47770	1820.7	2057.2	14024.9
32755	1830.7	2066.6	14094.2
66758	1812.3	2032.0	13586.9
44218	1810.1	1993.1	13426.6
54994	1818.4	2092.9	14257.3
2501	1807.3	2046.2	13629.5
47291	1826.2	2085.3	13929.5
55955	1814.6	2087.7	14087.3
40583	1816.7	2099.6	13589.6
61177	1825.0	2077.8	14106.0
64127	1801.8	2010.4	13570.5
49021	1805.6	2001.8	13409.6
39174	1809.7	2020.2	13795.6
45109	1822.8	2067.5	13800.5
6770	1833.9	2108.8	14087.2
32231	1807.5	2084.3	14045.2
51313	1799.0	1994.6	13275.0
6826	1822.7	2047.6	13781.8
49598	1813.2	2055.6	13857.8
13455	1824.3	2130.8	14162.5
77680	1831.6	2041.4	14335.9
18476	1817.9	2100.5	14097.0
78657	1811.5	2033.7	13675.2
48314	1821.8	2057.0	13703.0
11515	1801.0	1991.1	13398.8
25629	1819.5	2100.2	13980.0
15980	1814.9	2054.1	13606.6
32525	1823.3	2073.3	13732.0
73554	1823.5	2031.4	13872.7
44627	1814.2	2052.5	13600.7
484	1811.6	2039.7	13769.0
56247	1800.3	2048.7	13542.5
51214	1815.4	2062.4	13526.9
47708	1834.7	2074.8	13894.1
48832	1821.2	2062.4	13793.9
1784	1809.2	2116.6	13403.0
38786	1807.0	2001.1	13320.7
79581	1847.8	2165.4	14530.4
1096	1808.8	2052.0	13868.2
78422	1810.8	2002.9	13778.5
3317	1822.6	2136.6	14464.9
33096	1824.0	2098.3	13991.8
42074	1820.4	2054.5	13608.5
27156	1820.7	2110.5	14212.4
70060	1815.1	2042.2	13672.3
70907	1808.6	1950.5	13211.6
74465	1819.7	2026.3	13753.6
11005	1807.4	2020.1	13264.0
58246	1822.8	2049.1	13585.9
88899	1830.4	2104.1	14004.2
85624	1844.0	2080.9	14352.9
84731	1802.9	2000.6	13592.9
50121	1840.7	2117.6	14466.1
26785	1833.4	2107.2	13987.4
42028	1826.1	2096.0	14281.2
74663	1827.0	2074.6	13812.8
6518	1813.9	2094.6	13622.5
6096	1817.1	2073.4	14030.5
72191	1814.7	2004.0	13556.8
89127	1834.3	2072.6	13938.7
26252	1817.7	2069.5	13732.6
75689	1828.5	2118.0	14305.7
47293	1816.7	2050.7	13778.9
34302	1818.4	2077.7	13761.6
68917	1814.5	2040.9	13553.1
59799	1813.1	2035.3	13580.9
1274	1811.7	2049.9	13438.4
17830	1814.3	2039.6	13396.5
35124	1818.2	2031.6	13939.6
71142	1817.1	2084.6	13441.7
56568	1820.0	2057.9	13706.1
77565	1815.8	2000.1	13526.5
15508	1789.5	1976.2	13054.6
75420	1827.3	2089.1	14027.4
74461	1820.7	2026.1	13832.2
44915	1814.3	2015.8	13393.7
83199	1811.8	1979.7	13283.2
48270	1812.8	2007.8	13378.1
52095	1819.2	2039.3	13772.2
15963	1811.9	2010.3	13502.8
62550	1813.4	2060.1	13763.1
28570	1823.3	2040.3	13730.7
6377	1824.1	2120.5	14247.1
24064	1830.6	2109.9	14038.9
9739	1805.5	2085.1	13841.3
52642	1800.8	2040.4	13808.4
35264	1807.8	2006.0	13401.2
710	1820.5	2079.7	13886.2
5577	1813.8	2033.0	13543.3
6838	1816.7	2089.7	13792.0
27109	1826.4	2020.7	13791.6
23646	1825.5	2100.3	13998.9
32662	1822.7	2045.5	13658.8
14183	1829.2	2088.9	14054.2
29364	1816.1	2044.7	13751.6
87238	1827.0	2055.6	13664.1
82921	1818.7	1986.3	13421.7
85455	1813.9	2019.4	13352.1
47952	1808.0	2034.4	13538.2
39107	1804.8	2052.2	13573.1
88017	1814.8	2046.8	13608.9
52494	1812.9	2017.8	13565.9
70029	1816.0	2078.9	14242.4
68758	1825.8	2045.7	13901.0
73836	1810.6	2087.5	14044.7
34965	1823.3	2068.9	14053.3
11508	1802.6	2092.7	13630.1
64484	1825.8	2095.5	14296.2
88006	1816.2	2054.0	13984.4
56318	1820.0	2031.1	13768.0
52626	1796.2	1956.4	13267.2
55278	1812.0	2046.7	13496.9
4730	1822.1	2058.1	13835.1
17341	1813.1	2042.6	13573.6
73028	1811.6	2027.0	13460.9
28956	1806.2	1999.9	13253.4
76816	1804.4	2031.7	13604.0
52257	1836.6	2099.6	14141.9
42821	1806.4	2025.7	13612.6
29469	1828.8	2151.0	14220.0
53604	1823.1	2120.4	13865.3
35680	1831.4	2092.2	13967.3
39855	1820.8	2035.4	13685.5
30090	1827.2	2115.1	14246.2
68677	1816.5	2056.4	13851.3
59648	1812.1	2069.5	13978.8
31536	1827.2	2095.8	14218.9
15569	1803.8	2005.3	13299.2
73634	1806.2	1977.7	13179.1
41943	1827.9	2036.5	13770.8
50593	1813.8	2081.1	14021.3
16486	1817.3	2076.1	13754.5
42731	1826.7	2056.3	13727.4
64187	1821.4	2097.5	14077.3
79322	1817.1	2007.3	13526.9
15839	1826.8	2102.0	14047.4
89413	1813.5	2005.9	13502.1
61653	1823.3	2086.5	13854.4
1424	1812.5	2051.5	13661.3
83730	1818.8	2035.2	13454.4
7217	1808.9	2072.8	13960.6
19009	1828.8	2058.6	13777.1
32137	1818.7	2060.6	13883.4
88676	1820.1	2118.3	14922.8
83227	1827.3	2073.2	14093.4
16716	1828.4	2087.6	13970.7
72288	1814.6	2062.0	13639.0
64295	1811.2	1994.8	13446.4
21292	1819.0	2130.9	14187.7
66304	1825.8	2087.5	13989.2
27872	1814.7	2033.5	13571.4
12642	1807.1	2075.3	14336.6
88538	1800.4	1989.7	13302.0
58032	1827.5	2061.5	13963.6
20841	1829.6	2136.6	14151.6
64031	1818.9	2062.8	14219.2
81931	1813.0	2038.4	13710.6
36349	1805.6	1988.4	13212.6
87564	1816.8	1991.9	13702.9
73987	1831.2	2081.6	14092.9
88418	1816.1	2004.5	13545.6
48721	1811.4	2020.2	13665.6
18125	1811.3	2062.1	13673.4
43105	1811.5	2080.6	13645.2
44886	1810.6	2070.8	13695.4
17724	1833.6	2161.1	14698.8
74610	1816.0	2046.1	13678.7
34063	1818.2	2058.3	13664.5
47865	1821.0	2043.9	13637.4
47031	1795.6	1959.3	13017.2
86217	1815.0	2094.4	13972.8
32701	1812.1	2060.2	13584.1
34497	1817.6	2076.2	13820.0
31636	1815.3	2055.0	13767.4
65411	1831.9	2087.3	14264.5
79740	1823.7	2108.2	14879.9
3073	1811.5	2037.5	13708.1
38914	1828.5	2026.0	13844.4
37350	1800.2	2026.6	13879.2
3551	1802.6	2011.9	13314.2
45530	1828.6	2059.6	13949.5
55989	1817.1	2091.6	13641.8
71140	1798.2	2013.0	13387.8
13107	1815.3	2048.6	13600.5
68239	1818.1	2036.0	13769.0
22332	1811.8	2058.0	13641.6
16312	1810.8	2015.8	13420.4
77058	1814.2	2014.3	13536.5
54263	1809.9	2032.6	13709.5
26116	1828.6	2067.3	13837.5
59121	1817.5	2056.3	13551.4
79546	1812.8	2097.7	13997.9
62144	1818.2	2075.1	13777.0
66218	1818.6	2066.6	13547.2
40100	1826.7	2059.4	14026.2
86996	1800.6	2053.6	13366.0
52689	1809.1	2046.5	13714.6
81446	1820.4	2023.9	13833.7
15533	1816.4	2017.3	13559.5
54128	1813.6	2043.2	13597.7
40598	1812.7	2074.0	13748.7
75585	1801.8	2012.2	13345.5
48366	1806.3	2022.1	13262.1
17280	1813.3	2046.2	13562.9
44487	1826.8	2066.3	13818.9
35934	1823.4	2072.2	13753.2
1056	1818.4	2093.7	13624.1
20533	1809.7	2046.2	13488.2
11089	1805.0	2041.3	13499.0
55656	1811.6	2023.4	14460.6
7853	1835.6	2111.8	14284.0
437	1811.0	2026.9	13413.9
10929	1799.1	1995.6	13357.6
71609	1826.7	2142.9	14322.8
63875	1803.0	2058.6	13544.0
15848	1832.1	2076.6	14298.5
7914	1826.2	2114.7	14159.3
53657	1794.1	2012.4	13241.3
63459	1822.3	2067.6	13863.4
53878	1828.1	2102.0	14024.4
11123	1819.4	2024.5	13821.8
5365	1827.2	2066.8	13782.8
60788	1821.8	2066.7	13805.3
45724	1829.4	2074.7	13863.6
27496	1811.8	2029.0	13645.9
43063	1812.0	2077.9	13602.7
52003	1815.3	2059.9	13606.5
16704	1819.8	2042.7	13695.0
35623	1814.1	2004.2	13465.1
38924	1814.8	2048.7	13587.8
19607	1830.2	2143.3	14356.8
26560	1806.0	2025.2	13437.0
76867	1826.7	2027.3	13919.3
2932	1816.3	2114.0	13705.1
30702	1820.1	2118.1	13959.2
76580	1819.8	2089.9	13959.7
83834	1818.3	2043.1	13670.9
60966	1813.8	2079.0	13656.7
13428	1816.8	2067.4	13582.4
47691	1797.9	2050.0	13480.5
88602	1826.8	2050.8	13900.9
33009	1813.2	2017.0	13491.2
49491	1831.3	2135.4	14189.9
4817	1837.9	2186.1	15416.5
53997	1814.9	2058.7	13579.8
19652	1821.2	2063.2	13967.9
42138	1836.3	2119.4	14287.3
18798	1826.6	2069.3	13698.9
60797	1807.6	2026.8	13740.6
57417	1805.5	1974.3	13125.9
37229	1840.1	2122.7	14476.9
48718	1819.4	2050.8	13727.3
5944	1811.3	2022.3	13423.4
68550	1815.4	2056.2	13910.3
47964	1828.1	2031.6	14199.0
83840	1810.4	2034.4	13624.3
86094	1809.8	2040.4	13482.5
45201	1808.2	1998.9	13590.5
2704	1828.2	2144.6	14007.2
28323	1824.6	2047.1	13621.3
36241	1814.1	2073.9	13858.9
50486	1816.0	2048.4	13777.2
85904	1818.1	2033.9	13695.7
6448	1810.9	2019.5	13551.9
80706	1808.6	2002.4	13388.4
22848	1825.0	2087.8	13945.3
49297	1826.3	2061.0	13943.7
27822	1820.3	2089.7	13709.9
48401	1816.5	2032.9	13520.8
42300	1814.1	2090.9	13963.9
57334	1807.2	2014.6	13267.0
85687	1823.3	2069.7	13779.5
