34516	1986.1	2193.0	14705.6
56959	1991.3	2232.9	14964.0
50025	1979.0	2227.8	14567.7
65564	1987.1	2252.1	14968.7
74109	1980.6	2207.2	14878.6
73682	1985.9	2249.3	14745.0
77226	1978.7	2231.0	14582.6
73392	1987.4	2255.1	14950.9
15476	1963.4	2165.6	14413.9
70631	1988.9	2286.9	15070.9
38472	1989.9	2254.1	14982.2
73366	1987.7	2251.8	14809.0
30188	1986.7	2186.3	14636.7
34429	1977.1	2215.6	14907.0
41758	1981.8	2206.3	14565.3
22775	1994.4	2209.9	14784.3
37279	1988.0	2192.7	15002.1
41677	1982.2	2207.8	14501.6
33921	2002.0	2219.1	15066.9
15656	1994.3	2201.4	14800.9
79265	1977.1	2174.8	14357.8
66213	1982.1	2266.0	14871.2
74614	1981.2	2260.3	15048.8
50007	1976.8	2198.0	14725.8
14760	1972.4	2233.2	14620.0
42614	1998.0	2276.7	14994.0
72955	1985.2	2231.9	15177.6
60102	1978.4	2218.4	14539.3
37354	1991.5	2284.6	15310.9
12107	1978.0	2266.1	14960.6
20122	1978.3	2205.9	14520.6
10481	1975.3	2207.3	14520.9
71887	1984.3	2266.4	15569.1
20824	1993.3	2202.1	14837.2
32471	1984.9	2242.8	15540.5
31101	1982.3	2198.1	14639.6
28130	1972.8	2168.5	14245.2
61616	1981.5	2217.9	14575.5
70769	1980.5	2189.9	14651.5
46939	1990.3	2262.0	14951.5
22076	1980.0	2193.5	14651.9
74038	1996.3	2245.0	15387.4
41576	1998.8	2275.8	15238.7
33216	1973.4	2203.7	14481.8
78176	1986.3	2243.2	15490.7
16815	1980.7	2208.4	14511.2
64886	1985.0	2182.6	14708.5
15873	1995.4	2273.8	15177.2
29579	1993.6	2280.8	15070.4
70310	1976.8	2181.5	14417.5
68893	1974.8	2177.1	14717.5
8571	1994.3	2250.4	14945.1
44871	1980.9	2198.0	15061.5
43464	1972.7	2271.5	14834.9
30238	1969.8	2147.2	14271.2
38010	1986.2	2299.0	15526.9
10006	1986.3	2302.9	15421.0
43838	1990.7	2284.5	15255.6
15657	1988.7	2292.6	14947.3
59417	1975.7	2199.8	14726.0
50910	1979.4	2202.6	14537.0
24274	1978.5	2258.6	14659.1
72456	1988.7	2208.3	14777.6
45076	1972.1	2137.8	14323.4
24188	1989.4	2248.1	15270.2
7779	1971.8	2203.0	14602.2
50547	1997.6	2304.7	15226.4
15831	1978.5	2244.8	14553.1
41512	1979.9	2174.0	14438.7
14935	1995.3	2273.1	15336.2
57418	1997.9	2292.9	15480.5
50876	1991.8	2275.1	15081.4
33932	1982.5	2235.5	14631.8
35973	1980.3	2238.9	14869.9
55593	1986.4	2184.2	14619.6
62446	1986.9	2247.7	14711.6
34389	1971.1	2193.5	14452.0
25320	1993.0	2221.4	14761.0
45173	1983.5	2214.3	14598.1
56012	1974.5	2229.1	14534.2
69878	1977.2	2170.0	14459.3
29709	1970.2	2189.8	14639.8
45742	1997.3	2289.8	15235.5
24663	1968.2	2242.0	14622.4
2308	1973.3	2212.2	14599.7
50149	1989.6	2222.7	14748.2
7500	1976.0	2182.4	14480.5
6404	1987.5	2230.0	14873.9
47495	1982.7	2264.9	14918.1
41246	2005.1	2271.9	15496.3
27862	1989.1	2240.6	14863.2
20100	1976.9	2189.1	14421.4
9539	1998.0	2235.3	15003.3
26555	1975.4	2222.4	14643.4
4677	1979.2	2176.7	14341.4
69371	1976.2	2165.0	14643.8
24325	1987.5	2231.0	15030.4
24808	1988.1	2255.4	14956.3
63397	1989.1	2198.2	14625.5
12861	1979.8	2246.2	14843.0
15913	2000.4	2272.8	15369.3
51194	1974.3	2214.5	14613.9
51158	1974.8	2265.7	14903.3
10019	1990.4	2268.4	14977.4
73332	1982.3	2230.2	14875.4
54849	1994.9	2237.0	15061.9
65246	1996.8	2227.6	14976.7
6817	1970.1	2207.4	14471.5
61456	1991.5	2181.1	14764.4
75514	1977.5	2190.2	14543.3
22883	1989.9	2189.2	14756.2
72359	1991.2	2214.0	14850.5
25408	1982.6	2211.3	14902.7
35779	1984.8	2267.8	14810.7
71439	1976.6	2160.2	14515.0
75582	1987.3	2239.6	14740.5
3026	1991.2	2243.3	15042.0
3388	1992.6	2207.8	14805.3
13031	1980.4	2276.2	14748.9
46114	1983.6	2240.8	14654.4
36942	1980.5	2183.4	14596.4
9180	1965.6	2126.8	14694.5
23762	1974.0	2178.2	14456.6
62054	1972.9	2214.5	14626.9
4756	1982.7	2167.2	14651.1
70933	1969.2	2161.9	14206.1
59804	1986.6	2240.5	14898.2
22017	1980.8	2219.1	14681.7
45502	1982.3	2218.1	14866.8
65673	1980.8	2236.7	14697.2
19	1975.3	2180.1	14326.5
2329	1989.4	2257.0	15038.1
34616	1975.7	2227.7	14852.6
19605	1979.4	2190.3	14696.6
36896	1976.1	2207.3	14686.9
16667	1993.0	2263.0	14635.5
75480	1982.0	2234.5	14856.4
40258	1985.7	2203.6	14602.6
12287	1975.4	2137.6	14697.8
77441	1980.8	2212.9	14752.6
41563	1976.9	2191.4	14415.3
58183	1979.2	2190.4	14562.6
66829	1991.9	2205.4	14838.6
60588	1989.9	2235.3	14966.1
32812	1977.6	2236.9	14661.1
49089	1992.8	2239.0	14874.4
66274	1984.4	2220.0	14925.2
16806	1989.0	2263.6	15206.9
21225	1985.7	2227.6	14694.9
45016	1970.7	2232.1	14629.4
49224	1980.7	2246.6	14810.7
77994	1988.8	2229.5	14882.7
17376	1990.7	2285.9	15009.3
75793	1989.4	2249.2	14940.6
32329	1981.2	2184.3	14461.6
3252	1980.5	2261.9	14525.3
76631	1976.4	2193.6	14420.7
29286	1964.3	2165.9	14469.3
17334	1987.7	2208.7	14904.5
32737	1974.2	2255.7	15052.3
8061	1985.7	2257.4	14942.0
41254	1978.8	2226.0	14696.2
49870	1968.7	2210.6	14429.6
30029	1976.5	2186.6	14431.1
59299	1975.5	2217.6	14777.6
13195	1980.8	2218.7	14697.3
54248	1985.3	2235.1	14923.7
12640	1985.7	2230.3	14790.5
7874	1987.6	2184.5	14705.2
29040	2005.4	2267.3	15059.3
68610	1976.7	2183.9	14563.4
27566	1986.2	2224.9	14722.6
16368	1967.2	2209.8	14516.3
16093	1983.4	2240.5	14680.9
201	1987.8	2262.3	14722.3
70389	1989.7	2251.5	15042.2
13148	1990.6	2247.5	15035.8
28481	1999.4	2268.1	15143.0
21132	1972.7	2214.3	14554.8
23461	1988.7	2292.8	15131.5
811	1979.4	2176.8	14415.5
54356	1982.1	2179.7	14640.8
77556	1977.3	2237.2	14547.9
17790	1975.0	2231.7	14825.3
11418	1963.5	2186.6	14210.6
66073	1984.4	2216.4	15262.1
55891	1970.1	2210.8	14573.6
30032	1961.6	2210.5	14285.4
49702	1979.9	2198.5	14499.3
73621	1979.2	2199.7	14469.7
21286	1967.2	2191.3	14363.3
61008	2000.1	2298.7	15399.1
25687	1984.7	2256.5	14887.3
34710	1990.8	2264.1	14975.2
9727	1975.5	2143.5	14271.8
61001	1991.9	2237.4	15283.2
30004	1975.1	2214.6	14469.6
68079	1987.9	2238.2	14788.6
28216	1965.4	2231.3	14830.1
7854	1989.8	2274.2	15160.0
35003	1983.2	2205.2	14603.6
18560	1969.4	2155.7	14271.1
58633	1979.0	2177.4	14352.5
62851	1990.8	2206.2	14790.6
16479	1989.5	2181.3	14839.8
8771	1991.3	2250.6	14851.4
69939	1992.5	2246.3	15637.0
75629	1997.3	2237.0	15290.1
67865	1984.2	2235.5	15440.1
62088	1988.4	2254.2	15131.0
13843	1973.8	2191.1	14607.3
21696	1977.6	2207.8	14355.3
34359	1989.9	2188.9	14759.0
14257	1978.0	2199.8	14629.1
41404	1974.2	2196.5	14434.0
19396	1965.4	2161.3	14409.4
51028	1976.6	2222.2	14655.1
41634	1990.8	2253.3	15094.0
53402	1980.7	2191.5	14610.2
23700	2000.7	2205.4	15106.6
72622	1990.3	2228.4	14898.1
25594	1975.5	2234.4	14414.3
32163	1977.5	2211.0	14540.3
26720	1984.6	2229.1	14705.7
15270	1981.0	2221.8	14685.7
62311	1987.8	2222.8	14807.5
74315	1972.1	2201.7	14927.3
56887	1990.0	2247.1	15247.3
58436	1989.2	2265.2	14910.5
33044	1973.1	2195.0	14408.4
13381	1989.5	2251.3	15054.7
22347	1978.8	2247.4	14668.4
40982	1987.3	2252.5	15026.8
30378	1980.1	2184.0	14785.7
15320	1991.4	2285.2	15257.2
16061	1983.9	2255.1	14975.2
3741	1988.2	2257.9	14990.0
19930	1965.1	2137.6	14119.8
60772	1991.4	2120.2	14513.5
23041	1996.9	2239.6	15083.1
41062	1981.0	2200.0	14651.5
4053	1974.1	2216.2	14518.7
42874	1993.4	2282.4	15038.8
24545	1971.5	2188.6	14225.0
17003	1967.6	2202.5	14481.2
74635	1965.1	2154.1	14320.9
13483	1971.1	2219.7	14661.8
61217	1981.3	2210.7	14548.6
21656	1975.9	2186.4	14597.8
9337	1982.6	2243.5	15051.2
17422	1969.2	2163.1	14338.9
72020	1980.0	2281.6	15106.3
34748	1985.6	2186.4	14530.0
75121	1982.8	2209.5	14919.9
27311	1982.8	2231.9	14622.1
14908	1963.8	2187.3	14398.1
62005	1990.7	2202.0	14700.6
14755	2002.2	2253.9	15296.9
14292	1994.4	2222.4	15002.0
78243	1972.1	2198.5	14386.3
4772	1981.4	2258.5	14936.8
75821	1996.0	2238.1	14759.2
49005	1985.2	2266.9	14920.1
23023	1976.0	2252.0	14600.1
62883	1984.8	2193.7	14587.6
13755	1991.9	2325.3	15049.5
15971	1970.9	2207.7	14559.8
61913	1974.2	2186.9	14524.6
4412	1976.9	2247.7	14995.8
17144	1976.6	2188.3	14604.9
57223	1968.6	2210.6	14568.9
74204	1973.9	2182.8	14580.4
21679	1985.4	2235.6	14694.9
4751	1973.2	2194.6	14564.8
5936	1979.7	2192.2	14730.7
56625	1967.5	2213.6	14534.2
259	1981.4	2201.8	14532.5
23719	1993.4	2295.3	15316.3
60071	1969.7	2243.3	15033.3
71897	1993.1	2234.0	15124.9
42866	1972.8	2187.7	14474.1
58078	1987.5	2230.0	14731.0
57576	1985.1	2201.1	14591.6
21438	1986.3	2257.3	14828.7
7190	1979.3	2307.4	15615.7
40670	1990.9	2233.8	14808.1
59542	1988.5	2220.6	15037.6
10793	1989.4	2267.7	14773.2
11862	1984.3	2228.6	14900.9
68243	1973.3	2222.4	15062.6
79862	1985.9	2261.1	15224.4
68685	1994.9	2218.8	14992.1
6507	1992.6	2274.6	15042.2
62837	1978.7	2272.9	14938.4
61324	1989.1	2199.7	15139.3
30968	1986.3	2236.7	14801.0
34302	1982.5	2236.1	14832.6
65238	1970.0	2202.4	14603.3
60878	1984.1	2250.8	15263.8
3954	1979.4	2214.0	14649.8
56493	1982.4	2207.3	14494.7
44809	1967.6	2215.1	14519.0
4866	1979.9	2227.2	14714.6
55322	1976.3	2209.5	14662.4
33858	1989.8	2236.0	14865.4
43977	1987.0	2232.5	14695.7
9404	1971.8	2208.2	14419.6
54738	1991.1	2234.0	14782.6
58572	1983.1	2237.8	14610.6
78679	1981.8	2199.6	14943.7
75994	1986.1	2227.3	14653.0
36684	1994.7	2248.5	14980.5
38548	1994.1	2226.2	14941.9
25610	1994.4	2251.3	15099.3
58638	1971.2	2158.0	14449.6
23880	1995.4	2226.8	14846.3
38394	1976.7	2183.8	14510.7
13237	1992.3	2215.9	14739.6
69035	1990.0	2248.0	14914.3
71325	1986.6	2267.4	14809.9
69353	1990.3	2180.5	14617.2
17131	1985.2	2229.5	14839.7
40520	1982.6	2189.9	14486.3
57042	1986.2	2179.1	14803.2
49740	1964.6	2167.6	14146.4
59056	1975.7	2193.4	14501.6
44684	1988.6	2190.5	15131.6
241	1978.2	2177.7	14651.4
22153	1981.5	2162.4	14456.7
67544	1980.7	2207.3	14643.6
56718	2000.9	2297.8	15114.7
42363	1982.9	2271.4	15297.5
41372	1996.4	2237.6	14932.8
20869	1984.6	2209.8	14882.2
33989	1974.6	2213.7	14749.8
19126	1958.5	2179.6	14429.4
33841	1978.8	2199.9	14615.8
42090	1975.5	2188.2	14692.9
45386	1981.9	2220.3	14911.7
44397	1982.7	2195.1	14725.4
76104	1976.9	2212.2	14688.3
31198	1985.0	2243.6	14878.4
77966	1987.7	2187.2	14877.4
66910	1972.7	2214.8	14522.3
30111	1967.0	2213.4	14438.0
71461	1992.6	2201.4	14797.9
4553	1982.1	2249.8	14811.5
30193	1977.8	2190.9	14680.9
2828	1981.5	2216.0	14789.2
72652	1978.1	2172.0	14398.5
76406	1969.1	2092.3	14139.2
6421	1980.8	2166.2	14579.9
72684	1976.8	2217.9	15375.3
54172	2006.7	2239.1	15054.0
78068	1990.3	2215.8	14673.9
61876	1980.9	2222.5	14826.4
46437	1966.6	2196.9	14320.4
57318	1977.7	2264.3	14786.3
14216	1972.4	2154.1	14196.3
78618	1968.5	2103.8	14024.9
23466	1982.7	2227.2	14746.6
10852	1994.3	2265.7	15065.8
27094	1978.9	2220.0	14571.8
5547	1987.4	2237.9	14963.8
14415	1983.2	2213.1	14842.5
15338	1989.4	2230.6	14754.3
19135	1977.1	2200.9	14703.1
76762	1965.1	2172.3	14272.9
331	1972.5	2186.8	14484.7
46700	2000.9	2254.9	15037.4
23971	1984.6	2238.6	14693.6
70228	2003.1	2238.2	14870.5
57490	1967.3	2219.0	14526.9
20450	1987.5	2212.8	15160.2
7150	1989.8	2278.1	14988.3
10990	1993.5	2251.4	15007.2
76869	1979.9	2238.2	15092.0
22968	1975.3	2174.1	14498.0
75387	1974.7	2194.3	14557.5
17593	1978.4	2254.3	15671.1
24237	1985.8	2272.4	14993.7
14205	1984.2	2224.3	14661.6
35246	1981.5	2242.8	14889.3
5761	1978.2	2252.5	15163.3
18979	1998.1	2261.4	15146.2
60145	1989.2	2229.1	15107.3
27930	1983.5	2289.0	15191.9
10044	2001.0	2324.2	15512.5
6261	1978.8	2204.5	14440.9
30770	1985.8	2203.6	14679.2
7010	1974.4	2179.9	14419.2
45358	1985.8	2229.6	14838.5
28550	1981.0	2212.7	14623.1
51706	1980.7	2260.5	15047.5
14090	1981.6	2235.8	14818.5
13267	1988.9	2267.9	15124.7
44295	1990.0	2222.0	14773.5
45213	1982.6	2199.6	14627.6
48084	2000.2	2273.2	15248.8
38101	1985.8	2222.5	14917.6
9210	1982.4	2252.1	14690.8
16972	1976.1	2180.6	14352.6
61034	1984.8	2233.5	14941.6
59628	1988.0	2276.4	15705.6
24052	1979.0	2242.0	14732.2
28505	1966.4	2223.1	14370.2
4971	1980.9	2262.4	14815.7
45258	1981.6	2178.0	14614.4
20081	1980.7	2236.7	14785.4
13378	1972.8	2234.2	14516.2
2258	1985.1	2211.5	14797.5
2189	1983.3	2232.6	14788.0
6371	1992.6	2285.9	15059.4
61327	1985.4	2276.6	14919.7
33791	1988.9	2207.0	14659.0
33354	1981.3	2224.2	14713.7
60760	1990.3	2248.1	15103.3
29178	1967.6	2225.8	14611.4
20321	1984.6	2251.6	14767.5
15985	1975.2	2244.2	14914.6
60202	1991.8	2247.2	15211.1
14067	1987.4	2237.0	14835.4
39219	1970.1	2193.7	14386.9
73030	1984.0	2231.7	14877.1
66490	1972.2	2230.2	14666.4
48008	1984.4	2187.3	14616.2
14697	1988.2	2277.7	15036.1
59412	1994.4	2238.4	14982.8
43728	1990.7	2207.5	14844.6
16899	1999.7	2277.8	15372.7
56840	1993.5	2287.6	15358.7
27662	1983.5	2213.9	14622.0
22352	1990.4	2245.4	15276.7
17547	1980.3	2186.1	14587.5
8862	1983.9	2250.4	14727.4
37986	1985.9	2265.0	15188.9
75137	1976.9	2199.9	14447.2
59379	1988.0	2321.0	15337.8
69396	1969.8	2215.2	14690.3
73443	1980.4	2237.2	14997.8
2898	1966.2	2199.7	14583.7
34700	1984.6	2231.8	15038.9
51446	1987.1	2219.6	14860.5
25319	1995.2	2244.4	15339.2
57539	2004.7	2243.5	15437.7
40662	1978.5	2237.4	14736.9
22496	1980.6	2161.1	14366.3
14926	1986.6	2236.8	15014.2
60198	1984.7	2210.7	14983.5
38658	1996.3	2292.1	15287.1
2560	1993.5	2228.5	14931.5
57981	1963.0	2191.8	14355.0
72878	1991.0	2221.1	14794.7
13000	1981.3	2197.7	15177.5
39420	1986.3	2189.9	14796.6
6415	1989.8	2243.1	15065.9
61849	1991.4	2213.6	14833.1
32431	1977.4	2202.5	14488.6
7801	1994.4	2203.9	14770.7
48724	1985.9	2226.6	14795.4
32856	1981.6	2200.7	14749.5
49556	1977.5	2250.6	14829.0
6135	1972.4	2187.4	14572.1
25483	1985.7	2193.7	14766.1
45912	1985.8	2185.0	14645.9
49637	1983.0	2294.4	15130.0
56488	1980.7	2178.4	14459.5
16350	1981.5	2185.3	14602.7
36050	1975.9	2199.0	14532.6
7839	1982.2	2244.6	14499.7
46733	1983.0	2227.8	14842.0
16013	1979.4	2208.1	14663.9
72083	1991.8	2231.0	15320.8
53343	1959.5	2192.7	14352.7
8022	1984.0	2204.9	14929.0
42985	1971.0	2221.5	14490.0
77814	1981.7	2180.9	14588.7
48113	1978.2	2179.8	14657.7
795	1986.4	2290.0	14918.8
59960	1982.4	2216.9	14900.8
63293	1961.2	2149.6	14224.3
68072	1982.5	2217.4	15005.5
74027	1984.1	2225.1	14776.7
9908	1985.0	2223.0	14719.0
47647	1991.1	2233.9	14849.4
13551	1972.7	2211.2	14453.1
12448	1981.1	2223.0	14896.7
61495	1988.6	2199.3	14824.3
56588	1988.1	2213.9	14661.0
40864	1990.4	2245.8	14954.0
54238	1996.1	2191.9	14856.9
51667	1974.1	2242.5	14735.3
60990	1979.1	2208.8	14520.8
42442	1977.1	2209.2	14627.6
76752	1980.4	2232.7	14656.3
18929	1989.5	2247.8	15247.9
58228	1983.3	2235.6	14772.0
70822	2000.3	2228.9	15018.8
67434	1989.2	2237.2	14676.6
20838	1984.8	2232.2	14753.9
45048	1964.2	2192.5	14291.7
30269	1992.5	2231.1	14718.4
72590	1976.6	2158.8	14516.0
43918	1985.9	2210.2	14567.8
12291	1982.9	2252.3	15181.9
30311	1984.5	2172.6	14770.9
74684	1976.2	2218.1	14593.2
617	1980.8	2213.9	14609.3
10159	1987.8	2229.0	14923.9
18305	1988.6	2229.7	14643.8
58775	1973.5	2235.4	14601.3
44007	1988.4	2250.1	15327.6
63125	1983.8	2182.0	14616.7
79925	1968.7	2181.5	14483.6
79643	1984.0	2219.1	14571.4
22215	1988.3	2163.4	14585.0
34372	1968.1	2182.6	14488.0
56788	1967.6	2197.9	14603.7
79406	1997.4	2241.5	14827.8
15161	1992.2	2244.5	14916.8
73457	1964.6	2130.1	14174.8
51735	1993.2	2234.8	14641.3
6640	1995.9	2284.2	15608.8
5599	1981.8	2243.0	14949.3
37727	1977.1	2212.5	14680.2
14808	1968.3	2152.6	14362.6
17959	1992.9	2269.1	15086.7
75813	1983.0	2238.4	14961.3
5243	1983.2	2203.5	14628.8
62353	1993.5	2251.4	14707.2
1805	1967.9	2192.2	14307.9
8080	1987.0	2215.7	14697.5
68035	1980.4	2236.6	14636.5
13981	1980.4	2253.5	14662.6
26422	1991.3	2281.7	15182.3
11149	1979.9	2221.1	14721.0
1883	1975.3	2239.2	14684.5
11368	1999.9	2318.3	15231.4
41302	1997.6	2235.5	14960.3
72450	1982.2	2202.4	14568.0
67583	1981.2	2238.8	14583.8
74567	1972.0	2205.8	14601.5
68489	1978.9	2181.8	14565.9
5928	1987.4	2289.5	14932.9
15663	1977.8	2233.5	14642.7
57698	1994.7	2212.3	15216.6
27751	1978.5	2242.6	14666.0
72021	1978.4	2180.4	14923.8
54702	1988.5	2203.5	14621.4
5812	1980.2	2224.1	14727.2
77992	1972.7	2200.3	14715.4
34184	1966.9	2222.2	14615.0
71209	1985.1	2214.4	14975.8
47194	1982.1	2179.6	14470.3
70569	1985.6	2224.7	14670.2
2695	1983.9	2226.6	14559.1
8525	1983.1	2228.5	14704.7
59232	1979.2	2219.4	14829.2
61890	1983.0	2223.1	14931.9
77003	1965.8	2176.2	14234.5
76902	1977.4	2192.8	14465.7
3014	1979.8	2251.8	14813.2
54119	1984.5	2257.1	14685.8
77955	1972.1	2188.4	14547.0
79476	1977.8	2167.2	14445.4
11836	1972.3	2260.5	14885.8
28037	1965.9	2192.0	14284.2
56818	2002.8	2255.6	15256.8
49266	1977.4	2239.5	14722.4
47312	1978.7	2159.3	14745.8
13806	1979.1	2198.5	15062.1
19379	1989.1	2257.4	14950.4
26425	1979.4	2223.8	14604.0
65426	1983.2	2213.8	14908.7
8821	1972.0	2212.1	14820.8
21790	1983.4	2232.8	15028.4
64601	1991.7	2181.3	14578.0
76011	1981.0	2245.7	14754.2
50780	1978.7	2193.7	14536.6
50287	1968.4	2203.5	14640.3
34557	1978.0	2212.5	14815.0
72168	1993.4	2235.2	15476.0
69723	1985.1	2180.8	14558.9
5413	1988.4	2206.8	14886.3
52951	1973.0	2185.6	14474.0
12458	1977.8	2254.1	14729.8
9316	1970.3	2209.5	14452.4
63399	1977.5	2137.4	14454.2
23117	1991.0	2253.5	14779.9
20371	1979.5	2265.1	14666.6
36786	1986.2	2279.9	15230.9
73075	1979.2	2201.4	14538.0
12939	1980.8	2257.1	14938.4
32980	1980.1	2240.4	14973.3
53847	1981.5	2231.0	14689.5
47360	1985.0	2216.2	14954.4
54088	1981.8	2186.9	14767.2
54559	1974.6	2174.0	14274.4
26609	1991.8	2224.3	15123.2
40930	1992.8	2220.8	14752.9
32136	1971.0	2194.0	14626.1
41335	1979.7	2220.3	14470.0
26815	1965.5	2192.9	14430.5
6767	1972.4	2182.4	14459.0
66691	1979.6	2217.7	14744.3
72043	1978.2	2231.0	14761.9
69959	1982.5	2212.5	14604.2
11545	1981.8	2261.6	14766.9
78911	1993.5	2216.7	14759.2
76598	1979.3	2188.4	14866.6
51266	1989.8	2261.1	14868.7
76180	1984.6	2230.5	14907.6
19975	1976.2	2183.3	14602.0
78799	1982.1	2241.9	14908.0
67838	1977.6	2205.2	14682.7
42289	1979.3	2163.6	14494.4
4802	1992.9	2250.4	15300.5
51416	1983.8	2218.2	14796.6
59973	1981.2	2285.6	14866.9
58113	1989.8	2222.7	15127.3
69474	1982.1	2252.1	14810.2
29576	1991.6	2223.3	14919.5
54217	1993.8	2283.9	15034.7
14874	1975.6	2177.4	14461.3
34295	1981.0	2275.0	14760.1
8730	1983.1	2201.7	14602.2
70457	1978.8	2196.9	14652.7
73606	1988.5	2194.9	14721.8
38314	1992.4	2222.3	14971.1
68089	1973.1	2152.5	14232.8
64006	1979.8	2208.8	14675.4
45415	1981.3	2156.3	14483.0
12702	1979.9	2203.1	14729.0
69871	1988.4	2196.7	14631.2
53771	1985.9	2231.7	14784.5
23219	1991.1	2226.1	14893.0
11846	1978.4	2257.1	14713.8
25002	1967.4	2176.9	14584.0
66930	1986.0	2252.7	14828.7
58963	1979.7	2235.1	14702.7
50998	1974.0	2236.7	14647.3
46894	1974.1	2184.5	14381.1
17495	1976.1	2195.4	14572.9
44360	1986.7	2174.0	14830.3
20926	1990.1	2228.9	14873.6
66019	1994.1	2264.6	15083.8
36831	1999.6	2253.7	15176.3
68783	1974.4	2219.2	14589.1
2951	1988.1	2230.2	14768.9
37825	1997.1	2270.9	15100.2
17922	2016.6	2322.9	15572.0
35238	1986.5	2217.3	15026.1
50195	1979.0	2202.0	14702.5
3631	1993.2	2264.7	14728.5
65841	1970.6	2156.8	14439.7
33366	1989.9	2245.3	14927.3
24681	1991.9	2234.2	14691.6
32778	1981.8	2251.7	14893.0
38082	1969.3	2191.3	14500.6
21159	1987.5	2267.4	14917.5
6924	1975.0	2224.2	14461.4
58053	1991.0	2235.7	14729.6
75513	1981.0	2209.5	14466.2
14276	1983.8	2236.8	14685.7
39087	1969.6	2143.4	14132.1
44251	1978.9	2249.0	14736.8
21384	1997.6	2296.8	15197.5
59330	1987.5	2210.4	14699.8
75688	1985.0	2265.4	15087.0
59366	1988.6	2267.4	14811.8
38575	1991.7	2277.4	15310.6
38607	1985.0	2193.7	14853.3
4257	1982.0	2205.2	14755.0
14147	1979.9	2200.4	14580.3
68666	1989.5	2254.4	14810.0
41919	1997.4	2250.0	14943.6
77172	1981.0	2246.2	14769.4
2849	1980.0	2158.6	14334.7
20145	1998.6	2266.6	15260.1
12618	1982.0	2212.8	14658.2
79861	1981.6	2202.4	14669.0
26764	1981.2	2205.1	14413.8
15688	1976.0	2211.4	14617.4
46921	1982.4	2169.5	14736.2
67096	1991.9	2211.5	15017.3
52190	1986.3	2240.6	14892.6
37981	1984.9	2216.4	14884.6
19151	1982.7	2250.7	14663.4
4872	1977.3	2228.6	14834.8
62569	1997.5	2283.9	15225.6
31398	1978.9	2224.4	14692.9
73834	1976.0	2188.3	14728.9
29230	1990.5	2224.1	14973.6
28651	1995.5	2262.3	15116.6
36302	1987.0	2261.5	15066.3
39293	1994.5	2237.6	14917.8
31724	1972.4	2260.4	14720.5
45106	1970.1	2214.3	14447.9
63076	1971.0	2190.4	14211.4
62666	1989.4	2293.3	15294.9
18660	1978.8	2230.9	14658.3
13871	1963.4	2159.3	14400.0
44822	1975.6	2235.8	14806.9
37888	1977.6	2164.0	14363.6
14007	1992.1	2251.2	15001.3
20405	1980.1	2190.5	14796.4
14499	1965.9	2188.5	14416.7
10863	1998.0	2278.0	15244.1
16296	1965.8	2168.0	14348.3
65267	1969.8	2209.7	14423.9
39204	1986.1	2189.1	14886.4
59597	1964.4	2167.5	14286.4
16422	1993.2	2307.8	15127.5
39656	2002.2	2320.5	15193.5
63324	2003.9	2214.1	15078.4
36178	1979.3	2165.2	14548.8
79423	1986.9	2209.5	14646.9
42948	1975.0	2176.7	14468.3
68541	1989.0	2261.2	15096.1
21337	1982.7	2223.6	14643.3
10117	1983.6	2237.1	14823.5
75178	1978.7	2158.6	14784.3
2360	1981.2	2204.9	14604.4
32343	1969.7	2193.6	14411.7
47150	1997.7	2255.3	15172.7
49875	1982.0	2222.6	14983.3
61920	1980.2	2226.6	14743.1
53115	1987.2	2277.5	15002.3
42501	1975.1	2183.1	14471.4
29167	1976.6	2205.9	14623.2
59362	1979.0	2230.8	14815.2
39347	1981.4	2185.3	14515.1
48915	1984.8	2180.3	14675.6
2303	1993.6	2215.9	15429.2
42075	1988.4	2233.1	15035.0
49769	1975.7	2199.2	14346.6
36119	1965.9	2158.8	14067.0
54406	1979.4	2191.4	14516.2
57026	1976.6	2156.6	14461.7
43612	1997.6	2258.0	15186.8
34868	1994.4	2262.3	15133.8
40138	1992.4	2283.9	15092.1
6095	1984.5	2195.4	14820.1
28703	1973.0	2206.3	14502.4
45647	1993.9	2273.5	15399.2
6144	1997.4	2233.9	14939.8
44124	1975.7	2214.2	14806.8
12031	1991.4	2228.3	15063.4
69060	1990.2	2185.4	14673.2
16490	1984.0	2193.0	14505.2
69927	1995.9	2256.2	14841.5
42984	1983.2	2219.9	14645.0
10309	1975.0	2223.9	14405.2
22842	1984.8	2241.9	14810.4
14274	1971.5	2229.4	14428.7
28965	1984.8	2221.0	14986.3
65397	1980.9	2200.6	14736.5
39711	1987.5	2212.3	14829.2
47660	1989.4	2270.4	15029.4
50029	1980.6	2236.0	14808.6
45560	1980.8	2173.3	14776.2
42448	1978.0	2173.9	14677.3
43445	1979.5	2178.1	14888.2
1670	1992.3	2290.2	15391.3
34525	1994.3	2234.7	14982.0
70749	1992.9	2235.6	14924.3
1059	1990.1	2266.3	15122.0
69719	2003.7	2263.6	15189.2
3031	1992.4	2249.0	15079.3
29473	1978.5	2199.6	14536.9
37445	1965.4	2214.4	14544.9
24199	2004.8	2269.1	15285.7
62295	1977.6	2209.6	14591.6
63047	1967.3	2152.8	14471.0
66206	1964.5	2166.8	14227.3
9858	1981.6	2254.5	14834.3
51805	1993.3	2229.3	14816.6
79022	1986.2	2222.1	14750.3
76115	1979.2	2216.5	14635.3
75321	1976.1	2185.0	14675.2
44590	1971.7	2168.4	14383.1
23870	2008.6	2286.5	15674.4
37405	1984.2	2275.7	14792.8
66382	1981.9	2223.0	14848.8
5876	1986.6	2236.9	15215.2
5500	1982.3	2247.2	14819.3
64187	1985.0	2264.0	15008.2
79224	1984.7	2262.3	15157.1
23398	1975.8	2211.3	14490.7
67293	1982.7	2244.4	14799.3
42081	1974.2	2192.1	14644.2
30545	1987.1	2199.2	14781.5
61280	1974.2	2160.4	14415.2
53185	1982.9	2246.3	14703.4
1220	1982.6	2298.4	15012.1
15920	1978.4	2230.9	14605.9
31276	1982.7	2220.3	14894.9
63256	1993.1	2290.5	15279.8
50316	1993.9	2203.0	14752.0
68959	1972.6	2269.2	14782.9
13859	1977.0	2208.2	14763.8
67054	1976.2	2173.6	14459.1
66203	1981.3	2245.2	14902.5
39969	1983.3	2268.6	14838.5
73961	1991.7	2226.0	14701.9
717	1979.4	2265.2	14611.9
46344	1995.7	2292.6	15174.6
14264	1994.2	2246.0	15243.1
55627	1960.3	2180.3	14330.4
25458	1978.2	2188.5	14466.2
5753	1978.6	2208.2	14562.8
21457	1977.6	2215.0	14352.0
8738	1990.0	2270.5	15023.5
46831	1989.7	2260.6	14874.9
31401	1986.8	2269.4	15028.8
39210	1986.6	2226.3	14868.5
5043	1990.8	2236.0	14928.5
6163	1986.5	2250.2	14801.3
24161	1990.3	2262.3	14898.5
21086	1985.7	2240.2	14715.8
29092	1987.5	2254.5	14912.1
12685	1979.8	2236.3	14769.0
26164	1963.8	2226.6	14595.7
77547	1984.4	2251.9	14723.6
73715	1993.0	2231.1	15074.4
75964	2008.7	2264.7	15337.1
42667	1971.0	2188.9	14489.7
34814	1983.6	2242.1	14699.4
78239	1984.5	2257.8	15277.8
369	1997.5	2293.0	15169.8
62269	1983.8	2240.3	14905.9
61140	1984.5	2174.4	14506.9
65648	1986.4	2294.7	14990.4
31137	1992.3	2270.5	15214.2
10311	1983.5	2225.5	14792.4
57346	1978.7	2205.4	15230.8
78229	1989.4	2203.5	14586.6
50095	1975.2	2263.5	14743.2
46817	2000.0	2290.9	15127.7
49172	1994.7	2318.0	15352.1
4294	1981.0	2162.8	14402.0
15491	1979.8	2245.1	14872.8
64932	1974.0	2186.7	14505.3
25803	1977.2	2244.4	14603.2
68295	1988.5	2274.0	14907.2
46491	1986.1	2224.6	14922.6
38112	1987.8	2232.2	14727.8
26258	1984.6	2224.8	14578.4
47686	1986.1	2203.7	15034.0
31773	1977.3	2241.8	14811.2
35480	1990.4	2203.0	14683.9
26810	1983.9	2257.4	14698.3
61069	1983.6	2183.1	14759.9
53053	1974.1	2187.7	14476.9
28094	1988.7	2271.8	15037.2
13918	1980.5	2213.6	14725.6
65470	1989.8	2222.2	14799.1
37334	1985.6	2249.3	14728.0
45013	1975.6	2200.7	14510.0
14733	1976.0	2261.2	14783.1
38033	1971.9	2276.7	14801.6
57083	2007.0	2290.6	15745.3
70520	1963.9	2151.5	14309.3
14159	1967.2	2189.3	14536.4
79479	1977.4	2224.4	14758.7
54833	1995.8	2251.0	15020.3
1361	1990.2	2238.2	14646.9
74433	1988.7	2231.8	14884.8
6505	1987.9	2230.7	14504.3
16974	1983.7	2252.8	15088.2
28629	1975.6	2271.9	14751.7
78824	1968.2	2157.9	14320.5
73986	1981.4	2199.1	14883.1
14938	1996.0	2315.9	15182.3
64275	1973.8	2204.3	14441.3
57179	1997.0	2225.4	14979.5
19001	1986.4	2256.2	15034.3
639	1974.3	2142.8	14448.7
24843	1975.7	2231.7	14529.7
11322	1979.2	2182.9	14463.9
78702	1981.6	2196.0	14578.3
51619	1984.8	2305.7	15198.1
18601	1989.9	2218.4	14813.7
56945	1975.0	2203.6	14545.8
72837	1969.7	2203.3	14494.0
32369	1985.2	2215.1	14690.2
77838	1983.7	2231.7	14864.7
65784	1995.0	2224.1	15190.1
78596	1977.0	2199.6	14512.1
43353	1986.4	2227.1	14825.8
16191	1986.6	2261.8	14826.6
38367	1984.4	2210.8	14963.1
39949	1966.6	2143.5	14410.9
15835	1987.9	2270.6	14870.2
66337	1977.3	2252.7	14849.7
30341	1983.4	2277.5	14908.7
42594	1986.9	2234.4	15049.4
41853	1983.3	2215.4	14632.8
76642	1970.0	2180.2	14517.6
29132	1980.8	2257.9	15267.2
30727	1975.9	2185.3	14671.0
28186	1975.7	2196.9	14608.8
58171	1999.8	2269.4	14962.1
70891	1992.6	2256.0	15041.6
2830	1985.9	2234.9	14768.6
34647	1991.7	2238.1	14717.2
33260	1988.1	2213.9	14847.3
3254	2003.8	2260.5	15495.5
40521	1969.5	2186.3	14345.1
49806	1981.1	2222.6	14605.7
63257	1977.6	2223.4	14503.2
11738	1991.7	2287.2	15073.4
60681	1977.3	2230.2	14768.1
19927	1983.1	2222.8	14684.8
14583	1965.9	2225.3	14425.2
68511	1998.2	2258.1	15439.2
48274	1992.1	2252.8	14802.1
23288	1977.9	2240.8	14607.2
52587	1974.2	2164.4	14371.6
70719	1977.2	2225.0	14842.6
55271	1978.0	2206.2	14794.3
58888	2004.0	2294.6	15369.8
35702	1993.3	2223.1	14688.1
77333	1995.3	2246.3	15030.3
46877	1992.0	2246.2	14996.6
72406	2004.0	2228.1	15089.4
13893	1987.1	2242.9	14807.9
48155	1976.6	2168.0	14643.5
36144	1984.2	2214.7	14878.0
67203	1998.3	2266.6	15623.8
43040	1987.1	2266.2	14938.6
15445	1990.0	2182.7	14330.4
39596	1989.8	2228.0	14846.5
32004	1976.1	2198.4	14471.1
1042	1967.1	2175.0	14393.4
18333	1974.3	2188.2	14399.4
9949	1982.2	2229.0	14588.7
49512	1979.5	2217.0	14783.0
7077	1979.7	2194.6	14497.0
59394	1992.1	2226.2	14654.9
9807	1974.9	2223.4	14730.0
63674	1966.8	2143.2	14130.6
56808	1975.6	2159.8	14347.5
14174	1968.6	2157.8	14362.0
7132	1979.7	2220.4	14598.0
47738	1984.8	2213.5	14707.1
56439	1974.2	2139.6	14376.6
47934	1992.4	2267.3	15548.9
9980	1986.9	2249.6	14841.7
4869	2000.2	2274.4	15160.7
54068	1990.6	2229.2	15065.7
40696	2002.8	2254.0	15050.8
24515	1990.1	2212.8	14837.3
38334	1972.0	2210.3	14468.6
46270	1978.4	2183.0	14651.9
69	1996.2	2324.8	15137.4
31730	1985.9	2210.8	14747.5
34660	1968.7	2198.8	14540.9
17512	1991.9	2247.7	15549.7
23685	1984.8	2230.7	14683.1
68342	1976.6	2156.9	14360.7
2710	2001.2	2296.2	15597.3
27362	1985.0	2199.5	14696.9
68087	1997.0	2217.1	14838.6
74526	1981.9	2222.6	14666.2
54227	1956.2	2186.8	14572.5
12028	1979.1	2213.4	14564.5
42443	1985.1	2224.0	15122.4
78759	1985.6	2177.4	14687.3
29410	1980.8	2194.9	14855.9
44041	1990.6	2229.7	14904.4
4385	1966.3	2190.9	14295.8
48041	1968.5	2192.6	14708.7
17554	1979.9	2235.7	14665.6
37514	1966.0	2201.1	14410.6
16796	1976.3	2199.6	14494.4
54078	1980.6	2202.0	14777.8
51077	1974.3	2164.9	14521.5
33157	1975.5	2195.0	14569.3
43356	1996.8	2319.0	15615.5
5386	1988.6	2231.0	15168.1
60959	1990.6	2284.1	15073.8
42686	1987.3	2229.6	14878.7
74532	1979.2	2224.9	14823.3
76533	1985.5	2197.8	14775.6
40234	1997.0	2213.0	14751.3
2511	1988.4	2182.9	14665.9
25252	1975.8	2240.8	14885.3
32281	1980.4	2178.2	14677.3
44925	1992.2	2246.7	15049.3
76364	1983.2	2228.9	14922.4
5834	2001.5	2251.5	15010.2
71750	1969.6	2159.2	14338.0
20393	1979.6	2215.3	14519.4
43870	1987.9	2223.4	14608.6
97	1983.0	2227.6	14525.1
43074	1995.0	2206.1	15071.2
37659	2000.0	2245.5	15312.7
51005	1977.7	2244.8	14641.4
76172	1986.9	2199.4	14809.1
