62256	1648.6	1869.7	10753.4
45610	1649.6	1868.8	10704.2
46299	1635.2	1846.0	10551.7
14430	1658.1	1937.4	11105.9
63569	1654.6	1851.1	10810.1
31066	1644.8	1896.9	10558.8
59567	1644.4	1827.1	10426.7
51095	1643.9	1913.4	10653.9
64018	1637.7	1834.2	10506.0
10681	1634.4	1916.3	10659.0
63403	1639.5	1841.2	10431.7
62632	1657.6	1884.7	10767.1
65457	1660.4	1906.0	10857.1
42697	1654.0	1909.8	10840.7
51688	1627.3	1874.4	10425.2
14365	1633.6	1843.3	10241.5
44715	1646.2	1849.8	10940.3
30448	1639.8	1885.8	10672.3
47825	1639.7	1855.3	10333.2
8946	1641.7	1899.3	10756.8
11057	1643.5	1861.5	10635.5
20541	1647.6	1855.4	10796.8
53106	1641.1	1848.1	10428.0
56412	1654.7	1891.5	10977.4
54269	1656.4	1911.9	10878.0
60508	1655.4	1936.7	11551.6
16713	1634.9	1896.9	10803.3
30517	1655.1	1867.4	10635.5
2046	1652.4	1905.2	10819.6
55715	1641.5	1884.9	10594.2
27943	1655.8	1915.8	10917.6
61226	1662.1	1933.5	11034.5
34871	1662.9	1989.9	11104.0
68625	1651.0	1870.5	10799.6
30832	1647.6	1912.7	10866.9
857	1654.5	1896.7	10772.1
22202	1641.9	1910.6	10645.0
17708	1640.8	1876.9	10573.6
31562	1646.0	1896.6	10688.6
60932	1638.3	1849.0	10506.7
55027	1632.9	1812.7	10310.8
38993	1632.7	1830.2	10324.2
64631	1645.5	1855.5	10793.9
38957	1643.3	1871.6	10783.3
25243	1647.2	1965.9	11063.6
1411	1652.6	1926.0	11113.7
14447	1637.6	1862.6	10468.7
16219	1656.7	1903.5	11011.7
66810	1662.0	1908.1	10894.8
2234	1635.3	1861.9	10444.2
56951	1646.8	1864.0	10570.6
67586	1648.3	1864.9	10429.1
38009	1633.9	1853.8	10389.3
56343	1645.3	1892.7	10514.2
65934	1637.6	1876.3	10596.5
45958	1640.9	1868.6	10508.3
24189	1649.5	1897.1	10741.6
61493	1663.4	1902.5	10875.6
26635	1642.6	1873.8	10476.5
60810	1660.8	1945.2	10907.2
64999	1634.7	1835.0	10385.4
59639	1648.3	1887.5	10654.9
52510	1634.4	1819.3	10308.9
53799	1645.2	1842.5	10501.3
50995	1657.3	1919.4	11007.0
18738	1640.3	1904.7	11074.2
12876	1659.0	1946.4	10887.0
30230	1644.8	1847.8	10582.4
7325	1646.5	1870.0	10589.8
12560	1658.6	1914.1	10914.2
10273	1649.9	1859.3	10674.3
28561	1636.8	1851.2	10491.8
53602	1656.0	1929.3	11110.2
24622	1645.0	1916.9	10850.6
353	1647.5	1868.5	10640.0
39399	1652.5	1864.3	10761.4
52650	1659.5	1888.6	11126.4
40558	1660.6	1928.8	11258.1
55413	1649.5	1824.2	10529.8
12264	1648.1	1895.2	10550.9
48812	1648.8	1923.2	10700.6
61706	1648.5	1849.8	10695.7
53712	1647.3	1841.7	10551.0
24866	1639.9	1896.4	10608.8
64285	1641.4	1857.9	10667.2
53594	1638.2	1908.2	10635.0
26528	1637.5	1875.0	10522.2
58278	1649.0	1882.1	10845.8
16817	1639.9	1868.2	10547.6
53965	1654.9	1894.2	10886.0
9328	1660.1	1919.7	10806.0
41631	1642.3	1922.6	10692.8
16257	1647.6	1925.0	10900.7
23027	1653.0	1884.9	10952.9
30307	1637.9	1854.1	10486.1
12435	1650.1	1852.7	10589.5
6611	1637.3	1903.5	10500.3
10938	1650.6	1873.1	11037.7
3896	1644.0	1898.3	10558.6
43065	1625.9	1852.9	10289.9
61484	1654.9	1866.3	10771.9
1537	1634.1	1885.3	10514.1
58893	1652.0	1899.7	11049.1
63757	1647.8	1825.6	10566.8
21438	1639.1	1862.4	10672.2
26712	1644.3	1888.0	10529.9
66524	1649.4	1913.7	11370.2
5523	1643.4	1865.4	10760.8
53751	1646.5	1863.4	10718.4
6228	1650.7	1875.5	10586.2
14981	1634.4	1843.5	10671.0
68938	1639.8	1917.5	10757.4
44016	1650.3	1870.1	10652.8
30505	1633.4	1876.0	10727.9
48460	1639.1	1846.5	10337.9
49980	1635.8	1850.5	10450.6
38693	1655.0	1865.4	10631.7
19606	1642.7	1870.7	10678.4
29639	1639.5	1853.6	10614.5
52860	1644.5	1877.5	10651.2
5969	1640.4	1857.1	10520.5
42091	1623.4	1826.7	10291.1
68448	1646.4	1894.4	10568.3
22765	1650.7	1928.7	11470.0
55246	1642.2	1906.8	10496.6
1864	1637.5	1849.0	10296.8
64095	1638.4	1864.8	10689.5
154	1639.8	1902.3	10715.4
49794	1647.9	1883.0	10702.7
10371	1647.7	1898.6	10655.8
10330	1643.9	1892.8	10625.4
33692	1652.2	1899.3	10908.0
25363	1651.0	1903.3	10838.6
2907	1656.2	1903.5	10969.1
49611	1652.7	1875.4	10682.1
25462	1652.3	1913.7	10873.9
38222	1654.7	1895.2	11053.2
15178	1649.0	1865.3	10894.2
39056	1645.3	1890.1	10529.8
63865	1637.7	1849.4	10443.3
15655	1656.6	1853.5	10769.3
10342	1640.2	1816.0	10437.4
40937	1650.2	1867.3	10706.8
64728	1636.1	1857.7	10396.6
61572	1643.7	1854.0	10516.7
36410	1643.7	1806.9	10637.8
25211	1643.9	1865.2	10581.4
45327	1641.0	1828.1	10458.2
27315	1654.4	1904.8	11546.5
28754	1644.9	1874.3	10996.9
41657	1645.0	1863.9	10557.9
50198	1639.2	1881.5	10605.9
33662	1642.6	1904.9	10673.2
43560	1641.3	1883.7	10594.2
68201	1650.2	1880.2	10757.2
37925	1642.2	1854.6	10377.2
35964	1655.2	1922.6	10778.0
3136	1652.6	1952.0	10975.4
57249	1645.3	1861.8	10528.5
59644	1625.7	1864.9	10277.3
34842	1654.5	1939.2	11008.6
47724	1636.2	1873.4	10536.6
61859	1644.9	1840.8	10817.2
54499	1649.2	1875.0	10802.1
33267	1648.6	1883.4	10656.7
1762	1636.3	1845.8	10440.7
17873	1634.1	1821.5	10274.5
62190	1663.7	1909.2	11016.4
56943	1641.0	1857.2	10633.5
68872	1648.5	1877.4	10504.1
44445	1655.1	1916.7	10941.2
63667	1645.4	1862.5	10502.1
30556	1653.6	1888.9	10640.3
41572	1638.2	1842.6	10494.0
48160	1646.2	1892.2	10646.9
14853	1637.9	1877.8	10430.7
20921	1658.7	1904.1	10789.6
2256	1638.8	1880.7	10571.5
66970	1655.7	1899.8	10769.5
52813	1648.3	1898.5	10751.7
41604	1647.5	1881.0	10605.3
4316	1648.5	1899.4	10703.6
22823	1647.9	1881.5	10699.8
47200	1653.4	1889.5	10822.7
24091	1648.2	1853.1	10433.0
24010	1639.7	1865.7	10490.1
15367	1653.4	1928.4	10686.1
13700	1641.3	1898.5	10580.7
45726	1646.0	1875.7	10650.7
44763	1646.5	1858.7	10604.1
69924	1651.9	1887.9	10799.5
39008	1640.3	1881.5	10656.0
49320	1640.6	1852.3	10446.5
56764	1644.3	1833.4	10664.3
9925	1635.5	1904.3	10449.5
12858	1660.8	1962.7	11148.8
21477	1642.9	1849.7	10553.3
13710	1640.5	1908.0	10472.8
6563	1651.1	1886.9	10631.6
59454	1651.8	1927.3	10799.3
31382	1652.1	1834.6	10823.6
55585	1634.6	1801.5	10575.0
45199	1671.0	1925.3	11479.1
40944	1649.2	1870.6	10653.6
41757	1630.9	1836.4	10511.8
36910	1650.6	1920.5	10796.7
24471	1647.6	1897.2	10803.1
32534	1650.6	1944.7	11018.5
31773	1645.5	1911.0	10549.4
50895	1654.7	1904.1	10941.6
10086	1660.3	1961.1	11115.4
44534	1652.8	1934.3	10943.5
54844	1648.6	1899.8	10684.5
3096	1633.5	1842.9	10316.2
38016	1649.4	1886.0	10976.3
24241	1639.4	1852.4	10547.5
31265	1670.4	1956.6	11161.7
58690	1664.7	1972.5	11208.7
8323	1646.6	1876.3	10662.0
64207	1649.8	1843.8	10669.4
31869	1634.4	1813.8	10225.3
12423	1646.4	1851.1	10547.4
67588	1644.0	1857.1	10744.5
48658	1642.0	1848.9	10496.0
37148	1642.1	1894.7	10695.1
12169	1644.6	1915.4	10923.5
67754	1649.7	1881.2	10689.8
4670	1640.8	1867.5	10446.6
23435	1646.4	1839.0	10566.2
58542	1645.2	1810.1	10890.5
66119	1649.9	1882.0	10710.4
52042	1634.7	1879.5	10339.8
19924	1654.2	1914.4	10791.0
45227	1639.6	1850.8	10509.8
69790	1636.7	1830.4	10359.0
13063	1643.4	1885.7	10510.4
49137	1657.4	1903.0	11308.8
25661	1649.5	1896.4	10773.5
12177	1647.7	1903.6	10563.2
37779	1627.7	1869.9	10483.1
66719	1656.4	1900.9	11080.9
48983	1656.4	1905.2	11047.9
69630	1643.9	1877.6	10459.9
53357	1646.4	1907.7	10477.5
69131	1652.4	1891.0	10640.3
27539	1651.7	1890.1	11077.3
56497	1651.9	1894.5	10964.3
16858	1651.2	1921.4	10960.5
11454	1642.5	1884.4	10745.8
57453	1651.2	1844.9	10447.8
38444	1634.3	1898.4	10792.2
63750	1636.0	1820.9	10312.4
59168	1641.2	1866.6	10451.9
68514	1643.7	1837.6	10377.8
61325	1644.2	1836.3	10476.8
53510	1650.5	1874.3	10759.9
52485	1652.2	1900.4	11117.5
7083	1650.4	1922.1	10967.7
14697	1640.4	1871.9	10526.7
29027	1636.6	1848.9	10474.3
59166	1644.8	1860.5	10645.2
32371	1649.5	1873.8	10732.7
57167	1634.0	1884.7	10596.3
53772	1650.1	1895.0	10899.0
23722	1630.7	1873.0	10402.2
42479	1656.8	1927.9	11061.1
45245	1647.9	1912.4	11765.6
48768	1640.5	1894.9	10594.9
67763	1644.9	1852.9	10645.9
15636	1646.3	1918.7	10815.3
1801	1642.0	1902.8	10505.8
65652	1641.3	1873.2	10735.0
11832	1652.0	1880.0	10751.1
23262	1639.0	1900.8	10557.0
31330	1634.9	1821.7	10514.8
53682	1652.8	1876.6	10750.8
41490	1650.6	1856.5	10461.9
23044	1657.3	1912.7	10833.4
27891	1666.6	1954.8	11301.4
51268	1645.7	1875.1	10677.3
45243	1639.8	1881.4	10525.4
52689	1650.7	1850.3	10493.8
39414	1650.8	1885.7	10863.9
65442	1654.0	1870.7	10653.8
9224	1653.8	1936.3	11031.1
41072	1662.9	1912.7	10834.0
66746	1640.5	1863.1	10470.7
27421	1664.6	1965.4	11100.9
46420	1648.7	1899.6	10705.9
48737	1650.9	1924.0	10991.2
9839	1647.0	1901.2	10821.5
65496	1630.0	1822.4	10235.5
7197	1650.0	1946.2	11455.2
12259	1643.8	1879.4	10573.5
23780	1646.1	1872.1	10410.9
67516	1648.0	1913.6	10964.0
57402	1655.1	1893.8	10818.5
33325	1627.9	1834.5	10278.0
33686	1650.4	1893.6	10627.1
36521	1655.1	1908.1	10843.6
21239	1659.7	1929.5	11121.2
50150	1640.6	1833.9	10641.2
39514	1647.2	1840.7	10594.0
12749	1661.0	1932.7	10913.5
54615	1644.3	1866.8	10647.2
1517	1653.6	1919.5	11154.8
57729	1647.0	1869.4	11136.3
63922	1636.7	1889.5	10447.3
11352	1652.2	1902.1	10914.7
7150	1633.7	1864.1	10496.7
53233	1660.0	1925.0	11232.8
57848	1660.0	1882.2	10863.4
67744	1640.7	1841.7	10464.5
34322	1653.8	1882.2	10715.8
17296	1644.7	1889.9	10763.4
54670	1640.4	1841.9	10515.1
51971	1646.1	1872.4	10639.5
15533	1665.0	1925.4	11053.6
22674	1643.6	1893.8	10678.5
68557	1648.8	1906.8	10898.4
37380	1646.9	1920.8	10769.9
55963	1652.7	1910.3	10875.3
27325	1640.7	1859.3	10511.7
2377	1644.9	1872.5	10837.1
20992	1652.5	1910.3	10663.9
54955	1651.1	1932.8	10760.4
810	1653.6	1906.5	10946.0
58944	1658.2	1888.9	11032.2
27790	1657.7	1983.9	11753.5
51093	1650.7	1893.7	10898.0
31389	1648.4	1877.6	10752.9
8091	1638.9	1850.2	10420.7
66132	1656.0	1900.0	10935.7
57528	1646.7	1884.2	10610.7
36300	1655.8	1881.4	11002.3
11731	1638.8	1890.1	11538.8
2592	1647.2	1868.5	10515.5
25340	1655.3	1911.8	10866.5
68084	1644.6	1862.6	10749.9
16427	1655.9	1914.0	10805.9
45020	1638.2	1863.4	10468.1
25876	1655.0	1895.3	10900.9
54326	1644.3	1859.2	10557.4
11988	1644.4	1846.6	10579.4
6365	1659.1	1932.7	11040.8
35982	1650.2	1902.5	10899.9
31558	1637.2	1872.7	10571.8
61101	1647.0	1877.8	10666.5
32466	1644.8	1893.4	10614.1
53352	1657.6	1879.0	11045.6
21145	1649.1	1906.7	10807.9
18403	1637.9	1811.8	10251.6
66876	1642.9	1830.6	10538.1
36400	1644.8	1815.7	10232.6
37297	1641.7	1846.0	10559.4
42203	1636.0	1841.1	10386.6
5766	1642.9	1919.0	10752.8
25859	1639.4	1894.5	10650.1
44625	1645.0	1832.8	10777.7
1090	1645.1	1893.3	10605.5
57740	1642.5	1935.7	10646.4
409	1651.6	1884.3	10622.3
23247	1634.5	1883.6	10590.2
43073	1648.3	1896.6	10812.1
6530	1638.8	1840.1	10536.9
57611	1659.4	1922.2	10986.5
17688	1659.5	1927.3	11162.1
64178	1649.8	1882.6	10543.1
5790	1650.0	1932.6	11054.0
55237	1636.3	1886.6	10619.7
37251	1660.0	1876.2	10741.7
33121	1644.5	1874.9	10569.1
43208	1654.2	1917.1	10825.7
27435	1646.2	1880.3	10485.2
33884	1660.3	1950.1	11253.2
61251	1667.6	1956.5	11159.4
50526	1655.7	1916.4	10813.8
69126	1649.6	1914.9	10778.3
61578	1643.0	1915.4	10721.3
22635	1636.5	1834.5	10381.9
64562	1648.9	1853.3	10624.6
69012	1647.7	1838.6	10672.7
15328	1652.5	1875.7	10765.2
1350	1643.7	1878.5	10634.7
5160	1648.5	1885.3	10812.1
25991	1651.2	1814.5	10596.7
40261	1635.0	1858.3	10664.9
27039	1633.9	1872.2	10624.7
13963	1646.0	1884.8	10585.5
17744	1641.1	1827.3	10324.1
16929	1648.5	1865.3	10546.0
25105	1632.8	1827.7	10336.4
24307	1648.5	1850.4	10575.8
10653	1643.3	1884.3	10649.2
19579	1649.4	1879.9	10585.1
28594	1641.8	1858.4	10601.9
7024	1669.6	1925.8	11023.9
28616	1646.6	1861.3	10529.8
1706	1645.9	1871.1	10701.6
17667	1632.0	1824.3	10432.5
47154	1646.2	1909.2	10813.6
4608	1648.2	1858.0	10671.0
40918	1640.6	1843.9	10535.8
17592	1645.4	1901.5	10852.6
22455	1655.1	1904.5	10709.8
9352	1659.8	1956.7	11100.2
31586	1643.6	1875.7	10534.6
17280	1655.0	1900.5	10726.7
17031	1645.1	1867.6	10626.4
1438	1651.1	1943.7	10850.2
60022	1646.7	1858.0	10812.4
4356	1644.2	1916.7	10741.1
65052	1642.4	1847.1	10397.8
33163	1640.9	1875.5	10465.6
40152	1647.6	1853.0	10520.7
40606	1650.8	1877.3	10721.1
52287	1656.3	1913.6	10892.4
64619	1642.8	1864.3	10545.2
45738	1654.0	1893.1	10797.8
40186	1649.4	1841.5	10642.6
5584	1647.6	1851.7	10693.1
18279	1640.1	1885.7	10505.1
16989	1648.2	1930.7	10869.5
41498	1643.3	1856.3	10379.2
517	1642.9	1886.8	10525.4
69932	1642.9	1890.2	10578.0
32995	1660.3	1905.4	10909.6
15147	1661.3	1929.5	10929.8
18160	1629.2	1834.5	10241.6
28816	1633.1	1840.7	10269.7
6941	1650.8	1889.6	10588.9
30399	1646.6	1869.8	10610.3
18126	1646.8	1888.4	10644.6
62927	1651.9	1882.8	10685.7
44859	1647.3	1892.2	10752.3
19242	1645.6	1867.5	10532.1
44619	1652.5	1930.5	10884.2
44073	1651.4	1886.3	10709.1
43270	1647.8	1926.7	10866.2
34512	1637.3	1876.9	10566.3
58280	1649.2	1882.8	10841.3
63485	1640.6	1862.0	10529.3
47058	1648.6	1945.8	10953.2
68380	1630.1	1829.9	10207.5
48393	1628.4	1791.7	10356.4
23681	1637.6	1840.9	10410.5
51365	1649.3	1887.8	10810.0
26306	1638.8	1889.0	10534.4
43931	1646.6	1956.2	10904.7
39135	1641.6	1849.1	10487.2
67587	1650.7	1864.2	10734.7
64201	1651.9	1890.1	10727.0
15435	1649.0	1914.0	10735.3
65387	1647.3	1868.2	10675.3
65171	1630.9	1816.3	10280.2
54727	1639.3	1855.9	10342.1
15006	1651.4	1883.4	10716.1
9126	1644.5	1907.0	10819.5
24561	1643.3	1879.1	10710.0
7859	1652.0	1858.1	10665.6
13492	1645.4	1861.2	10522.9
10876	1649.8	1894.6	10793.1
56474	1642.3	1813.6	10459.2
59315	1654.4	1917.5	10786.6
62971	1640.3	1886.1	10561.9
15749	1649.9	1865.2	10596.3
46502	1653.2	1944.1	11043.4
40728	1644.7	1926.4	10725.0
18966	1643.1	1907.2	10750.8
13895	1646.5	1845.2	10438.9
62848	1644.4	1917.9	11073.0
13833	1651.6	1893.9	10889.3
39216	1650.4	1917.8	11002.9
57559	1651.7	1904.6	10738.9
44372	1650.5	1923.5	10923.3
3400	1650.3	1879.7	10718.6
67989	1655.4	1945.6	11147.1
4824	1663.0	1984.2	12089.8
59935	1655.9	1895.0	10791.0
23877	1666.7	1918.2	11510.9
32782	1654.6	1900.1	10967.2
6177	1638.0	1826.9	10403.9
69400	1637.9	1847.8	10555.8
9846	1652.3	1875.4	10740.2
46793	1647.7	1897.9	10755.7
3667	1643.0	1894.3	10798.3
49396	1644.8	1876.0	10493.6
67077	1643.7	1896.6	10832.7
59397	1651.5	1892.5	10782.0
2102	1650.1	1898.5	11002.1
19972	1647.0	1903.6	10630.7
18558	1657.8	1914.1	10836.9
24377	1660.5	1960.5	10998.9
17851	1631.0	1849.9	10555.0
44581	1637.4	1853.5	10442.7
44264	1662.1	1935.8	11119.1
38923	1652.5	1874.2	10631.5
15566	1651.9	1946.6	10694.9
47361	1653.0	1831.8	10640.4
51970	1644.5	1876.9	10696.2
40207	1645.4	1909.1	10947.9
18399	1650.9	1878.4	10798.7
24747	1655.1	1914.5	10845.9
25120	1654.2	1922.7	10628.8
22762	1645.6	1871.5	10732.9
62991	1653.8	1912.4	10896.5
20738	1651.7	1894.9	10704.5
64853	1654.8	1925.9	11041.8
36401	1648.7	1889.2	10723.5
62414	1663.4	1959.3	11508.6
55720	1649.6	1894.5	10797.7
33524	1642.4	1842.4	10602.9
52246	1649.8	1851.5	10869.3
4931	1651.8	1886.0	10627.6
23545	1650.2	1926.7	10870.9
34330	1642.0	1903.1	10727.3
48383	1646.4	1869.5	10661.7
4902	1645.5	1882.2	10793.3
37911	1644.9	1881.5	10841.6
14542	1648.0	1922.6	10946.4
2887	1635.5	1812.5	10376.5
57368	1657.6	1854.3	10621.0
29671	1636.7	1908.1	10784.5
15264	1647.5	1900.9	10690.3
50153	1641.7	1837.3	10456.4
27996	1667.5	1875.8	10945.0
14232	1656.7	1921.9	10859.6
8951	1648.7	1861.8	10664.5
2787	1640.4	1895.3	10518.5
21253	1645.6	1810.6	10328.7
9720	1635.5	1863.5	10407.0
21101	1643.5	1922.7	10831.1
63033	1642.6	1876.8	10765.6
68318	1644.1	1908.6	10557.0
36768	1649.9	1895.9	10806.6
53924	1648.6	1892.2	10605.2
68289	1654.0	1903.8	11074.8
56238	1654.9	1868.6	10660.5
57278	1647.6	1864.5	10671.5
68668	1652.2	1901.0	10694.9
59598	1624.0	1801.6	10065.5
37850	1650.6	1895.4	10801.9
20964	1638.3	1822.0	10499.9
51909	1652.8	1855.8	10720.2
67564	1647.0	1876.5	10521.6
31720	1652.3	1904.7	11024.1
32499	1638.1	1813.5	10375.5
68002	1659.1	1883.5	11023.9
54560	1651.2	1913.1	10722.2
53152	1668.6	1920.2	11165.2
20104	1642.1	1865.2	10522.7
56022	1645.1	1907.8	10673.6
68664	1640.3	1860.9	10712.5
21181	1654.4	1992.2	11473.2
39197	1640.8	1905.1	10478.5
18956	1632.7	1832.4	10389.1
9890	1649.0	1886.5	10648.9
26962	1654.4	1920.2	10920.1
68961	1644.6	1919.4	10684.0
9525	1639.6	1882.8	10619.5
13823	1654.8	1887.9	10841.2
65468	1641.6	1856.3	10665.4
45453	1654.4	1873.1	10834.5
20612	1657.6	1891.0	10816.3
31446	1649.1	1914.5	10861.7
66816	1656.1	1878.4	10812.7
6844	1650.5	1879.7	10700.1
19245	1661.9	1927.6	11507.7
42787	1653.5	1919.9	10765.4
48369	1653.4	1882.2	10732.5
20255	1648.1	1898.1	10746.2
1932	1646.5	1876.5	10497.3
61060	1632.1	1883.4	10273.4
50878	1654.0	1884.9	10679.1
36024	1657.0	1901.1	11088.7
51532	1651.3	1907.6	10763.5
1067	1638.8	1874.3	10618.2
49438	1655.8	1871.6	10843.3
46939	1646.4	1910.5	10926.4
39415	1640.1	1844.8	10397.8
25646	1647.3	1938.2	10892.5
37522	1634.6	1905.6	10574.3
23863	1637.1	1875.7	10659.3
52858	1647.6	1832.2	10666.6
4563	1660.7	1908.5	11160.9
23298	1634.8	1843.1	10569.3
48096	1649.9	1890.0	10729.4
64300	1638.0	1894.3	10717.5
28538	1636.9	1841.4	10272.7
15676	1662.4	1955.6	11243.9
45490	1651.1	1971.7	11103.5
17460	1646.5	1889.2	11016.1
7144	1656.2	1941.9	11030.5
8902	1654.5	1890.7	11045.7
4081	1653.7	1953.5	11213.0
21647	1634.2	1863.4	10328.4
13571	1646.8	1892.9	10633.6
9769	1648.8	1914.9	10800.2
39263	1647.3	1895.9	11008.7
32574	1647.5	1887.5	10582.5
17121	1644.7	1885.6	10846.3
51974	1633.7	1834.6	10283.2
30904	1655.4	1900.0	10756.0
49213	1645.5	1888.5	10846.1
42042	1632.5	1869.2	10324.5
12930	1633.6	1826.5	10487.5
35586	1643.5	1896.4	10603.0
44497	1667.1	1918.3	11077.5
64621	1652.8	1933.8	11049.5
39554	1646.4	1867.9	10579.1
50666	1646.1	1891.4	10833.4
3831	1651.3	1864.2	10662.1
9137	1650.3	1890.8	10665.2
69481	1651.7	1940.4	10937.7
35283	1640.8	1873.2	10781.9
26105	1651.2	1918.0	10796.4
22679	1659.5	1945.7	11340.5
58862	1657.7	1882.2	10985.5
40677	1653.6	1886.2	10761.4
52207	1661.0	1918.5	10947.5
943	1649.8	1843.1	10404.9
56404	1651.4	1901.9	10778.5
7448	1639.2	1913.2	11727.9
21001	1659.3	1932.7	11041.2
25001	1643.8	1891.3	10584.0
60319	1641.3	1859.5	10545.7
9990	1648.0	1911.7	10708.9
68666	1643.3	1883.7	10640.9
30985	1643.3	1874.1	10719.2
46839	1642.9	1884.9	10453.9
41987	1638.4	1874.8	10384.4
38405	1650.5	1878.0	10699.8
51802	1647.2	1899.7	11044.0
44321	1643.7	1901.3	10552.4
11903	1630.6	1861.3	10441.1
68809	1663.8	1920.9	11146.9
3284	1653.6	1912.7	11136.7
69938	1646.8	1803.0	10399.5
40632	1665.1	1931.8	11396.6
15501	1651.5	1905.4	10797.7
43376	1652.2	1924.7	10854.2
58902	1660.1	1923.1	10902.5
33652	1637.1	1857.6	10435.5
68574	1645.2	1867.1	11008.3
2063	1641.5	1939.9	10935.2
1588	1644.8	1863.2	10556.1
37028	1644.7	1843.2	10629.0
11461	1643.8	1882.4	10568.7
25961	1636.4	1880.8	10634.3
59480	1639.4	1850.5	10652.1
44521	1654.8	1875.8	10749.3
34686	1661.4	1894.8	10722.0
60585	1647.2	1849.0	10638.8
62050	1650.5	1876.5	10808.8
53121	1641.1	1878.9	10564.7
9651	1657.0	1939.0	10992.8
25615	1641.6	1890.2	10759.5
62541	1640.6	1860.7	10463.4
21259	1648.2	1956.6	10918.7
64580	1654.3	1900.4	10727.0
42258	1652.8	1915.7	10733.7
39259	1633.2	1864.0	10557.4
3547	1645.2	1875.5	10683.8
17372	1640.5	1885.3	10420.0
22756	1664.3	1936.6	11148.4
53175	1645.7	1880.1	10582.1
43683	1645.9	1848.9	10424.0
63386	1641.4	1926.0	10705.3
68598	1626.2	1813.5	10007.9
18083	1637.1	1826.4	10330.1
54257	1651.5	1889.1	10948.7
7738	1653.2	1866.1	10653.6
4234	1648.1	1883.2	10632.6
10831	1638.8	1860.3	10510.7
15072	1638.9	1855.0	10570.2
13263	1650.2	1902.3	10734.9
47225	1659.2	1900.5	10858.3
6857	1646.2	1841.8	10417.3
32994	1642.1	1855.9	10672.3
45356	1641.3	1864.1	10412.8
43426	1649.7	1905.8	10809.2
55454	1664.9	1901.4	11148.8
24081	1648.2	1864.2	10702.7
51458	1650.4	1914.3	11040.4
32082	1653.0	1914.4	10914.6
69751	1644.8	1841.3	10531.8
33889	1650.7	1894.0	10959.5
50599	1646.3	1852.2	10575.2
17445	1639.4	1856.5	10531.7
30524	1649.2	1873.0	10866.0
54197	1639.5	1916.3	10694.8
47660	1650.1	1872.8	10577.6
24810	1649.3	1888.2	10601.4
22676	1661.6	1964.5	11038.4
11309	1643.9	1891.9	10833.1
33300	1654.1	1927.7	10890.6
19281	1654.4	1899.8	10761.0
49295	1649.2	1863.7	10713.3
40708	1666.0	1916.4	10912.1
34413	1653.9	1866.7	10675.5
28964	1663.6	1935.8	11215.0
68121	1654.5	1880.3	10719.3
56772	1647.1	1872.9	10690.3
24800	1644.2	1876.4	10654.4
36314	1646.0	1885.6	10544.2
54067	1641.9	1900.1	10874.7
26251	1647.3	1872.9	10540.8
17633	1654.7	1915.1	10916.7
4401	1642.7	1890.2	10633.5
59545	1656.0	1889.6	10774.7
51333	1640.1	1891.5	10628.8
31962	1650.3	1869.7	10648.0
1826	1642.7	1864.3	10565.6
43186	1632.8	1851.4	10391.3
68863	1642.1	1916.4	10630.5
63957	1635.1	1853.9	10426.0
35990	1653.4	1892.4	10815.1
69713	1631.5	1867.6	10496.2
5914	1649.4	1888.1	10561.0
51320	1629.6	1834.0	10277.6
32784	1661.4	1921.0	11044.2
36392	1648.8	1887.5	10622.3
47739	1651.1	1867.9	10789.9
40997	1650.8	1904.7	11213.8
66716	1643.3	1901.5	10659.0
29820	1650.8	1896.3	10794.8
69325	1644.6	1878.6	10563.0
68826	1645.2	1877.2	10716.9
45995	1647.8	1858.0	10661.9
34231	1650.2	1831.5	10409.8
37990	1641.3	1828.6	10338.1
60178	1656.2	1866.4	11000.5
53711	1642.1	1877.0	10588.0
52151	1644.4	1847.9	10525.5
46783	1663.6	1936.2	11125.7
18902	1643.9	1889.9	10587.6
35205	1645.0	1831.0	10600.3
62876	1645.9	1855.8	10648.3
8266	1636.1	1890.4	11021.8
4643	1634.4	1889.1	10450.2
8636	1636.2	1926.8	10974.7
42350	1640.0	1896.7	10862.1
22843	1655.6	1905.7	11036.0
62075	1669.4	1872.6	10958.1
47821	1650.9	1862.8	10792.1
17231	1640.6	1890.0	10569.5
14001	1657.4	1972.7	11198.1
47658	1637.2	1834.5	10373.5
2692	1642.0	1897.6	10782.1
53593	1642.4	1874.4	10449.1
17013	1650.9	1865.8	10689.6
52231	1653.2	1929.0	10889.5
9494	1645.8	1862.5	10520.2
51485	1648.6	1880.0	10625.8
60478	1657.4	1912.2	10747.5
37943	1643.5	1858.1	10650.0
67882	1658.1	1865.2	10728.6
18192	1647.9	1877.0	10651.8
20717	1648.0	1875.6	10613.0
63456	1638.1	1860.7	10935.3
45986	1649.9	1892.7	10758.8
62887	1657.4	1875.5	10787.9
62859	1647.1	1884.9	10560.4
18635	1647.2	1884.0	10767.3
39097	1642.1	1868.7	10778.7
44758	1643.1	1838.1	10412.5
6366	1646.4	1868.2	10553.2
26316	1643.9	1834.0	10585.4
41294	1642.7	1925.7	10761.7
38833	1656.9	1915.4	10799.5
51505	1646.9	1845.0	10649.5
31949	1656.0	1926.4	11007.4
60051	1649.8	1874.9	10822.1
17133	1649.6	1918.7	10971.0
59288	1657.1	1921.3	10871.9
20195	1644.0	1906.5	10703.5
37313	1644.6	1866.1	10692.7
62806	1635.4	1820.3	10238.5
37888	1639.0	1855.6	10590.8
64064	1649.5	1889.7	10756.8
3262	1642.4	1854.5	10489.2
56771	1656.8	1929.5	10860.4
43614	1648.5	1873.2	10869.7
6128	1643.4	1878.1	10365.3
34057	1656.0	1923.9	11039.4
39603	1649.0	1899.6	10624.7
66306	1646.5	1895.9	11109.2
16590	1658.5	1939.4	10987.8
17506	1646.3	1854.8	10364.9
38136	1639.0	1810.4	10363.8
7771	1636.5	1836.1	10804.8
66331	1657.5	1923.2	10990.2
27970	1635.6	1871.4	10486.8
53027	1665.3	1940.8	11056.4
14505	1658.3	1953.2	10883.8
14301	1662.5	1939.8	10873.6
64736	1660.2	1926.5	17709.3
25960	1643.5	1873.3	10663.6
20622	1648.2	1884.8	11144.1
54146	1645.4	1911.3	10774.2
43314	1650.7	1890.8	10801.6
14871	1648.9	1885.4	10813.7
38294	1642.4	1878.5	10532.7
38964	1643.9	1819.1	10479.2
67181	1633.1	1810.5	10256.2
38599	1646.2	1871.5	10672.7
13743	1641.4	1945.0	10794.5
13460	1652.9	1916.1	10769.5
48026	1635.3	1893.6	10647.4
61334	1651.7	1947.4	10890.8
55477	1644.3	1880.8	10661.2
34517	1652.0	1921.6	11147.4
66234	1652.3	1867.8	10793.0
13432	1638.5	1851.9	10499.3
64221	1651.5	1912.6	10765.3
11268	1648.8	1936.7	10956.3
4237	1648.8	1881.3	10677.0
17380	1648.4	1890.2	10845.6
31396	1642.8	1876.3	10797.8
28532	1644.5	1852.2	10519.7
65406	1633.8	1852.5	10310.8
51024	1657.6	1904.9	10844.5
61106	1642.1	1888.1	10765.7
12738	1646.9	1936.1	10862.7
46124	1644.4	1873.6	10565.0
29369	1642.5	1912.3	10824.0
2086	1643.9	1842.6	10443.5
61187	1645.6	1862.1	10662.6
49539	1630.7	1848.7	10372.5
59467	1648.3	1875.7	10736.9
37846	1653.0	1903.5	10798.5
18490	1635.0	1903.3	10600.1
5484	1650.0	1891.9	10654.9
24986	1645.9	1874.9	10609.6
16052	1648.1	1889.7	10787.2
29572	1647.4	1836.9	10405.5
21082	1646.1	1924.8	11058.9
12903	1645.3	1857.0	10664.1
27244	1655.3	1920.0	10897.5
41952	1659.5	1930.6	11519.8
22848	1656.8	1914.7	10964.8
40306	1637.6	1879.2	10360.1
54352	1647.3	1863.6	10733.2
6509	1642.0	1853.3	10558.2
37817	1657.3	1887.9	10799.1
52455	1634.9	1871.1	10421.2
53633	1653.8	1874.2	10770.5
64346	1658.8	1923.2	11213.6
26533	1649.1	1850.9	10604.7
7971	1646.9	1864.5	10608.0
39346	1646.2	1861.5	10815.8
19035	1635.4	1844.7	10434.9
10674	1628.4	1841.1	10286.4
63918	1638.0	1849.9	10429.4
44110	1644.6	1928.7	10806.3
59462	1671.6	1947.4	11406.4
29143	1651.3	1908.7	11205.6
61776	1652.0	1867.7	10604.7
15520	1640.9	1819.5	10300.5
58362	1655.4	1936.3	11240.7
32873	1644.4	1880.0	10716.7
42490	1643.9	1856.2	10560.2
67213	1642.7	1869.0	10636.0
45325	1642.3	1846.4	10661.7
67420	1659.7	1876.8	11085.3
46272	1635.4	1849.5	10420.0
53889	1657.6	1935.5	10880.3
51957	1637.5	1816.3	10315.8
66493	1639.5	1837.2	10424.9
11637	1652.9	1883.0	10716.5
23595	1638.4	1876.6	10430.8
454	1649.2	1898.6	10885.5
43945	1652.4	1880.6	10608.7
4011	1646.0	1903.8	10738.4
28878	1643.8	1930.2	10859.9
52610	1649.4	1877.6	10632.6
17420	1644.5	1876.0	10492.9
57996	1648.7	1860.8	10574.4
36308	1651.4	1864.5	10728.6
2258	1632.9	1834.2	10273.9
29824	1642.5	1879.0	10560.5
27968	1651.1	1893.1	10646.7
67785	1630.4	1838.4	10820.5
58179	1642.9	1836.6	10454.2
55573	1658.0	1887.0	10833.5
23243	1664.0	1906.1	11141.8
32666	1646.2	1864.0	10940.1
62110	1645.0	1872.6	10654.6
63862	1647.4	1902.7	10587.0
40308	1637.6	1855.4	10372.5
27167	1636.8	1838.9	10266.1
25849	1642.8	1837.8	10481.0
656	1640.1	1875.0	10549.7
55690	1653.1	1884.3	10682.0
10396	1656.3	1892.7	10941.4
34722	1628.6	1810.9	10166.2
19797	1646.9	1931.5	10827.0
29884	1650.9	1881.7	10979.3
67695	1658.4	1883.9	11584.4
1468	1648.2	1837.8	10625.5
35521	1660.0	1903.4	10891.5
7026	1650.8	1876.6	10629.5
66851	1645.7	1879.1	11058.0
35356	1656.0	1866.7	10902.5
5273	1648.3	1876.8	10505.9
9864	1646.0	1894.8	10626.7
7222	1655.9	1901.2	10785.0
66649	1655.9	1888.4	10764.0
38301	1643.5	1844.6	10649.1
30922	1651.9	1925.7	11024.9
8210	1645.0	1900.2	10624.6
60300	1628.3	1829.3	10316.1
23171	1656.1	1954.1	11083.2
11067	1647.2	1909.9	10755.7
56096	1650.7	1914.1	10893.7
10766	1631.2	1810.1	10223.8
65381	1656.4	1963.5	10967.0
5122	1663.0	1924.5	11219.3
59512	1656.1	1941.3	10947.3
56242	1657.1	1887.5	11001.5
39758	1644.6	1907.8	10878.4
69105	1661.0	1901.7	11014.6
28867	1642.6	1852.0	10498.8
37135	1655.9	1939.6	10850.4
35513	1649.1	1929.6	10762.8
41461	1660.7	1919.0	10788.8
46948	1650.4	1918.0	11052.5
10682	1645.5	1840.5	10496.8
65590	1657.7	1914.3	10897.7
30774	1657.6	1887.3	10768.2
45785	1646.7	1860.3	10423.0
49397	1656.5	1970.8	11029.0
3929	1638.8	1863.2	10482.3
60694	1656.9	1879.1	10772.5
36752	1651.7	1838.7	10778.9
20842	1653.6	1924.1	10866.8
28073	1656.9	1876.5	10748.9
62409	1644.6	1886.9	10717.9
54304	1640.0	1881.0	10430.4
11360	1633.3	1813.8	10305.9
34374	1639.4	1850.6	10351.5
17670	1651.3	1910.9	10757.8
42786	1649.7	1944.8	10963.6
48616	1650.8	1888.6	10772.3
37506	1649.1	1936.4	10845.9
31341	1649.0	1867.2	10724.1
18801	1645.0	1866.9	10565.6
20265	1647.7	1908.2	11098.5
30285	1647.2	1882.4	10774.5
54303	1639.3	1862.0	10446.7
11092	1651.9	1966.0	10825.8
52033	1651.5	1886.7	10616.0
21473	1641.0	1816.0	10482.6
49080	1649.3	1892.6	10651.5
67847	1644.9	1832.8	10511.2
32661	1642.6	1909.0	10680.3
51258	1641.7	1851.1	10521.2
19834	1654.4	1888.2	10694.9
52236	1639.9	1886.6	10563.2
69943	1645.1	1879.6	10556.0
26143	1629.7	1839.1	10413.7
20658	1640.4	1907.9	10620.6
30704	1642.9	1862.9	10532.6
63261	1657.5	1937.9	11102.4
39675	1645.5	1869.4	10715.3
27742	1660.5	1889.1	10884.2
47071	1657.9	1901.1	10857.1
35549	1663.7	1952.4	11127.8
39454	1661.5	1982.2	11753.1
45346	1641.7	1887.4	10603.5
36385	1646.4	1850.8	10538.2
35763	1644.8	1888.7	10505.6
59419	1656.7	1885.5	10873.5
7574	1639.6	1933.2	10946.7
18814	1636.5	1859.0	10540.7
48721	1653.1	1851.5	10697.5
30827	1642.8	1863.7	10580.6
7684	1648.6	1866.8	10874.1
367	1652.1	1966.6	11049.6
65112	1644.2	1884.5	10632.2
51275	1637.3	1902.0	10676.1
9577	1648.2	1861.6	10761.3
44690	1651.1	1867.6	10633.8
55793	1646.3	1851.0	10454.9
60530	1650.7	1870.4	10691.6
20858	1652.1	1883.2	10726.4
21552	1648.4	1912.1	10763.8
8715	1644.4	1866.5	10557.5
21432	1646.9	1910.0	10651.8
1577	1646.3	1915.6	11237.0
40132	1644.5	1847.6	10571.4
40768	1654.3	1879.0	10873.7
13103	1644.2	1835.2	10356.9
13060	1635.7	1893.1	10452.3
36298	1653.3	1877.8	10771.9
9030	1660.1	1881.4	10788.6
48439	1643.9	1843.6	10686.0
17037	1650.9	1887.0	10685.3
49500	1645.7	1897.6	10580.3
65828	1659.9	1904.5	10789.8
