45670	1921.3	2179.2	14697.1
58249	1904.0	2120.9	14256.0
99639	1918.3	2180.3	14867.6
93356	1905.1	2152.9	14514.7
57397	1887.6	2107.0	14958.6
6587	1899.4	2172.3	14357.1
81541	1905.0	2168.0	14776.0
55853	1920.9	2181.0	14901.0
9068	1889.6	2078.7	14219.8
9044	1906.4	2164.5	14538.7
76337	1899.2	2131.0	14337.7
24782	1897.9	2097.8	14109.4
90889	1919.3	2147.2	14792.5
12986	1877.0	2082.3	13699.5
28519	1889.8	2144.7	14495.9
49621	1895.2	2152.6	14413.5
41550	1895.8	2134.6	15224.3
20877	1889.9	2098.5	14205.0
5219	1882.9	2107.1	14094.8
57253	1903.9	2176.2	14367.5
36150	1891.3	2125.8	14064.2
98464	1901.3	2135.6	14651.2
54525	1896.1	2093.1	14272.7
75861	1894.4	2140.1	14478.5
69234	1906.7	2143.1	14518.5
31666	1906.2	2124.6	14695.4
67759	1899.7	2116.6	14241.6
21675	1892.8	2176.4	14328.3
72868	1903.2	2197.1	15093.1
70263	1892.5	2099.5	14394.5
28159	1910.3	2191.7	14649.1
5009	1892.9	2117.1	14126.8
36325	1919.1	2181.9	14781.9
57857	1915.3	2177.9	14934.6
55797	1915.8	2218.6	15122.6
94	1914.0	2183.2	14931.7
666	1904.3	2182.0	14587.0
47411	1903.9	2187.6	14589.0
28719	1914.4	2183.8	14767.7
29705	1908.9	2198.0	14875.5
55214	1934.9	2234.7	16244.2
43431	1887.7	2063.2	13859.8
36316	1896.2	2113.2	14580.4
72381	1902.9	2098.3	14157.0
33113	1890.4	2112.7	14150.2
89740	1904.8	2126.0	14129.1
71100	1897.9	2108.9	14244.0
71334	1909.5	2141.2	14300.9
87077	1902.6	2123.5	14633.9
61154	1872.1	2061.0	13594.0
62831	1920.8	2174.1	14976.1
92523	1904.0	2095.6	14265.3
84795	1921.6	2209.3	15434.7
76457	1904.5	2171.5	14324.9
98916	1911.4	2176.8	15280.8
22046	1913.1	2113.1	14638.9
52928	1898.4	2141.7	14291.3
99508	1899.4	2161.4	14282.7
60419	1903.1	2142.7	14498.1
96762	1906.9	2155.8	14532.4
89644	1911.1	2137.2	14482.2
95265	1882.2	2062.8	13919.0
66561	1901.9	2160.6	14813.1
6674	1896.3	2129.5	14342.4
37615	1903.4	2152.4	14474.5
48277	1907.6	2147.4	14452.9
84285	1901.3	2100.6	14070.4
51503	1884.4	2064.2	13979.7
24624	1891.8	2136.6	14229.1
95809	1893.7	2119.9	14178.2
8327	1895.0	2173.2	14505.2
85364	1893.3	2094.8	14475.6
14115	1904.3	2127.8	14531.4
26012	1908.5	2164.8	14479.6
90613	1885.9	2167.6	14369.2
50271	1913.3	2207.3	14976.9
70272	1899.6	2142.7	14430.0
84897	1898.4	2124.1	14218.7
71643	1911.4	2157.6	14710.9
22993	1904.4	2150.6	14573.6
1792	1893.2	2119.3	14366.6
18031	1913.4	2187.8	15088.3
10438	1915.2	2150.5	14435.9
38490	1892.7	2112.2	14084.8
75713	1903.8	2092.9	14339.4
97382	1887.5	2134.0	14068.3
62293	1899.4	2121.7	14641.8
784	1914.3	2180.9	14786.0
55260	1897.5	2157.3	14628.6
86865	1902.2	2169.3	14473.8
82444	1907.2	2109.0	14272.3
60103	1906.3	2148.1	14647.6
95105	1895.4	2115.6	14093.2
73338	1910.4	2150.1	14561.4
3952	1902.0	2169.0	14554.0
12002	1902.4	2127.8	14416.7
44833	1899.0	2088.2	14257.9
54059	1907.0	2177.6	14526.2
70704	1901.2	2142.3	14293.0
4277	1880.0	2071.7	13919.1
6828	1907.1	2157.1	14397.4
74462	1919.4	2162.9	14672.5
91668	1903.0	2130.8	14412.7
83883	1880.1	2038.5	13590.0
65578	1892.9	2112.5	14058.7
28104	1909.6	2182.8	14613.8
31373	1898.6	2115.9	14112.4
74988	1908.4	2141.4	14527.3
57569	1906.9	2184.1	14410.3
48988	1904.8	2111.6	14116.0
39486	1896.0	2117.5	14244.0
17141	1884.2	2075.4	14030.9
6954	1902.7	2159.4	14575.0
62297	1904.2	2096.8	14075.9
9757	1898.2	2158.7	14447.2
33743	1909.0	2211.0	14875.9
37492	1902.3	2137.4	14334.7
5164	1893.3	2103.0	14460.9
64428	1903.3	2107.8	14537.2
87476	1889.1	2084.3	13910.0
44060	1908.2	2176.3	14911.5
30895	1893.8	2124.8	14152.5
80066	1892.9	2127.3	14342.0
64023	1925.4	2227.1	15400.5
1589	1894.3	2082.8	13905.4
24857	1903.5	2218.9	14564.1
20422	1890.4	2125.2	13951.7
30104	1902.9	2125.1	14271.3
83032	1896.2	2115.2	14115.8
81131	1899.4	2140.5	14485.9
41562	1901.6	2125.8	14391.7
59396	1901.7	2107.4	14268.2
62401	1895.9	2121.2	14253.2
84647	1892.8	2126.9	14035.5
37246	1910.1	2143.8	14490.8
31691	1910.3	2118.7	14444.9
96052	1907.9	2153.3	14444.6
8463	1915.7	2186.5	14755.4
24731	1893.5	2154.5	14553.5
34074	1892.6	2076.0	14056.4
73373	1894.1	2148.3	14392.9
38959	1907.7	2166.2	14795.6
61669	1897.2	2100.1	14267.5
84957	1904.3	2129.7	14328.8
25809	1900.4	2126.6	14463.3
21369	1912.2	2165.6	14440.3
91062	1914.4	2199.8	14991.4
19956	1876.1	2109.8	13761.0
82237	1888.1	2086.9	14175.6
24653	1887.4	2102.3	13820.0
25775	1891.0	2131.2	14221.0
46944	1906.8	2159.4	14858.5
24716	1896.0	2083.4	14407.5
77414	1900.2	2168.1	14386.8
11499	1907.8	2182.0	15169.3
41738	1890.0	2103.4	14188.6
53435	1886.5	2117.2	14162.5
60437	1907.0	2163.6	14311.5
4100	1907.5	2152.4	14546.5
36883	1900.2	2133.4	14334.8
95352	1899.6	2102.4	14422.1
59979	1903.5	2117.7	14363.2
88941	1893.9	2099.1	14466.3
50627	1912.9	2173.7	14831.5
9738	1887.8	2099.1	14012.7
61614	1903.3	2165.9	14302.8
95905	1909.9	2178.8	14484.2
63240	1897.1	2112.1	14416.4
57277	1888.0	2037.4	13798.9
89008	1928.2	2226.9	15623.1
36203	1918.2	2162.7	14661.1
16200	1901.7	2145.9	14435.5
84687	1925.8	2167.9	14914.0
27104	1901.6	2121.2	14042.0
15450	1921.3	2206.6	14876.8
18121	1896.3	2150.0	14189.9
56799	1901.1	2063.7	14108.7
89698	1908.2	2169.5	14776.6
7234	1907.1	2176.3	14514.8
44614	1894.2	2108.2	14099.8
37788	1923.5	2209.4	15044.8
52960	1900.6	2130.8	14273.1
42906	1905.5	2155.7	14989.5
64111	1900.9	2105.6	14203.6
1748	1886.4	2150.0	14386.7
52742	1906.9	2192.7	14895.7
13820	1935.1	2207.4	15464.1
85541	1894.4	2107.5	14129.9
24082	1900.4	2186.3	14462.8
79305	1908.5	2138.7	14282.0
1735	1893.4	2084.2	14348.9
44593	1885.9	2089.3	13890.3
70903	1901.1	2136.4	14610.0
76279	1902.1	2103.8	14304.4
63998	1901.9	2104.8	14064.1
93809	1908.2	2137.3	14346.9
30245	1891.9	2085.4	14178.4
35139	1916.9	2174.7	14548.0
19144	1898.1	2150.6	14943.1
56544	1906.1	2168.1	14750.3
34018	1915.1	2165.5	14695.1
41513	1910.9	2159.9	14399.5
95257	1895.9	2097.6	16971.8
56445	1907.9	2141.9	14777.8
70201	1895.8	2121.4	14178.6
35407	1908.5	2138.4	14384.5
77803	1900.1	2119.5	14388.9
89343	1907.0	2120.0	14806.9
87453	1899.2	2136.3	14179.3
17555	1905.7	2119.4	14239.7
27408	1897.0	2168.0	14182.2
79510	1915.3	2140.6	14614.3
1855	1902.7	2164.4	14451.8
49879	1905.0	2095.3	14449.3
43067	1899.2	2102.1	14289.2
65506	1908.4	2172.6	14420.1
76454	1894.5	2126.1	14548.9
52957	1920.0	2146.3	14846.6
56190	1888.4	2121.7	14463.7
29320	1903.6	2159.7	14570.1
40454	1920.6	2255.4	15531.5
63382	1896.5	2171.1	14393.4
69483	1915.9	2196.3	14575.3
43670	1906.1	2108.6	14281.2
55807	1905.3	2156.6	14798.2
95174	1910.7	2168.7	14626.2
3638	1906.5	2142.6	14445.8
37040	1905.2	2140.2	14557.0
20090	1905.8	2130.0	14878.2
92439	1908.7	2129.3	14696.7
81188	1896.1	2102.0	13970.3
31582	1899.4	2127.7	14288.6
49005	1910.2	2118.8	14565.4
34868	1915.6	2199.0	15102.9
95401	1916.3	2178.8	15047.1
72596	1883.9	2070.8	13784.7
4908	1916.8	2136.6	14475.1
46770	1893.8	2114.3	14461.5
68888	1915.2	2197.0	14997.9
93703	1879.4	2077.8	13767.8
78822	1906.4	2120.2	14817.1
25666	1900.5	2126.2	14604.3
73454	1919.0	2146.9	14565.8
41474	1911.7	2196.9	14858.9
25339	1885.5	2135.7	14191.9
1095	1890.5	2105.7	14131.4
74774	1909.6	2112.4	14378.1
83844	1903.1	2144.2	14388.2
10862	1919.2	2241.9	15125.9
65298	1907.4	2144.5	14556.3
94694	1903.1	2168.5	14602.2
41846	1899.8	2198.6	14549.1
41754	1887.7	2053.6	13992.3
48030	1889.3	2126.9	13993.8
7593	1905.4	2134.4	14237.8
6745	1895.0	2137.1	14260.4
20748	1914.7	2135.7	14485.4
95144	1911.2	2166.8	14736.6
62123	1896.1	2091.5	14052.6
51649	1900.9	2123.0	14309.1
11383	1901.7	2120.4	14249.3
10645	1912.1	2170.8	14533.5
27724	1900.5	2103.4	13982.9
42627	1892.0	2114.9	14115.9
99833	1901.7	2123.1	14320.8
38585	1899.9	2177.7	14787.8
17388	1897.5	2103.7	14249.5
26654	1911.7	2111.0	14211.5
48159	1894.0	2095.7	14025.0
82341	1914.0	2121.2	14738.0
52762	1896.3	2128.3	14273.0
94036	1915.2	2251.6	15667.8
7140	1912.6	2231.9	14869.5
95533	1905.1	2160.5	14224.8
26677	1909.5	2147.3	14532.6
93813	1909.8	2170.2	14654.4
20637	1888.8	2093.7	13743.2
82978	1899.9	2128.2	14780.8
12411	1908.5	2180.4	14779.8
58033	1915.3	2108.5	14552.5
58980	1896.3	2064.8	13882.8
56442	1896.8	2077.8	13981.5
73453	1908.9	2248.2	15089.0
52393	1899.2	2122.3	14482.4
85426	1903.8	2138.0	14690.5
73561	1908.0	2181.7	14521.8
58587	1888.2	2085.0	14008.2
12212	1894.2	2123.5	14199.7
70846	1896.3	2118.4	14603.2
87029	1907.4	2148.8	14671.7
4790	1909.7	2174.4	14593.9
55047	1907.5	2139.2	14721.0
29896	1915.5	2192.4	15031.1
46165	1906.2	2135.6	14352.0
33265	1889.8	2122.2	14115.7
62978	1905.9	2105.2	14316.6
57403	1892.8	2123.6	14177.4
44146	1911.6	2160.9	14632.6
37443	1918.7	2214.7	15022.0
45444	1892.4	2101.2	14240.5
89556	1899.1	2060.8	13937.4
57063	1896.9	2138.0	14680.3
54738	1895.5	2158.2	14344.8
54382	1907.7	2181.3	14529.8
32146	1913.6	2157.9	14452.9
72855	1900.7	2154.3	14658.1
63094	1911.7	2179.2	15276.2
32587	1913.3	2168.0	14621.3
63612	1893.0	2048.9	14039.1
9718	1918.8	2141.6	14370.6
85699	1918.1	2104.5	14577.1
37158	1890.2	2117.1	14333.1
8906	1898.4	2154.7	14669.2
58541	1918.7	2199.7	15038.7
14601	1890.3	2118.8	14293.8
53720	1907.5	2155.9	14674.5
72843	1907.1	2113.4	14107.6
45590	1895.3	2141.4	14278.2
33441	1905.0	2165.0	14479.4
3016	1913.8	2173.5	14738.6
47095	1898.2	2196.5	14837.7
3561	1902.6	2193.3	14749.8
16338	1900.0	2087.1	14085.1
37191	1903.8	2165.5	14551.0
16614	1911.1	2154.0	14298.5
63585	1890.7	2165.4	14351.4
1478	1897.1	2147.9	14099.2
79976	1905.3	2140.8	14623.2
72690	1900.9	2154.0	14302.2
62962	1878.7	2055.2	13854.6
25433	1913.3	2170.9	14407.1
73822	1922.8	2173.0	14624.7
51241	1886.9	2108.2	14030.0
61233	1900.9	2151.0	14382.3
75987	1907.8	2126.3	14715.2
14778	1913.9	2190.7	15041.6
58044	1901.2	2133.2	14506.3
72617	1897.2	2122.6	14152.2
87019	1903.0	2113.9	14462.2
578	1892.4	2128.3	14145.8
90896	1884.3	2114.3	13999.6
1235	1904.8	2161.2	14680.1
86254	1894.7	2119.1	14380.1
55194	1897.1	2122.9	14226.6
74873	1905.6	2137.9	14503.2
14247	1904.9	2228.1	14964.6
90209	1898.9	2148.5	14455.2
59314	1882.9	2071.3	14065.7
41611	1900.5	2128.7	14300.2
83568	1910.8	2165.9	14666.0
69117	1910.9	2170.5	14675.5
77392	1895.3	2144.4	14332.0
42214	1902.9	2133.3	14451.6
77818	1899.6	2137.4	14285.0
79252	1918.5	2138.9	14553.2
43547	1896.4	2124.9	14161.2
90946	1888.3	2093.1	14023.2
90962	1914.8	2155.7	14840.9
23134	1896.6	2128.8	14413.1
54398	1918.6	2134.6	14976.1
33036	1897.4	2131.3	14176.9
31331	1911.4	2166.9	14553.4
91241	1894.7	2115.0	14080.4
70691	1915.5	2166.9	14701.6
49674	1910.4	2167.7	14763.9
2491	1917.7	2147.3	14655.7
34455	1913.1	2146.9	14552.2
51430	1898.6	2144.5	14439.5
42938	1913.8	2159.7	14906.3
21642	1926.4	2247.7	15368.7
25309	1905.7	2145.7	14359.5
84412	1891.0	2121.6	14004.5
86401	1896.4	2124.7	14398.5
90127	1905.9	2123.3	14193.6
20831	1897.4	2086.9	14286.1
20041	1896.6	2100.9	14113.0
65558	1894.5	2102.9	14184.5
94212	1897.4	2110.7	14254.2
81101	1882.8	2054.8	13823.4
79544	1900.2	2107.3	14229.9
86564	1895.5	2086.0	14134.4
1143	1919.9	2198.6	14825.5
40984	1892.2	2129.1	14285.4
46816	1902.7	2121.4	14420.0
4144	1911.2	2153.2	14587.9
87100	1925.0	2207.9	15016.0
22063	1899.9	2124.6	14118.6
54821	1902.9	2114.2	14249.1
62944	1906.9	2149.7	14616.5
95909	1915.3	2147.6	14588.0
69065	1909.6	2139.1	14553.1
65488	1893.8	2099.3	14049.7
78597	1906.5	2191.5	14835.5
12294	1900.0	2181.1	14978.8
4013	1896.9	2117.9	14928.9
93393	1914.4	2160.7	14897.7
30218	1909.5	2179.7	14627.8
88476	1898.2	2100.6	14282.1
45483	1905.0	2148.7	14587.3
74032	1912.4	2195.1	14611.8
74660	1891.3	2102.0	14134.8
16820	1886.7	2094.0	13871.8
78411	1896.8	2155.2	14379.8
17627	1896.9	2097.9	14068.5
70752	1907.9	2134.3	14563.9
54146	1913.1	2165.9	14610.6
15261	1910.2	2132.3	14281.5
88193	1900.7	2151.8	14722.4
96605	1894.5	2122.9	14415.3
49998	1918.1	2289.6	15459.0
15552	1910.9	2172.8	14722.1
17030	1889.2	2065.6	13976.3
14812	1907.0	2145.4	14217.9
94489	1920.2	2236.9	15072.3
80467	1909.9	2155.8	14965.1
7329	1902.5	2155.2	14199.5
82959	1899.7	2136.8	14534.3
83264	1897.2	2117.6	14480.8
26468	1902.0	2108.9	14372.0
69208	1904.4	2140.9	14487.5
96237	1914.0	2163.7	14783.5
83841	1898.3	2100.5	14059.4
46597	1906.6	2135.5	14536.6
73807	1890.7	2117.4	14557.5
19170	1892.1	2140.3	14500.4
33946	1897.0	2131.4	14298.2
24005	1921.4	2176.2	14648.1
99009	1921.4	2170.3	14705.9
31860	1892.6	2076.6	14038.6
71503	1910.1	2142.8	14695.9
29756	1897.0	2087.1	14104.8
36244	1901.6	2140.3	14621.3
47103	1900.7	2149.9	15449.0
98449	1906.0	2116.5	14216.7
42144	1913.3	2170.4	14686.0
63323	1902.1	2133.1	14420.3
53717	1900.1	2143.6	14205.3
82888	1884.9	2088.9	13895.2
54813	1901.1	2118.0	14186.3
56431	1895.0	2081.5	14078.3
44014	1905.7	2122.7	14709.2
25410	1893.3	2122.3	13991.4
35172	1904.6	2162.0	14507.9
32292	1917.5	2191.9	14843.7
81930	1909.8	2162.8	14870.6
57687	1898.3	2134.9	14428.0
27311	1910.4	2204.8	15640.0
66902	1900.3	2119.7	15236.5
61616	1902.1	2136.8	14944.0
6995	1894.7	2136.9	14133.6
78680	1899.7	2108.2	14255.7
23022	1893.5	2143.3	14126.3
13176	1890.3	2123.7	14285.1
68812	1910.7	2143.7	14549.0
88762	1900.8	2110.3	14604.3
10970	1900.3	2134.9	14398.9
5148	1898.8	2125.5	14386.3
95744	1906.3	2067.5	14205.3
20186	1909.2	2122.2	14377.6
38068	1889.7	2143.4	14524.7
93924	1919.2	2192.6	15148.9
82266	1897.6	2095.3	14196.8
51474	1891.2	2083.5	14100.9
59366	1916.2	2184.3	14491.1
98660	1898.0	2098.0	14127.8
97105	1911.4	2151.6	14446.1
12554	1896.3	2203.4	14263.6
40338	1886.6	2070.4	14088.5
15350	1899.0	2080.7	14191.3
30507	1914.3	2158.6	14760.3
36550	1904.6	2122.0	14461.0
81702	1913.0	2144.9	14442.8
87134	1908.4	2135.5	14551.3
32761	1885.2	2120.6	14072.3
50190	1900.4	2146.2	14672.5
8994	1880.2	2119.9	13768.4
55713	1915.9	2198.8	14816.4
75991	1893.1	2091.7	14190.6
22571	1901.1	2136.9	14418.0
58861	1905.5	2147.0	14436.2
76093	1900.9	2139.6	14532.8
61542	1907.3	2122.3	14365.7
81504	1907.6	2207.1	14799.7
6955	1905.4	2132.4	14297.5
94722	1891.7	2092.7	14068.6
36160	1903.5	2185.7	14786.3
72224	1888.4	2097.0	14114.2
68227	1900.5	2137.6	14496.6
94770	1918.7	2147.2	14808.6
29575	1897.5	2123.3	14247.4
1409	1907.9	2130.6	14600.4
86358	1877.9	2066.0	13828.7
44689	1892.6	2104.9	14067.5
11438	1916.6	2146.6	14704.0
30831	1915.5	2179.9	14680.6
48646	1901.2	2137.1	14420.4
36526	1904.3	2132.3	14477.0
51542	1908.4	2177.5	14482.5
45009	1905.9	2176.7	14902.9
15345	1894.6	2203.3	14523.7
68927	1889.8	2155.4	14326.5
32556	1926.3	2184.2	14917.2
938	1914.3	2171.9	14645.0
98636	1915.4	2133.0	14752.5
71429	1900.6	2116.7	14943.7
97704	1894.6	2088.5	14153.5
91787	1906.1	2128.0	14818.7
263	1891.3	2165.3	14283.3
6795	1896.8	2114.9	14417.1
21327	1908.5	2142.0	14817.9
47565	1908.5	2181.3	14836.2
32308	1893.8	2172.7	14313.7
36059	1886.2	2087.7	13898.3
6741	1894.8	2131.5	14361.8
91748	1897.1	2109.9	14204.9
24182	1901.5	2138.0	14178.9
6130	1898.0	2135.1	14460.4
72611	1886.3	2164.4	14012.4
60087	1890.6	2097.7	13976.5
56049	1898.8	2099.2	14142.2
20614	1913.8	2202.0	14780.2
72682	1907.3	2150.8	14807.5
66981	1900.8	2139.2	14369.6
91374	1900.7	2161.3	14505.6
27763	1895.2	2122.0	14613.1
83287	1909.2	2207.5	14885.5
80729	1906.7	2091.9	14300.5
96979	1903.1	2110.2	14272.4
82142	1898.6	2132.1	14316.0
3717	1913.0	2170.5	14784.4
36531	1896.2	2073.8	13993.4
855	1900.3	2141.0	14494.0
11117	1914.0	2178.1	14460.0
62583	1883.3	2109.4	13945.4
43383	1910.3	2168.8	14519.8
17217	1902.0	2114.5	14226.5
66025	1905.4	2183.4	15795.6
48934	1893.8	2136.9	14310.4
61931	1897.9	2122.5	14349.3
63582	1906.9	2107.1	14212.0
17120	1894.2	2165.8	14652.7
87323	1910.4	2117.9	14528.6
89087	1908.2	2194.2	15113.8
24568	1897.6	2123.4	14410.4
95653	1892.5	2073.9	14357.2
67065	1899.6	2166.5	14397.4
26971	1898.6	2113.4	14540.6
40894	1906.3	2116.3	14583.0
46940	1893.0	2090.3	14147.7
1344	1896.4	2095.4	13831.0
97838	1882.8	2128.0	13951.3
64464	1898.2	2147.7	14168.8
21479	1908.1	2170.2	14560.8
97440	1895.6	2064.6	14312.1
9507	1910.8	2173.3	14647.3
67685	1921.5	2133.6	14709.7
33414	1905.8	2160.8	14645.5
15448	1913.4	2091.9	14052.1
90915	1893.2	2120.2	13910.3
90827	1933.5	2158.3	15020.9
96520	1898.7	2150.6	14339.1
46331	1912.7	2226.3	15008.1
27852	1899.1	2110.8	14279.6
39002	1895.0	2159.1	14559.6
84492	1886.6	2111.7	14776.4
2444	1896.0	2125.8	14411.1
95958	1899.9	2110.6	14275.6
3428	1893.7	2132.0	14231.4
54970	1904.9	2138.3	14493.4
9957	1919.3	2192.7	14983.0
86548	1907.2	2123.1	14498.7
17349	1892.1	2104.1	14122.2
17211	1905.1	2144.8	14650.6
65395	1914.2	2124.0	14588.2
92991	1895.7	2134.7	14201.4
16695	1911.2	2136.1	14451.0
79344	1902.6	2183.1	14679.9
17039	1899.7	2158.2	14410.0
88513	1914.4	2175.3	14938.2
53831	1910.3	2165.3	14513.0
90551	1914.2	2188.1	14763.7
30627	1898.6	2162.3	14417.1
36766	1900.6	2177.1	14389.0
38640	1903.5	2150.7	14307.1
94839	1898.3	2118.7	14496.9
88397	1896.2	2065.9	14836.2
99929	1885.3	2082.7	13981.6
75649	1897.0	2076.6	14313.3
19589	1913.4	2157.6	14640.0
862	1888.8	2134.5	14284.7
12712	1890.8	2115.6	14076.4
41258	1895.4	2160.8	14431.3
28509	1888.1	2071.3	13992.8
76071	1922.2	2222.3	14799.5
17506	1916.6	2151.4	14625.8
30914	1899.8	2093.0	14270.5
76483	1907.2	2100.0	14292.4
38519	1903.9	2144.6	14468.2
85557	1894.5	2162.5	14626.6
38936	1905.2	2139.9	14342.8
85995	1881.9	2120.1	14069.3
74809	1903.6	2163.2	15174.8
42454	1895.5	2104.7	14132.1
92623	1891.8	2136.2	14342.6
27003	1900.7	2141.0	14375.1
22472	1920.1	2160.2	14698.4
67480	1901.5	2165.2	14659.6
24811	1913.1	2175.6	14797.4
72215	1891.5	2119.4	14305.9
84577	1887.1	2085.3	14267.4
81198	1925.4	2178.6	14956.9
56896	1912.6	2168.5	14654.7
49942	1893.6	2098.1	14130.4
81380	1889.9	2088.0	14149.2
13973	1901.4	2156.8	14602.4
3757	1912.5	2161.3	14803.1
56410	1891.9	2068.4	13732.8
77978	1906.4	2174.7	15040.8
32321	1897.2	2122.7	14059.7
54927	1924.8	2200.6	14807.9
35696	1904.0	2151.7	14411.5
12606	1899.8	2173.6	14439.2
84545	1907.3	2147.4	15292.8
46386	1899.8	2180.3	14400.7
885	1888.0	2135.8	14178.9
27423	1904.0	2144.7	14532.7
64020	1925.6	2154.5	14986.9
99013	1900.7	2151.7	14568.2
86901	1899.1	2108.6	14368.7
43816	1904.2	2115.7	14144.2
94804	1914.6	2156.4	14286.8
18455	1894.9	2120.4	14240.3
21433	1908.6	2146.3	14782.9
12081	1903.2	2173.2	14426.5
7607	1888.7	2179.2	14252.0
40980	1906.6	2157.7	14504.2
37815	1905.0	2120.7	14242.7
31231	1895.4	2104.2	14053.5
64828	1909.2	2125.5	14769.6
65088	1900.9	2163.2	14676.8
52799	1896.8	2113.1	14439.1
72407	1890.7	2119.5	14263.0
86618	1897.2	2106.5	14223.1
49823	1905.4	2157.9	14430.5
22775	1900.6	2180.9	14413.3
643	1919.2	2167.5	14702.3
35006	1905.5	2116.5	14243.6
35307	1892.1	2165.7	14298.1
35391	1910.4	2158.4	14603.3
51343	1908.9	2096.6	14351.4
69398	1893.5	2134.0	14251.9
21968	1898.9	2164.3	14397.3
71996	1900.7	2151.8	14145.5
15213	1912.6	2148.8	14465.6
63813	1892.7	2122.5	14349.5
81346	1907.8	2165.4	14571.8
81033	1904.1	2117.3	14450.0
56614	1908.4	2138.3	14216.1
85575	1894.8	2119.8	14509.5
22004	1899.7	2140.3	14257.2
65108	1899.7	2117.8	14317.3
16176	1898.6	2169.5	14620.9
43386	1892.7	2102.8	13978.1
47916	1881.3	2116.3	13842.5
43005	1899.1	2119.4	14169.4
29411	1888.3	2140.6	14604.7
59259	1903.6	2145.6	14793.2
19110	1896.6	2123.6	14443.7
96297	1907.6	2163.7	14796.4
33462	1899.9	2181.1	14749.4
52148	1903.2	2120.8	14415.9
38491	1901.8	2144.1	14364.3
85542	1911.5	2178.7	14831.1
76803	1907.3	2157.3	14698.2
29870	1920.2	2121.0	14350.5
73134	1892.5	2166.5	14537.9
54070	1903.1	2123.6	14597.8
48182	1893.4	2094.1	14097.5
52541	1903.4	2144.9	14671.1
92150	1904.9	2094.8	14216.6
16231	1904.1	2126.5	14378.9
14183	1888.3	2146.8	14077.9
708	1917.7	2167.2	14933.5
8321	1904.6	2164.8	14363.0
23152	1889.6	2065.6	13986.5
50723	1894.7	2133.5	14261.7
36265	1908.9	2172.7	14813.0
6827	1895.0	2147.9	14216.3
6403	1884.3	2112.6	13903.7
73164	1905.2	2132.2	14385.6
92871	1899.2	2138.8	14153.5
35760	1919.3	2153.6	14601.5
21699	1894.0	2128.5	14061.7
87472	1897.1	2105.2	14391.2
59864	1917.1	2177.5	14903.3
23781	1896.5	2135.1	14327.2
12441	1898.9	2172.5	14347.8
13810	1905.9	2127.3	14629.6
68506	1904.9	2068.5	14354.5
50136	1905.0	2128.5	14445.1
77821	1902.7	2171.5	15935.2
90941	1897.9	2125.9	14230.9
57322	1887.5	2069.7	14355.3
56299	1895.2	2103.5	13981.5
17776	1896.9	2137.1	14423.7
6495	1910.0	2161.9	14565.2
12358	1914.3	2129.0	14359.3
45709	1897.9	2158.2	14295.0
89423	1896.6	2111.1	14270.9
72542	1895.0	2152.2	14175.9
55565	1929.9	2209.9	15317.6
35408	1899.7	2166.1	14180.8
71159	1896.8	2098.7	13759.9
22043	1903.5	2119.2	14325.0
66778	1908.3	2189.6	14731.3
76771	1889.6	2095.9	14008.2
45890	1902.6	2098.5	14317.7
20978	1894.1	2190.1	14772.4
78019	1884.7	2092.3	13952.6
84999	1918.4	2176.7	15177.2
66638	1892.2	2120.2	14610.9
64742	1901.8	2130.6	14447.8
57382	1886.8	2091.7	14001.2
83044	1889.7	2093.8	14097.0
60875	1905.8	2131.7	14577.7
26498	1904.0	2157.2	14513.7
38333	1894.3	2067.1	14204.9
54219	1907.3	2130.1	14666.8
16554	1900.6	2198.4	14753.7
90582	1899.9	2110.3	14219.3
68539	1901.5	2112.6	14186.5
22077	1892.5	2120.7	14237.0
49440	1907.6	2150.5	14761.5
80706	1902.3	2131.5	14520.3
75757	1896.3	2105.7	14155.6
18157	1886.6	2070.7	14029.7
83266	1916.9	2132.1	14727.3
91190	1913.1	2177.7	14620.7
23069	1912.0	2179.8	15073.1
10761	1894.8	2184.6	14383.4
30454	1900.5	2160.7	14560.4
43982	1901.3	2150.9	14494.0
86186	1906.4	2101.9	14383.3
98999	1909.7	2134.5	14346.0
90916	1906.0	2062.5	14210.6
45271	1912.4	2167.8	14785.1
18882	1896.2	2101.1	14238.8
24797	1894.1	2116.4	14353.7
66052	1906.3	2149.2	14360.8
1714	1889.1	2133.5	14030.0
7651	1898.5	2140.1	14506.6
88575	1893.7	2073.5	14163.6
47387	1893.3	2145.2	14024.3
19281	1910.7	2180.8	14888.4
92278	1912.3	2128.7	14724.7
26951	1888.7	2110.8	14064.5
2355	1895.4	2159.7	14637.3
15872	1925.9	2211.5	15096.6
92889	1908.4	2150.2	14427.1
76151	1895.7	2140.9	14182.8
72999	1897.2	2099.7	14178.5
1234	1893.4	2120.7	14103.7
56301	1907.8	2155.4	14770.6
53978	1918.8	2202.0	14753.1
21667	1883.9	2101.8	14069.2
83107	1904.1	2143.2	14403.2
88538	1898.3	2129.7	14166.9
26575	1913.7	2127.0	14490.2
14632	1910.2	2144.6	14745.7
33078	1895.4	2095.8	14164.3
58826	1912.0	2102.2	14394.1
78884	1908.3	2137.9	14291.6
8213	1919.3	2218.6	14998.5
92891	1900.0	2150.7	14436.4
78202	1898.5	2111.1	14327.9
39227	1913.1	2130.6	14558.7
74257	1903.1	2125.2	14455.7
28396	1930.1	2239.6	15028.0
54293	1902.0	2106.0	14221.0
35110	1908.3	2183.5	14738.4
48862	1901.8	2140.0	14721.5
14232	1913.4	2129.8	14642.5
70131	1911.2	2138.7	14692.3
80510	1902.3	2133.4	14144.9
51187	1890.9	2136.9	14109.0
86881	1900.1	2093.5	14202.1
4330	1892.1	2149.2	14239.0
57380	1912.8	2143.4	14684.5
93122	1907.6	2154.8	14435.7
20622	1900.9	2154.6	14547.8
93978	1910.9	2199.0	14844.6
93197	1909.8	2128.9	14591.6
44189	1881.2	2032.5	13738.2
54384	1900.6	2119.4	14935.1
59831	1892.7	2119.7	14292.6
88401	1889.2	2067.8	13952.4
23450	1904.4	2174.7	14398.8
29288	1913.2	2176.3	14701.1
65895	1896.5	2137.8	14408.3
85977	1878.9	2035.0	13500.5
35511	1910.7	2145.8	14643.9
2930	1893.6	2121.6	14128.7
20367	1912.6	2144.8	14497.7
80127	1889.9	2110.9	13967.7
7304	1911.9	2134.2	14367.7
1840	1906.3	2150.1	14506.8
75942	1909.2	2190.8	14900.3
92690	1900.9	2150.6	14685.2
81857	1897.4	2134.7	14099.6
74565	1894.6	2161.2	14661.9
59032	1911.6	2100.0	14643.1
96997	1913.6	2172.9	14757.8
53264	1910.3	2167.3	14324.5
21176	1900.1	2117.9	14590.7
41501	1902.5	2123.4	14485.4
2057	1905.7	2163.0	14517.8
31037	1888.3	2118.9	13992.3
17057	1899.4	2143.8	14513.3
75615	1904.2	2094.7	14065.2
63434	1910.4	2156.1	14868.5
61349	1909.7	2160.1	14424.0
54508	1912.4	2154.5	14864.2
33860	1898.8	2144.7	14766.0
13676	1905.0	2171.3	14670.4
45290	1920.8	2243.2	15134.9
88975	1899.6	2139.0	14576.2
56600	1907.5	2182.0	14770.1
69476	1908.0	2146.1	14546.3
78301	1899.0	2093.8	14414.9
23709	1919.0	2198.1	15104.2
79370	1908.2	2173.0	14733.7
62489	1889.5	2100.8	14237.8
1909	1894.6	2182.3	14485.3
96171	1901.4	2141.1	14467.2
96817	1915.0	2129.9	14550.9
26043	1890.9	2135.0	14589.2
69842	1913.4	2196.8	14731.3
68168	1916.9	2163.3	14717.8
74648	1901.9	2097.7	14387.5
45770	1902.4	2079.3	14090.9
24861	1905.3	2129.6	14186.4
10499	1893.7	2116.8	14065.0
98161	1906.3	2160.9	14366.9
47583	1912.2	2182.5	14680.1
79198	1917.2	2182.9	14653.4
90627	1914.8	2106.2	14840.7
60004	1894.2	2175.1	14299.3
27425	1912.0	2165.1	14378.9
83793	1872.5	2063.2	13725.6
19725	1912.6	2215.3	15243.6
61240	1890.7	2082.6	14298.0
67087	1910.2	2130.7	14788.0
71667	1910.4	2155.0	14616.9
59342	1896.8	2071.0	14490.0
93188	1908.4	2095.3	14712.2
77596	1912.1	2165.0	14475.4
39569	1902.7	2160.2	14665.3
67692	1906.8	2165.8	14733.4
65905	1902.0	2113.2	14540.1
51566	1911.4	2176.0	14788.0
82023	1908.7	2129.4	14592.9
90280	1897.6	2069.3	14283.9
92974	1915.1	2173.0	14609.3
68161	1902.2	2102.9	14382.5
35845	1909.4	2114.1	15334.1
89899	1912.1	2166.4	15164.8
42362	1909.5	2150.5	14735.6
62650	1897.6	2089.8	14357.0
60219	1921.3	2197.6	15068.7
19474	1905.1	2170.6	14671.5
52645	1885.2	2096.6	14449.4
10677	1888.5	2126.1	14331.7
42406	1919.0	2223.7	15684.5
23871	1897.7	2207.9	14594.3
1048	1919.5	2155.5	14657.0
94699	1902.7	2108.8	14481.9
39167	1908.9	2164.2	14547.6
32537	1903.8	2194.5	14786.5
81002	1907.2	2151.6	14382.6
45701	1893.1	2117.5	14212.9
61028	1911.2	2174.6	14782.0
1201	1901.0	2199.8	14450.5
54253	1908.7	2137.7	14724.2
14764	1893.8	2110.0	14306.5
88556	1914.9	2129.2	14608.8
83651	1913.5	2148.8	14825.0
71937	1909.7	2142.7	14394.3
34642	1892.6	2091.2	14115.4
9557	1898.4	2163.0	14446.5
7707	1898.7	2142.2	14347.4
35090	1903.2	2143.5	14338.5
70175	1910.5	2155.2	14628.1
52157	1899.4	2139.3	14493.2
84656	1909.0	2140.6	14289.0
60527	1914.3	2190.2	14931.3
27424	1894.2	2135.1	14258.4
52376	1922.8	2215.9	14995.4
67176	1901.6	2100.8	14232.4
67272	1904.1	2111.6	14299.9
64665	1905.7	2150.0	14867.8
60041	1907.7	2188.3	14742.7
57381	1895.1	2140.6	14214.0
96738	1907.4	2158.5	15188.8
10268	1906.9	2161.9	14644.2
80469	1896.7	2123.2	14468.6
49878	1903.0	2146.2	14574.8
21423	1890.8	2110.8	14223.7
41711	1905.6	2144.7	14502.3
18286	1896.4	2066.5	14034.5
1164	1895.8	2088.9	14289.8
91647	1906.3	2159.2	14583.1
11039	1900.4	2141.2	14476.4
4643	1905.6	2203.9	14563.0
12383	1907.9	2205.9	14822.1
40702	1895.9	2155.9	14448.7
57882	1892.1	2157.7	14541.7
21219	1900.2	2179.1	14731.1
48777	1908.6	2152.1	14491.4
29948	1885.9	2077.8	14099.8
4388	1886.2	2111.9	13842.1
96474	1889.9	2080.5	13939.7
82062	1910.7	2137.1	14728.2
14235	1909.3	2167.0	14595.9
68212	1892.2	2107.5	13983.2
89721	1902.3	2160.5	14612.4
49251	1905.2	2134.9	14401.9
19848	1917.0	2185.4	14938.8
80387	1876.2	2059.1	13804.4
68641	1891.4	2094.2	13957.7
80446	1895.7	2141.7	14354.8
25036	1910.1	2107.5	14487.1
56843	1916.3	2167.7	15190.6
4240	1917.6	2206.6	14710.9
18134	1902.4	2172.4	14677.9
63470	1901.5	2149.6	14353.8
25457	1902.9	2152.5	14837.4
20472	1907.9	2186.0	15081.8
87380	1902.9	2123.4	14262.7
23348	1910.0	2158.1	14678.7
53954	1899.8	2149.6	14616.2
58874	1909.2	2214.5	15079.0
37948	1894.5	2134.9	14109.8
51803	1904.1	2112.9	14161.1
92780	1887.1	2070.4	13748.2
84187	1893.2	2129.3	14470.9
8595	1923.6	2186.6	15069.7
9450	1908.3	2144.5	14651.7
7437	1892.1	2130.4	13903.8
19696	1901.1	2147.9	14320.0
7581	1916.3	2144.0	14622.5
71102	1895.1	2106.5	14157.2
66935	1910.4	2174.3	14560.4
68822	1900.7	2136.1	14408.4
56552	1896.9	2141.1	14118.7
98013	1908.1	2151.0	14834.5
87382	1900.5	2122.1	14306.1
97515	1899.5	2106.4	14264.4
82342	1910.7	2140.5	14924.6
45219	1909.5	2102.2	14319.6
95034	1909.8	2122.9	14709.8
27245	1909.1	2164.0	14650.8
52291	1905.8	2111.3	14371.1
58315	1893.0	2119.2	14116.3
15256	1918.4	2188.4	14985.9
47865	1910.5	2124.6	14320.5
96064	1905.7	2135.1	14680.9
80599	1912.6	2161.6	14579.4
81743	1882.9	2100.7	14183.3
64505	1900.0	2153.3	14663.5
28331	1902.1	2114.5	14491.7
42126	1904.9	2130.1	14463.7
63086	1891.8	2116.7	14164.8
71482	1917.4	2224.2	15304.2
28144	1894.4	2076.2	14159.5
49563	1908.7	2203.6	14668.2
17667	1896.4	2115.0	14276.7
58225	1879.1	2031.7	13750.3
70016	1900.0	2110.6	13944.1
7922	1909.8	2166.7	14545.6
84141	1894.3	2165.9	14404.5
90681	1891.5	2136.1	14563.5
70686	1892.1	2097.5	13942.0
38228	1911.9	2119.6	14640.7
86585	1906.5	2171.9	14749.9
99070	1904.9	2122.7	22809.7
2149	1905.2	2105.5	14636.9
60882	1902.4	2149.8	14505.4
18709	1895.4	2119.9	14230.8
16144	1910.2	2122.1	14322.5
61389	1905.6	2161.3	14663.2
65932	1909.3	2159.4	14640.0
6148	1914.8	2219.2	14893.3
38510	1901.3	2206.2	14789.6
64572	1895.2	2168.2	14481.4
14453	1912.1	2165.1	14451.7
84262	1885.1	2077.9	13923.4
60305	1897.7	2114.6	14110.6
22296	1911.7	2168.3	14467.5
23634	1891.0	2089.1	13921.0
66647	1899.3	2112.3	14347.1
