31083	1456.3	1657.2	7775.0
15756	1477.4	1775.5	8463.0
29118	1471.5	1710.7	7981.4
4586	1478.4	1722.5	10594.5
8454	1463.1	1660.9	7986.5
14679	1464.0	1634.4	7726.5
15311	1470.7	1656.1	7996.4
41703	1483.7	1737.7	8426.0
17476	1458.9	1682.7	7911.8
37905	1466.4	1734.6	8139.3
29508	1481.6	1804.2	8477.1
9345	1469.1	1763.1	8033.7
48094	1465.4	1699.7	8062.4
2052	1456.8	1653.8	7724.4
21612	1471.3	1747.4	8112.1
20851	1472.9	1715.8	8231.6
33066	1478.4	1705.2	8156.5
19551	1472.4	1694.6	8008.0
31662	1483.1	1746.1	8254.0
34073	1469.5	1749.3	8125.8
11044	1475.7	1671.7	8086.6
31600	1458.7	1729.9	7982.3
1064	1468.6	1702.4	8110.1
30031	1473.3	1713.4	8023.9
44618	1473.2	1714.7	8181.6
31765	1468.0	1689.6	7985.4
6074	1476.8	1727.8	8102.9
17026	1472.7	1676.0	8140.9
42376	1477.8	1745.0	8221.8
20657	1467.3	1692.6	7876.6
47058	1481.2	1725.9	8238.7
44433	1475.0	1713.7	8149.0
9205	1469.0	1682.8	8304.3
34200	1475.2	1704.8	8154.0
40169	1473.7	1701.8	8503.8
39953	1472.2	1727.9	8105.9
32260	1471.6	1707.0	8050.0
5979	1466.7	1682.7	7982.8
30816	1467.0	1673.3	8114.2
9940	1478.2	1700.3	8227.9
34191	1449.0	1653.9	7763.9
39581	1479.7	1736.0	8269.6
37089	1465.5	1682.5	7913.4
43751	1482.8	1783.5	8598.3
10154	1484.0	1750.5	8471.6
2689	1474.3	1774.0	8250.0
47206	1478.1	1711.8	8207.7
665	1476.1	1708.4	8573.2
18683	1476.5	1713.5	8175.5
35719	1486.6	1769.4	8184.5
10603	1465.3	1707.3	7880.8
10669	1478.1	1770.9	8298.7
25359	1474.9	1741.7	8500.7
20176	1485.8	1723.8	8402.2
40830	1467.5	1695.8	7991.8
16501	1465.0	1726.8	8289.4
19931	1481.2	1771.5	8275.2
5515	1476.2	1724.3	8221.6
49947	1462.5	1683.3	8070.5
6788	1480.4	1706.6	8153.9
11599	1482.7	1683.6	8381.6
24163	1459.6	1699.7	7886.2
7495	1474.5	1726.4	8305.1
8936	1474.7	1720.6	8172.2
37391	1478.5	1726.9	8291.3
40181	1475.6	1749.8	8200.7
45336	1468.6	1684.7	8331.5
48400	1477.1	1748.1	8465.1
49915	1473.5	1691.5	8066.5
29218	1464.9	1659.5	7929.5
35911	1476.7	1699.0	8326.9
26064	1472.6	1702.7	8054.0
37618	1485.0	1724.0	8356.1
15093	1487.7	1779.6	8665.7
40656	1471.7	1694.1	8118.2
22106	1476.2	1754.6	8417.5
48137	1466.8	1672.4	8039.9
24832	1465.8	1670.7	8042.9
14098	1478.7	1742.2	8332.7
47334	1477.2	1757.4	8372.6
2851	1478.0	1722.9	8194.0
48352	1465.5	1684.4	7983.3
7716	1468.0	1770.7	8282.7
36241	1473.5	1729.8	8613.0
12576	1459.9	1662.0	7908.2
30288	1465.8	1706.8	7889.9
45617	1482.9	1719.4	8328.4
16851	1482.9	1716.1	8491.7
38	1473.7	1733.9	8107.8
39220	1471.3	1699.0	8098.4
44420	1476.9	1724.5	8232.4
2933	1460.1	1716.2	7938.6
32192	1470.5	1720.0	7912.1
15663	1467.0	1716.7	8100.4
22162	1468.5	1672.4	7909.1
26697	1468.5	1665.4	8207.8
2176	1478.2	1735.2	8266.9
35908	1460.5	1670.0	8031.8
14970	1483.4	1766.9	8240.2
46357	1474.6	1674.6	7890.1
1030	1472.5	1700.8	8150.5
46194	1477.1	1699.2	8122.3
12880	1468.0	1706.4	8009.7
26908	1464.0	1690.5	7972.6
17527	1474.8	1709.1	8070.0
38041	1477.9	1761.2	8519.2
18557	1484.3	1745.9	8421.7
44954	1476.2	1729.2	8187.4
23245	1488.7	1737.7	8466.3
1516	1476.3	1715.7	8223.9
37216	1484.9	1743.1	8278.5
31753	1489.7	1734.9	8354.2
49350	1471.0	1718.2	8098.2
19061	1456.8	1692.9	7805.9
26485	1474.4	1707.7	8028.3
7734	1479.3	1734.7	8246.7
47751	1476.6	1701.3	8101.0
15718	1480.7	1739.3	8422.1
35259	1482.6	1811.5	8844.4
7046	1484.0	1768.2	8529.0
26286	1472.3	1676.5	8152.1
19631	1464.4	1671.6	7924.7
21988	1461.1	1667.8	7832.7
42099	1468.6	1709.1	8106.1
3930	1476.3	1692.6	8190.4
29999	1474.4	1704.2	8149.1
21410	1482.9	1735.9	8363.2
40432	1467.6	1701.7	8057.7
12718	1462.7	1717.6	7967.4
9316	1474.0	1732.2	8120.5
26190	1472.7	1707.3	8012.3
46431	1466.4	1710.9	7972.4
36647	1471.6	1675.1	8278.4
35933	1485.4	1746.5	8414.7
2347	1464.4	1709.9	7958.1
26305	1478.6	1718.9	8124.4
34051	1472.6	1729.3	8167.6
33399	1482.6	1738.8	8365.8
19049	1478.9	1746.0	8411.0
29213	1472.7	1677.6	7958.5
49782	1465.3	1702.0	7996.3
18136	1475.5	1735.9	8118.7
14788	1473.8	1690.7	8042.1
32668	1473.4	1705.5	8303.2
4292	1473.6	1718.0	8244.9
22079	1475.5	1712.0	8176.5
11516	1485.3	1726.6	8524.8
21201	1477.5	1754.5	8341.5
31986	1466.0	1714.6	7962.9
41581	1478.1	1740.2	8390.1
32876	1473.1	1725.1	8304.7
15011	1470.1	1728.6	9078.1
26828	1497.7	1802.3	8594.8
48061	1470.7	1665.8	8117.6
10332	1470.1	1744.0	8177.0
14536	1475.3	1747.0	8739.3
40050	1474.4	1709.2	8050.8
15867	1476.2	1770.3	8203.7
13659	1471.5	1733.8	8364.8
48410	1473.7	1675.3	7976.8
3177	1481.2	1723.6	8258.0
22235	1464.5	1666.7	7847.0
16797	1468.9	1696.6	7973.4
32483	1473.8	1722.7	8187.6
40396	1477.0	1747.4	8405.5
30955	1466.6	1675.4	8151.4
26034	1465.8	1610.9	7704.9
28423	1477.0	1730.4	8173.7
39812	1466.5	1701.3	8082.8
15849	1464.5	1664.6	7936.3
17338	1468.0	1700.1	7883.2
4339	1487.7	1764.0	8417.9
49616	1464.7	1672.1	7997.4
45605	1470.2	1725.6	8117.7
25357	1474.0	1695.3	8042.4
30224	1478.4	1712.0	8217.4
38616	1473.3	1699.9	8238.5
36404	1458.7	1655.7	7827.2
11417	1473.2	1757.9	8235.9
419	1477.0	1732.7	8172.2
35871	1475.5	1707.1	7987.1
33773	1479.0	1714.9	8235.2
38221	1460.2	1708.8	8008.5
16712	1482.5	1783.4	8407.9
42174	1474.0	1773.1	8325.6
7496	1476.9	1777.0	8174.2
7703	1466.1	1684.7	7910.4
17930	1456.9	1652.1	7856.9
35024	1460.9	1679.2	7934.2
23402	1474.0	1750.6	8229.9
22776	1460.0	1656.8	7818.9
19378	1468.5	1680.7	7947.3
40167	1472.8	1653.9	7917.2
46615	1467.3	1759.8	8293.3
25493	1481.5	1726.5	8324.2
27611	1477.3	1740.0	8271.4
39659	1468.7	1677.3	7914.6
34136	1479.3	1728.9	8432.8
15793	1464.5	1729.1	7908.5
15049	1477.3	1701.6	8123.6
45741	1474.0	1713.3	8211.7
12717	1467.2	1694.2	8012.9
2803	1469.3	1781.5	8158.0
43440	1480.2	1715.2	8245.2
49791	1475.5	1749.9	8211.2
34318	1474.8	1708.1	8288.8
27923	1485.0	1725.0	8686.6
41384	1466.2	1706.7	8049.9
20531	1458.3	1628.6	7697.1
385	1465.3	1699.1	7975.2
43695	1475.9	1717.5	8109.7
3723	1482.2	1731.1	8371.3
16742	1475.4	1741.9	8229.5
24852	1467.7	1733.1	8038.3
967	1468.9	1682.3	7912.0
26151	1473.3	1707.7	8137.2
31615	1472.5	1711.7	8162.4
41996	1475.1	1744.9	8185.3
15242	1481.9	1726.6	8195.4
1957	1486.4	1773.7	8529.3
41829	1479.1	1701.4	8118.2
32929	1477.8	1736.5	8257.9
23220	1476.7	1706.9	8155.6
30888	1478.6	1697.0	8274.2
14394	1481.6	1735.4	8221.8
31689	1460.3	1731.6	7945.6
43237	1477.9	1738.1	8239.3
15125	1471.2	1696.3	8163.7
33945	1471.5	1722.7	8114.5
21926	1473.0	1682.9	7999.5
36258	1479.5	1715.9	8207.4
2435	1475.7	1704.5	8191.0
6982	1468.5	1695.6	8008.9
31414	1464.0	1694.3	7929.6
8588	1470.9	1697.8	8074.9
12114	1470.7	1719.9	8161.0
25880	1482.5	1751.8	8287.9
34565	1472.4	1677.8	8118.9
22779	1477.3	1745.5	8259.4
45220	1481.1	1766.1	8452.7
18363	1477.8	1728.4	8237.3
2208	1472.2	1756.8	8320.4
39599	1481.4	1736.9	8530.4
2490	1469.7	1714.4	8335.6
20050	1472.4	1701.3	7933.9
31507	1474.3	1730.9	8153.5
1698	1473.8	1694.0	8218.7
36003	1480.2	1698.9	8084.4
4439	1473.1	1729.4	8189.1
4411	1467.6	1672.5	7885.8
5139	1473.0	1718.2	7979.3
43820	1469.5	1682.6	7953.6
48460	1471.2	1652.5	7984.9
15426	1477.0	1718.1	8310.5
19172	1478.4	1721.2	8211.4
10991	1476.8	1686.7	8622.5
34319	1484.4	1734.0	8379.0
28873	1480.9	1699.7	8179.5
9415	1461.5	1746.6	8023.1
22385	1480.6	1701.8	8332.0
16887	1480.2	1758.5	8310.5
18421	1468.3	1712.8	7960.9
15624	1472.2	1706.1	8118.2
9966	1480.2	1810.8	8213.6
49985	1478.2	1738.2	8258.3
27912	1469.3	1677.4	7992.3
49347	1468.8	1717.2	8119.0
17262	1474.4	1696.9	8080.6
4133	1483.3	1826.3	8616.2
13879	1483.1	1766.4	8353.7
2065	1468.5	1751.3	8368.4
9916	1481.1	1755.6	8350.6
4902	1478.8	1705.1	8206.8
40667	1466.1	1712.6	7959.5
3125	1481.1	1733.8	8187.3
822	1476.2	1748.8	8129.4
35957	1484.4	1763.1	8633.3
28486	1468.0	1694.2	7978.4
39963	1465.0	1706.5	7907.4
33391	1473.7	1723.2	8119.4
9870	1472.2	1718.7	8188.8
11848	1466.0	1672.5	8000.5
29488	1476.0	1741.9	8461.6
10671	1468.3	1704.6	8198.0
31335	1472.1	1719.1	8059.2
28014	1487.1	1736.1	8138.5
47289	1471.3	1703.8	8111.7
45534	1475.6	1702.0	8254.6
17387	1481.6	1749.8	8278.6
48716	1469.6	1714.9	8147.7
7828	1493.5	1793.0	8518.7
8570	1484.5	1794.3	8297.8
23844	1476.8	1733.8	8408.7
34156	1473.3	1700.9	8108.2
26746	1464.7	1711.2	8000.3
12702	1473.8	1670.3	8042.5
11913	1493.0	1765.6	8360.9
21481	1476.7	1741.3	8213.9
20767	1482.5	1766.3	8329.1
13557	1480.1	1705.9	8143.1
42029	1466.4	1688.3	8113.9
37429	1468.2	1714.5	8109.4
6883	1462.3	1690.4	8075.6
38051	1463.4	1708.8	7941.5
21525	1476.1	1684.3	8163.5
7494	1470.6	1734.8	8049.4
231	1483.0	1766.1	8373.6
15335	1467.8	1716.4	7972.2
49314	1481.2	1713.7	8400.0
36268	1474.2	1717.9	8249.2
6409	1457.2	1685.4	7908.5
48551	1482.8	1745.4	8360.5
23494	1472.2	1691.3	8152.1
7330	1462.9	1717.8	8036.1
47170	1475.7	1713.7	8183.0
28045	1472.7	1678.8	7966.8
15175	1462.8	1673.8	7874.5
10479	1467.7	1710.3	8026.1
29168	1467.1	1700.1	8000.1
22630	1465.7	1676.2	7866.7
8262	1466.4	1709.9	8048.9
41404	1481.3	1731.4	8221.9
31118	1475.1	1711.1	8151.4
43933	1472.1	1768.1	8247.1
29201	1469.5	1722.2	8074.8
37696	1466.0	1679.0	7849.6
42703	1474.1	1733.7	8228.9
33938	1475.4	1698.9	8181.6
22985	1478.2	1742.4	8263.1
27513	1477.8	1753.9	8283.8
27383	1471.0	1691.7	8085.6
23355	1479.6	1748.3	8293.1
42908	1472.5	1746.6	8173.2
46005	1472.3	1705.6	8035.0
32678	1482.2	1769.1	8443.7
24726	1468.5	1646.4	7942.9
2959	1471.4	1761.3	8108.6
38020	1461.1	1683.7	7900.1
39033	1467.4	1698.4	7977.3
8842	1468.2	1635.7	7978.0
29164	1458.5	1691.5	8024.9
48610	1470.5	1738.1	8208.9
40130	1476.6	1712.9	8146.2
28352	1462.3	1704.2	7907.3
35519	1476.5	1708.3	8106.9
6344	1464.2	1695.2	7901.9
38708	1478.3	1669.4	8142.1
34882	1467.7	1700.3	8074.0
37158	1473.5	1722.2	8154.1
2853	1480.9	1697.8	8197.1
35300	1471.5	1730.2	8091.6
29498	1470.4	1690.0	8082.5
21284	1466.0	1716.3	8157.0
20722	1475.1	1724.4	8154.0
17115	1474.3	1742.8	8152.5
20876	1468.4	1713.4	8003.2
41927	1473.7	1747.9	8455.4
21838	1483.7	1752.8	8531.7
9558	1478.7	1752.9	8213.8
18300	1477.4	1707.6	8184.6
40327	1468.9	1709.9	8063.2
21883	1465.5	1746.6	8051.9
27388	1491.5	1779.5	8536.6
27306	1463.4	1698.1	8151.5
14368	1470.1	1703.4	8010.4
7796	1450.1	1687.7	7805.2
22724	1468.6	1698.4	8235.3
46630	1471.8	1701.3	8064.5
16141	1472.7	1699.5	8197.0
42891	1480.3	1749.5	8180.3
46927	1468.9	1698.7	8088.5
20911	1480.6	1728.0	8244.2
14210	1475.7	1715.0	8177.1
23568	1494.6	1731.0	8319.2
36059	1466.2	1702.7	7890.8
29789	1474.7	1714.8	8064.8
9516	1460.9	1645.3	7775.1
14855	1465.5	1688.9	7956.2
5161	1458.9	1637.6	7736.8
36048	1462.0	1672.6	7874.0
49482	1465.3	1688.8	8058.3
17786	1464.7	1682.9	7952.8
17454	1462.8	1682.8	8088.3
10717	1487.1	1714.0	8190.2
48501	1464.9	1687.5	7892.2
19877	1483.4	1794.6	8448.9
30610	1485.8	1744.5	8402.2
39247	1469.0	1723.5	8016.5
40563	1469.0	1723.4	8146.5
1737	1472.2	1763.7	8106.9
21761	1483.1	1785.0	8313.0
15269	1486.2	1797.7	8485.1
21203	1479.0	1735.1	8276.0
29378	1473.4	1716.6	8147.1
32354	1470.0	1654.4	8007.9
49975	1467.2	1685.7	7937.3
15543	1478.3	1701.2	8092.1
9188	1475.8	1772.2	8206.1
29189	1472.6	1794.0	8281.6
43583	1468.8	1694.9	8022.7
45327	1470.6	1683.9	8121.3
3687	1473.0	1720.9	8090.2
42414	1477.1	1712.4	8160.9
27674	1478.4	1721.2	8187.2
5812	1470.3	1754.6	8496.1
18033	1479.1	1718.7	8243.7
18130	1474.9	1690.9	7998.2
253	1475.5	1700.6	8175.3
8580	1479.4	1734.9	8269.4
41149	1465.3	1685.6	7973.3
34369	1469.0	1703.2	8193.4
5111	1456.8	1691.3	7926.7
3178	1482.9	1761.9	8303.5
41596	1470.4	1740.2	8175.0
414	1465.9	1693.8	8020.2
9821	1478.0	1742.8	8211.4
2561	1472.8	1743.5	8251.4
12802	1470.0	1732.1	8184.9
27606	1470.7	1747.7	8225.6
13495	1465.8	1666.0	7868.0
499	1481.0	1730.6	8318.9
27982	1473.2	1768.3	8313.9
12618	1482.8	1786.4	8360.9
47048	1483.8	1690.3	8334.6
5967	1479.7	1726.1	8270.2
38185	1480.4	1769.0	8313.2
19175	1461.8	1649.8	7876.2
48499	1476.6	1776.8	8282.0
43853	1476.7	1755.1	8355.8
7928	1479.2	1735.5	8241.8
13918	1473.4	1711.7	8087.2
15440	1477.3	1746.7	8271.1
20780	1462.2	1674.9	8041.5
38151	1487.2	1735.5	8358.1
8825	1473.7	1708.5	8166.1
31073	1481.0	1720.5	8276.9
25364	1461.6	1706.3	7947.7
8858	1476.4	1738.8	8347.9
49487	1466.2	1710.6	8241.7
40857	1462.1	1701.9	8082.0
49826	1479.2	1704.8	8250.8
40627	1463.6	1645.8	7924.0
16368	1469.4	1705.0	8028.9
3534	1466.8	1710.6	7961.1
47521	1483.8	1712.3	8357.6
6869	1480.5	1727.4	8352.6
21974	1471.3	1735.6	8130.7
32232	1479.5	1721.9	8122.5
49226	1459.0	1692.5	7866.8
31676	1472.7	1702.9	8121.1
27276	1466.7	1689.6	8049.2
49515	1467.0	1690.9	8011.0
44391	1473.1	1727.6	8180.4
10888	1485.7	1744.3	8430.4
48956	1469.7	1663.8	8089.3
27943	1487.7	1745.6	8316.1
37412	1472.4	1670.9	7965.3
38277	1464.4	1659.6	7905.9
49023	1477.6	1716.4	8418.6
4783	1471.9	1729.5	8155.8
26530	1465.3	1687.9	8021.2
48449	1478.4	1751.9	8402.3
9376	1478.1	1659.1	7983.7
40462	1476.5	1785.1	8388.4
8559	1474.2	1745.8	8250.4
5569	1473.4	1718.4	8059.2
15918	1480.4	1728.0	8335.6
47067	1479.7	1726.7	8203.3
32662	1466.3	1702.3	8070.2
6918	1481.6	1737.7	8253.2
25475	1453.3	1669.2	7778.1
46850	1475.2	1722.8	8241.1
32709	1464.1	1675.3	7886.8
22709	1483.7	1739.8	8129.1
18340	1465.8	1666.6	7891.2
14384	1477.5	1752.6	8394.5
17818	1477.3	1676.3	8151.9
47947	1469.9	1694.2	7995.2
13127	1487.2	1750.1	8278.2
47161	1479.2	1734.5	8328.6
11453	1470.3	1739.5	8116.5
41655	1472.1	1766.1	8261.3
23691	1486.8	1742.0	8334.0
27586	1471.6	1704.4	8201.8
29324	1481.5	1752.5	8532.2
14902	1472.8	1754.8	8237.8
39375	1475.6	1704.9	8247.9
31931	1472.3	1673.7	8033.0
40425	1479.0	1740.8	8374.7
24408	1475.0	1747.9	8273.9
13077	1476.5	1712.5	8100.9
11465	1466.9	1718.3	8156.7
27275	1477.6	1723.7	8256.5
39557	1478.5	1769.7	8437.4
43207	1467.0	1689.5	8084.6
19113	1477.4	1712.1	8113.2
2422	1473.0	1718.1	8222.2
37920	1485.0	1746.7	8294.7
25416	1465.1	1715.9	7884.1
26058	1479.0	1715.5	8202.6
49630	1477.5	1722.0	8334.8
7691	1467.2	1657.6	7822.0
40632	1470.0	1703.7	8031.8
1734	1466.1	1704.8	7991.7
2244	1474.3	1704.6	8301.1
6979	1471.4	1738.6	8190.1
37419	1476.4	1741.6	8318.9
37601	1462.8	1704.4	7998.2
15303	1487.8	1698.4	8337.8
45225	1479.0	1678.9	8035.4
42327	1455.4	1666.3	7849.7
620	1469.0	1720.9	8267.8
34307	1475.7	1724.3	8293.4
14063	1468.9	1719.7	8256.4
3914	1477.1	1680.0	8070.7
25251	1471.9	1691.8	8071.0
37101	1468.4	1701.3	7921.7
23482	1479.0	1764.5	8303.5
41599	1473.6	1688.0	8137.8
20399	1468.6	1708.0	8020.8
34325	1470.0	1678.9	8224.9
39046	1471.1	1693.8	7996.6
16239	1485.1	1761.7	8353.9
10956	1476.0	1702.9	8117.7
21177	1463.7	1691.4	7870.8
26585	1467.1	1727.4	8059.7
22254	1474.0	1702.7	8093.9
8072	1480.4	1753.9	8406.3
46094	1465.5	1670.6	7928.4
1171	1474.6	1716.2	8354.0
1745	1465.8	1699.1	8079.0
17866	1473.3	1725.9	8218.5
33452	1465.5	1631.3	7769.4
8213	1465.7	1692.5	7961.8
5330	1476.5	1709.1	8154.9
33541	1464.0	1711.6	8074.8
44064	1472.0	1695.1	7996.9
18799	1466.3	1691.2	8209.1
7923	1482.0	1764.8	8387.7
11506	1467.6	1693.6	8069.6
29815	1469.1	1670.5	7938.8
41062	1472.1	1712.0	8085.6
8326	1485.2	1775.5	8415.7
40026	1473.7	1721.4	8163.4
40666	1474.7	1712.5	8003.4
21533	1478.7	1726.5	8161.9
40524	1472.0	1722.2	7966.1
38049	1472.2	1706.3	8026.6
7665	1457.1	1697.9	7930.7
3881	1454.4	1656.8	7699.2
41899	1491.2	1747.9	8489.7
44454	1475.2	1702.1	8115.1
22510	1470.2	1728.8	8040.4
2621	1472.2	1740.3	8044.6
17365	1464.9	1747.2	8100.2
14875	1471.2	1698.1	8074.8
7298	1476.9	1709.6	8087.9
13691	1473.3	1719.9	8040.4
34119	1471.4	1708.6	7912.0
24817	1480.6	1726.2	8281.9
43269	1476.4	1680.4	8088.2
37781	1456.0	1693.7	8051.3
19945	1464.8	1678.5	7956.5
5963	1465.7	1746.3	8269.2
117	1463.6	1674.9	7951.7
18978	1471.2	1687.3	7958.5
36439	1473.9	1762.5	8293.6
6925	1483.1	1781.1	8692.2
7181	1469.5	1654.2	7907.8
20913	1468.5	1681.1	7934.4
25382	1467.1	1681.3	7989.4
43463	1466.6	1694.8	7950.5
38131	1478.4	1712.5	8184.2
20226	1485.7	1752.7	8608.3
21829	1472.8	1748.9	8121.0
43119	1456.0	1640.7	7814.9
19985	1473.2	1699.7	8010.6
23596	1478.3	1751.3	8141.5
10162	1470.4	1689.7	7993.9
31659	1475.8	1699.6	8024.2
34989	1480.2	1762.5	8452.5
28474	1478.0	1734.7	8213.2
27415	1480.0	1740.0	8401.7
27243	1471.1	1669.2	7926.1
18511	1453.4	1632.2	7546.9
35732	1470.0	1720.2	7982.8
41733	1476.7	1736.1	8251.0
41841	1471.5	1709.7	8287.1
33976	1470.2	1732.4	8139.3
10418	1472.5	1696.6	8019.7
22189	1469.5	1697.3	7975.4
6858	1470.6	1694.5	8010.2
33375	1485.9	1740.6	8374.7
29329	1460.7	1653.1	7805.0
24573	1468.7	1676.8	7894.0
39571	1471.3	1665.5	8076.5
11014	1464.6	1662.3	7858.7
27244	1467.3	1674.0	7936.8
47634	1477.8	1716.1	8495.9
32057	1468.5	1667.5	7961.1
6346	1482.1	1734.4	8327.1
36414	1476.7	1756.8	8117.2
41859	1469.8	1735.0	8084.8
35451	1474.8	1772.9	8311.4
48041	1474.6	1675.4	8017.1
44157	1472.6	1723.8	8181.2
46587	1493.6	1767.5	8508.7
29554	1470.1	1712.4	8058.7
49965	1477.8	1687.9	8301.1
40076	1470.5	1703.2	8118.1
38145	1460.0	1701.8	7947.6
37853	1472.1	1698.9	8193.7
33438	1465.5	1691.0	7937.3
21855	1482.0	1694.1	8187.7
26337	1472.1	1710.9	8131.9
31750	1485.3	1749.1	8355.9
22540	1474.1	1698.1	8070.2
8975	1464.5	1671.5	7984.5
34143	1470.1	1686.3	7930.3
12609	1472.5	1701.6	8189.2
14498	1481.8	1707.9	8320.5
14241	1479.2	1733.2	8264.9
4473	1472.9	1728.5	8201.6
36198	1467.7	1682.1	7910.6
13245	1480.9	1685.6	8071.7
24263	1482.6	1743.0	8313.9
16578	1468.2	1674.7	7952.7
37777	1476.6	1745.8	8277.0
3135	1462.3	1734.0	8073.3
35115	1467.8	1713.2	7982.1
26631	1483.3	1748.1	8422.8
33699	1470.9	1729.8	8021.5
33277	1471.3	1718.5	8062.6
49381	1468.9	1726.3	8310.4
27116	1472.7	1744.6	8142.7
26847	1478.6	1705.1	8155.2
23532	1486.0	1747.8	8147.8
40359	1475.6	1676.0	8038.7
24746	1470.4	1685.0	8053.2
11312	1470.9	1719.2	8104.9
16297	1491.1	1808.0	8625.3
29792	1476.7	1730.7	8140.9
14332	1472.3	1705.8	8069.2
49550	1476.9	1719.9	8236.0
27207	1470.4	1697.0	8131.9
6225	1477.0	1741.6	8206.9
39726	1478.7	1694.8	8135.3
45469	1475.8	1729.2	8434.3
10250	1479.0	1748.1	8212.9
37312	1474.1	1691.5	8235.3
23664	1473.4	1765.6	8225.9
10468	1467.0	1732.5	8061.6
284	1465.7	1678.7	7935.2
5746	1468.3	1735.9	8257.1
37651	1491.0	1763.0	8457.7
21653	1476.4	1743.3	8119.4
6633	1473.2	1744.2	8145.1
28095	1468.6	1694.3	8083.3
35454	1465.1	1752.1	8223.8
15143	1473.4	1726.4	8078.4
8661	1462.2	1678.9	7932.2
29220	1467.3	1708.6	8054.5
40303	1464.2	1673.1	8004.3
20734	1469.4	1725.5	8130.3
19700	1479.9	1723.8	8151.0
40853	1473.0	1733.6	8047.0
41852	1469.9	1712.8	8146.2
42200	1453.4	1666.0	7790.8
23925	1465.3	1737.4	8122.7
1367	1481.6	1731.8	8347.1
24135	1466.8	1741.0	8039.6
35583	1461.9	1636.0	7895.5
3972	1469.2	1697.8	8139.4
4706	1480.5	1731.7	8292.3
45368	1473.0	1675.5	8142.9
43024	1482.4	1716.9	8246.0
41682	1488.7	1754.3	8482.6
4342	1473.3	1684.3	8077.8
17918	1476.0	1648.1	7916.1
21690	1476.3	1717.5	8210.1
24230	1463.4	1675.4	8007.4
39408	1473.6	1704.6	8289.4
12705	1466.4	1734.9	8107.0
435	1480.3	1756.2	8203.6
3399	1470.2	1730.5	8153.4
32337	1470.1	1715.4	7955.9
23750	1477.8	1767.3	8238.4
46338	1470.7	1686.7	7988.8
44792	1457.6	1676.8	7896.5
42968	1467.9	1696.1	8247.5
12588	1485.1	1703.4	8123.1
28742	1467.9	1715.1	8095.9
49788	1488.9	1773.5	8438.7
43812	1460.3	1664.7	7820.4
32859	1484.1	1725.3	8200.3
33594	1475.0	1720.8	8262.7
41094	1476.2	1752.6	8260.9
18704	1467.7	1683.7	8034.7
3114	1478.1	1695.1	8223.2
42103	1476.9	1673.1	8062.8
3568	1469.6	1720.3	8121.0
39261	1460.2	1715.2	8026.1
15356	1469.3	1699.0	8024.2
31902	1473.3	1712.8	8039.9
7980	1478.8	1740.3	8295.6
43394	1467.8	1724.4	8020.4
44244	1480.6	1702.8	8276.0
36943	1472.0	1694.9	8056.2
38396	1469.5	1675.5	8057.8
44095	1481.5	1710.7	8247.5
42233	1474.8	1664.4	8074.3
42525	1477.6	1738.4	8188.0
45613	1480.4	1731.0	8300.6
11729	1475.8	1697.9	8163.9
38603	1464.9	1671.7	7885.8
30357	1485.5	1754.3	8318.4
41857	1461.4	1691.1	7869.0
43937	1476.7	1694.0	8066.6
39191	1467.4	1668.3	7907.4
7755	1474.1	1760.3	8109.8
3190	1474.9	1710.4	8105.9
27897	1466.4	1733.2	8195.8
9302	1479.1	1758.3	8317.3
44129	1474.8	1710.9	8054.5
3110	1476.3	1761.3	8337.6
27240	1477.9	1698.0	8220.1
46977	1477.7	1681.9	8152.3
18999	1463.6	1711.5	8051.9
3151	1466.4	1691.8	7963.0
33129	1470.2	1731.5	8260.8
17453	1486.0	1780.3	8411.6
21411	1472.4	1691.0	8111.4
31141	1467.6	1701.7	7954.5
20212	1469.6	1657.9	7900.2
14372	1478.8	1715.2	8244.3
38790	1480.3	1730.6	8260.7
14521	1467.5	1726.8	8042.7
27138	1485.1	1766.5	8388.1
960	1466.0	1712.6	7981.9
16638	1473.4	1611.2	7823.0
2978	1471.5	1668.9	7926.4
2804	1478.6	1688.0	8429.1
11770	1467.8	1712.9	8054.1
28151	1468.8	1711.6	7968.5
37104	1472.8	1716.5	8346.0
12963	1472.2	1705.1	8135.0
1612	1461.2	1699.4	7856.3
37407	1484.3	1759.7	8337.0
46126	1470.3	1712.9	8006.5
25444	1483.5	1739.4	8295.5
10756	1457.2	1716.5	7865.1
10629	1464.6	1673.9	7926.9
11721	1473.8	1687.5	8045.5
48768	1467.2	1655.9	8021.7
1286	1465.1	1697.6	8045.4
13450	1476.2	1740.9	8285.1
30666	1475.1	1741.6	8135.9
28571	1479.4	1703.6	8166.9
20733	1470.4	1721.9	8157.2
28796	1474.4	1739.7	8100.3
41791	1462.1	1694.4	7911.7
25547	1465.1	1731.8	8021.1
47098	1468.0	1649.5	7874.7
34385	1466.2	1700.3	8198.6
31847	1470.3	1705.3	8027.5
33370	1480.3	1760.5	8785.7
28795	1474.5	1723.9	8191.2
20611	1486.3	1735.1	8389.4
45485	1474.0	1776.7	8455.9
4661	1474.0	1709.0	8194.8
40115	1470.1	1680.6	8065.3
1979	1466.3	1706.5	8067.1
42038	1485.3	1753.2	8579.8
2171	1472.0	1712.8	8119.9
46662	1467.7	1715.8	8181.0
43835	1480.0	1717.9	8131.5
28192	1477.0	1735.8	8365.3
3636	1471.2	1693.1	8112.4
7277	1483.9	1768.7	8374.6
3072	1474.7	1733.0	8153.3
35811	1459.0	1682.0	7961.6
26884	1473.5	1712.1	8138.1
37698	1475.9	1707.5	8058.2
23345	1475.5	1696.8	8101.7
37413	1470.7	1697.2	8015.5
4890	1462.6	1655.2	7833.5
38794	1478.7	1761.8	8224.3
16616	1464.9	1716.8	7965.1
22107	1466.2	1675.1	8057.8
29174	1486.6	1798.6	8585.4
26815	1466.0	1690.2	8100.4
27195	1474.8	1710.3	8050.9
24231	1465.9	1701.7	8141.8
11666	1479.1	1739.7	8186.0
37263	1481.2	1727.0	8386.2
23953	1474.3	1726.3	8161.5
25389	1479.6	1718.5	8149.0
10401	1476.0	1714.7	8033.2
11221	1475.2	1675.2	8147.6
32353	1445.8	1623.3	7666.2
25426	1464.6	1666.4	7882.5
16410	1467.9	1675.0	7912.3
48434	1467.4	1706.5	8070.7
46528	1485.7	1725.4	8312.6
5938	1468.0	1726.0	8126.0
2149	1475.0	1736.4	8079.7
33935	1472.4	1719.4	8340.3
46989	1465.5	1685.2	7838.2
14780	1468.1	1698.7	8051.7
24054	1473.7	1726.8	8272.7
45626	1467.1	1691.5	7984.6
46578	1488.3	1708.8	8310.5
47867	1467.9	1757.0	8374.7
9690	1484.5	1759.4	8491.3
6174	1475.3	1720.1	8094.5
40981	1474.7	1732.2	8228.7
37159	1456.6	1688.6	7878.6
16289	1465.0	1693.9	8137.9
42976	1471.5	1715.1	8329.1
34337	1481.3	1727.0	8490.4
45325	1466.7	1659.6	7932.4
45217	1476.5	1718.3	8235.7
6880	1471.5	1747.9	8215.7
35074	1477.2	1692.4	8086.5
49736	1475.0	1695.0	8199.2
25521	1479.2	1727.3	8145.8
32430	1479.1	1746.2	8200.8
30689	1467.5	1678.8	7902.1
40780	1468.8	1661.5	7905.9
8751	1479.5	1711.6	8128.0
30104	1482.1	1747.3	8393.8
2290	1475.0	1752.3	8249.0
37069	1474.7	1726.6	8291.1
36586	1473.6	1701.3	8078.8
28184	1470.7	1708.7	8156.4
16450	1473.6	1710.9	8075.9
372	1474.1	1719.2	8011.4
9483	1469.0	1735.2	8122.8
23707	1466.6	1717.9	8245.9
37566	1486.0	1770.1	8399.7
35472	1462.7	1648.6	7905.5
23002	1472.5	1675.9	7965.1
19898	1465.5	1662.7	7894.6
19840	1480.0	1772.6	8392.2
33230	1478.8	1708.4	8240.1
25254	1480.7	1730.6	8321.6
41885	1474.5	1763.8	8372.9
36339	1474.0	1725.9	8394.4
4316	1461.1	1696.5	7835.3
10948	1468.7	1696.4	8098.0
39535	1475.5	1701.4	8191.9
34534	1480.8	1715.8	8260.2
25999	1475.1	1734.8	8084.5
12782	1457.3	1682.1	7877.8
4627	1478.7	1718.6	8280.3
41314	1464.5	1705.6	7941.1
21345	1469.4	1722.6	8219.6
17267	1472.0	1759.8	8281.6
28718	1488.6	1768.7	8404.0
26887	1470.9	1705.4	8129.9
44992	1481.4	1792.5	8428.8
37676	1471.5	1716.7	8206.4
17278	1464.4	1678.0	7928.4
34186	1472.0	1709.3	8066.3
22058	1485.2	1728.7	8401.0
42840	1465.7	1712.8	7975.4
27520	1487.8	1742.6	8430.3
14012	1468.3	1686.8	8101.0
47396	1468.4	1638.3	7892.1
26540	1483.9	1706.2	8210.0
48346	1482.2	1710.8	8310.8
47345	1475.3	1682.7	8036.3
23227	1460.4	1708.7	8025.1
21868	1470.1	1740.2	8134.1
28929	1478.8	1707.4	8249.7
29424	1478.3	1747.6	8262.4
31199	1463.2	1676.2	8202.7
14128	1468.1	1652.3	7958.9
9354	1484.0	1793.7	8433.5
264	1474.9	1731.7	8080.1
20232	1474.8	1701.6	8042.7
15412	1469.5	1743.9	8052.6
453	1480.5	1715.3	8319.0
12194	1472.7	1742.1	8161.5
5908	1472.3	1690.5	8145.2
2028	1484.4	1694.1	8282.6
44800	1478.4	1762.8	8197.7
1590	1470.2	1666.3	7980.1
39478	1476.9	1703.2	8068.7
2676	1475.4	1727.5	8064.6
41905	1481.8	1754.6	8244.5
49547	1477.2	1745.4	8421.0
44315	1483.7	1751.3	8391.0
5264	1467.3	1700.5	8053.8
979	1491.1	1790.7	8524.4
26405	1461.4	1717.0	8137.2
12570	1487.4	1710.9	8388.9
21419	1471.5	1783.2	8645.4
48548	1480.1	1738.0	8291.9
13823	1477.3	1749.5	8224.0
35211	1472.8	1698.7	8011.3
5195	1478.9	1737.0	8384.3
35147	1471.1	1684.0	8037.6
20950	1461.4	1653.7	7861.2
18880	1472.7	1666.9	7942.1
31509	1467.4	1683.7	8161.6
6376	1462.2	1687.5	7853.6
26805	1487.6	1783.4	8307.1
34899	1468.5	1801.4	8355.4
29894	1469.8	1708.0	8096.8
19490	1483.1	1767.8	8578.0
5341	1466.6	1736.4	8149.2
25425	1467.3	1750.5	8136.3
47882	1481.3	1688.5	8152.3
38398	1480.1	1733.3	8208.0
18078	1468.6	1715.7	8090.5
37705	1472.3	1739.1	8183.8
5223	1477.2	1710.7	8117.6
20279	1463.3	1656.6	7847.5
29292	1475.2	1722.4	8253.1
26089	1478.8	1753.8	8284.3
33207	1476.0	1715.3	8160.1
21110	1466.7	1706.9	8079.8
40363	1464.6	1677.5	7963.2
17917	1469.0	1710.0	7944.2
29532	1483.8	1722.2	8333.4
16020	1470.7	1727.4	8498.2
21511	1477.3	1697.4	8060.7
32219	1469.6	1717.9	8136.6
43343	1467.6	1702.4	8003.9
13741	1477.6	1733.1	8324.1
6412	1483.0	1816.1	8489.5
24350	1462.7	1676.7	7925.2
19270	1471.3	1734.3	8324.8
4361	1461.1	1712.4	8057.8
47613	1477.4	1733.7	8226.2
48209	1470.9	1707.1	8097.4
25949	1473.1	1712.9	8145.0
30010	1475.2	1692.6	8059.3
44304	1478.2	1699.7	8197.2
30080	1469.9	1714.0	8190.3
31979	1472.9	1760.6	8098.1
7573	1486.2	1756.3	8422.3
40439	1483.4	1709.6	8433.1
28419	1458.4	1682.2	7784.0
47320	1477.6	1643.4	7903.9
1469	1475.3	1746.5	8254.0
14969	1480.2	1749.6	8170.9
7941	1475.6	1725.3	8145.5
48386	1485.3	1733.9	8354.4
28018	1462.3	1707.2	8038.7
21270	1475.1	1759.3	8785.0
34620	1478.4	1716.3	8156.1
6018	1471.3	1778.8	8243.9
13076	1473.2	1639.4	7917.1
16399	1467.5	1676.3	7962.8
33975	1469.5	1691.2	8304.2
44506	1473.4	1689.4	8167.3
17038	1477.3	1708.1	8222.1
18466	1472.7	1736.1	8561.3
34334	1476.8	1729.9	8215.0
12997	1463.8	1697.9	8007.9
12768	1496.1	1762.3	8393.1
18817	1477.2	1762.2	8212.9
14176	1473.0	1725.3	8050.6
23344	1475.5	1756.9	8216.4
45498	1460.7	1675.9	7905.7
41012	1494.0	1768.9	8444.8
28175	1475.2	1711.0	7984.4
41988	1474.5	1701.4	8157.6
44059	1493.3	1801.9	8590.5
46061	1482.9	1784.3	8433.9
38329	1474.9	1690.5	8070.5
10439	1465.6	1692.9	7936.9
4248	1475.8	1779.0	8207.9
4776	1478.0	1728.5	8216.7
48630	1470.7	1696.0	8202.8
37150	1466.8	1715.7	8041.7
8688	1475.6	1743.3	8136.3
16685	1486.6	1748.4	8233.7
26246	1486.2	1793.8	8421.6
42884	1469.7	1655.5	8220.0
38982	1475.7	1711.1	8068.3
4819	1478.3	1721.2	8235.6
36637	1479.9	1704.7	8298.2
12663	1472.5	1784.1	8204.0
14549	1468.1	1722.8	8095.1
12623	1471.8	1698.3	8213.0
25854	1464.8	1650.4	7892.1
38002	1463.1	1692.3	8000.7
2453	1465.0	1703.4	8159.8
37080	1469.2	1712.7	8186.0
33133	1459.3	1678.8	7902.2
11780	1472.1	1738.1	8149.2
40893	1474.3	1692.5	8073.4
16558	1479.7	1744.5	8193.5
39058	1473.7	1702.6	8030.2
31815	1468.5	1666.7	7893.5
19554	1479.4	1762.2	8337.4
29244	1469.4	1659.7	8141.3
