88937	2411.8	2647.8	21153.3
65158	2417.2	2631.9	21225.6
66142	2435.8	2710.4	22332.8
20613	2429.9	2700.0	21804.4
90813	2398.3	2597.7	21092.2
44379	2394.4	2608.7	20727.9
85096	2409.9	2594.3	20699.2
72992	2429.7	2669.7	21447.8
91454	2423.6	2653.6	21243.9
15255	2422.4	2670.4	21480.2
90576	2431.7	2646.2	21542.0
89474	2413.7	2644.5	21248.3
93509	2410.1	2622.9	21191.9
60994	2425.4	2711.4	21678.8
73839	2423.7	2624.0	21273.9
20516	2433.1	2636.0	21270.1
63876	2420.8	2674.9	21458.3
43493	2411.1	2607.2	20997.7
68320	2421.3	2638.7	21102.0
12773	2406.1	2617.2	20867.3
15788	2422.2	2619.3	21197.9
29338	2417.6	2719.5	21448.3
75864	2402.8	2616.1	20939.7
80587	2405.0	2537.4	20550.7
77526	2402.6	2625.0	20738.3
86439	2426.0	2617.7	21369.4
23868	2421.7	2658.4	21293.6
43589	2423.2	2649.1	21495.4
2911	2417.3	2658.2	21731.4
79590	2415.9	2639.2	21151.1
39911	2411.9	2709.6	21515.1
87464	2416.0	2643.9	21464.9
49809	2430.5	2687.4	21652.2
98036	2417.3	2676.1	21765.6
44038	2410.3	2611.3	21036.4
1209	2403.9	2584.1	20703.8
31707	2413.4	2666.2	21360.2
25285	2421.5	2672.8	21516.8
45081	2418.5	2624.3	21218.6
87044	2409.7	2618.3	21234.5
78606	2438.7	2694.9	21619.1
55697	2412.2	2594.5	21119.9
92328	2440.9	2658.3	21685.5
55645	2420.2	2662.3	22118.3
36049	2417.0	2692.0	21079.2
1997	2426.6	2653.8	21668.9
20623	2422.0	2641.2	21610.3
23155	2405.9	2632.2	21163.6
95442	2421.6	2633.1	21318.1
3171	2425.3	2657.7	21771.0
81355	2440.2	2652.0	21572.4
96551	2432.4	2624.2	21536.2
54288	2424.4	2663.9	21377.1
80485	2424.0	2652.4	21172.1
94191	2421.4	2622.7	21329.0
65647	2416.5	2658.7	21212.8
34541	2416.6	2708.4	21620.0
87845	2428.8	2712.5	21305.3
38035	2400.5	2622.0	21321.0
86869	2413.6	2655.6	21427.2
92854	2417.3	2627.1	21368.7
85195	2417.5	2628.3	21117.0
75008	2409.7	2616.9	20881.2
76850	2423.4	2661.2	21363.1
72843	2433.1	2649.7	21394.1
26748	2422.7	2711.2	21899.5
18371	2422.2	2665.6	21224.6
43169	2418.5	2626.0	21318.6
10438	2401.9	2621.9	21098.0
17919	2420.5	2681.5	21527.0
14650	2442.3	2813.1	22011.4
40784	2405.2	2599.8	20775.8
76568	2401.4	2587.4	20768.3
35154	2408.8	2580.8	20704.9
473	2400.4	2635.0	21150.8
56270	2404.2	2621.2	21317.9
75207	2432.2	2693.0	22135.4
57926	2424.6	2678.8	21335.7
79155	2442.6	2704.3	21926.9
17492	2437.0	2747.8	22434.8
69721	2422.1	2697.3	21393.4
88148	2424.3	2629.6	21085.6
76723	2401.8	2651.4	20872.4
35501	2414.3	2667.0	21308.3
91832	2412.9	2622.9	21200.2
76555	2409.7	2608.0	20930.3
37874	2409.8	2651.8	21230.1
83249	2408.6	2640.0	21010.9
23997	2409.9	2662.3	20972.5
77085	2426.8	2645.0	21224.5
13292	2414.5	2679.8	21039.1
59457	2430.4	2646.2	21566.3
23195	2418.9	2662.3	21357.9
32869	2415.9	2619.7	21198.6
43272	2425.3	2674.4	21774.5
17731	2430.5	2720.9	22352.8
9407	2423.3	2643.9	21261.9
15590	2388.6	2587.4	20748.1
5526	2425.9	2725.7	21717.3
61505	2400.8	2574.5	20905.4
87829	2410.7	2591.5	21055.1
2154	2409.1	2685.8	21275.6
84127	2413.1	2652.6	21196.5
91077	2402.3	2564.9	20686.3
30595	2418.9	2679.2	21235.5
38132	2417.7	2655.5	21064.9
95033	2415.7	2653.2	21653.5
7847	2430.8	2634.1	21514.7
76777	2427.2	2627.9	21492.4
8855	2424.8	2709.1	21732.5
21364	2424.9	2626.5	21046.4
98483	2432.1	2661.0	21475.8
62862	2438.2	2679.5	21624.5
43551	2413.2	2624.7	20837.6
69214	2440.1	2681.7	21741.3
71386	2438.2	2667.9	21561.7
55253	2423.8	2646.4	21556.7
27973	2410.1	2646.2	21109.4
42313	2396.6	2581.6	20633.6
75503	2441.6	2732.1	21793.9
8480	2426.0	2683.2	21466.1
60109	2415.1	2659.3	21138.5
97781	2409.3	2640.7	21105.8
32486	2407.2	2642.0	20925.6
78911	2419.0	2658.3	21422.7
2611	2416.7	2649.8	21041.7
91559	2424.3	2635.0	21342.0
166	2427.3	2670.6	21056.7
71118	2422.6	2639.7	21555.2
14769	2416.1	2690.5	21165.9
14710	2416.1	2615.0	21247.9
48103	2427.6	2665.9	21744.1
36197	2431.6	2697.2	21479.4
4098	2419.2	2662.0	21235.2
70857	2414.7	2602.2	20987.2
36337	2426.2	2663.5	22054.5
54577	2426.7	2641.8	21435.5
21637	2440.9	2708.7	24195.7
55768	2411.6	2645.3	21009.9
91230	2407.3	2625.7	20653.8
22318	2421.4	2711.8	21432.8
14723	2414.9	2672.7	21306.2
58456	2408.6	2604.9	20598.9
92465	2416.8	2649.7	21163.1
87952	2423.0	2660.1	21199.8
51984	2409.1	2607.5	21132.2
35976	2422.5	2624.2	20934.5
64731	2423.3	2703.1	21683.3
38983	2411.6	2598.3	21029.1
41040	2418.9	2674.6	21292.1
59484	2424.1	2715.5	22297.2
71693	2420.1	2689.5	21191.2
48055	2421.4	2642.1	21404.5
62204	2415.1	2622.7	20915.4
97429	2408.1	2665.6	21298.9
54148	2428.1	2639.7	21806.5
51345	2424.8	2644.0	21315.2
4416	2427.0	2677.1	21409.3
81772	2433.3	2647.8	21424.3
85196	2432.5	2693.1	21931.0
49740	2414.4	2609.5	21272.0
68155	2409.1	2641.1	20863.5
88362	2423.5	2663.5	21874.0
77841	2432.3	2626.9	21522.6
47488	2446.3	2693.2	21844.9
2448	2415.3	2669.7	21330.6
25480	2422.0	2658.6	21375.7
88836	2409.8	2641.0	21262.9
81333	2400.5	2587.5	20637.1
98388	2422.9	2657.4	21463.5
63467	2413.6	2651.7	21115.2
90946	2417.9	2682.2	21647.2
43610	2420.3	2619.4	21070.3
59359	2413.4	2681.8	21358.6
68777	2421.6	2659.6	21684.1
21160	2413.2	2607.9	21255.4
29834	2408.7	2593.8	20778.1
3149	2413.6	2635.4	20947.9
95668	2428.3	2658.6	21611.6
75429	2419.1	2662.1	21147.3
59403	2426.2	2690.2	21640.5
6093	2424.5	2668.7	21369.3
32552	2416.2	2640.5	21104.4
67402	2402.7	2659.5	21067.5
34364	2411.1	2596.2	20983.1
34248	2416.6	2600.2	21327.4
21891	2417.8	2689.8	21311.4
19507	2423.1	2652.9	21341.1
65294	2418.0	2665.4	21220.0
63918	2415.9	2604.7	20976.0
99892	2447.8	2692.0	22095.8
55689	2410.4	2651.2	21352.9
70433	2424.4	2662.7	21390.2
81076	2401.3	2598.3	20991.7
14107	2425.6	2670.9	21509.5
18301	2418.6	2675.9	21168.1
30623	2423.1	2677.2	21158.4
19518	2415.1	2657.5	21451.3
9298	2424.8	2631.9	21455.7
84922	2410.2	2605.5	20969.4
44785	2417.5	2671.1	21496.4
79389	2432.1	2655.7	21697.4
64539	2426.9	2673.5	21322.7
58455	2423.5	2708.7	21741.9
59618	2430.8	2626.0	21337.1
52687	2423.0	2641.3	21487.5
34901	2423.9	2708.6	21419.8
46429	2408.1	2643.7	20989.2
45342	2410.1	2650.1	21340.2
72683	2415.2	2574.2	21037.1
14332	2410.3	2683.7	21355.0
63587	2412.0	2672.9	21264.0
78330	2421.4	2648.8	21193.7
4335	2383.0	2569.5	20397.9
54267	2444.0	2660.6	21558.6
34570	2420.3	2666.1	21617.0
44613	2405.0	2575.6	20727.0
83828	2434.9	2596.5	21212.8
11808	2428.0	2692.4	21687.1
91717	2441.4	2669.3	21677.3
45476	2422.0	2657.3	21464.1
17669	2409.4	2707.4	21690.1
51	2432.1	2729.8	21700.8
69482	2425.0	2642.6	21542.0
53024	2436.7	2749.0	22439.8
17305	2419.7	2712.4	21583.1
96789	2407.7	2649.2	21209.7
6581	2421.5	2653.4	21202.9
33414	2422.3	2639.7	21563.0
83616	2439.5	2730.4	21988.3
94450	2402.6	2641.8	21190.8
74320	2431.5	2601.4	21261.4
28392	2414.4	2621.7	21404.4
64575	2426.3	2655.8	21240.2
99699	2432.4	2669.5	21553.1
18580	2417.7	2660.4	21322.3
70166	2418.6	2660.3	21349.0
36594	2420.2	2673.4	21424.1
17312	2427.8	2659.2	21319.0
53923	2424.0	2666.9	21564.4
95308	2418.9	2658.2	21226.9
69945	2408.3	2600.9	20720.7
99471	2415.2	2639.0	21136.0
76200	2420.9	2628.6	21281.4
98757	2418.3	2661.3	21876.6
39278	2415.7	2666.7	21205.8
80690	2427.0	2683.3	21446.7
24003	2404.7	2689.5	21110.0
16274	2420.9	2633.7	21141.0
82057	2398.5	2570.4	20705.5
54872	2415.4	2656.8	21407.0
91061	2439.9	2708.4	21575.2
84509	2419.3	2631.1	21282.0
97875	2414.3	2636.8	21166.1
87594	2422.0	2668.1	21433.0
76417	2438.9	2702.3	21956.2
74952	2420.6	2639.8	21357.0
10019	2430.4	2684.3	21696.9
20908	2425.4	2735.5	21603.3
41402	2431.3	2705.7	21790.9
84506	2423.8	2659.1	21704.7
46185	2427.7	2698.7	21651.6
81647	2429.7	2656.4	21667.9
76791	2406.3	2582.2	20808.2
33813	2418.0	2654.4	21460.4
60640	2425.1	2696.6	21656.7
64596	2442.1	2702.6	22089.4
69633	2407.8	2636.6	21165.8
96800	2417.7	2663.7	21018.6
22248	2420.4	2686.3	21282.6
2460	2428.6	2673.8	21308.4
93781	2445.6	2689.0	21891.5
16805	2425.4	2649.9	21519.4
33154	2430.0	2650.0	21425.8
44692	2437.3	2706.4	21651.8
76661	2429.0	2673.4	21351.7
59223	2423.4	2691.7	21481.9
32840	2409.8	2624.5	21097.0
39773	2405.3	2601.5	21056.8
73209	2406.8	2615.4	21170.1
64591	2437.2	2707.2	21682.0
75240	2423.9	2622.1	21368.8
56253	2426.7	2709.8	21471.6
93482	2416.1	2643.8	21075.1
13072	2423.4	2652.4	21353.6
58623	2402.9	2622.5	20919.3
95347	2409.2	2593.0	21088.9
39098	2415.7	2631.4	21468.0
66273	2419.4	2618.9	21439.0
69587	2391.4	2581.0	20429.5
13948	2410.9	2615.0	20916.9
93557	2415.7	2616.9	21178.9
10169	2414.3	2683.3	21308.6
17408	2424.8	2698.1	21650.6
33888	2408.7	2629.0	21015.3
96447	2408.0	2695.2	21464.2
81980	2425.0	2657.7	21603.5
47541	2417.1	2656.6	21405.2
48056	2434.7	2674.1	21671.0
52112	2431.8	2695.4	22043.8
30252	2414.4	2672.6	21530.5
71606	2427.5	2652.2	21493.4
56392	2437.9	2678.9	21470.0
18106	2427.2	2644.0	21562.8
77993	2427.2	2667.9	21256.0
2039	2424.7	2658.9	21209.4
82447	2406.7	2619.2	20921.5
91307	2445.2	2684.4	21806.6
16107	2407.7	2677.1	21010.5
10096	2411.3	2668.8	21315.3
76015	2420.4	2693.8	21393.6
82618	2427.4	2667.4	21627.3
96773	2425.0	2674.0	21627.9
48963	2430.4	2731.8	22221.6
24607	2426.5	2676.8	21303.3
78071	2424.1	2627.6	21488.9
74210	2414.0	2619.2	20942.6
22084	2440.8	2713.1	21994.9
32299	2421.5	2609.7	21181.0
97936	2407.3	2590.6	21186.0
53336	2413.8	2602.7	20991.0
79920	2405.1	2644.5	20880.4
38951	2430.8	2736.4	22221.8
3262	2412.4	2628.8	20772.9
29890	2415.6	2634.8	21145.6
78477	2415.0	2670.1	21283.8
1019	2416.3	2658.4	21533.4
84184	2422.3	2592.6	21472.8
39615	2432.4	2674.4	21835.5
72952	2407.6	2614.2	20846.0
44764	2425.7	2625.8	21285.3
11433	2410.1	2599.7	21016.8
94466	2440.3	2725.1	21658.6
82158	2405.0	2598.1	20973.5
51787	2418.8	2688.8	21305.0
16638	2390.0	2628.6	20827.8
3564	2412.7	2675.7	21315.1
36108	2414.2	2654.8	21067.8
97259	2431.7	2682.6	21680.4
23356	2423.3	2651.6	21143.4
64262	2419.1	2568.2	20837.1
36873	2401.2	2590.4	20960.1
77576	2434.2	2681.4	22177.6
17004	2414.2	2626.5	21120.0
8959	2416.7	2656.8	21338.2
51332	2421.6	2662.6	21484.6
45001	2426.3	2712.2	21604.7
87269	2431.5	2654.7	21634.2
46300	2422.3	2626.3	21125.1
76181	2413.5	2672.9	21375.7
30102	2429.8	2698.6	21763.7
26179	2423.5	2690.5	21490.5
95531	2427.1	2651.9	21498.1
51928	2443.5	2704.7	21995.6
53210	2418.2	2621.1	21224.2
60229	2430.8	2689.5	21642.4
8097	2412.0	2667.5	21102.6
36845	2413.1	2612.3	20928.0
63694	2402.3	2634.5	20998.7
1405	2404.3	2666.2	21336.3
82458	2403.8	2643.7	21650.6
430	2429.1	2689.9	21642.0
33106	2391.8	2598.7	20585.6
61473	2420.4	2677.8	21638.1
9187	2406.1	2605.4	21349.8
82273	2418.9	2621.1	21319.6
25152	2412.2	2627.6	21190.2
91671	2395.3	2605.5	21140.4
8127	2414.0	2689.9	21239.0
78876	2409.2	2612.7	21040.7
53141	2417.3	2633.2	21192.7
47232	2412.2	2664.7	21153.9
61665	2422.2	2674.7	21310.3
39096	2409.2	2596.2	21106.5
48322	2417.4	2689.6	21401.7
87482	2415.2	2662.2	21088.2
72136	2428.0	2655.9	21830.7
98749	2415.0	2651.8	21278.2
87949	2414.6	2636.3	21142.0
32226	2426.5	2705.6	21407.9
92218	2417.7	2657.5	21457.3
98587	2413.6	2616.7	20992.9
21769	2439.6	2732.0	21800.4
1767	2426.7	2667.9	21400.2
7219	2421.7	2681.8	21219.9
37026	2424.7	2608.2	21283.3
57445	2421.7	2681.3	21236.8
38524	2416.8	2649.2	21246.4
19813	2409.9	2617.1	21015.8
25223	2429.1	2670.7	21352.2
24056	2432.8	2697.3	21877.7
35756	2418.1	2649.9	21324.3
34615	2422.8	2658.7	21227.1
15075	2428.3	2689.3	21484.0
27848	2417.5	2664.2	21404.5
40749	2411.4	2589.1	21007.3
9881	2414.9	2647.2	21108.1
40780	2422.1	2617.1	21108.2
2271	2427.5	2639.7	21287.5
25110	2408.2	2578.3	20867.7
67307	2419.2	2643.0	21361.1
6422	2429.7	2709.4	21812.6
58383	2404.7	2623.2	21049.8
25001	2418.0	2652.4	21144.1
31961	2418.2	2611.2	21279.8
13209	2423.8	2665.8	21415.5
45027	2429.9	2676.2	21847.4
24553	2403.0	2647.2	21110.8
24197	2418.9	2660.2	21306.3
1881	2426.6	2713.6	21571.1
85721	2401.0	2559.0	20597.7
6057	2399.5	2609.6	20916.1
92920	2416.2	2628.8	21304.0
47283	2428.6	2626.9	21206.6
57284	2441.8	2776.5	22299.2
57934	2421.4	2686.3	21582.5
74650	2432.5	2706.0	21918.4
92299	2423.1	2613.8	21312.9
65277	2419.8	2663.5	21677.1
57332	2425.7	2618.9	21241.0
7810	2425.7	2643.1	21350.0
25980	2411.7	2647.7	21162.7
24132	2412.7	2647.3	21206.2
59209	2448.0	2718.1	22134.2
557	2428.6	2700.5	21645.6
99903	2415.3	2653.2	21272.2
47038	2408.9	2598.1	20618.1
21495	2414.9	2645.3	21195.4
25807	2441.2	2699.2	21915.9
41057	2422.2	2673.2	21488.5
9749	2429.7	2723.7	21899.3
43323	2431.1	2713.8	21943.3
25756	2419.2	2681.3	21409.3
89877	2437.9	2612.5	21772.4
64017	2434.0	2688.9	21479.1
27353	2426.5	2665.1	21404.7
63673	2424.8	2671.5	21582.0
62891	2411.1	2641.1	20956.0
61742	2432.8	2639.8	21614.4
49208	2420.3	2611.2	21168.3
83226	2430.4	2679.1	21671.9
90675	2434.6	2658.5	21740.0
67163	2425.6	2732.1	22235.3
97681	2420.8	2600.5	20780.1
69074	2418.5	2624.8	21400.7
33703	2437.1	2689.8	21585.1
73327	2422.5	2666.0	21148.5
37460	2433.3	2657.2	21737.5
62686	2424.0	2662.1	21332.4
55822	2419.4	2675.2	21640.0
96546	2421.0	2615.3	21084.4
91700	2432.3	2670.5	21507.1
21899	2433.1	2668.5	21656.4
93397	2436.7	2654.4	21844.7
93088	2432.8	2659.8	21470.1
78139	2411.1	2612.3	20943.7
21283	2436.4	2716.8	21713.4
12866	2426.4	2631.5	21270.7
34959	2432.6	2701.3	21632.3
11051	2430.2	2653.8	21465.3
19115	2421.0	2692.4	21642.1
15369	2407.2	2640.1	21118.7
80638	2431.6	2720.6	21917.2
84705	2424.6	2632.4	21330.0
89939	2429.1	2686.6	21401.9
22343	2408.3	2664.2	21137.5
66364	2429.0	2682.6	21795.2
58099	2414.8	2581.8	21653.7
26947	2423.1	2639.7	21197.0
19688	2429.0	2680.3	21288.4
89763	2424.2	2654.3	21383.1
19598	2419.6	2680.7	21627.1
55933	2414.5	2661.2	21569.0
82192	2448.0	2695.7	22118.1
63314	2410.8	2657.8	21160.6
4662	2419.0	2726.3	21683.9
97122	2421.6	2636.8	21318.2
6700	2424.4	2735.0	21543.9
85592	2419.6	2631.1	21404.0
33974	2429.4	2709.9	21617.7
46722	2423.1	2587.6	21111.9
8635	2423.6	2663.9	21387.6
99141	2414.2	2653.3	21297.0
13887	2427.6	2657.7	21438.9
66778	2429.4	2651.2	21311.7
5040	2432.9	2690.1	21705.4
70505	2432.0	2656.7	21864.4
95816	2424.0	2626.9	21201.6
84821	2421.8	2616.5	21455.5
2798	2412.2	2692.1	21506.1
28380	2420.7	2686.4	21696.4
26356	2412.9	2635.4	21538.5
34686	2431.0	2669.5	21498.3
25344	2424.1	2633.8	21278.7
63610	2421.6	2710.6	21539.3
63157	2431.8	2671.0	21819.5
55510	2425.1	2642.0	21334.4
22070	2429.2	2658.7	21423.8
67589	2430.9	2655.4	21678.2
74188	2421.2	2621.9	21111.5
57346	2422.2	2669.4	21425.7
26124	2415.9	2641.8	20969.5
35213	2417.9	2721.0	21726.3
35747	2407.5	2662.1	21044.8
32371	2422.0	2651.6	21363.0
89966	2413.3	2694.6	21266.0
29472	2409.5	2645.1	21492.4
92631	2403.0	2538.5	20554.1
51897	2412.6	2663.6	21157.9
89139	2417.0	2660.9	21309.6
79555	2424.2	2718.7	21729.3
47777	2417.9	2661.6	21463.2
74582	2389.9	2578.7	20747.1
6839	2432.5	2740.0	21873.7
33488	2426.4	2689.2	21689.7
48930	2410.9	2598.5	21370.8
69050	2445.3	2716.1	21678.8
6796	2424.2	2654.8	21391.8
54056	2415.1	2602.3	21229.6
20598	2423.1	2663.5	21581.5
3910	2426.1	2616.8	21146.9
81914	2411.2	2640.2	21087.9
42258	2436.4	2711.0	21686.1
21629	2442.0	2703.6	21868.6
71583	2400.9	2644.5	21121.9
39858	2422.0	2699.6	21679.4
20150	2445.5	2759.6	22027.4
12588	2429.9	2674.7	21095.4
3763	2410.8	2660.6	21203.8
30202	2418.2	2668.2	21328.9
13689	2415.9	2632.2	21100.1
29984	2426.9	2684.2	21431.8
90025	2397.1	2624.9	21038.5
97591	2412.3	2661.0	21280.2
52416	2419.8	2638.0	21301.8
76982	2418.9	2644.3	21367.0
97551	2435.4	2639.3	21627.0
80294	2427.1	2668.8	21641.6
81784	2400.0	2654.6	20912.0
98093	2429.5	2645.9	21653.8
85106	2401.3	2616.0	21034.1
53965	2429.7	2672.6	21567.7
29785	2424.4	2652.9	21495.3
74096	2417.1	2655.3	21361.1
96513	2426.5	2676.0	21374.9
45185	2423.3	2664.7	21285.2
46301	2399.3	2639.3	20962.7
97139	2419.6	2667.6	21215.6
77891	2418.2	2677.8	21105.3
75875	2398.4	2616.8	20882.3
28551	2427.2	2724.7	21237.7
79984	2416.7	2647.3	21071.3
98087	2422.6	2659.0	21322.1
30092	2431.1	2677.4	21786.8
55891	2421.8	2666.1	21610.1
26906	2405.3	2621.9	21051.9
13923	2409.0	2610.7	21041.8
38370	2415.4	2627.2	21152.8
98512	2412.6	2664.0	21537.1
13399	2421.0	2624.8	21126.0
19554	2416.1	2630.6	21349.1
93510	2421.0	2679.0	21303.5
64848	2413.6	2633.8	21272.7
29274	2426.7	2632.0	21344.1
44789	2421.4	2659.3	21705.3
95440	2414.4	2626.6	21181.3
9557	2415.9	2614.9	21142.3
27315	2420.6	2736.1	22476.1
61030	2401.4	2622.8	20786.2
69023	2418.7	2618.4	21338.9
28761	2405.2	2619.1	20915.6
2520	2410.2	2664.1	21391.5
87197	2423.4	2621.7	21239.4
72615	2417.6	2676.5	21053.7
51343	2416.8	2659.4	21608.5
73552	2443.7	2697.4	21792.6
1279	2416.2	2655.2	21592.3
70552	2410.9	2604.9	21042.3
66974	2437.5	2662.4	21592.1
56198	2409.9	2663.6	21203.7
36479	2417.1	2624.4	21276.6
53486	2424.3	2651.4	21549.6
33925	2429.7	2692.8	21715.9
75450	2437.9	2729.5	22096.5
6283	2433.6	2651.5	21338.5
33115	2412.3	2611.4	21119.7
68629	2424.4	2670.4	21683.0
91837	2407.3	2605.6	21017.3
40618	2419.6	2678.4	21318.8
22196	2433.9	2729.1	21793.4
64896	2424.4	2617.3	20977.4
24751	2424.7	2672.3	21514.8
9976	2414.1	2642.2	20990.4
12494	2400.7	2637.9	20849.2
5589	2428.1	2660.8	21583.7
30746	2413.9	2669.6	21450.3
19180	2442.0	2733.1	21938.4
13734	2427.3	2694.7	21551.8
55976	2408.4	2655.7	21581.7
46396	2430.8	2718.9	21596.6
24263	2408.4	2675.0	21851.5
74181	2415.5	2607.2	21299.8
44003	2406.4	2635.2	20853.1
70227	2416.0	2658.1	21686.7
59956	2430.2	2698.1	21457.1
18258	2427.4	2673.3	21766.0
50708	2432.7	2743.6	21942.7
63472	2411.7	2644.7	21297.1
92295	2410.6	2638.1	20915.3
302	2415.8	2687.5	21323.8
72307	2424.2	2651.6	21373.2
5224	2423.9	2700.5	22156.3
12822	2416.6	2696.0	21569.8
99257	2435.1	2696.1	21895.6
50273	2409.0	2599.9	21001.0
37126	2444.8	2717.7	21837.8
32219	2419.5	2680.2	21309.6
84046	2431.6	2713.5	21983.4
57999	2444.6	2734.7	22717.6
74514	2432.6	2659.2	21467.0
1083	2423.1	2684.2	21691.5
80525	2403.9	2616.5	21208.9
10400	2404.3	2646.9	21059.9
29813	2420.9	2673.3	21234.7
35543	2406.0	2625.7	21107.5
86133	2441.8	2710.7	21893.5
14040	2420.8	2687.4	21707.4
98090	2422.4	2672.9	21379.9
44113	2428.6	2598.8	21516.7
66823	2440.1	2641.7	21304.8
59872	2429.9	2677.1	21665.9
54741	2416.8	2670.0	21332.6
73931	2401.6	2539.9	20791.5
63216	2413.5	2650.3	21061.6
16777	2413.3	2721.5	21541.5
98294	2422.2	2631.1	21556.1
4430	2406.8	2645.3	21085.5
99912	2418.7	2679.8	22164.0
57930	2420.2	2661.1	21197.3
21929	2403.3	2597.1	20774.8
61861	2399.0	2626.3	21277.1
84102	2422.2	2690.5	21485.2
47931	2413.8	2637.9	21492.0
97957	2412.0	2615.3	21067.4
2677	2432.0	2715.4	21495.4
1996	2417.2	2761.3	21621.0
52766	2417.9	2637.3	21267.1
16138	2404.4	2641.0	20948.9
36911	2438.0	2700.3	22122.9
84929	2419.7	2621.8	21115.8
63499	2423.7	2666.1	21734.3
49409	2453.8	2751.8	22215.9
86512	2404.8	2627.2	20995.2
88610	2427.1	2656.0	21675.7
75820	2417.4	2688.0	21523.6
13543	2429.4	2702.9	21563.9
36413	2427.0	2670.9	21332.1
89314	2410.1	2616.3	20957.0
30172	2430.7	2647.1	21459.4
92235	2411.8	2641.2	20914.9
60255	2408.6	2635.2	20948.7
55958	2426.7	2688.4	21559.4
4796	2414.9	2654.8	21102.7
24601	2438.3	2694.4	21962.4
32315	2424.5	2717.1	21446.3
75895	2424.3	2676.9	21503.3
62295	2428.8	2656.1	21413.4
90524	2409.2	2657.8	21028.9
97992	2436.2	2681.2	21930.4
25618	2422.2	2617.1	21198.5
77445	2419.7	2656.8	21542.5
10796	2416.6	2656.0	21234.6
5776	2425.7	2725.7	22253.6
15227	2407.9	2630.5	21252.5
21303	2415.0	2636.6	21506.2
18711	2411.9	2711.8	21152.2
67370	2407.1	2608.4	20947.2
9531	2419.4	2674.7	21536.0
46980	2427.3	2659.8	21708.6
64691	2414.4	2604.6	21407.3
61925	2409.0	2610.0	20958.5
79160	2428.9	2645.3	21299.4
34208	2423.3	2682.9	21267.0
73433	2434.4	2658.0	21840.8
45671	2434.4	2639.8	21843.8
99643	2441.1	2677.0	21795.3
48259	2416.8	2634.8	21351.5
72202	2415.4	2599.4	21052.0
24699	2416.8	2674.0	21375.8
43438	2438.6	2675.8	21686.0
77357	2421.3	2621.8	21321.2
67990	2413.1	2664.0	21241.9
35250	2413.7	2704.0	21403.0
32191	2414.1	2629.2	21559.5
15903	2413.1	2587.2	21145.0
47413	2410.6	2631.4	21033.9
27327	2409.6	2598.3	21041.9
70332	2422.1	2677.9	21781.6
58028	2439.8	2702.8	21797.0
49007	2438.0	2741.1	22217.1
41200	2404.0	2617.5	20829.0
97308	2420.8	2652.2	21614.8
81046	2420.2	2615.0	21212.0
35232	2420.4	2665.1	21616.7
51730	2428.0	2669.8	21640.2
77170	2425.7	2642.2	21510.9
37310	2429.4	2619.0	21533.1
24961	2414.4	2579.3	21046.0
6000	2417.4	2714.6	21482.2
85018	2396.9	2576.8	20704.0
73251	2403.8	2608.3	20885.9
45493	2413.7	2658.8	21449.7
2308	2425.2	2686.4	22229.4
61576	2423.5	2703.2	21995.5
98371	2416.6	2630.6	21030.3
91341	2410.0	2602.1	20688.7
51264	2423.9	2703.8	21943.7
99590	2401.8	2613.4	20864.0
8164	2416.9	2663.9	21163.7
73232	2416.8	2668.4	21349.2
46668	2420.9	2686.1	21726.0
51838	2411.5	2663.1	21115.4
68099	2401.0	2598.0	20910.0
58437	2423.3	2659.3	21177.1
95294	2429.4	2709.7	21620.3
42420	2420.3	2664.3	21942.3
99033	2443.6	2684.6	21778.8
98317	2406.0	2607.9	21060.3
65599	2409.7	2643.8	21354.2
48741	2433.3	2666.4	21572.0
54127	2404.4	2639.2	20976.4
85925	2422.4	2660.2	21447.5
76657	2421.4	2620.3	21264.7
74421	2433.7	2683.9	21652.5
66728	2409.2	2642.8	21137.2
26770	2425.2	2632.5	21438.6
50134	2435.6	2699.8	21707.8
89791	2392.5	2582.3	20743.0
11526	2409.1	2613.0	21298.9
6334	2423.2	2676.6	21445.8
12057	2410.0	2647.9	21130.7
60373	2416.9	2657.3	21314.4
32417	2405.8	2634.7	21161.0
88642	2410.9	2636.9	20981.8
68213	2403.5	2613.4	20956.3
24373	2409.4	2633.1	21277.1
19743	2409.5	2653.5	21582.3
67980	2420.2	2687.6	21646.8
3534	2414.2	2635.2	21469.2
76486	2432.9	2729.1	21753.8
24058	2416.2	2707.0	21221.4
74534	2427.6	2657.8	21402.6
13282	2421.0	2640.5	21189.6
73464	2398.9	2569.9	20562.5
86352	2422.1	2658.0	21386.3
54054	2426.3	2654.6	21604.6
96964	2437.9	2649.0	21670.1
25746	2434.9	2674.6	21674.2
29365	2407.2	2694.5	21401.3
90621	2422.4	2678.5	21633.6
65581	2408.4	2630.6	21154.6
89805	2411.1	2611.7	20949.9
89765	2412.4	2622.8	21073.6
26379	2413.5	2638.5	21004.9
55706	2425.2	2662.5	21222.6
63820	2441.3	2681.2	22018.0
8793	2425.9	2670.7	21263.3
37386	2413.7	2621.4	21043.2
58856	2421.9	2644.7	21326.6
55327	2419.8	2625.9	21137.3
73491	2428.7	2669.4	21215.8
45459	2412.7	2595.3	21110.9
85740	2431.6	2662.4	21779.6
24223	2402.8	2606.9	20685.8
84645	2423.5	2607.7	21029.9
28611	2416.8	2625.5	21072.7
53148	2427.0	2693.1	21434.8
89689	2403.5	2655.2	21121.6
53971	2410.2	2663.9	21290.5
91491	2431.3	2652.4	21430.1
4338	2411.6	2621.7	20899.4
81038	2424.6	2660.2	21358.9
62178	2411.4	2624.5	21080.3
8445	2413.9	2661.1	21117.6
48478	2426.2	2702.6	22248.3
56428	2424.6	2627.4	21499.4
94705	2425.0	2670.9	21719.3
23439	2410.1	2602.2	21157.4
24753	2402.0	2638.2	21301.0
54325	2413.9	2654.2	21005.9
10798	2417.6	2711.1	21709.3
94741	2401.3	2648.9	21506.8
39751	2432.7	2713.5	21508.5
75670	2427.7	2652.7	21182.2
20449	2427.7	2630.4	21405.4
20156	2421.5	2600.5	21218.3
92454	2435.9	2667.3	21563.4
36869	2419.2	2670.2	21205.9
29216	2413.4	2617.7	20994.1
77273	2414.3	2635.2	21214.1
61745	2423.7	2665.1	21417.4
20972	2410.1	2611.6	21000.6
54548	2425.3	2693.7	23279.8
55508	2404.6	2622.9	20966.5
95958	2414.2	2633.4	21172.8
54986	2423.5	2622.1	21372.4
19352	2415.7	2715.8	21383.1
18947	2430.7	2691.2	21700.4
68499	2402.0	2610.0	21011.2
87577	2414.9	2651.2	21380.3
79180	2416.9	2636.8	21301.7
49133	2429.5	2686.8	21625.1
94602	2427.4	2625.6	21260.4
18904	2412.3	2680.4	21252.3
91716	2426.9	2655.0	21593.7
15800	2423.0	2700.8	21037.4
5720	2440.0	2748.4	21935.8
24563	2415.2	2666.4	21237.7
44657	2426.7	2661.1	21572.2
40550	2454.9	2743.9	22234.8
93413	2420.8	2676.5	21635.6
72795	2410.2	2686.7	21385.8
87250	2429.5	2712.2	22049.7
17905	2428.5	2741.4	21661.0
65770	2417.9	2660.9	21473.7
41748	2423.4	2698.1	21758.5
2632	2410.2	2620.5	20860.8
87365	2420.4	2644.8	21491.1
70666	2430.4	2698.8	21987.5
84900	2429.4	2717.1	21891.3
53900	2400.8	2589.3	20603.4
26150	2423.8	2711.4	21445.1
7502	2415.0	2641.2	21034.1
35462	2429.9	2668.5	21370.1
22653	2402.8	2634.5	20724.7
42036	2434.7	2715.6	22184.5
29864	2411.9	2652.0	21112.7
18137	2409.1	2674.9	21124.8
38698	2403.8	2653.6	21364.8
59786	2404.0	2627.5	20963.5
32394	2407.9	2656.6	21209.8
57425	2432.9	2728.2	22138.7
77564	2428.6	2612.8	21390.3
8967	2427.1	2720.3	21951.8
53857	2413.5	2660.7	21237.3
74844	2419.5	2673.7	21149.9
76532	2414.7	2635.3	21085.4
91894	2416.6	2643.8	21160.6
37676	2427.4	2683.7	21679.7
11061	2437.2	2694.5	21787.3
56047	2400.9	2571.1	20767.5
26925	2413.7	2651.1	21273.7
14936	2430.9	2672.8	21640.1
91280	2429.7	2635.8	21416.6
62878	2420.1	2651.0	21321.4
84890	2406.8	2656.0	21031.9
41416	2414.1	2633.5	21082.0
88207	2415.0	2620.2	21164.3
21882	2427.4	2675.7	21901.6
83312	2423.1	2613.2	21225.4
46764	2418.3	2671.8	21550.7
60553	2402.4	2617.6	20816.5
96003	2409.7	2623.4	21009.1
64619	2411.9	2663.7	21118.4
96301	2413.5	2672.5	21647.5
65975	2415.1	2641.1	21259.6
76898	2414.2	2635.7	21104.6
74128	2431.9	2699.4	21792.6
94972	2424.9	2689.8	21466.1
16310	2432.8	2753.0	21860.2
33457	2422.4	2692.6	21447.5
93075	2423.9	2690.1	21414.5
62638	2414.3	2665.8	21352.0
5374	2439.2	2672.7	21598.0
41032	2431.7	2677.9	21682.4
75064	2427.6	2676.3	21580.5
663	2415.5	2626.1	21914.4
82787	2414.9	2636.4	21371.9
51685	2425.9	2680.5	21617.1
2856	2416.0	2614.0	20748.0
42387	2418.4	2676.5	21852.5
39725	2391.2	2612.0	20683.1
96823	2410.7	2633.5	21070.1
83048	2396.7	2588.0	20728.4
79311	2425.1	2688.2	21476.9
32948	2417.2	2632.2	21119.1
46461	2434.9	2652.7	21419.3
88685	2415.7	2619.6	21143.7
91197	2440.7	2696.3	21664.9
57419	2439.4	2667.7	21721.2
38573	2417.3	2726.9	21620.4
36684	2435.6	2691.0	21548.9
36348	2411.6	2710.1	21554.9
79479	2411.1	2628.5	21125.1
14521	2430.8	2684.7	21780.1
49407	2418.3	2650.7	21228.5
28002	2410.3	2609.9	20884.4
42468	2418.4	2688.3	21542.2
96695	2415.3	2603.0	21271.0
1715	2428.7	2645.6	21119.9
50552	2419.2	2575.0	21033.5
9686	2421.3	2647.4	21352.7
95484	2405.7	2663.3	21173.5
50315	2401.5	2617.6	21130.8
7170	2413.8	2643.1	21081.7
13754	2423.8	2641.9	21381.1
9964	2429.0	2725.5	21602.2
95194	2422.3	2695.9	21375.1
54538	2421.7	2607.5	21178.6
43954	2436.1	2687.7	21530.3
11380	2420.2	2691.3	21706.7
86088	2430.9	2673.5	21489.2
32836	2422.7	2652.6	21435.2
15476	2427.4	2652.3	21671.4
80058	2425.1	2647.8	21596.3
15044	2410.0	2589.5	20817.2
93376	2428.6	2719.9	21772.6
6949	2430.9	2674.3	21407.4
84957	2414.5	2650.9	21232.0
80268	2417.0	2698.7	21532.0
56625	2421.7	2606.0	21575.6
98716	2408.6	2596.0	20873.5
41003	2432.7	2668.4	21645.3
52862	2420.3	2689.7	21473.9
50535	2433.9	2701.8	21716.8
59066	2412.7	2677.1	21547.7
66936	2412.0	2614.4	21456.1
14919	2421.8	2686.2	21501.0
93675	2417.9	2603.5	21325.1
43736	2418.5	2641.9	21446.2
65267	2422.6	2630.1	20999.4
70448	2411.7	2620.0	21417.0
5231	2421.6	2680.4	21534.5
86652	2429.0	2660.0	21331.1
52310	2414.3	2597.7	20846.2
29489	2420.1	2697.6	21392.8
39861	2402.0	2649.3	20815.6
89112	2414.7	2629.0	21245.9
77486	2420.3	2587.8	21083.6
15888	2420.6	2698.1	21887.8
48898	2416.7	2670.0	21391.4
24937	2425.4	2651.9	21676.5
60964	2418.7	2630.0	21283.5
69326	2426.2	2692.8	21560.9
53390	2423.7	2682.2	21380.0
44546	2425.7	2680.5	22223.8
26558	2422.9	2665.5	21361.8
28658	2422.6	2710.3	21578.9
43031	2418.2	2624.5	21172.4
77483	2420.6	2635.0	21341.4
15499	2424.9	2697.7	21413.7
74226	2402.0	2564.6	20447.2
30389	2404.0	2583.9	20893.2
69991	2440.6	2676.9	22058.4
96912	2419.2	2633.0	21409.5
46437	2401.6	2607.2	20988.9
73115	2424.1	2668.5	21309.2
28036	2423.2	2625.4	21351.5
74517	2401.6	2609.0	21130.5
99918	2413.8	2592.5	21121.0
37086	2419.0	2683.0	21441.0
29218	2409.7	2633.0	21179.7
43628	2451.4	2721.7	22342.8
90333	2414.2	2630.1	21307.5
56497	2421.8	2708.6	21469.0
39378	2433.3	2686.7	21885.0
67107	2403.7	2626.5	20949.9
50577	2413.3	2648.4	21095.8
56179	2421.2	2630.9	21306.6
64632	2428.5	2646.0	21349.4
51776	2399.7	2652.1	21267.0
50884	2426.8	2649.0	21575.6
488	2404.1	2685.4	21219.3
10443	2426.1	2647.2	21197.9
26567	2409.4	2646.2	21097.9
69473	2404.2	2589.9	20586.5
43801	2414.1	2623.9	21102.9
10599	2437.5	2695.5	21679.2
91648	2424.8	2655.6	21452.5
92987	2411.9	2601.7	21093.6
73136	2415.5	2672.1	21195.4
13314	2422.8	2710.9	21377.1
63688	2419.5	2626.9	20993.2
79618	2433.0	2642.6	21393.5
86413	2430.1	2626.6	21446.5
29497	2411.0	2661.5	21214.6
30492	2417.0	2652.8	22175.1
12074	2415.2	2663.3	21009.5
30320	2423.3	2691.2	21551.4
1832	2418.6	2651.1	21014.8
57148	2422.8	2676.3	21292.7
58060	2435.0	2671.5	21494.0
18368	2417.8	2651.0	21153.0
18306	2423.2	2728.4	21414.8
51646	2404.6	2633.6	21316.6
12524	2438.7	2674.9	22094.4
69066	2439.4	2751.6	21993.9
24011	2433.1	2699.3	21404.4
70587	2423.3	2686.8	21632.5
94015	2407.3	2628.1	21288.9
