29544	1801.9	2047.4	12296.0
18955	1782.9	2014.2	11916.3
16158	1780.5	2020.6	11890.2
59269	1783.2	2056.3	12139.1
63438	1794.7	2021.3	12322.5
43792	1785.9	2029.2	12159.0
36502	1787.7	2080.2	12242.9
44021	1798.0	2033.2	12100.8
28735	1787.9	1946.3	12023.6
58332	1776.6	1972.5	11784.8
1444	1798.5	2047.0	12191.4
19179	1799.9	2115.5	12549.5
58563	1788.0	2001.3	12003.4
29042	1785.9	2006.4	12076.2
60669	1790.6	2007.8	11997.7
17450	1801.7	2068.4	12487.9
42140	1794.3	2043.8	12156.8
67718	1797.8	2073.4	12466.7
63070	1793.4	2048.4	12159.0
52943	1798.3	2042.0	12274.0
66299	1792.8	2055.1	12407.7
38475	1806.7	2105.6	12570.8
14546	1788.4	2045.3	12134.0
68760	1795.2	2019.2	12287.0
43594	1797.4	2013.8	12335.5
58592	1791.0	1969.4	11922.4
42416	1795.8	2091.0	12376.3
60074	1790.6	2043.0	12084.0
28464	1803.5	2054.1	12382.9
56760	1804.0	2078.1	12477.9
15227	1800.9	2062.7	12279.8
4857	1779.6	1999.4	11906.6
67407	1801.8	2090.4	12451.2
34413	1800.4	2078.2	12493.3
13471	1782.4	1975.7	12007.5
57856	1790.6	2001.9	11905.8
42328	1788.4	2054.2	12512.1
8739	1797.3	2054.2	12177.9
35837	1792.8	1992.9	12172.8
29739	1803.3	2066.4	13080.0
37399	1797.5	2033.2	12378.9
26344	1804.7	2106.1	12494.1
66103	1799.3	2047.4	12547.6
746	1793.2	2003.7	12207.0
53298	1794.0	2014.1	12078.8
47194	1778.8	2024.8	12353.5
26738	1793.9	2057.0	12311.3
14337	1788.2	2002.0	12213.7
22609	1791.6	2056.4	12197.8
49126	1795.3	2031.4	12227.5
7576	1779.6	1996.3	11828.5
45684	1798.5	2056.2	12575.6
50818	1796.8	2064.7	12317.9
36917	1772.7	1972.8	11883.3
12212	1798.2	1996.0	12163.3
62995	1795.2	2009.0	12186.2
18037	1793.2	2075.5	12174.5
47844	1803.8	2049.9	12373.4
64378	1795.3	1972.1	12113.8
24526	1796.3	2054.3	12198.5
64008	1783.1	1958.9	11860.7
2992	1776.6	2016.4	11886.5
62940	1795.3	2065.3	12287.1
51301	1804.3	2079.8	12579.2
39710	1799.9	2042.3	12249.4
61108	1803.5	2111.6	12983.7
37063	1780.7	1967.6	11913.9
23078	1791.9	2037.8	12144.2
53311	1792.6	2055.7	12781.1
49801	1797.9	2059.3	12291.1
61998	1794.2	2071.5	12188.7
13725	1785.2	2041.8	12579.9
51672	1789.8	2009.1	12011.4
47321	1792.4	1991.8	11928.2
36445	1783.8	2024.6	12191.3
64809	1775.8	2012.5	11926.2
63055	1792.3	1996.0	12126.6
31071	1784.5	1975.3	12093.3
26369	1778.5	1998.1	11674.0
35518	1793.5	2064.6	12313.4
15257	1789.8	2019.3	11999.9
22380	1792.3	2036.5	12147.7
67575	1782.4	1998.2	11901.5
45074	1783.3	2008.2	12228.6
9790	1786.9	2064.5	12446.6
7693	1793.2	2038.6	12577.4
43994	1789.3	2048.3	12039.7
38416	1803.0	2042.5	12147.4
15032	1797.4	2017.0	12162.8
49920	1800.9	2057.1	12435.7
30912	1785.2	1996.9	12025.7
32556	1790.5	1987.7	11904.0
12816	1787.2	2039.1	12006.2
38226	1804.2	2062.5	12350.2
6144	1796.5	2067.7	12264.4
33751	1788.6	2044.4	12238.3
12463	1782.7	2064.1	11957.3
31249	1798.6	2070.8	12531.2
48881	1795.8	2008.7	12159.9
49433	1783.3	2009.2	12070.8
60732	1810.8	2097.0	12450.6
53488	1793.9	2025.1	12200.7
3508	1785.3	2108.2	12263.7
51421	1791.5	2000.1	11948.7
39295	1789.8	2026.4	12006.0
59692	1794.7	2002.3	12087.4
61505	1787.1	2009.1	11930.1
37874	1787.0	1991.7	11856.9
66987	1791.3	2036.2	12342.5
57733	1789.9	2002.9	12148.6
32313	1786.9	1971.7	11892.5
15627	1783.0	1974.0	11865.8
34861	1783.1	2037.2	11980.7
21240	1779.2	1988.4	11986.7
30766	1815.5	2035.4	12450.3
1201	1794.9	2001.8	12222.9
52781	1779.2	2023.5	11991.5
66379	1789.2	2006.2	11925.1
50155	1797.0	2064.9	12171.5
20108	1785.8	2004.3	11956.7
21200	1804.1	2058.4	12443.0
45868	1788.9	2030.4	12167.3
44404	1794.6	2054.9	12393.0
22956	1790.8	2057.4	12467.1
2513	1794.3	2048.9	12357.3
33753	1797.8	2030.8	12253.9
29035	1801.3	2070.5	13236.5
25143	1786.5	2038.5	12193.3
40973	1798.1	2033.9	12164.5
64892	1791.0	1984.3	12106.0
44580	1784.9	1994.5	11999.7
16285	1795.1	2045.4	12602.7
57743	1808.9	2079.6	12726.0
19868	1792.8	1990.1	11994.3
55068	1792.9	2016.5	12243.2
27993	1794.8	2030.6	12403.5
57823	1793.7	1999.3	12046.9
44636	1805.5	2021.1	12402.2
6372	1806.7	2081.6	12301.3
61246	1792.0	2054.8	12269.2
12996	1786.9	2016.0	12011.6
41593	1788.3	2038.8	12137.4
37462	1797.3	2060.1	12561.2
1511	1785.8	1970.5	11840.6
40534	1804.6	2040.1	12371.4
5295	1778.0	1986.7	11711.8
66733	1790.1	2016.6	11970.2
2887	1788.1	2044.1	12499.4
65307	1785.8	1989.4	11974.0
6084	1792.0	2103.8	12176.7
68273	1785.4	2023.0	12096.6
52684	1784.1	1994.7	11929.1
37502	1790.3	2043.2	12143.7
48772	1809.0	2054.4	12489.9
45351	1775.3	1961.7	11886.2
47	1780.2	2011.8	12027.0
9290	1785.5	2053.2	12137.2
60110	1787.6	2025.7	12245.7
65741	1796.8	2030.8	12436.0
30739	1786.2	2025.8	12249.8
50806	1792.0	2025.0	12169.5
52838	1798.5	2046.3	12293.3
18437	1778.5	1990.8	11838.0
27568	1788.8	2004.6	12005.4
65381	1790.4	2033.2	12369.0
6555	1801.9	1980.6	12125.5
30703	1790.3	2022.5	11951.9
63205	1787.2	2022.7	12198.5
56716	1795.4	2021.4	12304.7
37384	1786.3	2031.5	12131.6
35804	1792.6	2026.8	12215.6
19141	1791.9	2040.5	12287.7
14874	1792.2	2036.4	12280.8
36920	1782.0	1968.4	11874.3
3000	1802.2	2063.3	12505.0
34035	1792.7	2036.8	12235.9
5746	1800.3	2133.1	12649.7
47802	1783.6	2007.0	11938.1
39042	1798.9	2104.3	12738.6
3097	1793.7	2042.6	12191.1
46073	1809.2	2029.6	12400.1
45701	1800.4	2060.9	12514.8
16884	1801.4	2070.9	12375.9
20949	1800.7	2001.0	12215.4
45631	1798.1	2068.9	12482.4
8674	1800.0	2084.7	12533.0
64937	1802.2	2010.7	12344.3
7317	1796.9	2068.8	12192.2
1420	1798.4	2075.5	12227.2
12693	1779.1	1992.4	11901.8
35530	1792.8	2035.4	12151.5
66059	1807.7	2042.5	12339.5
13419	1791.1	2061.5	12153.8
13623	1793.4	2067.2	12415.5
13325	1791.8	2056.2	12299.0
236	1791.7	2070.2	12243.5
24008	1809.7	2075.0	12399.1
63908	1793.8	2020.1	12089.9
15081	1799.2	2076.8	12502.6
6650	1795.4	2040.8	12525.5
17132	1796.4	2108.2	12470.1
55625	1796.0	1994.0	12144.2
64944	1781.6	1958.1	11835.4
24022	1794.9	2027.1	12205.2
52350	1800.1	2006.2	12239.8
11295	1802.9	2080.6	12500.9
62068	1797.8	1998.9	12600.2
52001	1800.2	2032.1	12128.2
8335	1797.2	2043.7	12209.2
35100	1791.3	2045.5	12132.3
44246	1792.6	2018.8	12059.8
49280	1791.0	1996.8	12171.9
15563	1784.1	2012.2	12045.5
698	1793.4	2031.6	12152.3
20390	1812.0	2075.5	12543.9
28000	1795.8	2016.5	12056.1
55642	1785.3	1992.3	12083.5
24307	1793.5	2029.0	12184.4
39606	1798.9	2028.6	12343.1
14757	1798.9	2044.3	12237.1
17928	1825.4	2129.9	12887.0
52032	1800.5	2010.8	12171.7
59026	1803.1	2044.1	12431.9
54405	1795.8	2047.2	12374.9
35565	1781.1	1958.3	11697.8
20495	1797.0	1989.3	12223.0
17974	1781.7	2021.0	12069.5
33455	1790.8	2019.7	11998.3
22528	1794.7	2076.2	12583.6
56491	1778.5	2000.4	11993.0
11779	1797.1	2047.0	12504.0
5331	1783.3	2034.6	12014.5
31961	1795.8	2003.6	12165.9
8363	1781.9	2051.4	12047.5
57865	1803.0	2032.9	12285.9
40615	1789.8	2036.8	12127.4
1965	1814.0	2144.1	13683.4
51596	1785.4	2004.8	12099.7
68355	1791.6	1983.7	12041.7
58932	1789.0	2051.7	12124.1
36559	1803.4	2017.4	12455.1
43852	1781.7	2004.0	11915.9
68529	1788.8	2021.0	12241.8
51623	1790.4	2075.1	12196.4
25243	1808.5	2098.4	12451.7
61327	1795.0	1978.5	12044.4
27200	1789.0	2035.2	12262.7
59682	1786.2	2023.9	12085.7
37504	1802.8	2054.5	12626.6
67161	1802.3	2083.6	12332.5
1238	1792.2	2064.5	12371.7
65485	1787.1	2034.0	12414.7
3546	1790.2	2030.4	12169.9
32799	1796.8	2044.6	12238.0
58344	1794.2	2052.0	12121.4
42565	1790.2	2048.4	12361.9
62425	1791.1	2023.0	12153.6
31907	1786.6	2044.2	12294.7
11	1796.3	2027.5	12231.2
55533	1786.9	2019.4	12167.5
54648	1784.3	2030.5	12002.6
18944	1791.5	2009.2	12037.2
60357	1780.4	2019.8	11952.8
45991	1800.6	2059.7	12286.7
45061	1785.3	2011.7	11871.9
35702	1798.9	2038.2	12275.6
20961	1798.8	2035.7	12175.4
6548	1780.6	2020.0	12030.4
11662	1791.1	2099.7	12560.8
42535	1794.3	2037.6	12386.1
6418	1791.3	2000.4	12070.3
168	1788.6	2002.7	11935.0
4138	1789.5	2018.7	12150.5
62726	1802.0	2017.2	12227.4
48622	1789.8	1994.3	12195.3
51413	1784.4	1999.7	12134.9
53105	1785.7	2015.1	11929.3
40809	1788.6	2013.0	12457.3
50276	1794.9	2016.7	12196.8
23094	1804.7	2103.6	12823.2
37463	1791.0	2062.3	12197.4
35443	1790.3	2055.0	12297.7
11059	1778.0	2023.9	12014.0
48532	1793.4	2013.8	12153.3
43568	1789.2	2050.1	12250.5
44877	1799.3	2031.1	12532.9
30552	1792.2	2014.2	12105.7
13699	1787.8	2019.4	12043.9
67295	1781.1	2028.9	12118.2
43165	1803.5	2066.8	12452.5
3316	1790.8	2051.6	12388.3
6139	1794.7	2004.7	12040.2
29720	1803.1	2106.0	12425.4
16140	1781.8	1969.7	11836.6
13738	1798.7	2067.8	12438.8
59254	1793.8	2012.4	12134.8
32143	1804.6	2045.1	12346.0
49273	1788.7	2031.1	12107.1
2398	1784.2	1969.9	11996.5
61125	1799.5	2014.7	12448.6
6768	1777.5	1993.8	11741.9
2594	1791.9	2007.1	12163.9
44720	1790.4	2063.2	12557.6
61424	1794.1	2016.2	12372.1
20200	1787.0	2090.0	12257.5
45017	1793.9	2049.0	12193.0
58915	1814.0	2087.1	12718.0
19371	1791.6	1953.1	11961.1
9206	1791.5	2018.7	12069.0
35693	1794.5	2069.8	12300.3
38962	1797.3	2068.7	12481.0
54653	1791.2	2012.0	12256.9
49846	1792.8	2026.4	12170.3
46407	1790.3	2008.9	11941.9
54061	1788.2	1994.2	12223.1
12376	1803.7	2025.9	12418.3
52291	1791.0	2009.6	12166.2
27618	1791.1	1988.1	12021.7
49900	1793.2	2027.9	12381.9
41214	1801.0	2049.6	12236.9
66334	1780.9	2085.5	12200.0
9887	1781.8	2068.1	12249.8
54115	1803.2	2058.6	12816.2
19122	1806.3	2068.1	12622.2
46016	1788.9	2014.4	12223.2
54032	1791.0	2031.4	12152.7
63657	1808.3	2098.1	12500.3
42655	1792.2	2017.7	12237.0
21983	1797.9	2073.7	12804.6
2330	1793.4	2024.6	12090.4
12680	1799.8	2057.3	12326.3
34065	1805.6	2059.9	12427.7
15040	1791.5	2002.8	12126.2
68762	1787.6	2025.9	12118.0
5213	1788.7	2058.7	12275.5
13261	1794.6	2067.4	12219.6
10738	1790.5	1973.9	12199.7
13966	1785.1	1988.2	11929.3
23923	1805.8	2080.2	12618.9
27446	1791.6	2000.5	12166.6
18126	1788.1	2002.5	12338.0
40270	1773.4	1961.6	11733.1
17714	1799.6	2042.8	12139.1
43554	1788.3	2028.4	11967.2
69832	1797.1	2033.9	12511.8
67685	1794.6	1990.6	12025.4
59326	1810.6	2089.4	12995.8
64625	1793.8	1997.1	12066.0
53945	1786.7	1999.3	12041.7
64989	1793.9	2044.2	12026.1
60296	1795.7	2036.0	12206.2
40723	1794.6	2094.1	12534.9
64696	1796.5	2082.2	12524.9
54104	1792.0	2054.8	12114.3
42745	1811.0	2122.1	12725.3
25830	1782.2	2031.5	12062.2
22170	1807.8	2105.7	12567.8
11403	1801.2	2028.4	12222.6
40387	1793.7	2048.7	12224.5
67744	1791.2	1997.2	12145.5
49651	1787.3	1979.4	12011.0
48392	1779.0	1972.2	11892.2
36787	1794.5	2027.9	12238.3
46982	1808.4	2063.6	12492.9
8143	1803.0	2063.8	12482.3
44038	1777.5	1979.4	11801.0
54029	1801.5	2003.1	12356.1
51314	1805.1	2095.9	13164.7
34586	1795.9	2032.8	12290.5
23052	1773.6	1959.5	11708.9
6236	1809.1	2056.6	12467.1
56039	1768.4	1968.6	11796.5
23962	1802.0	2091.2	12476.0
18250	1784.0	2009.0	11961.9
36456	1792.6	2027.1	12502.7
30348	1800.3	2065.9	12325.8
103	1790.0	2027.5	12027.5
48007	1794.1	2044.2	12167.4
34109	1788.7	1976.3	12005.1
37853	1782.2	1991.6	11880.3
12385	1789.0	2104.2	12306.7
53735	1790.2	2062.4	12060.1
18828	1796.0	2061.8	12288.3
60722	1785.3	2024.8	12063.4
53734	1804.1	2039.6	12534.0
12441	1788.5	2065.4	12128.7
20957	1777.8	2076.3	11880.0
58832	1790.9	2035.3	12527.2
51211	1790.3	2051.5	12227.9
27509	1780.3	2053.1	11991.5
61558	1792.8	2034.6	12158.7
61502	1816.3	2031.9	12501.6
4016	1785.1	2023.0	12450.6
7320	1786.9	2035.1	12199.8
61579	1799.6	2048.7	13236.8
19718	1789.1	2028.7	12123.9
202	1805.3	2067.2	12328.4
30545	1799.5	2031.2	12229.4
32447	1802.0	2046.0	12437.5
44326	1789.2	2018.9	12186.6
51703	1793.2	2042.7	12398.0
57057	1806.6	2082.3	12482.7
13055	1795.3	2045.2	12142.8
47177	1785.2	2033.0	12010.5
11345	1791.1	2079.1	12374.8
28157	1801.1	2033.1	12435.5
14818	1787.6	2040.0	12129.6
2731	1789.2	1978.4	12047.9
42831	1787.1	1987.9	11893.3
47497	1787.8	2009.5	12024.0
52517	1809.3	2106.2	12582.4
2119	1787.9	1998.5	12059.3
58160	1784.4	2025.1	12282.3
65445	1806.6	2025.0	12352.8
69887	1791.7	2001.7	12116.7
16011	1780.4	1992.4	11888.1
47166	1798.1	2040.5	12580.2
46537	1800.4	2071.0	12677.8
17555	1792.0	2026.5	12200.6
20150	1784.7	2030.8	12168.4
32247	1791.2	1956.3	12035.4
44579	1800.4	2086.4	12606.5
42741	1792.4	2071.1	12485.7
62805	1783.3	1956.2	11809.1
31310	1801.2	2036.6	12446.6
57084	1790.4	2035.0	12279.5
69883	1792.9	2016.3	12166.3
35112	1786.8	2035.0	12107.0
42932	1794.7	2010.6	12118.5
61651	1789.2	2029.1	12298.7
57308	1802.2	2004.0	12209.3
56074	1801.8	2095.4	12565.3
36245	1792.1	1992.5	12158.0
22862	1796.6	2054.4	12438.0
59107	1794.9	2088.0	12419.2
17934	1797.1	2013.4	12199.9
64940	1797.8	2094.8	12503.7
287	1786.7	2041.7	12078.4
15922	1782.8	2048.6	12222.5
66358	1794.7	2001.9	12071.9
19391	1788.1	2016.5	11990.5
47414	1793.5	2036.5	12350.4
53922	1802.8	2050.5	12327.1
28186	1782.0	2006.0	11789.6
12995	1789.1	2001.6	11822.0
60826	1783.0	2013.5	12033.5
20749	1800.5	2028.3	12321.9
54050	1786.9	1973.4	11884.4
7425	1805.3	2095.8	12449.9
54566	1787.4	2008.7	11935.7
2460	1795.6	2012.5	12048.1
50877	1798.1	2013.1	12119.0
53849	1796.8	2041.9	12298.2
25879	1799.7	2071.9	12156.0
13283	1790.4	2077.6	12332.0
34165	1800.4	2075.3	12460.8
42809	1788.3	2049.3	12172.2
40422	1792.3	2067.1	12416.4
51291	1806.1	2036.3	12439.4
40990	1801.6	2037.8	12753.7
63184	1790.9	2029.2	12430.9
1361	1785.2	2029.5	11984.8
50459	1800.0	2059.4	12269.7
36527	1775.3	2022.7	12224.6
62424	1797.1	1996.4	12116.6
25596	1795.5	1991.2	12055.4
12082	1788.4	2014.4	11938.7
63829	1794.7	2047.6	12450.8
45713	1788.4	1992.6	12003.5
30728	1793.1	2046.6	12077.4
18349	1786.4	2033.9	12576.1
36509	1804.9	2047.6	12416.7
11418	1789.1	2051.6	12365.2
64020	1789.3	1996.2	12049.4
57292	1776.0	1987.8	11784.1
23947	1782.8	1968.9	11927.0
46591	1784.5	1982.1	11864.9
57033	1789.3	2037.4	14131.8
59853	1796.8	2066.9	12472.1
42507	1788.5	2003.0	11930.5
29361	1785.7	2007.9	12078.4
62674	1800.6	2044.6	12271.7
47607	1800.5	2037.2	12776.1
21963	1780.4	2037.0	11883.5
14747	1793.8	2005.1	11977.1
36867	1795.6	2069.3	12193.6
45737	1804.9	2042.3	12396.0
59934	1803.0	2031.3	12417.5
3602	1796.1	2027.2	12345.0
33617	1793.5	2027.7	11944.6
64950	1795.0	2061.7	12773.1
48660	1798.8	2042.1	12430.9
51122	1795.0	2013.6	12201.8
38555	1783.5	2087.2	12112.8
28714	1807.2	2088.7	12565.5
63390	1809.5	2053.3	12349.9
64077	1784.7	1981.4	12064.8
53306	1786.3	1966.4	12413.9
56636	1790.8	2057.6	12274.4
44622	1790.7	2048.9	12358.4
57191	1795.1	2056.6	12642.7
1818	1794.3	2084.1	12540.3
9104	1809.3	2091.1	12772.8
47827	1790.8	1950.7	11952.2
50443	1777.3	1983.4	12007.9
28843	1801.2	2046.9	12213.3
60598	1804.4	2038.0	12330.4
46734	1791.1	2025.9	12033.9
44162	1783.1	2057.6	11936.2
68409	1798.9	2083.9	12434.8
25239	1789.6	2041.5	12309.4
61358	1795.6	2066.6	12242.3
10903	1800.2	2061.4	12729.6
44640	1794.6	2016.9	12087.7
35185	1806.2	2061.7	12460.4
49010	1797.7	2086.6	12339.5
36010	1790.8	1986.4	11901.1
39274	1793.6	2038.6	12284.7
4543	1776.1	2024.4	11924.9
56882	1794.3	2040.9	12159.8
12353	1784.9	2044.5	12100.9
49837	1793.1	2035.8	12233.8
4519	1793.6	2077.6	12290.4
10042	1786.1	2035.9	12236.6
53243	1803.2	2067.6	12732.9
61293	1790.9	2105.3	12571.5
28731	1799.2	2040.2	12335.7
56531	1790.3	2029.6	12093.5
59998	1791.1	2014.5	12051.9
15717	1799.8	2016.2	12251.0
25348	1774.3	1975.3	11805.4
53597	1792.4	2002.5	12221.1
52974	1784.7	2001.6	12205.9
21845	1794.9	1940.0	12343.1
7358	1796.6	2007.2	12165.3
22881	1791.0	2049.0	12061.2
49411	1796.7	2052.0	12204.2
17551	1788.0	2011.5	12116.9
36370	1783.8	2056.8	12104.7
28971	1793.1	2033.3	12447.0
67814	1794.0	2015.7	12091.0
3403	1769.9	1977.2	11762.6
47368	1813.1	2090.9	12762.1
19231	1799.4	2070.7	12446.0
59678	1807.0	2058.0	12739.0
48659	1789.1	1995.5	12090.3
21020	1790.5	2041.2	12233.1
4839	1790.8	2094.8	12483.6
3968	1798.6	2027.3	12086.3
36099	1796.7	2038.5	12321.9
46509	1796.6	2023.4	12186.6
14062	1791.4	2042.7	12398.4
52326	1806.0	2070.0	12868.1
2456	1791.2	2070.1	12161.8
65893	1794.3	2043.8	12311.6
12663	1773.0	2011.4	11920.4
53469	1772.4	1998.2	11840.8
23546	1797.2	2056.1	12219.8
10361	1787.8	2028.9	11989.7
26458	1797.8	2073.9	12308.0
26614	1782.4	1984.9	11775.1
4091	1790.5	2037.8	12381.0
777	1781.1	1983.1	11914.3
36567	1790.1	2041.4	12161.7
32702	1796.2	2027.2	12215.6
67842	1781.2	1983.5	11996.4
65735	1805.6	2010.4	12311.3
68020	1792.2	2062.0	12296.7
21111	1799.3	2065.3	12455.8
31971	1776.6	1980.3	11867.6
46856	1797.7	2029.4	12093.0
19883	1796.9	2100.4	12513.5
39119	1788.3	2020.1	12394.2
60922	1787.1	2016.2	12044.2
65328	1787.0	1995.6	12010.0
20480	1783.3	2005.3	12006.4
48993	1788.8	2023.9	12102.9
13175	1794.5	2037.9	12078.2
43042	1787.1	2014.6	12122.0
4895	1779.9	2036.2	12715.1
13621	1782.6	1991.0	11793.1
23115	1788.9	2100.0	12282.4
22448	1788.4	2014.9	12404.2
69521	1794.1	2036.1	12242.5
58616	1793.9	2037.0	12029.6
42885	1779.0	2044.2	12084.0
27298	1788.3	2034.5	12064.4
32700	1796.3	2064.8	12205.6
27888	1783.8	2034.4	12027.7
5861	1802.1	2065.0	12350.4
9585	1796.4	2123.7	12796.9
64046	1795.6	2059.3	12129.3
5683	1790.5	2027.0	12718.6
68283	1780.9	2020.4	12042.7
65279	1807.4	2033.8	13024.4
53613	1791.9	2040.8	12157.6
12412	1783.1	1992.4	11977.0
61680	1807.7	2067.7	12542.0
56734	1789.1	2029.1	12149.7
52522	1782.4	2007.8	11978.9
59789	1793.4	2038.9	12124.1
28765	1779.4	1991.9	11880.0
65794	1797.6	2034.8	12316.2
47640	1780.9	1991.6	11886.7
29745	1814.6	2148.0	12799.1
3431	1783.5	2042.8	12015.7
40954	1800.5	2053.3	12407.7
69296	1809.9	2074.4	12899.8
51435	1803.7	2019.2	12124.9
46467	1799.1	2033.7	12477.3
7090	1792.3	2082.7	12393.7
18116	1786.9	2025.2	12206.4
12368	1794.3	2049.4	12295.2
53497	1791.3	2008.9	12173.2
11104	1793.2	2031.8	12181.3
409	1780.7	1989.9	12121.4
19078	1796.0	2059.9	12432.2
47538	1790.8	2022.3	12191.7
38572	1795.4	2120.3	12480.5
4296	1784.6	2032.0	12205.8
45913	1807.2	2082.3	12428.0
5130	1775.1	1980.5	11794.8
37631	1786.1	2024.3	11814.1
65278	1797.6	1995.9	12078.0
61032	1797.5	2010.7	12259.8
30691	1812.3	2075.8	12615.9
12517	1799.1	2081.5	12373.0
488	1778.1	2009.8	11970.1
44263	1809.4	2071.4	12655.8
60809	1806.2	2075.4	12530.8
53499	1810.7	2102.6	12717.6
22046	1790.0	2040.6	12002.6
26036	1781.8	1980.9	11819.2
19577	1788.9	1982.9	12140.7
25181	1788.4	2036.5	12223.2
26193	1802.9	2022.8	12439.5
3416	1806.3	2060.7	12515.5
35466	1782.9	1972.6	11736.0
35387	1799.9	2061.5	12210.3
4809	1798.8	2054.4	12420.5
60195	1796.8	1992.3	12178.8
16874	1802.7	2114.0	12353.8
36600	1794.1	2020.5	12236.3
16478	1780.7	1993.4	11924.1
64881	1785.7	2009.9	12123.8
62048	1806.7	2067.9	12593.0
41574	1780.8	1938.1	11851.0
17198	1808.6	2063.2	12547.9
24474	1799.2	2087.8	12682.9
64573	1802.5	2035.5	12261.6
19140	1794.6	2028.0	12191.9
16668	1791.0	2030.5	12306.3
54723	1796.5	2061.0	12478.8
42209	1792.9	2062.5	12501.3
46818	1776.5	2008.3	11989.3
66289	1799.9	2054.6	12309.5
29330	1798.6	2091.3	12518.3
16402	1795.4	2001.0	12079.1
20563	1791.7	2026.8	12133.7
195	1789.2	2009.5	11970.2
23256	1789.9	1985.9	12325.7
50785	1797.0	2017.7	12215.7
19094	1795.6	2023.5	12067.4
8320	1789.6	2003.0	12225.8
63486	1814.2	2128.4	12710.2
39735	1793.2	2074.3	12236.0
13353	1778.1	2003.5	12265.9
43458	1791.8	2036.3	12262.5
69578	1794.7	2057.5	12322.6
43120	1786.0	2022.4	12009.8
57942	1775.6	1995.6	11692.4
1202	1811.4	2107.6	12531.0
15045	1794.0	1998.1	11984.7
23378	1802.8	2055.0	12390.5
60232	1774.5	2030.3	11839.2
56209	1801.9	2040.0	12423.2
53321	1780.5	2010.6	11950.7
58333	1784.4	1986.7	12089.9
68851	1779.9	1941.2	11646.9
49966	1777.0	1987.5	12002.8
19266	1797.2	2042.4	12141.1
34924	1786.3	1996.7	11891.3
59502	1794.1	1972.5	11881.2
46400	1795.5	2035.4	12419.1
66588	1795.5	1998.8	12007.4
50934	1790.0	2058.7	12419.7
15503	1800.7	2060.8	12339.6
17875	1785.9	2020.3	12022.1
56514	1789.1	1993.0	12009.2
11827	1800.5	2039.6	12165.8
2821	1779.7	2013.5	12058.3
59954	1794.7	2084.3	12527.9
61519	1814.8	2124.7	12756.8
36114	1798.2	2092.9	12591.3
11972	1803.9	2075.2	12328.4
48082	1796.3	2031.1	12280.3
50199	1787.7	2025.5	12078.4
7852	1790.0	2097.4	12688.3
39353	1794.7	2001.4	12053.6
48681	1783.5	2022.6	11984.8
730	1793.9	2050.3	12372.6
3931	1784.3	2028.7	11874.9
8733	1794.7	2035.4	12053.1
44560	1776.5	1998.5	11958.4
60825	1797.3	2012.3	12402.3
28339	1805.5	1990.2	12363.1
13397	1804.2	2053.6	12463.5
56561	1789.6	2078.0	12227.4
19178	1788.3	2074.3	12259.5
36538	1797.9	2003.4	12134.6
1936	1790.0	1977.7	11976.8
20122	1805.1	2052.3	12306.3
45250	1793.6	2033.6	12007.7
26556	1808.8	2117.7	12986.1
29769	1789.7	2045.7	12258.3
40296	1806.4	2098.7	12777.9
66591	1796.5	2012.9	12149.4
69046	1781.9	1987.1	11819.8
64495	1791.5	1993.3	11996.6
55960	1795.4	2037.1	12360.7
48428	1797.5	2034.6	12177.0
4568	1803.0	2108.9	12518.7
1048	1789.6	1995.6	12050.2
25119	1801.2	2064.9	12285.9
10657	1792.3	2030.2	12116.2
1019	1778.5	1990.3	11992.9
37022	1796.5	2035.1	12260.9
6068	1793.1	2039.6	12612.8
44514	1790.1	2048.5	12211.5
34569	1797.7	2045.5	12347.5
45829	1792.0	2004.0	12030.5
60910	1787.3	2024.3	12155.9
1619	1791.7	2048.3	12072.5
6114	1796.7	2042.2	12195.3
17575	1797.8	2047.6	12157.8
65583	1796.0	2017.8	12239.4
20381	1799.0	2022.2	12433.0
17594	1788.6	2035.0	12037.4
32299	1806.8	2095.7	12358.8
11788	1799.9	2078.2	12674.2
13913	1790.1	2024.0	12075.9
59311	1814.1	2086.5	13162.4
8298	1799.2	2061.0	12292.7
62421	1816.9	2089.0	12689.0
26107	1805.5	2039.6	12499.2
58796	1794.3	2050.6	12277.7
50011	1794.9	2018.8	12291.3
12489	1785.1	1986.0	12086.3
48417	1793.3	2039.0	12126.2
13438	1801.7	2018.1	12222.4
10882	1786.8	2004.9	12003.2
67479	1790.3	2031.4	12237.5
4772	1786.9	2009.0	12012.2
30679	1784.4	1979.4	11917.9
44258	1794.5	2057.4	12275.2
31740	1792.5	2032.1	12229.7
24071	1800.2	2065.8	12501.4
2312	1788.2	2024.3	11961.9
58727	1809.4	2066.0	12484.7
11338	1786.5	2005.1	11995.5
6360	1797.7	2089.9	12435.0
6161	1785.6	2052.8	12356.9
25528	1793.3	2038.2	12170.3
7212	1797.0	2046.7	12391.4
17781	1787.1	2045.7	12096.1
31405	1795.3	2069.7	12234.3
55272	1811.9	2077.8	12799.2
40113	1787.8	1990.9	12064.3
51636	1792.2	2020.0	12258.4
47263	1798.1	2052.1	12434.9
69467	1804.1	2034.2	12620.8
28237	1792.6	2088.8	13304.6
50634	1791.9	2050.9	12130.8
64934	1794.0	2015.9	12214.5
68263	1787.7	2037.0	12400.7
41459	1794.5	2045.0	12139.8
66867	1787.5	2016.6	12354.0
66537	1775.2	1907.4	11650.9
17589	1799.2	2060.9	12405.5
38827	1776.0	2016.9	11953.2
50511	1800.0	2035.3	12523.0
41186	1804.5	2011.9	12260.4
20660	1792.8	2037.9	12161.1
27953	1811.1	2044.5	12464.8
6553	1803.3	2068.5	12391.3
56023	1788.6	2070.2	12131.8
47975	1776.4	1986.9	11984.0
37333	1793.0	2045.7	12605.8
63102	1792.1	2008.1	12097.4
4887	1779.9	1977.3	11787.4
12276	1792.2	2052.0	12084.4
37633	1789.4	2018.3	12069.0
58600	1785.0	2037.3	12318.9
49886	1792.3	2036.4	12249.3
62303	1788.7	2032.5	12163.8
940	1795.5	2101.4	12460.0
34837	1795.2	1995.4	11908.7
40906	1789.9	1984.6	11986.5
60522	1785.9	2017.0	12241.4
28300	1793.7	2070.7	12293.9
12240	1801.0	2047.7	12367.8
7074	1789.2	2011.6	12281.0
60346	1801.1	2069.5	12360.8
24898	1791.0	2036.4	12128.9
13570	1793.9	2028.5	12212.6
53520	1803.1	2019.1	12304.0
58829	1802.3	2009.0	12237.8
796	1788.9	2031.8	12415.2
45362	1800.4	2038.6	12504.1
62554	1788.8	2030.9	12112.5
47108	1777.1	1976.3	12082.2
17582	1794.7	2097.1	12543.3
50834	1789.9	2013.6	12033.1
19966	1795.8	2100.8	12496.9
39571	1791.2	2052.6	12286.3
13177	1790.0	2037.4	12189.2
21420	1788.0	2066.1	12259.9
62915	1794.5	2035.9	12301.1
37768	1785.7	1991.7	12249.8
13080	1783.0	1989.3	11812.8
14626	1793.4	2047.6	12115.3
44039	1799.4	2029.9	12191.1
19173	1782.4	2021.7	12271.8
7164	1784.7	2027.9	11975.1
6299	1795.7	2047.4	12106.9
25685	1803.5	2054.4	12408.4
58353	1782.3	2009.5	12053.1
40469	1799.3	2050.4	12530.3
49603	1800.0	2074.4	12740.5
19514	1801.7	2072.4	12363.0
25779	1807.5	2066.0	12559.0
55494	1815.9	2085.1	12501.5
12438	1801.3	2108.0	12555.8
8552	1784.7	2014.2	11934.0
44988	1798.2	2122.3	13965.3
47928	1791.1	1988.5	12038.0
60995	1787.4	2020.9	12276.6
30173	1785.1	2034.9	12374.0
63818	1803.9	2049.6	12577.1
29291	1798.8	2045.3	12364.9
55024	1793.1	2058.5	12238.3
24704	1788.9	2005.7	12078.6
10092	1799.9	2045.3	12425.0
55685	1788.5	1999.2	12283.1
30706	1786.6	2068.8	12420.3
29349	1786.6	2054.7	12178.9
3679	1793.8	2004.6	12353.5
22740	1803.5	2100.1	12774.0
68198	1780.2	1992.3	11753.6
34787	1806.2	2093.6	12481.4
64891	1792.9	2066.0	12409.0
39223	1798.4	2037.2	12225.7
31277	1790.3	2007.1	12076.4
18551	1787.6	2028.4	11943.9
41626	1792.4	2008.4	12160.9
34188	1761.5	1955.2	11680.8
11100	1783.8	2032.6	12031.1
44262	1796.1	2069.3	12385.3
58405	1804.7	2045.7	12454.4
30606	1786.8	2034.4	12129.3
36222	1788.2	2019.5	12166.6
9977	1798.3	2062.2	12629.6
9353	1799.8	2041.4	12404.4
5471	1786.7	2008.3	12062.6
60545	1796.8	2075.3	12379.8
23658	1781.3	1989.1	11943.7
13818	1786.5	1997.8	12223.1
29138	1789.5	2053.8	12675.1
56006	1797.0	2035.3	12490.4
65601	1785.2	1997.3	11880.8
5301	1783.5	2046.6	12181.8
21428	1793.8	2092.3	12171.0
12322	1789.0	1980.0	11915.1
44000	1803.8	2074.0	12588.2
13812	1785.9	1985.0	12438.8
27959	1778.3	2015.4	11860.3
41126	1793.8	2016.9	12038.9
3551	1780.7	1991.0	11898.5
59513	1795.3	2019.0	12319.0
61071	1800.8	2027.2	12436.1
65049	1786.3	2024.6	11964.4
44311	1782.7	2011.4	11970.4
57998	1810.9	2110.6	13100.9
61508	1788.2	2018.6	11948.5
18797	1787.8	1969.1	11928.2
27630	1806.1	2108.7	12473.6
13895	1804.2	2054.6	12411.1
23543	1788.8	2000.3	12007.3
19509	1802.1	2095.0	12390.0
15334	1790.5	2017.2	12084.7
12165	1798.5	2041.9	12392.1
54376	1799.5	2060.0	12441.9
3594	1786.3	2047.4	12184.6
39158	1792.0	2072.6	12473.8
13539	1777.1	1977.5	11741.2
52508	1793.0	2057.7	12164.5
66633	1785.9	1987.3	12084.2
27536	1787.9	2055.3	12429.8
30359	1798.1	2056.6	12611.4
31227	1779.7	2007.5	11785.1
15120	1783.4	2029.0	12162.5
4575	1786.5	2067.4	12582.0
761	1804.9	2076.1	12670.6
52962	1797.9	2008.8	12201.3
34999	1805.5	2053.9	12638.9
37044	1795.5	2018.0	12346.7
21112	1786.8	1990.0	11911.8
37166	1796.8	2011.2	12263.3
5271	1800.4	2089.1	12347.5
46285	1794.5	2051.6	12116.9
18922	1786.8	2045.4	12085.1
56164	1775.1	1967.1	11873.5
32158	1787.5	2026.7	12270.4
33069	1808.0	2067.8	12616.6
34347	1782.3	2023.0	12023.5
39595	1786.1	2028.0	12207.1
45841	1791.3	2033.8	12197.7
43497	1785.5	2074.5	12946.2
20354	1788.7	2004.4	12064.8
62130	1796.6	2028.2	11948.9
12562	1794.7	2032.5	12115.0
18260	1802.8	2075.4	12628.2
10518	1794.1	2017.2	12171.0
16456	1793.3	2056.5	12330.9
22301	1802.9	2081.5	12768.6
12128	1784.7	2035.9	12081.0
35341	1800.4	2044.6	12530.5
26258	1786.7	2021.3	12234.1
59815	1790.7	1990.6	12214.6
27818	1800.2	2054.1	12260.9
29236	1802.9	2026.1	12397.8
40477	1794.3	1981.3	12022.6
10101	1784.0	1997.6	11997.1
47029	1784.8	2043.2	12330.7
41153	1795.7	1993.9	12115.2
59500	1800.2	2054.0	12494.4
43021	1806.3	2015.5	12279.7
29211	1794.6	2045.6	12307.0
24934	1783.4	1996.5	12185.9
34705	1806.6	2099.7	12749.4
44927	1803.5	2065.1	12602.1
56724	1810.2	2080.8	12518.9
5563	1799.3	2071.4	12123.6
56376	1787.7	2045.9	12150.7
4311	1799.1	2065.8	12162.9
24933	1791.0	2033.5	12136.5
61845	1800.1	2035.1	12355.1
51249	1777.4	2008.8	11931.0
11296	1797.2	2061.5	12285.9
37320	1802.4	2130.7	12540.4
11748	1782.2	2011.4	11979.3
47453	1799.1	1994.5	12155.6
32530	1787.3	1999.8	12152.6
17138	1796.5	2043.2	12494.5
8999	1789.4	2056.4	12245.9
35578	1782.6	2008.5	12245.6
62056	1778.4	2007.3	11899.9
5250	1812.7	2109.5	12641.9
30799	1795.1	2015.1	12084.4
535	1787.7	2009.4	12351.7
24189	1796.5	2044.3	12159.9
1585	1784.5	1996.6	11949.5
67437	1779.8	1947.1	11965.6
64063	1799.3	2038.3	12258.5
46879	1791.6	1981.1	11891.5
29247	1809.6	2044.3	12352.1
29607	1782.4	1977.0	12117.8
62198	1794.1	2004.8	12229.7
13450	1799.5	2101.7	12435.4
51514	1787.4	2016.3	12015.0
52864	1788.1	2051.2	12134.2
45002	1781.9	2036.6	12303.3
68458	1794.0	2054.0	12247.1
41588	1798.5	2056.8	12286.5
9694	1777.0	1993.0	12025.9
55411	1786.7	1991.3	11968.9
12966	1784.3	2021.6	12009.6
22733	1801.1	2053.5	12310.0
27219	1795.7	2054.1	12699.5
5336	1801.6	2092.6	12285.5
12948	1785.7	2011.4	11927.6
33034	1802.2	2032.5	12468.7
58522	1798.5	2055.7	12396.8
14581	1798.6	2060.2	12306.2
60605	1786.9	2007.6	12050.6
54354	1801.8	2012.9	12370.6
24549	1802.8	2102.2	12790.1
17417	1800.6	2098.5	12719.2
61797	1801.1	2060.7	12406.1
45015	1786.2	2057.0	12488.3
55610	1805.2	2075.9	12519.7
30574	1792.4	2047.3	12305.0
1144	1781.4	1970.2	11849.0
52564	1809.7	2031.5	12416.4
42747	1785.6	2016.7	12013.2
46220	1796.0	2053.2	12345.1
65091	1796.1	2037.6	12313.1
16529	1793.7	2011.4	12035.4
47768	1794.9	2013.3	12430.7
69927	1787.8	2025.8	12247.4
