5886	1519.1	1771.7	9031.9
1247	1522.6	1809.9	10077.6
20987	1523.0	1772.9	8928.3
33427	1517.7	1768.7	8970.7
25918	1517.3	1744.0	8883.5
39110	1512.5	1716.4	8844.9
13841	1517.1	1788.1	8864.4
35066	1517.0	1776.5	9035.2
30750	1506.6	1740.2	8760.9
39592	1526.1	1791.0	9268.0
24366	1525.6	1741.6	9693.8
51301	1525.4	1792.7	9020.7
46240	1516.3	1766.7	9155.3
12171	1511.7	1752.2	8818.5
9001	1531.0	1780.1	9059.7
49680	1525.2	1772.1	9229.3
19294	1508.0	1705.0	8681.9
16400	1531.1	1830.0	9361.4
12689	1511.4	1733.3	8782.9
39957	1507.3	1747.0	8934.6
31390	1507.3	1750.0	8822.8
11914	1524.2	1736.4	8857.4
36808	1510.9	1762.3	8946.1
47646	1513.5	1730.8	8979.6
23576	1538.3	1756.9	9037.4
5673	1528.1	1786.1	9010.1
27452	1516.7	1753.6	8880.6
41018	1506.9	1679.0	8529.1
11672	1511.8	1733.5	8847.1
26238	1520.3	1767.0	8926.9
24079	1520.2	1769.9	9105.7
9975	1511.2	1753.2	8740.4
36011	1508.6	1733.4	8800.4
24031	1509.2	1733.3	8755.0
48605	1515.8	1736.5	8850.2
10429	1508.0	1759.0	8794.0
14996	1517.4	1753.8	8907.6
31403	1522.2	1764.9	9085.6
23889	1514.8	1748.2	8949.4
15984	1504.8	1739.2	8879.3
8653	1512.5	1748.0	8848.0
53403	1530.5	1817.4	9037.6
24112	1524.5	1768.0	9011.1
42207	1526.0	1746.9	8915.2
49139	1521.4	1761.9	9061.5
36863	1521.9	1786.9	8903.3
2027	1515.6	1797.2	8888.0
30700	1510.2	1699.0	8647.0
1932	1511.4	1735.8	8755.4
47344	1501.8	1668.2	8455.5
9592	1514.3	1743.2	8842.9
27394	1516.8	1760.4	9023.7
43181	1504.4	1709.1	8612.0
44160	1508.0	1723.2	8703.6
36312	1515.8	1726.3	8879.5
34471	1516.6	1761.9	8940.9
4197	1519.1	1744.3	9017.5
54658	1527.8	1856.9	9292.3
53734	1522.9	1786.4	8997.9
19540	1522.3	1751.0	9130.3
39127	1511.2	1707.7	8852.4
13225	1520.2	1764.6	9077.9
22521	1517.8	1822.2	9107.1
35113	1527.0	1765.4	9228.3
13392	1510.4	1701.3	8677.5
22108	1496.2	1718.2	8450.0
27726	1526.6	1768.7	9193.0
39274	1510.6	1757.3	9031.6
14902	1513.9	1790.3	8900.0
24323	1521.1	1764.4	9027.9
32389	1510.9	1762.8	8824.4
28979	1519.3	1786.6	9124.4
7904	1524.5	1789.9	8923.1
40484	1514.2	1734.4	8879.1
12726	1509.7	1747.7	8792.3
40670	1508.5	1763.0	8800.6
42982	1523.8	1802.1	9266.3
43317	1520.3	1760.3	8948.6
51224	1519.6	1716.7	8778.3
14062	1515.8	1732.7	8823.7
50954	1514.6	1736.1	8833.1
24892	1501.5	1676.5	8536.5
6083	1517.8	1791.3	8875.2
5951	1533.7	1801.1	9151.8
37703	1508.5	1746.9	8667.3
29335	1508.8	1689.5	8662.6
31645	1516.2	1748.6	8986.5
45248	1525.2	1818.5	9215.5
44219	1524.8	1770.7	9007.5
4743	1532.4	1824.3	9353.9
53198	1527.0	1777.0	9144.8
28452	1511.0	1754.9	8902.4
24874	1534.2	1830.0	9300.6
43102	1521.1	1761.2	9043.2
3794	1512.6	1712.6	8737.6
29832	1518.0	1751.9	8956.2
22583	1510.1	1715.8	8843.7
1185	1513.4	1706.0	8823.1
47849	1500.6	1711.8	8644.4
15185	1517.6	1760.3	8887.2
54356	1510.1	1764.1	8844.7
16351	1518.2	1740.1	8881.0
12264	1525.4	1835.4	9221.5
44584	1514.5	1774.7	8983.7
49403	1507.0	1720.8	8674.0
6822	1518.3	1728.2	8790.5
54894	1511.5	1754.1	8816.2
2716	1516.9	1733.0	8690.8
44487	1525.8	1728.0	8836.0
27625	1509.3	1694.4	8859.6
23212	1518.4	1847.8	9121.0
19648	1512.5	1778.7	8821.9
3923	1523.2	1730.8	8979.6
21753	1519.0	1766.2	9287.3
38997	1507.4	1716.2	8660.6
10650	1516.2	1750.3	8772.3
36499	1522.0	1769.8	9062.2
12384	1523.5	1746.9	8908.3
12422	1518.3	1765.1	9024.2
34629	1511.0	1746.1	8885.9
24757	1517.4	1760.6	8919.1
3620	1509.4	1726.1	8479.3
28438	1514.5	1782.5	8843.6
4800	1515.0	1764.9	9071.8
44354	1513.8	1711.8	8712.3
50221	1504.4	1725.2	8913.5
13969	1524.4	1800.4	9167.6
9987	1520.7	1767.3	8889.0
29555	1498.3	1664.6	8581.3
11276	1529.9	1809.3	9182.2
42334	1527.2	1769.8	9079.2
37623	1522.7	1764.8	8929.5
42957	1515.7	1727.1	8834.9
29851	1516.0	1767.0	9027.6
52218	1517.0	1765.3	8828.5
17795	1509.4	1752.1	8950.6
11346	1527.9	1759.4	9198.7
27935	1518.2	1733.7	8768.8
18841	1528.4	1761.9	9084.8
39432	1519.4	1724.3	8810.3
30952	1511.1	1754.6	8750.2
27867	1514.4	1756.1	8914.6
10034	1527.9	1841.5	9439.4
24679	1515.7	1764.9	8902.5
8004	1511.1	1781.2	8823.2
24319	1521.0	1770.9	9024.0
5053	1506.4	1712.3	8589.3
52934	1521.5	1808.4	9053.4
6240	1516.0	1785.4	8923.1
8912	1517.4	1725.6	8841.3
9590	1515.0	1777.4	8878.2
37002	1518.6	1776.3	9225.4
12155	1507.6	1710.4	8640.8
23325	1499.1	1718.5	8585.9
15555	1522.2	1730.0	8845.1
18703	1506.6	1710.6	8667.0
12569	1503.6	1709.5	8681.6
580	1521.3	1780.9	8922.9
17659	1514.4	1713.7	8765.2
13774	1520.7	1777.3	8993.2
45998	1519.1	1726.8	8782.2
20434	1525.7	1757.6	8918.9
49107	1526.4	1763.2	8870.1
12780	1509.8	1755.7	8754.3
20997	1519.4	1759.0	8941.7
22796	1525.5	1787.2	8916.5
11112	1511.9	1740.2	8778.7
3074	1507.4	1719.2	8620.1
29077	1527.4	1787.5	9038.7
10229	1514.1	1742.1	8725.0
41860	1522.3	1755.6	8928.5
51422	1525.7	1735.0	9015.7
50057	1510.0	1738.7	8895.1
32405	1517.6	1751.0	9036.3
10891	1532.6	1752.7	9046.4
25014	1530.4	1792.6	9400.3
48624	1510.9	1728.0	9043.0
5480	1525.0	1824.3	9150.0
41789	1512.0	1782.2	9045.2
5780	1504.6	1705.3	8586.2
17120	1526.3	1754.1	8992.5
38087	1522.1	1768.8	9028.9
42098	1526.9	1751.1	9590.4
18397	1516.4	1738.8	8888.2
52983	1528.9	1748.8	9305.7
2304	1523.9	1824.5	9125.4
27176	1515.3	1768.4	8823.7
37447	1510.9	1797.6	8869.3
53661	1518.9	1800.4	9177.1
18940	1511.2	1754.4	8688.5
51027	1508.6	1723.5	8602.8
8654	1503.8	1709.7	8650.5
23028	1528.5	1785.8	9033.8
49717	1514.7	1700.1	8704.4
13395	1499.0	1670.6	8714.1
27771	1495.1	1711.3	8471.3
41247	1508.6	1706.6	8635.7
4398	1520.4	1756.1	9051.3
23497	1506.0	1737.3	8756.1
3765	1510.8	1723.3	8675.2
7539	1523.0	1777.1	9717.0
17322	1501.5	1742.2	8672.6
43854	1497.0	1654.7	8463.2
51271	1517.5	1795.8	9466.4
17631	1514.3	1711.5	8818.5
18909	1523.7	1785.9	9467.1
26827	1520.0	1734.9	8882.5
24281	1529.1	1801.6	9425.2
11272	1514.3	1772.6	8946.8
15028	1521.6	1725.1	8888.8
47639	1510.6	1738.9	8932.1
30416	1517.9	1781.5	8798.4
6314	1514.3	1749.8	8835.1
1189	1507.1	1707.7	8625.4
10484	1508.7	1780.1	9036.2
32014	1508.3	1707.8	8749.2
28738	1518.7	1754.6	8823.6
32959	1518.5	1755.7	8954.5
36149	1512.2	1731.9	8664.0
47	1503.0	1760.3	8722.5
1366	1517.0	1751.5	8915.7
25158	1515.9	1733.9	8869.6
6912	1506.2	1712.9	8678.7
2554	1519.8	1787.5	8994.7
50076	1518.2	1767.4	9115.6
34464	1529.3	1831.0	9308.9
29611	1508.4	1740.8	8653.5
4215	1529.3	1848.0	9316.9
31930	1515.7	1733.1	8757.1
24491	1511.2	1728.9	8766.6
29917	1527.9	1829.8	9135.6
43764	1526.4	1760.4	9097.1
18695	1518.4	1747.9	8791.9
29645	1503.6	1738.7	8929.1
4462	1516.6	1713.5	8860.1
8814	1516.6	1738.1	8836.7
44873	1518.5	1771.2	9114.9
40237	1522.1	1769.0	8892.2
32736	1511.6	1763.2	8816.6
51490	1507.6	1736.9	8858.2
48481	1515.8	1778.4	8941.4
23937	1498.9	1722.0	8618.8
42664	1511.9	1768.7	9007.5
6703	1511.4	1764.0	8913.3
7664	1516.0	1758.0	8796.8
44406	1507.8	1725.9	8749.4
677	1512.3	1728.2	9007.9
3573	1506.8	1736.1	8854.1
49202	1517.2	1741.8	8945.7
40426	1521.5	1739.6	8960.9
11569	1518.9	1760.8	8829.2
46279	1528.8	1761.5	9035.6
4192	1521.2	1821.0	9016.7
32281	1527.9	1773.9	9131.5
27249	1523.2	1793.6	9344.8
35160	1519.8	1738.8	9116.8
28712	1529.6	1800.0	9078.8
39176	1510.3	1731.7	8934.2
27814	1520.8	1732.0	8942.5
18910	1502.8	1723.6	8544.7
54120	1521.2	1784.8	9230.4
49447	1509.3	1721.8	8646.7
20119	1522.9	1807.1	8895.6
45818	1515.2	1730.1	8913.5
43722	1524.3	1773.9	9157.6
1483	1514.5	1745.9	8772.7
38321	1531.2	1797.2	9127.1
50839	1517.3	1751.0	9189.8
30657	1511.8	1775.5	8897.6
34499	1522.3	1808.4	8995.6
43136	1523.1	1773.5	8978.8
33280	1529.8	1780.6	9277.9
39231	1519.4	1755.2	8887.7
26221	1508.3	1737.7	8831.1
22976	1524.0	1724.8	8959.2
27521	1521.1	1818.3	8950.1
51782	1517.0	1734.2	8900.9
39598	1519.3	1728.5	8877.5
17098	1507.7	1753.4	8855.0
11217	1511.4	1719.7	8749.8
28175	1520.8	1751.5	8878.3
35488	1527.2	1759.2	9011.7
46471	1522.4	1767.6	9041.3
41491	1534.7	1776.4	9123.8
9856	1505.4	1711.4	8628.4
46247	1520.9	1769.9	9323.8
47141	1514.3	1740.7	8829.3
879	1518.1	1762.6	8911.6
38898	1515.5	1732.7	8904.0
1846	1519.7	1801.9	9130.4
49974	1517.5	1746.7	8766.5
52428	1522.7	1791.1	9296.0
43156	1522.6	1758.0	8953.1
22554	1526.1	1752.0	9022.4
41582	1522.6	1719.4	8831.0
27674	1518.5	1752.9	9055.7
50113	1507.8	1723.1	8834.0
30468	1502.5	1753.7	8699.9
30294	1519.6	1761.5	9037.8
2098	1517.1	1772.1	8889.6
41709	1521.7	1806.7	9194.2
13390	1519.8	1813.6	9002.0
4008	1519.8	1812.7	8819.4
3633	1521.4	1766.0	8940.5
1678	1498.6	1758.0	8652.2
1921	1519.9	1745.0	8978.9
19910	1511.8	1795.5	9085.5
44061	1520.5	1721.8	8965.4
44488	1517.8	1739.9	8923.1
10649	1514.5	1798.2	9533.0
15717	1526.3	1778.5	9036.9
20828	1511.7	1730.0	8720.1
41315	1519.5	1761.4	8940.8
25106	1524.7	1747.5	9041.9
54622	1520.2	1790.2	9151.1
50320	1506.2	1712.6	8923.7
8771	1519.0	1810.4	9129.6
54522	1529.7	1815.4	9328.4
16449	1508.3	1715.2	8776.4
41208	1531.1	1814.2	9126.8
40959	1515.9	1754.0	8814.5
36113	1533.4	1825.6	9392.6
8589	1515.6	1728.8	8879.0
50188	1516.4	1752.4	8831.2
48943	1507.6	1781.3	8877.7
1352	1511.5	1780.2	8787.4
41346	1518.6	1784.2	9007.4
38164	1512.8	1761.6	9008.2
28240	1515.0	1717.8	8709.7
20686	1512.1	1776.1	8990.4
29414	1515.5	1776.9	9102.7
32933	1521.9	1739.4	8779.0
32327	1518.3	1748.8	8766.5
45300	1497.9	1710.2	8743.3
21633	1534.4	1841.7	9072.3
17854	1511.6	1701.2	8597.6
10642	1510.2	1692.8	8627.7
35037	1507.6	1737.7	8788.4
48086	1538.2	1832.8	9345.6
42667	1515.0	1753.5	8942.2
4981	1522.9	1760.3	8912.9
11952	1512.3	1699.9	8627.2
47823	1518.6	1682.4	8761.4
42344	1523.5	1781.7	9351.2
6925	1513.1	1723.7	8714.0
36060	1497.5	1710.0	8478.5
40754	1510.3	1730.4	8833.2
22041	1514.7	1725.5	8685.3
14838	1528.6	1787.0	8957.1
34236	1523.7	1806.0	9153.3
30017	1506.8	1706.8	8646.3
14832	1512.9	1754.1	8808.3
7921	1523.4	1791.0	8986.0
10761	1502.7	1705.9	8528.0
12159	1520.9	1774.6	9021.1
29145	1515.4	1758.1	8963.7
33483	1526.4	1766.1	9124.0
37168	1532.0	1801.8	9030.7
27661	1517.5	1791.9	9075.5
36124	1516.4	1786.9	8988.0
51734	1506.7	1746.7	8701.8
17786	1506.9	1724.8	8571.0
4719	1505.2	1701.0	8599.2
47350	1514.4	1672.9	8795.6
732	1528.0	1728.7	8939.2
4407	1517.0	1749.9	8835.4
29264	1518.3	1787.0	8861.9
1895	1512.9	1754.8	8796.4
18560	1510.1	1743.9	8739.1
21798	1526.2	1802.1	9185.4
8409	1523.7	1775.6	8946.6
36735	1514.4	1754.6	8690.9
4399	1517.5	1793.6	9021.5
8527	1519.3	1759.6	8929.2
14719	1517.0	1733.9	8884.3
6178	1517.9	1747.0	8853.1
53828	1531.2	1757.8	9174.8
840	1517.9	1778.1	8848.3
6758	1536.6	1788.4	9177.8
1085	1514.2	1756.6	8753.2
40739	1525.3	1772.8	9063.4
49373	1532.8	1783.6	9133.5
22586	1526.5	1803.3	9113.3
31780	1526.6	1806.0	9177.5
30140	1517.7	1758.4	9734.8
13794	1521.3	1739.8	8943.8
41545	1515.9	1761.0	9084.9
50879	1524.3	1765.7	9162.7
29153	1511.3	1733.7	8789.4
18366	1513.3	1777.9	8742.2
14392	1507.6	1744.7	8768.3
6896	1515.9	1703.7	8644.0
5579	1517.5	1723.3	8855.9
37822	1524.1	1760.4	9183.5
21568	1508.6	1725.6	8709.1
25260	1501.7	1725.3	8701.1
27827	1527.7	1827.5	9282.0
53809	1518.5	1786.3	8990.6
49581	1514.4	1718.3	8777.0
20290	1516.4	1731.8	8791.3
14759	1511.1	1760.7	8960.5
14952	1516.3	1737.2	8974.3
41070	1522.6	1754.6	9013.7
35480	1524.3	1814.2	9059.2
2068	1526.9	1808.8	8968.1
11507	1527.3	1763.9	9040.5
25396	1544.1	1843.0	9339.9
5441	1517.5	1734.8	8783.5
17603	1514.7	1768.3	8884.2
19151	1523.0	1791.9	9148.7
3579	1521.7	1779.7	9085.4
37787	1536.0	1828.0	9231.8
17114	1514.4	1713.5	8649.4
42382	1514.2	1791.7	9234.2
36017	1532.6	1741.0	8950.1
8122	1517.0	1763.9	8877.7
47256	1530.8	1783.1	9145.0
11486	1527.3	1792.8	8962.7
24382	1523.8	1790.5	8986.3
37830	1523.8	1740.7	8893.2
47417	1513.5	1756.8	8785.4
31283	1520.0	1766.1	8999.1
52060	1519.2	1751.8	9108.7
44919	1499.2	1696.3	8558.2
21615	1510.5	1726.5	8815.3
41420	1521.7	1780.3	8927.0
42794	1517.3	1748.9	8999.0
30510	1502.6	1755.0	8637.9
1371	1496.7	1671.3	8608.5
36214	1523.8	1790.8	9091.3
45938	1513.1	1697.0	8701.1
3377	1523.2	1793.0	9117.1
8279	1519.5	1760.1	8855.2
39075	1503.6	1763.7	8633.4
1472	1524.5	1745.8	8973.0
37863	1511.1	1692.8	8658.1
4455	1508.5	1736.5	8679.1
54882	1510.2	1660.4	8703.2
45240	1519.4	1819.9	9923.4
33052	1516.3	1723.5	8782.3
17010	1515.3	1724.3	8946.9
30016	1529.3	1760.3	9578.4
38887	1512.9	1731.2	8980.5
48840	1530.8	1791.6	9319.5
45250	1509.3	1725.6	8642.1
11555	1533.7	1786.4	9199.4
45119	1528.9	1805.4	9367.9
894	1509.2	1732.1	8658.1
41958	1502.7	1685.1	8621.6
43773	1510.8	1732.1	8692.9
4799	1526.7	1804.3	9145.0
29617	1508.5	1722.4	8843.7
47019	1513.2	1783.3	8971.4
2633	1509.1	1754.6	8721.4
26454	1514.2	1765.7	8920.1
27954	1513.7	1762.6	8795.8
31497	1531.3	1847.7	9477.0
47695	1516.2	1757.9	9000.2
12581	1531.5	1778.7	8921.2
5834	1508.3	1752.9	8614.6
44659	1518.7	1767.0	8881.3
29105	1503.3	1716.6	8565.8
8116	1531.4	1783.5	9082.4
14597	1529.7	1835.4	9615.5
18768	1529.0	1823.9	9155.5
49933	1505.0	1715.7	8597.9
39811	1496.7	1742.5	8702.5
43326	1514.5	1734.4	8806.9
33684	1525.3	1754.7	9095.9
14801	1514.6	1773.2	8888.1
53943	1516.4	1738.6	8844.7
54892	1521.3	1792.2	9002.2
35095	1519.2	1769.5	8920.4
22643	1513.3	1739.0	8852.3
11467	1518.2	1740.1	8829.6
14831	1519.7	1782.5	9068.7
21954	1516.0	1738.1	8764.0
32297	1513.1	1712.7	8782.8
38660	1525.2	1844.9	9351.5
30489	1520.5	1751.6	8865.9
9219	1522.5	1752.9	9096.2
50229	1521.4	1718.7	8822.7
38705	1520.6	1809.5	9038.4
10063	1502.6	1701.4	8618.6
24920	1526.2	1789.6	8985.4
26509	1515.5	1743.2	8824.2
1437	1504.6	1705.0	8652.9
13186	1522.8	1780.2	8943.6
18824	1520.9	1806.7	8952.6
16900	1511.3	1765.0	9262.5
25045	1526.7	1782.0	9181.6
8862	1508.7	1739.6	9026.4
8692	1519.4	1718.8	8693.2
2322	1504.9	1735.7	8556.6
18900	1514.8	1762.2	9087.5
47617	1520.7	1706.4	8785.3
24963	1523.0	1758.8	9006.7
52539	1515.9	1708.6	8676.4
1127	1518.9	1796.1	9063.6
15374	1521.7	1798.6	9353.0
50750	1519.4	1730.9	8844.6
45294	1527.0	1784.2	9027.7
31289	1521.8	1808.1	9035.7
41627	1522.6	1808.0	9405.8
14132	1521.5	1811.3	9084.0
49757	1519.6	1722.8	8794.6
12531	1521.4	1790.9	9076.0
38961	1515.3	1711.6	8714.6
27413	1511.7	1761.6	8824.1
31842	1518.3	1774.1	8948.0
26959	1516.8	1788.8	8933.8
5720	1515.4	1771.2	9195.3
28045	1540.3	1822.8	9159.4
51407	1510.9	1745.9	8899.3
25324	1517.8	1753.9	8928.1
42053	1515.5	1752.5	8675.5
44404	1516.6	1754.8	8807.3
22861	1519.1	1764.1	8977.6
9299	1518.6	1775.3	8917.5
28467	1520.0	1758.7	8971.7
30055	1506.3	1715.8	8720.2
30937	1516.2	1746.7	8898.7
540	1514.0	1716.1	8771.6
35458	1531.9	1805.3	9309.5
27063	1529.3	1820.1	9304.3
34371	1520.2	1798.8	9044.2
14094	1512.1	1749.5	8751.6
29204	1513.6	1767.1	8842.9
23421	1524.9	1749.1	8878.4
6594	1510.4	1730.6	8653.7
819	1519.3	1742.8	8997.8
13427	1509.5	1742.5	8645.9
50539	1507.8	1726.4	8797.9
54581	1503.7	1693.3	8686.7
12564	1515.6	1771.3	8987.3
2353	1525.7	1824.9	9077.0
1156	1514.2	1781.1	9116.5
47782	1528.9	1783.7	9110.6
43219	1524.4	1765.9	9178.3
44915	1510.0	1729.1	8913.0
31199	1530.0	1816.1	9250.5
47686	1518.9	1748.5	8815.9
27702	1510.1	1704.8	8696.3
36379	1532.6	1776.3	9100.9
10962	1520.0	1758.6	8880.6
30260	1517.4	1717.2	9001.2
35165	1518.6	1789.6	8998.4
3853	1516.7	1757.5	8904.3
48354	1511.3	1729.0	8670.8
32313	1523.8	1769.1	9221.8
8049	1521.0	1801.1	9015.1
51078	1510.8	1746.6	8760.5
6583	1514.7	1731.0	8851.5
20158	1530.1	1816.0	9416.7
34997	1509.5	1729.5	8771.2
15882	1518.1	1767.1	8999.0
44422	1508.7	1711.7	8651.9
34251	1514.8	1720.6	9046.9
38091	1504.1	1723.4	8656.6
24041	1510.1	1741.9	8721.5
45945	1520.5	1762.9	8847.5
32767	1519.2	1745.2	8841.6
42788	1513.3	1726.4	8969.4
21449	1512.0	1749.7	8797.8
9830	1517.0	1778.7	9137.6
11511	1519.7	1777.3	9067.8
52351	1504.6	1709.8	8660.9
1718	1514.6	1741.4	8777.9
43980	1520.0	1743.8	9011.9
42149	1511.5	1702.1	8745.3
35832	1518.9	1807.7	8980.1
1178	1511.2	1747.3	8758.2
4773	1525.6	1797.3	8787.7
54383	1514.9	1753.3	9183.7
8089	1501.2	1692.6	8488.8
3041	1512.7	1759.3	9033.3
51665	1506.5	1754.8	8734.3
13979	1527.0	1823.3	9177.6
13835	1512.8	1758.3	8837.5
9890	1504.9	1767.2	8906.2
2773	1511.2	1752.8	8987.2
24640	1505.4	1730.4	8692.5
9319	1520.7	1794.6	9127.0
50049	1532.5	1771.5	9179.6
37156	1513.5	1753.7	8835.5
1129	1516.8	1757.7	8884.7
29454	1513.8	1766.3	8879.4
51969	1503.6	1712.1	8569.6
8880	1523.7	1821.4	9006.1
51507	1525.8	1792.8	9005.2
6337	1512.9	1726.8	8730.6
19223	1517.0	1790.9	9554.0
50262	1516.7	1732.4	8949.2
54643	1522.9	1758.3	9077.5
52288	1530.1	1790.9	9195.4
50161	1535.7	1812.3	9262.5
18912	1512.3	1729.4	8697.6
4579	1521.0	1823.0	11583.7
15255	1531.0	1787.3	9174.7
50598	1521.3	1740.9	8871.4
26985	1533.0	1789.0	9162.3
8715	1505.5	1746.2	8825.8
21892	1516.0	1765.2	8711.5
24358	1512.0	1716.7	8754.3
12644	1511.4	1745.4	9202.5
8998	1521.0	1775.2	9351.8
9339	1517.8	1760.0	9115.5
45582	1515.8	1756.4	8805.2
8080	1524.8	1748.2	8936.4
37911	1509.8	1782.7	8787.0
19556	1517.7	1748.2	8837.4
50609	1517.1	1736.9	8832.0
25472	1519.9	1778.4	9032.3
17171	1506.5	1740.0	8804.3
23313	1523.1	1774.3	9102.1
48090	1516.7	1745.0	8742.1
17545	1513.3	1735.1	8744.8
31343	1516.1	1784.0	9012.2
30504	1526.0	1783.5	9051.5
14703	1531.2	1803.3	9321.1
27295	1517.4	1774.7	9006.3
7905	1533.7	1775.6	8961.0
15236	1523.8	1774.7	8846.5
45232	1523.1	1750.0	8972.8
31843	1514.5	1757.5	8886.9
38939	1515.5	1791.1	8984.4
7975	1522.6	1762.3	9158.0
45795	1510.5	1777.9	8947.8
11727	1526.5	1748.4	9067.1
33923	1533.0	1798.8	9195.5
19420	1513.6	1814.0	9104.3
12112	1523.3	1792.8	8949.4
50740	1530.8	1812.0	9334.9
42784	1517.2	1746.6	8767.7
21707	1518.4	1745.5	8830.9
27316	1524.9	1772.1	9073.6
24107	1505.2	1672.5	8649.2
38133	1518.2	1796.7	8976.8
28784	1509.3	1690.6	8860.2
12567	1512.4	1740.6	8929.2
40860	1513.7	1722.8	8730.3
27237	1517.0	1717.2	8752.4
38957	1520.3	1745.2	8768.8
44355	1526.3	1750.5	8894.1
5963	1520.9	1864.8	9315.1
44852	1506.7	1747.6	8893.6
13670	1512.7	1748.8	8836.6
18410	1498.4	1683.3	8519.3
31400	1510.9	1754.5	8860.7
25501	1508.5	1717.2	8922.4
36462	1521.4	1759.1	8790.7
9661	1531.6	1791.9	8980.0
43623	1536.1	1796.3	9413.6
3176	1522.0	1778.6	8915.0
26155	1523.1	1759.2	8989.6
48482	1512.9	1774.1	8920.4
39181	1506.4	1693.9	8674.0
39745	1531.6	1780.6	9038.2
8982	1532.4	1763.3	9055.9
16441	1518.5	1772.6	9008.8
49142	1520.3	1798.0	9207.3
48750	1505.2	1690.5	8651.4
7620	1518.2	1750.1	8977.6
21972	1520.0	1773.9	9132.7
4044	1522.1	1759.4	9015.5
37331	1504.0	1712.7	8698.3
7997	1515.5	1812.1	9054.4
21203	1507.4	1713.2	8607.1
12470	1517.9	1696.9	8782.5
14494	1521.5	1771.1	8856.3
16337	1514.7	1710.8	8732.2
6958	1504.4	1708.7	8555.9
31823	1522.8	1773.4	9076.4
43311	1530.2	1774.4	9087.6
24434	1532.9	1810.6	9295.9
9002	1520.3	1765.0	8887.9
18456	1515.5	1783.1	8938.3
52945	1513.7	1725.7	8678.0
13547	1507.2	1768.8	8840.8
20861	1512.5	1723.4	8692.9
54190	1506.5	1683.5	8629.5
48731	1526.4	1762.0	9091.2
13939	1513.9	1757.4	8877.2
16514	1524.1	1814.7	9013.4
49094	1509.0	1765.1	9166.4
54745	1514.0	1749.6	8815.3
39583	1511.2	1736.9	8720.2
29675	1518.1	1806.7	9042.0
9023	1507.8	1690.8	8605.7
8958	1509.3	1731.7	8778.3
6569	1516.8	1782.0	9000.1
43389	1513.5	1745.7	8920.3
24237	1510.1	1755.6	8816.1
25226	1530.9	1796.1	9115.8
48640	1510.7	1713.2	8578.2
22350	1518.2	1700.7	8833.4
37935	1532.1	1892.7	10539.6
7581	1505.3	1703.5	8549.7
6710	1512.2	1765.8	8822.7
51925	1520.9	1756.9	8936.2
48324	1520.7	1774.7	9106.4
40154	1511.9	1720.6	8723.1
50605	1505.8	1736.4	8704.9
53514	1515.1	1734.4	8720.4
27288	1518.4	1751.0	8868.5
53608	1518.8	1781.5	9057.1
41725	1511.2	1748.8	8832.5
15290	1508.3	1710.6	8805.8
14967	1525.7	1805.8	9389.6
49541	1510.3	1766.7	8908.0
37846	1512.2	1705.0	8961.4
14680	1515.6	1793.8	8897.3
54822	1500.2	1709.0	8665.5
38243	1515.7	1737.8	8855.9
199	1520.4	1810.4	9115.7
31240	1520.0	1741.5	8795.2
44018	1509.2	1767.8	8787.6
20782	1523.9	1804.8	9246.3
26947	1514.4	1731.3	8791.2
5045	1522.3	1764.2	9043.5
6899	1522.8	1801.1	9139.5
1126	1512.6	1739.1	8714.1
28910	1506.6	1759.6	8750.6
42443	1526.4	1758.7	9074.9
38767	1511.5	1785.0	8767.4
31905	1533.9	1790.0	9156.3
1592	1519.1	1814.1	9073.4
17476	1513.0	1771.1	8755.9
633	1524.6	1748.5	8900.7
1078	1521.2	1789.4	9100.3
31755	1508.1	1696.2	8725.1
53460	1522.0	1765.2	9152.8
46142	1518.4	1706.4	8808.4
22696	1514.0	1739.1	9058.5
27501	1522.3	1755.1	9078.5
25395	1505.3	1696.9	8631.0
46713	1522.5	1790.6	9052.4
48713	1520.0	1735.6	8857.5
27573	1519.1	1762.2	9085.6
39963	1506.8	1705.1	8888.8
5984	1503.0	1702.6	8517.9
15285	1523.3	1750.7	8842.9
25291	1525.4	1834.6	9506.1
40615	1518.2	1775.2	8863.7
32342	1512.9	1721.2	8829.3
21454	1527.6	1806.9	9121.9
6331	1518.1	1768.5	8889.6
54065	1529.5	1774.4	8936.0
43741	1518.4	1734.8	8809.0
24468	1526.6	1740.2	8903.2
17268	1514.7	1729.2	8844.3
49134	1532.9	1794.9	9313.7
20965	1511.0	1753.1	8899.0
46555	1515.7	1764.0	8887.3
54434	1508.3	1765.0	8928.8
20365	1522.5	1785.0	9015.7
32127	1515.2	1715.8	8808.4
54045	1531.4	1786.0	9236.9
28774	1519.1	1752.1	8773.2
7932	1521.3	1750.0	8814.4
19662	1513.9	1769.2	8985.9
35623	1516.9	1692.5	8761.2
1322	1515.0	1754.8	8821.3
43427	1518.6	1754.4	8978.0
51864	1515.6	1736.3	8900.6
39905	1522.7	1798.3	9387.5
34666	1507.7	1764.4	8943.6
51417	1516.5	1727.0	8749.1
29935	1518.2	1747.8	8975.2
14072	1515.1	1730.4	8704.8
5513	1506.2	1746.9	8793.0
9072	1520.9	1692.7	8814.7
34174	1508.9	1782.0	9018.3
49767	1526.4	1729.5	8935.1
3641	1512.4	1724.0	8885.9
23776	1512.1	1722.3	8859.9
39070	1499.8	1708.3	8558.2
53156	1513.2	1736.6	8850.4
12669	1508.8	1753.7	8768.5
48665	1524.4	1800.6	9344.2
19385	1521.2	1752.7	9032.8
49060	1513.5	1763.3	9122.6
25998	1521.2	1760.0	8888.1
53294	1517.2	1747.6	8763.7
16069	1506.0	1760.7	8650.2
19152	1521.5	1753.4	8882.4
35094	1510.6	1735.4	8690.3
6282	1516.9	1749.2	8892.8
6857	1509.7	1705.9	8710.3
12040	1510.5	1744.1	8751.5
51956	1521.4	1805.7	9222.0
17954	1512.3	1733.6	8865.4
40617	1519.2	1811.1	9378.6
5153	1532.9	1825.0	9378.9
46970	1524.3	1739.5	8992.4
3663	1524.3	1735.5	8819.0
25056	1525.4	1745.7	8908.2
42915	1518.6	1752.8	8916.8
39171	1525.2	1777.1	9029.9
38223	1523.4	1769.6	9197.5
34524	1532.2	1842.0	9370.9
152	1532.8	1744.7	8981.3
2257	1515.6	1747.0	8689.2
43757	1522.7	1729.9	8864.1
2937	1514.8	1747.9	8698.2
10301	1503.6	1779.3	8670.5
2979	1517.7	1747.0	9313.7
30403	1524.3	1758.5	8927.1
17191	1515.1	1746.7	9564.8
603	1532.0	1831.5	9132.4
21580	1514.9	1757.0	8748.7
43658	1507.3	1744.9	8657.9
46130	1508.2	1705.3	8849.7
33994	1497.0	1698.5	8569.3
6492	1526.1	1821.3	9302.1
4881	1515.9	1796.8	8916.6
1776	1513.9	1786.8	8880.4
32013	1524.0	1775.4	9034.4
53686	1528.0	1775.1	9124.8
35368	1517.0	1726.5	8745.5
32462	1514.5	1725.3	9003.9
5885	1510.3	1714.7	8636.9
15957	1520.5	1740.3	8871.8
39483	1511.1	1787.0	9010.2
9932	1522.9	1775.3	9010.9
41527	1517.4	1711.8	8835.6
13988	1517.1	1764.8	8914.7
45995	1519.8	1704.8	8727.8
5628	1511.0	1745.3	8712.6
5407	1523.0	1799.3	9025.7
33557	1517.5	1750.4	9093.5
1255	1505.0	1755.5	8653.8
41252	1509.2	1708.4	8542.3
51065	1516.7	1734.9	8871.8
6218	1520.3	1820.0	9005.5
8316	1516.0	1756.7	8904.6
28604	1512.8	1772.5	8908.9
12527	1520.8	1746.0	9112.6
19613	1531.0	1806.1	8944.3
45899	1512.2	1771.3	8871.3
36184	1517.6	1775.6	9032.3
10657	1516.2	1715.3	8737.1
36057	1516.1	1767.8	9002.1
48599	1506.2	1724.8	8689.0
47459	1521.4	1750.0	8940.8
10517	1519.1	1756.6	8909.4
30354	1531.6	1786.3	8952.9
31708	1514.9	1753.9	8939.6
23445	1513.5	1776.7	9070.9
13416	1517.4	1771.4	8790.0
5020	1520.9	1792.5	9257.4
37770	1520.1	1734.3	9010.0
43377	1515.4	1797.7	9157.7
50587	1530.4	1756.1	9050.2
36638	1520.3	1754.7	8898.5
46380	1507.6	1769.9	9072.0
53813	1516.1	1781.6	9149.2
39103	1525.2	1732.2	8920.2
32864	1509.6	1712.0	8748.3
42236	1507.3	1701.8	8660.0
3088	1517.1	1773.1	8855.0
25663	1507.4	1778.5	8795.0
28259	1523.2	1755.2	8998.8
49739	1521.2	1773.6	9023.8
47262	1522.4	1793.3	9114.0
7225	1523.0	1770.9	9264.9
52101	1512.1	1692.9	8724.5
13837	1506.9	1731.6	8762.3
14550	1512.2	1748.0	8587.8
46437	1525.9	1716.8	8985.0
40767	1513.9	1713.7	8880.5
44220	1513.3	1683.6	8767.7
1269	1512.0	1726.5	8912.7
36591	1517.6	1719.9	8755.0
35236	1510.0	1714.9	8837.5
53143	1516.9	1751.8	8852.2
36571	1517.3	1794.1	9037.2
34493	1525.1	1810.7	9201.2
28797	1532.3	1818.8	9281.5
32409	1531.3	1783.9	9460.4
16947	1520.7	1767.7	8868.8
42439	1516.1	1735.0	8777.0
12270	1504.6	1702.0	8623.2
20716	1523.0	1788.2	9274.9
6347	1510.1	1728.7	8770.4
1133	1525.0	1767.7	8976.4
2408	1510.6	1715.9	8659.3
51137	1529.8	1769.6	9334.5
11070	1514.8	1750.9	8809.6
22269	1528.9	1728.3	8906.5
34341	1518.1	1757.3	8963.3
7095	1521.1	1768.2	8876.8
44365	1512.2	1738.5	8942.5
53436	1535.2	1814.5	9169.3
28185	1523.0	1781.3	9186.6
24685	1513.7	1737.3	8769.9
33610	1516.9	1740.6	9150.0
28856	1513.8	1787.4	8980.2
13287	1514.4	1771.8	8684.7
47036	1517.4	1753.9	8889.1
39562	1524.6	1727.0	9012.7
28942	1515.6	1766.4	9433.5
23446	1526.2	1760.2	8893.6
41412	1515.0	1796.3	9131.7
22245	1508.9	1758.9	8694.9
52326	1521.0	1715.3	9086.1
44308	1525.5	1771.9	9137.1
50211	1528.8	1805.2	9149.2
35977	1519.8	1787.0	9023.6
43331	1513.4	1760.9	9214.0
10198	1520.3	1766.5	9132.4
32439	1531.8	1799.2	9269.8
30845	1521.9	1742.2	8989.3
32854	1530.9	1817.2	9291.7
30015	1503.4	1760.5	8660.0
30865	1518.5	1743.4	8789.0
13483	1523.6	1789.1	9110.8
14505	1516.6	1773.3	8935.6
29057	1519.8	1773.5	8949.9
43754	1503.7	1697.8	8596.7
52490	1517.2	1776.5	9322.1
12874	1527.8	1786.3	9263.4
36311	1534.2	1837.2	9389.4
54489	1517.8	1739.4	8836.2
29465	1522.1	1773.9	9279.5
5373	1527.1	1813.4	9129.2
38550	1524.6	1769.2	8979.8
38954	1528.4	1749.5	8965.6
35345	1513.0	1796.7	8902.8
38447	1523.3	1749.4	8936.1
3637	1522.1	1757.9	8915.5
17349	1527.1	1807.8	9049.2
27141	1518.9	1779.5	8901.2
6264	1530.9	1803.9	9084.1
32741	1521.2	1748.6	8982.3
40271	1516.1	1737.8	8943.7
42636	1521.3	1804.6	9153.3
12705	1503.4	1721.4	8684.8
37847	1508.7	1724.1	8724.3
38266	1518.7	1796.3	9089.1
49259	1525.8	1779.7	9103.0
7939	1506.1	1746.4	8692.0
21272	1534.2	1762.9	9036.5
32827	1518.1	1794.0	9010.6
53684	1521.5	1796.1	9009.3
32868	1516.4	1755.4	8988.5
24364	1521.6	1716.4	9369.7
9481	1518.3	1773.3	8964.7
45808	1523.5	1731.7	9019.7
51536	1516.7	1703.3	8903.1
21526	1520.0	1793.8	8929.5
46302	1521.1	1701.4	9608.4
31001	1530.5	1773.5	9097.2
39508	1526.3	1826.4	9134.4
12809	1524.4	1813.8	9111.6
46409	1534.4	1797.4	9308.4
29399	1524.9	1740.7	9037.9
11440	1514.7	1729.2	8835.9
8253	1508.7	1749.9	8772.0
1202	1510.8	1787.4	8825.9
23901	1517.5	1718.8	8796.1
3984	1507.6	1758.8	8946.8
26036	1511.9	1724.5	8843.8
5595	1522.9	1683.3	8882.9
7402	1508.9	1681.5	8622.6
25156	1524.9	1782.3	8993.2
3157	1511.2	1772.0	8849.3
32254	1499.0	1699.8	8531.1
27820	1523.6	1764.1	8826.6
31365	1519.8	1763.6	8905.4
22261	1516.8	1776.4	8882.7
45901	1500.9	1677.0	8464.4
27784	1505.1	1699.9	8626.3
25944	1512.7	1731.3	8745.2
33376	1517.3	1750.6	8750.2
48955	1531.1	1764.2	9045.8
24016	1535.6	1900.2	9485.2
863	1508.9	1768.2	8839.5
36708	1519.6	1760.4	9155.7
6796	1532.3	1821.5	9204.9
8941	1513.4	1800.9	8922.8
18428	1515.1	1754.6	8953.8
49875	1516.4	1748.2	8773.4
22588	1529.9	1813.3	9207.6
7700	1523.0	1762.0	8945.7
36205	1523.5	1798.1	9019.2
27307	1520.1	1758.0	8793.1
5147	1513.1	1731.7	8835.3
30508	1509.1	1732.9	8846.3
41396	1507.8	1756.4	8890.2
40221	1521.9	1836.4	9072.0
1447	1518.4	1785.5	8887.2
20169	1530.6	1807.9	9104.4
41726	1519.9	1803.1	9023.1
39731	1519.4	1788.4	8962.5
645	1518.8	1749.2	8781.4
40952	1505.0	1720.8	8744.2
52893	1509.0	1718.9	8726.6
42237	1529.0	1773.7	9276.3
28050	1501.1	1776.1	8861.6
