8026	1696.7	1912.8	11278.3
1701	1689.0	1889.1	11371.2
28619	1695.3	1922.1	11250.0
45582	1688.4	1942.2	11249.0
35342	1714.5	2018.9	12191.7
53331	1685.1	1884.8	11103.3
18872	1670.1	1884.9	10901.7
47816	1692.8	1882.5	11390.0
41931	1689.6	1921.6	11501.0
53989	1691.5	1915.6	11253.7
33225	1696.3	1950.8	11744.2
69956	1689.1	1898.2	11479.9
63055	1697.3	1914.9	11457.7
16593	1693.3	1992.7	11604.8
12270	1677.9	1900.7	10915.0
67745	1676.6	1906.9	10937.8
26307	1684.3	1933.1	11223.7
22359	1695.1	1970.5	11582.0
17298	1705.7	1981.3	11715.9
54486	1695.0	1962.8	11676.7
42801	1687.5	1896.6	11111.2
16240	1698.1	1944.4	11416.6
50191	1694.7	1972.5	11432.1
64970	1691.7	1892.2	11239.4
32144	1674.8	1862.4	10958.3
7728	1683.9	1889.9	11176.0
37430	1691.3	1920.2	11398.0
55932	1683.8	1897.4	11114.8
15908	1686.1	1934.7	11467.0
35774	1696.2	1954.8	11305.1
32829	1692.8	1900.1	11370.4
13593	1700.1	1970.5	11548.4
49103	1673.9	1883.1	11094.4
32763	1671.3	1880.0	10905.6
66278	1680.8	1885.0	11002.1
14212	1684.1	1953.1	11316.5
20439	1694.6	1915.8	11231.9
42816	1701.9	1957.6	11700.2
32568	1699.7	1960.0	11596.8
21787	1689.6	1925.1	11419.7
11788	1679.8	1860.3	11110.3
72822	1681.8	1977.9	11241.8
32872	1706.1	1985.0	11814.8
57552	1683.2	1884.9	11345.8
67006	1690.2	1896.7	11369.4
50262	1691.3	1908.8	11421.4
2748	1700.0	1914.1	11400.5
41856	1685.5	1913.8	11316.8
2619	1688.6	1933.5	11464.7
64558	1699.2	1942.7	11616.6
13065	1693.1	1943.0	11353.9
37347	1696.7	1931.0	11534.9
58879	1690.6	1933.0	11399.3
60214	1697.8	1949.9	11433.5
49511	1696.3	1922.3	11507.8
46999	1702.6	1967.4	11702.4
5705	1683.1	1897.5	11079.2
74534	1690.1	1912.3	11514.5
73274	1682.3	1928.7	11473.5
26632	1692.7	1908.1	11202.2
53349	1692.7	1918.4	11486.0
18017	1686.2	1921.4	11395.3
30697	1674.1	1894.1	11249.1
47873	1682.6	1891.7	11095.9
18245	1699.7	1941.7	11332.3
30133	1687.6	1856.9	10931.6
37796	1682.7	1877.4	11100.2
53549	1687.4	1956.5	11449.3
20303	1695.9	1915.0	11458.2
33154	1694.7	1938.8	11599.5
44157	1712.2	1971.9	11757.3
39505	1690.2	1902.1	11357.8
10756	1704.0	1928.9	11344.6
55199	1696.4	1958.1	11497.7
17333	1684.9	1956.7	11299.1
55452	1689.9	1958.6	11143.4
58606	1688.9	1979.4	11409.1
59063	1701.9	1970.5	11857.2
69849	1695.2	2000.0	11957.6
19154	1699.8	1949.9	11484.9
69480	1677.8	1890.8	11051.5
33927	1694.6	1974.1	11943.3
8269	1690.2	1921.0	11348.5
8089	1673.3	1862.9	10745.4
51403	1698.6	1976.1	11767.4
39988	1684.2	1935.9	11527.0
43140	1690.5	1911.2	11178.9
61696	1694.6	1962.7	11534.5
60293	1685.1	1873.0	11167.4
6438	1694.8	1975.2	11528.8
72542	1689.2	1902.8	11452.4
38782	1687.0	1948.8	11448.5
33900	1702.8	1953.5	11658.2
58768	1692.6	1954.1	11890.7
5143	1694.6	1984.4	11889.0
40664	1687.3	1970.4	11326.4
30775	1680.6	1942.0	11216.4
1582	1703.3	1981.0	11594.9
65244	1689.8	1877.6	11353.7
20680	1685.0	1884.3	10971.3
74122	1692.0	1890.8	11315.9
22271	1692.1	1939.7	11486.7
16695	1706.0	2034.7	11781.3
60790	1692.2	1957.5	11278.2
67365	1677.0	1888.4	11097.3
9269	1695.9	1966.2	11383.8
74855	1702.4	1974.9	12041.7
3667	1701.7	1979.5	11344.3
60657	1691.5	1917.8	11354.1
37651	1701.8	1990.7	11705.3
31629	1695.4	1885.0	11211.5
26767	1697.2	1931.6	11433.7
5311	1701.6	1927.9	11533.4
29639	1686.7	1927.0	11246.3
53166	1689.4	1937.6	11662.2
14489	1689.4	1949.2	11458.2
49758	1716.2	1970.2	11801.0
16854	1694.9	1944.3	11439.3
16905	1703.5	1982.5	11893.3
47205	1687.2	1936.2	11267.8
33735	1689.1	1895.1	11253.5
4895	1695.9	1903.1	11389.6
38757	1674.6	1894.5	11145.6
6505	1701.1	1950.6	11569.1
60475	1681.0	1899.8	11368.7
68479	1694.5	1952.6	11427.5
19014	1703.1	1959.4	11526.0
13582	1689.8	1946.8	11322.0
40281	1684.7	1908.1	11041.1
15339	1691.0	1924.4	11509.9
57717	1682.0	1913.9	11177.1
51289	1692.3	1910.1	11230.9
58567	1695.2	2009.1	11523.7
40684	1687.3	1901.4	11169.4
71205	1676.8	1855.8	11050.7
24232	1698.2	1908.3	11360.6
15432	1681.0	1864.5	11171.2
38068	1691.0	1930.1	11360.3
25659	1699.9	1895.1	11213.8
53756	1666.0	1818.8	10719.2
42186	1689.8	1935.7	11268.5
37975	1683.9	1928.0	11335.7
13641	1695.6	1953.5	11387.0
33624	1692.4	1963.1	11482.8
10869	1680.9	1891.0	11165.3
33133	1680.4	1902.5	11284.6
6842	1671.3	1857.1	10786.9
72181	1702.8	1950.3	11850.4
8462	1701.0	2004.9	11633.0
12107	1687.2	1918.1	11277.9
13033	1689.1	1956.1	11444.7
50440	1691.1	1897.3	11650.9
16532	1691.9	1919.1	11202.4
31775	1682.1	1932.0	11463.0
21172	1686.1	1877.3	11292.9
25467	1682.3	1895.6	11123.5
17096	1683.1	1948.6	11179.3
734	1687.9	1933.8	11253.9
24041	1681.9	1916.9	11087.4
18739	1689.9	1950.3	11482.1
62715	1687.2	1929.7	11856.1
27828	1700.6	1966.9	11644.1
66958	1696.4	1892.7	11161.8
17382	1692.6	1904.7	11348.3
28595	1690.6	1953.4	11471.8
31051	1683.2	1906.0	11163.1
15105	1687.4	1907.4	11348.0
4135	1682.6	1904.4	11147.2
39622	1690.2	1936.0	11295.9
13899	1686.0	1950.9	11498.1
57068	1693.3	1993.7	11621.4
70117	1689.3	1915.1	11304.7
68255	1690.7	1949.7	11338.3
44163	1689.7	1926.7	11397.2
14801	1685.6	1961.3	11350.4
34075	1692.7	1951.7	11482.9
66299	1694.2	1951.6	11405.1
7415	1688.1	1958.4	11286.7
56970	1698.3	1947.8	11788.6
7824	1680.2	1930.8	11097.9
23301	1709.0	1974.7	11867.0
51917	1685.7	1973.3	11512.2
57391	1701.5	1956.2	11566.3
25042	1705.9	1988.6	11608.5
72247	1693.0	1916.9	11338.4
3078	1699.1	1962.4	11688.0
37024	1692.4	1933.5	11293.2
51042	1680.4	1893.2	10983.1
73172	1680.6	1884.5	11150.1
25782	1689.9	1901.6	11273.7
69577	1698.0	1934.6	11397.7
11742	1681.0	1941.2	12407.5
31362	1687.6	1926.4	11382.6
67789	1693.0	1937.1	11438.2
18213	1695.6	1915.2	12364.8
37834	1702.0	1964.9	11672.2
56229	1693.1	1901.8	11423.4
5931	1684.9	1918.4	11369.1
32001	1691.4	1919.7	11353.9
5067	1694.9	1917.3	11186.8
10217	1687.7	1938.3	11290.9
23571	1698.3	1915.0	11467.2
59787	1684.0	1927.5	11479.4
69910	1675.9	1867.5	11009.5
23991	1699.7	1929.3	11480.0
25736	1691.8	1962.3	11671.1
36544	1675.3	1866.4	11000.3
33069	1702.8	1984.6	11849.0
15310	1673.8	1841.0	10851.5
20437	1690.5	1896.3	11053.8
64953	1688.9	1900.6	11372.8
41441	1689.2	1934.9	11319.4
8541	1684.5	1931.3	11138.8
1545	1691.3	1869.1	11141.5
14233	1698.6	1940.3	11518.7
43623	1709.2	1965.2	12048.1
39151	1694.9	1922.0	11439.1
44913	1683.7	1905.7	11186.0
49267	1696.6	1961.1	11420.1
41828	1690.0	1943.8	11366.7
1784	1691.4	1941.7	11346.0
34263	1701.2	1928.3	11383.3
9355	1685.0	1946.3	11299.1
3405	1686.7	1963.4	11537.3
68278	1688.5	1937.4	11581.1
46966	1682.7	1915.4	11191.1
40341	1695.4	1951.0	11298.0
5671	1686.6	1985.2	11396.2
43506	1675.8	1924.2	11059.7
33350	1693.6	1946.8	11404.7
40757	1697.4	1959.7	11512.6
59660	1689.8	1916.3	11399.0
25438	1691.5	1967.7	11452.2
40386	1690.9	1913.7	11323.1
6007	1683.0	1898.6	11152.8
11948	1689.3	1963.6	11600.6
61174	1689.6	1859.9	11376.3
54846	1683.8	1937.4	11651.4
44605	1692.7	1909.3	11271.0
70208	1696.7	1970.6	11607.2
66101	1699.9	1942.4	11536.6
32592	1683.5	1884.6	11041.2
58159	1684.5	1914.8	11562.2
9063	1694.9	1935.9	11511.3
10374	1684.3	1882.0	11107.3
60537	1670.9	1894.0	11715.6
834	1690.4	1958.4	11640.7
4788	1687.7	1876.8	11100.8
67085	1699.7	1899.8	11311.6
55102	1691.9	1962.1	11746.6
15704	1687.2	1902.5	11344.8
63093	1698.1	1937.2	12073.9
5631	1684.5	1911.5	11116.8
43981	1688.3	1957.9	11318.6
37111	1688.2	1890.7	11219.2
47912	1683.1	1891.9	11312.0
39108	1670.4	1830.8	10765.0
53395	1692.1	1898.8	11411.6
37882	1702.1	1927.7	11464.2
25725	1701.4	1908.6	11505.8
73799	1691.1	1971.4	12816.9
67418	1700.8	1986.0	11672.5
27374	1682.8	1895.1	11067.3
62464	1673.3	1865.2	10810.1
59601	1695.5	1884.5	11429.8
1929	1690.3	1934.2	11257.6
52227	1693.9	1973.1	11686.4
69319	1701.7	1938.7	11491.3
41762	1670.5	1922.9	11037.1
47008	1685.2	1899.7	11161.0
58801	1702.9	1952.2	11379.2
45343	1682.2	1954.6	11458.5
53469	1705.6	1970.7	11451.9
35704	1694.2	1925.9	11196.9
31273	1685.9	1920.2	11370.5
37479	1682.6	1907.2	11127.9
70606	1697.2	1952.1	11564.9
53969	1693.6	1963.3	11590.6
23245	1687.3	1915.5	11335.0
15215	1693.8	1994.4	11526.7
38371	1687.9	1910.6	11128.8
48356	1689.6	1920.9	11455.8
63353	1705.9	1995.0	11708.7
56553	1691.8	1941.8	11271.9
13355	1683.1	1896.1	11013.5
63048	1686.9	1911.2	11306.5
64269	1678.0	1919.3	11152.8
1095	1689.8	2011.9	11624.6
53012	1701.3	1946.7	11558.2
2415	1690.8	1958.2	11458.9
68137	1688.4	1889.6	11183.2
71489	1682.4	1927.3	11244.7
58826	1693.7	1930.5	11872.2
30693	1698.3	1956.6	11646.7
56677	1698.9	1978.9	11431.9
37684	1673.9	1899.7	11264.5
68327	1695.6	1926.8	11365.1
41500	1689.7	1953.1	11375.7
41261	1691.6	1892.8	11359.4
2756	1684.3	1963.0	11719.4
56849	1694.7	1903.1	12014.0
18176	1692.9	1899.5	11258.5
5364	1689.3	1919.2	11399.2
4850	1693.2	1875.4	11221.1
2180	1687.6	1894.1	11145.0
2512	1688.3	1881.4	11173.2
27079	1680.1	1926.9	11130.2
60061	1697.2	1960.8	11887.9
60644	1678.4	1894.6	11149.8
14430	1686.4	1875.1	11005.7
21352	1706.0	1942.0	11437.1
28332	1689.0	1954.6	11431.0
56310	1677.1	1885.7	11089.8
34173	1687.4	1912.2	11229.1
74484	1693.6	1927.0	11597.1
68608	1686.1	1920.7	11259.7
11863	1708.5	1961.7	11623.1
74348	1682.6	1915.7	11183.8
22349	1690.6	1956.8	11375.8
56164	1674.4	1908.9	11048.7
55823	1697.9	1951.9	11520.1
49205	1692.0	1921.0	11233.6
11613	1698.7	1977.8	11452.2
68428	1678.7	1899.1	11228.9
66728	1673.3	1902.6	11106.8
1728	1684.6	2007.2	11392.5
56352	1687.3	1922.0	11295.6
52006	1684.8	1915.3	11336.7
38450	1678.3	1873.0	11707.4
28133	1682.8	1906.4	10969.8
40055	1695.7	1914.6	11441.1
44861	1689.2	1895.9	11469.4
44033	1687.5	1926.6	11103.3
61751	1690.8	1906.1	11455.3
29426	1700.3	1955.0	11774.7
24264	1695.3	1913.3	11187.8
14413	1681.1	1924.2	11150.5
47733	1697.7	1973.8	11715.4
65557	1682.2	1875.0	11182.5
58155	1682.0	1909.9	11332.0
6679	1699.1	1964.9	11385.2
16201	1688.5	1919.4	11218.5
65196	1684.1	1934.9	11259.9
57714	1687.2	1937.0	11342.1
9333	1690.0	1945.4	11529.9
49130	1703.3	1957.2	11513.0
55541	1682.8	1927.7	11623.9
29980	1694.3	1936.2	11313.9
20140	1684.7	1887.0	11053.3
46637	1685.3	1902.5	11145.0
40874	1683.7	1874.8	10819.2
20131	1676.3	1942.3	11245.2
10691	1688.9	1940.3	11276.1
14570	1678.7	1876.6	11011.7
16480	1690.8	1924.9	11316.9
39682	1685.0	1961.2	11336.8
45607	1703.0	1972.7	11750.0
50641	1679.4	1888.2	11113.5
37655	1689.5	1971.7	11409.7
49215	1690.3	1928.2	11347.6
70538	1685.3	1921.4	11393.1
24165	1704.6	1949.5	11490.9
6315	1686.7	1900.0	11254.2
64550	1684.1	1901.9	11233.9
867	1696.5	1934.9	11335.4
5887	1685.8	1916.2	11213.3
39842	1711.4	1927.1	11840.0
2455	1691.9	1942.4	11286.3
25220	1692.7	1924.1	11524.5
29644	1673.6	1871.1	11159.9
11352	1693.1	1940.3	11431.2
50049	1704.4	1950.6	11699.9
5873	1681.0	1954.3	11354.7
11513	1680.5	1949.8	11270.8
19971	1687.7	1952.0	11153.3
8303	1684.1	1905.8	11238.4
73399	1695.7	1922.7	11576.0
1010	1689.2	1933.3	11301.6
9095	1696.3	1972.9	11308.5
1344	1690.4	1913.1	11598.3
55517	1695.1	1940.2	11504.4
67313	1693.7	1928.3	11607.5
30716	1690.3	1959.9	11550.0
43277	1707.9	1985.0	11797.6
41036	1688.3	1969.7	11552.5
18705	1683.6	1905.3	11088.6
56618	1684.9	1925.7	11308.6
69370	1683.4	1907.0	11185.5
39687	1679.0	1972.1	11622.5
24950	1692.5	1946.8	11450.6
19520	1682.4	1928.5	11245.0
9279	1695.2	1950.1	11652.6
7479	1676.8	1880.7	10934.1
51531	1704.8	1959.4	11534.5
29323	1677.1	1897.8	11164.5
34367	1687.8	1866.4	11342.9
37874	1689.0	1909.4	11283.2
73373	1678.2	1897.7	11111.1
67596	1694.1	1976.4	11436.1
27576	1683.6	1914.6	11212.7
20019	1695.6	1897.9	11174.4
20282	1701.2	1952.5	11586.1
55967	1695.6	1954.3	11656.8
48329	1691.8	1953.5	11449.6
2677	1692.1	1927.6	11357.1
15574	1703.9	2030.3	11538.8
34552	1687.6	1898.6	11125.4
7285	1670.3	1909.4	11100.9
23902	1705.8	1950.0	11568.6
26018	1687.7	1955.5	11497.2
4740	1690.1	1929.3	11473.3
51480	1691.8	1905.1	11368.6
23233	1688.3	1892.9	11286.5
57760	1678.7	1889.9	10978.1
49061	1690.5	1946.4	11352.5
10947	1680.6	1891.2	11046.2
64419	1678.0	1880.6	11103.1
15542	1685.1	1861.6	11102.8
33163	1700.1	1999.5	11718.6
51538	1692.7	1961.7	11592.4
64639	1684.7	1929.3	11245.5
42592	1679.4	1926.7	11211.0
70983	1691.5	1892.0	11238.6
61224	1683.2	1897.7	11295.7
29381	1696.1	1957.6	11501.2
56444	1694.3	1935.8	11607.8
58321	1690.4	1919.2	11556.4
41536	1691.5	1878.3	11327.4
1717	1692.2	1915.9	11198.7
49329	1692.5	1918.1	11424.1
62617	1687.0	1937.3	11304.8
4457	1686.9	1957.0	11768.4
11155	1687.5	1926.5	11279.3
53239	1700.3	1978.3	11909.2
1853	1684.5	1930.1	11207.0
51581	1703.3	1962.9	11898.2
5928	1704.8	1956.0	11554.8
74839	1686.5	1942.0	11220.3
61663	1699.6	1905.6	11489.7
45007	1686.9	1924.2	11256.4
23084	1699.2	2018.8	11706.5
40858	1684.3	1885.0	11164.4
52980	1694.9	1933.9	11380.1
66581	1685.4	1893.3	11109.4
61676	1703.7	1993.2	11715.8
15628	1690.4	1985.1	11485.0
61497	1695.8	1897.5	11380.8
1058	1686.6	1965.8	11266.7
57177	1693.0	1961.5	11863.4
59657	1692.6	1890.3	11258.8
6394	1678.4	1892.1	11080.9
40311	1689.9	1980.0	11445.1
64093	1697.1	1941.1	11374.7
3433	1701.9	1938.1	11527.4
35987	1682.9	1940.3	11646.8
38038	1700.5	1935.6	11531.3
42879	1679.3	1870.7	10996.9
65016	1686.9	1933.2	11323.1
17026	1687.7	1919.1	11172.3
7806	1698.8	1943.2	11649.1
60867	1679.1	1842.8	11006.4
39609	1692.0	1922.0	11516.6
10923	1689.7	1930.9	11150.6
19780	1687.9	1939.6	11427.4
25481	1669.6	1899.1	10980.4
68075	1707.4	1949.1	11608.7
54241	1699.9	1948.9	11781.1
59044	1690.5	1913.4	11421.9
45867	1691.8	1941.4	11300.9
20057	1695.3	1930.8	11324.8
73555	1687.5	1919.7	11359.6
74852	1703.2	1944.1	11665.6
47795	1697.3	1932.6	11453.4
96	1696.5	1999.6	11630.4
15500	1673.7	1891.9	10906.7
20097	1704.0	1922.7	11499.7
29832	1692.0	1905.1	11457.3
43969	1683.0	1848.0	11224.9
52666	1700.3	1973.9	11702.1
41498	1678.0	1895.4	11064.1
12425	1687.1	1955.2	11193.0
125	1698.7	1973.6	11320.2
52727	1695.5	2003.5	11667.1
13577	1701.3	1959.4	12093.7
33885	1694.8	1951.3	11634.1
36056	1684.6	1926.8	11465.7
1786	1687.4	1957.6	11115.3
17845	1700.6	1927.9	11385.5
25552	1685.7	1914.5	11153.7
22921	1708.7	1949.8	11688.9
34054	1678.0	1857.3	11005.1
11933	1690.2	1931.0	11255.0
11701	1689.7	1983.4	11520.9
2993	1696.2	2007.9	11658.9
25653	1683.9	1879.7	11002.8
64908	1695.2	1969.2	11600.6
33941	1690.4	1895.2	11319.3
71636	1684.4	1896.0	11090.1
1358	1685.2	1925.0	11071.3
20832	1701.8	2014.5	11612.1
69190	1676.2	1896.2	11639.2
61732	1692.7	1955.5	11450.7
42587	1679.7	1960.7	11312.9
56720	1705.2	1992.6	11614.5
19133	1689.8	1948.0	11368.0
67832	1683.8	1904.6	11344.7
16945	1690.4	1976.8	11650.8
53075	1691.4	1934.2	11588.7
37289	1700.6	1968.8	11666.1
43342	1681.2	1897.9	11212.9
36667	1697.2	1996.3	11471.5
7633	1687.4	1906.4	12067.3
38151	1687.4	1900.3	11290.4
70088	1696.1	1928.2	12004.6
34431	1688.5	1964.5	11548.4
57300	1681.0	1900.0	11134.5
60515	1678.4	1928.7	11214.9
31063	1698.7	1958.6	11459.6
12522	1683.3	1919.4	11100.5
38727	1704.8	1963.1	11417.8
40898	1706.1	1922.7	11364.2
42104	1686.8	1927.0	11353.3
547	1693.9	1973.1	11578.0
48283	1681.0	1914.0	11354.3
36807	1693.2	1918.1	11402.2
46798	1707.6	1932.4	11841.4
19076	1696.6	1959.5	11501.3
39733	1692.3	1972.5	11632.9
31827	1686.6	1920.9	11104.5
8821	1698.6	1964.1	11551.3
926	1706.2	1885.2	11695.2
18162	1682.1	1891.2	11437.5
68901	1694.7	1926.0	11449.4
74427	1699.9	1932.2	11346.2
16981	1701.9	1940.2	11592.1
3021	1690.2	1929.7	11164.9
1384	1686.5	1946.0	11355.1
65131	1696.8	1955.8	11374.8
58894	1694.2	1903.6	11413.1
61212	1680.5	1912.9	11004.6
42459	1703.3	1959.0	11554.8
65000	1692.1	1898.6	11141.4
37676	1685.9	1924.3	11224.8
49540	1695.2	1942.1	11862.0
14788	1691.0	1938.0	11343.4
41173	1703.2	1969.5	11693.9
47881	1680.0	1944.5	11192.4
199	1693.0	1999.4	11645.6
65913	1694.8	1921.2	11355.8
253	1691.5	1950.4	11331.0
10804	1692.6	1906.5	11245.9
69638	1688.1	1933.9	11549.2
8798	1693.4	1951.4	11427.5
27360	1687.4	1888.1	11254.8
47649	1697.6	1921.8	11456.2
21513	1687.8	1935.9	11501.8
245	1698.4	1953.6	11717.4
46630	1679.7	1935.2	11546.3
51880	1700.2	1945.8	11681.6
32667	1672.8	1874.1	10787.8
62619	1674.3	1840.5	10973.0
44599	1682.3	1885.8	11256.2
58302	1679.4	1887.6	11050.4
29123	1696.2	1967.6	11533.4
13234	1689.6	1912.6	11228.9
15532	1672.1	1889.6	10812.0
71378	1688.9	1907.0	11116.4
2141	1676.7	1914.2	10993.1
59931	1686.0	1918.4	11372.4
57428	1699.0	1933.4	11573.2
48789	1696.3	1925.4	11966.1
1401	1695.5	1942.5	11489.6
6317	1678.0	1925.5	11150.7
74157	1701.8	1921.7	11477.5
10851	1693.2	1964.3	11446.9
3948	1692.5	2002.3	11365.5
70439	1691.3	1916.4	11209.2
18904	1687.0	1875.9	11168.7
18708	1682.8	1889.0	11050.0
13312	1695.2	1907.6	11523.2
3580	1683.8	1907.4	11109.9
33483	1698.9	1958.9	11654.0
12530	1692.8	1930.9	11485.2
68229	1687.5	1897.2	11135.4
50598	1694.3	1915.8	11192.0
1329	1694.1	1927.5	11550.0
40065	1702.4	1942.8	11465.6
70855	1697.9	1950.0	11490.3
11928	1685.3	1894.2	11252.2
70223	1684.9	1939.8	11256.5
8450	1696.0	1902.6	11179.2
26073	1690.5	1971.2	11634.9
68521	1680.3	1930.5	11330.9
74512	1673.1	1890.9	11154.1
71291	1692.5	1915.8	11591.8
68382	1679.4	1895.9	10877.6
25646	1688.0	1991.7	11474.3
6042	1701.7	1930.4	11426.0
20643	1694.0	1923.7	11333.1
68981	1684.6	1848.6	10898.4
36686	1704.3	1984.8	11575.0
11699	1695.0	1953.5	11347.7
29719	1703.6	1977.4	11689.1
33092	1671.4	1865.9	10969.3
17071	1701.8	1923.9	11561.8
12084	1684.2	1918.7	11219.3
12550	1686.1	1909.7	11268.0
62119	1688.1	1917.4	11300.6
10828	1675.5	1879.9	11015.1
51627	1667.5	1877.6	10739.9
26523	1680.0	1908.6	11106.8
68995	1683.3	1886.6	11004.9
34614	1679.6	1900.7	11093.9
23260	1675.9	1895.4	10986.8
31660	1677.1	1870.8	11049.6
65549	1694.1	1944.1	11479.7
23771	1694.8	1916.1	11463.1
42644	1699.1	1948.9	11798.1
41495	1696.6	1916.2	11294.7
19883	1684.0	1918.0	11224.9
37105	1690.2	1940.7	11890.6
10585	1670.8	1865.2	10942.6
20611	1693.3	1942.2	11755.3
61639	1694.0	1920.4	11349.9
43326	1685.8	1898.3	11219.5
53032	1681.4	1886.6	11107.3
10679	1686.1	1857.6	10997.0
62409	1707.1	2038.3	12285.2
15809	1692.3	1920.2	11334.6
46171	1690.4	1926.9	11167.5
26332	1691.5	1970.2	12434.2
16336	1689.0	1952.4	11310.5
69173	1695.1	1932.7	11399.9
58290	1688.7	1922.9	11321.5
29460	1699.1	1984.4	11626.9
37131	1690.8	1929.9	11373.5
32742	1712.4	2015.5	11809.7
51928	1699.2	1906.6	11602.5
39140	1710.0	1970.7	11692.6
16956	1692.2	1971.9	11625.3
55658	1682.8	1905.2	11922.6
37022	1683.5	1885.3	11335.0
53054	1692.8	1974.0	11578.5
60438	1678.4	1873.9	11077.4
7921	1696.2	1961.2	11426.8
61118	1698.3	1963.8	11555.7
18462	1680.4	1925.7	11888.4
24947	1693.8	1942.9	11288.1
42716	1683.2	1924.8	11196.5
34646	1686.2	1889.1	11193.3
49640	1707.1	1991.5	12032.4
12976	1693.5	1949.2	11386.7
59436	1693.2	1941.3	11428.2
4104	1708.6	2000.1	11866.2
35540	1700.2	1974.2	11514.2
66083	1684.4	1897.2	11062.3
53359	1683.1	1957.8	11400.1
54130	1683.5	1890.6	11195.4
12045	1684.2	1931.2	11438.1
22250	1691.0	1937.8	11466.1
66986	1689.9	1922.1	11831.6
66450	1687.1	1875.1	11100.8
10181	1677.5	1957.5	11446.1
29816	1680.6	1929.8	11393.7
5288	1678.1	1866.5	10982.2
50828	1692.1	1933.0	11457.3
10695	1694.8	1965.5	11728.6
28762	1675.3	1896.6	11220.5
16815	1674.4	1884.9	11058.9
19583	1691.0	1938.3	11634.4
22104	1703.8	1939.3	11566.5
9273	1691.0	1926.3	11329.7
43290	1686.8	1930.6	11448.8
59008	1689.4	1908.8	11171.7
33181	1674.4	1896.1	10890.8
12068	1681.2	1915.8	11233.2
25002	1687.9	1955.7	11400.6
72188	1685.2	1956.5	11302.5
18286	1685.9	1908.1	11400.7
28292	1687.6	1958.6	11354.5
73893	1689.8	1883.6	11387.7
66423	1689.1	1882.1	11145.1
18820	1678.9	1950.7	12082.6
22343	1690.7	1948.2	11399.6
66919	1691.7	1909.2	11470.9
74651	1681.3	1891.7	11064.3
53907	1690.9	1944.7	11235.7
40350	1685.2	1872.3	11513.6
12092	1698.1	1928.3	11635.2
12003	1693.6	1959.0	11746.9
8734	1695.5	1974.8	11846.0
59113	1689.1	1929.1	11391.1
32908	1686.1	1979.9	11435.0
34261	1696.4	1962.6	11404.5
66298	1680.6	1906.2	11091.7
30326	1690.4	1966.0	11603.2
51650	1693.8	1935.6	11276.9
10117	1691.7	1963.6	11473.1
8924	1694.3	1941.5	11402.0
70792	1699.4	1911.5	11320.9
65865	1688.6	1894.8	11351.2
54687	1685.6	1932.7	11318.5
68987	1691.6	1905.1	11125.7
72966	1711.2	1940.4	11569.5
37080	1691.3	1905.7	11372.0
73095	1696.6	1932.4	12029.7
56835	1686.0	1882.3	11142.3
20663	1701.8	1950.1	11316.7
20221	1697.9	1972.4	11629.5
67530	1693.4	1930.7	12111.9
51527	1695.2	1962.6	11567.0
19826	1693.1	1971.4	11565.8
74757	1687.6	1924.0	11299.8
52069	1695.4	1991.8	11749.3
4890	1692.4	1951.1	11406.0
42487	1681.5	1891.3	11311.9
59973	1687.8	1920.8	11409.3
28175	1690.8	1928.1	11236.0
36612	1690.1	1972.4	11449.0
6639	1691.6	1951.2	11548.6
9176	1694.8	1938.0	11454.7
1276	1679.3	1911.9	11149.5
39297	1687.0	1960.1	11438.3
57816	1683.8	1919.9	11106.8
52785	1683.1	1870.4	10949.5
43395	1685.5	1900.7	11170.0
1911	1703.8	1974.5	11507.7
23648	1699.5	1984.8	11649.8
58282	1689.9	1921.6	11293.4
1207	1684.7	1899.6	11274.4
43189	1699.7	1989.7	11404.5
72892	1682.7	1906.9	11430.3
62877	1703.4	1967.1	12203.4
30791	1708.2	2008.1	11968.1
37366	1689.7	1933.3	11425.4
34485	1680.7	1899.9	11185.5
63659	1690.2	1898.2	11403.6
66396	1684.2	1936.7	11289.9
37464	1687.7	1963.5	11415.7
54421	1694.9	1966.1	11563.1
7918	1698.2	1945.6	11487.1
20645	1678.3	1927.6	11290.2
34340	1698.1	1931.1	11499.9
55312	1688.6	1954.6	11496.3
43989	1699.1	1937.5	11570.3
29088	1688.9	1936.3	11390.4
8389	1696.4	1927.3	11291.6
73720	1695.9	1965.9	11517.6
59590	1693.9	1934.3	11530.5
33212	1690.7	1908.2	11226.6
23358	1689.3	1939.9	11412.8
66972	1700.0	1921.1	11425.7
28418	1686.8	1898.4	11189.5
63442	1688.1	1955.7	11344.3
74226	1708.6	1984.2	11897.3
27595	1685.5	1959.7	11944.8
43694	1706.5	1924.1	11579.4
73693	1682.8	1866.2	11335.8
39104	1684.9	1858.0	11145.6
10576	1688.7	1936.8	11381.2
26631	1678.6	1906.5	11430.3
48479	1687.9	1932.9	11658.7
1528	1703.3	1991.8	11677.4
59159	1696.4	1966.7	11584.5
70707	1706.7	1946.9	11499.6
54339	1697.1	1940.8	11475.5
47168	1658.9	1865.7	10839.0
70096	1703.7	1938.3	11428.7
40691	1685.5	1944.7	11416.2
18979	1703.4	2007.9	11959.5
7262	1685.2	1919.8	11130.1
12134	1702.9	1923.3	11628.7
46493	1687.4	1918.9	11325.8
67837	1693.7	1922.7	11444.5
4699	1694.8	1937.4	11463.8
32259	1697.8	1942.2	11500.8
53195	1691.7	1922.9	11377.9
72476	1675.5	1912.1	10891.7
17055	1693.5	1903.2	11363.9
66328	1694.3	1955.8	11439.1
26249	1697.6	1938.8	11449.9
66868	1685.9	1887.5	11008.6
35299	1701.5	1977.2	11700.1
72664	1679.0	1888.5	11197.7
21708	1702.4	1980.9	11722.6
25927	1700.4	1910.3	11432.4
47750	1681.1	1870.8	10908.7
8310	1687.1	1921.0	11254.9
9096	1695.4	1925.5	11484.9
16191	1676.9	1925.6	10966.4
70834	1696.1	1941.7	11315.3
24286	1684.9	1925.9	11419.9
55310	1712.1	1963.7	11785.6
6762	1688.6	1943.8	11360.3
64007	1691.3	1879.5	11366.1
4722	1684.9	1917.3	11084.1
34007	1690.5	1997.6	11430.5
58456	1689.9	1915.7	11367.3
5	1703.0	1924.3	11553.3
52033	1684.8	1900.5	11206.6
46968	1697.6	1930.2	11562.1
16345	1676.5	1959.5	11204.5
2794	1700.7	1952.4	11460.7
59608	1680.3	1905.9	11087.1
3724	1701.2	1964.0	11451.0
13806	1684.0	1908.6	11107.9
3781	1692.2	1998.9	11736.9
41326	1686.9	1898.4	11318.1
23238	1706.8	1948.6	11757.3
33049	1694.5	1913.4	11311.6
29245	1703.9	2000.4	11849.4
59472	1685.1	1913.3	11207.2
62856	1691.9	1945.2	11875.6
46241	1695.3	1956.7	11354.6
8588	1685.7	1915.7	11306.0
6382	1697.0	1965.5	11493.7
2131	1675.7	1879.7	11008.2
43528	1697.5	1966.7	11508.2
73201	1689.2	1939.9	11262.2
48121	1693.6	1962.3	11369.9
44143	1691.3	1969.4	11469.6
7754	1697.4	1957.4	11576.3
21544	1681.6	1869.2	11252.5
53754	1687.4	1911.1	11199.1
13294	1679.6	1928.2	11180.7
56554	1676.5	1879.5	11119.2
18847	1694.9	1917.7	12122.8
62670	1701.5	1938.6	11447.9
7401	1697.9	1950.4	11400.8
7097	1697.0	1947.9	11494.4
45640	1691.9	1934.1	11583.0
1411	1705.7	1964.5	11787.3
56176	1678.5	1897.1	11078.8
69612	1689.5	1951.0	11219.2
8206	1679.6	1886.8	11078.0
11078	1690.1	1931.2	11608.5
38857	1678.1	1857.5	10977.9
16844	1701.2	1932.9	11818.5
26547	1687.4	1898.3	11359.5
62539	1687.5	1948.5	11245.6
49237	1685.7	1887.6	10979.1
14283	1691.7	1973.5	11376.6
49062	1696.8	1928.8	11329.5
66236	1701.1	1931.6	11508.4
64675	1687.7	1941.3	11262.4
14089	1689.9	1939.7	11484.0
41251	1694.1	1910.2	11449.4
43106	1683.7	1917.3	11141.2
31791	1692.9	1939.3	11290.5
18058	1695.7	1949.1	11584.9
6560	1694.5	1952.3	11574.8
51407	1685.0	1941.2	11317.6
59084	1691.2	1946.7	11236.9
68957	1692.0	1912.7	11527.5
49856	1683.0	1876.8	10914.2
63196	1692.6	1939.9	11375.4
73375	1687.3	1899.7	11385.9
53231	1694.3	1940.5	11629.0
44688	1681.0	1910.9	11006.3
57521	1705.1	1964.1	11474.5
3912	1689.1	1936.6	11333.9
34825	1693.3	1929.6	11341.1
38380	1696.3	1907.1	11527.9
67795	1689.0	1875.7	11154.2
64404	1701.7	1936.3	11808.0
9575	1678.9	1933.4	11000.4
71030	1662.7	1883.2	10843.5
18629	1687.7	1915.1	11080.8
19605	1704.7	1976.0	11831.3
63274	1685.6	1933.3	11300.3
55508	1687.5	1938.0	11853.0
60237	1693.5	1898.6	11085.5
1415	1703.2	1934.2	11487.1
49789	1690.9	1868.4	11473.9
47933	1687.8	1936.5	11304.1
72456	1683.6	1931.6	11388.8
49762	1670.5	1905.0	11175.6
46915	1686.5	1909.4	11333.8
39114	1694.4	1933.3	11633.6
44061	1692.1	1904.1	11434.3
22884	1687.5	1867.7	11326.4
57798	1681.2	1887.5	11039.1
16478	1678.3	1917.2	11400.5
28046	1689.1	1874.4	11061.4
8367	1690.2	1966.0	11432.7
1224	1686.5	1952.9	11488.2
2971	1689.3	1882.1	11182.5
69709	1678.9	1881.3	11073.9
14833	1692.2	1893.4	11415.8
30171	1691.1	1962.4	11484.0
46706	1685.7	1896.8	11172.4
9389	1686.3	1937.1	11074.1
60435	1689.2	1935.8	11210.3
72858	1684.3	1928.6	11193.4
38273	1683.9	1938.3	11179.2
33479	1678.3	1893.3	11030.3
45704	1685.4	1896.0	11221.2
39192	1683.5	1923.7	11182.2
17867	1690.3	1904.7	11267.4
64091	1686.8	1927.4	11450.5
53855	1677.4	1863.3	10873.1
39308	1690.1	1948.6	11599.5
31781	1688.6	1946.8	11490.5
56388	1696.8	1910.4	11480.4
30136	1705.2	1938.1	11579.8
71337	1692.1	1905.2	11298.2
60355	1691.9	1901.2	11489.5
68441	1694.9	1984.8	11529.3
48944	1689.2	1926.3	11338.7
59017	1719.2	1969.1	11876.0
13632	1691.7	1904.6	11530.6
44097	1692.2	1971.8	12189.9
41914	1682.1	1932.7	11087.4
44665	1700.4	1963.7	11729.6
40776	1685.6	1919.3	11590.4
41940	1690.5	1935.3	11388.1
18130	1673.7	1894.0	11029.2
19530	1693.7	1958.9	11411.9
39463	1683.1	1928.8	11348.9
59595	1704.5	1953.8	11465.7
71562	1685.6	1950.8	11392.7
17295	1708.5	1936.5	11726.4
49399	1691.7	1948.2	11444.6
74300	1685.8	1914.2	11322.1
40021	1688.8	1906.3	11213.2
7018	1698.5	1941.7	11494.1
52467	1701.0	1916.8	11409.4
53020	1689.8	1897.0	11254.7
48076	1688.5	1930.7	11283.8
52325	1678.1	1877.1	10964.8
4639	1698.0	1950.9	11719.8
23422	1688.2	1932.0	11439.7
36836	1686.5	1932.0	11467.3
8236	1698.2	1918.6	11295.0
44507	1679.8	1909.9	11052.0
54823	1693.4	1946.6	11300.9
58062	1684.2	1925.2	11172.9
17059	1691.5	1962.0	11333.2
51501	1683.7	1909.2	11379.4
52075	1697.1	1965.7	11333.0
67135	1679.9	1898.5	11060.1
10528	1699.3	1917.3	11370.5
28793	1705.3	1972.2	11874.8
44624	1693.4	1956.7	11565.3
73197	1699.7	1891.8	11482.0
44679	1691.4	1911.2	11273.9
33029	1694.2	1889.1	11088.4
12639	1682.7	1898.4	11067.1
62407	1690.4	1936.0	11208.6
70254	1692.3	1907.8	11292.5
29140	1688.6	1948.0	11818.0
63083	1685.0	1910.2	11114.6
42120	1677.6	1871.1	10846.7
53776	1678.7	1874.1	11058.4
17196	1690.7	1919.5	11266.5
63230	1693.4	1959.7	11665.6
39925	1690.2	1925.5	11350.2
15320	1691.6	1955.5	11425.4
10953	1685.9	1921.5	11190.2
1292	1693.8	1967.0	11523.9
32392	1684.8	1915.8	11405.1
5104	1671.8	1880.8	11042.6
35316	1682.0	1923.1	11239.6
7309	1686.7	1918.5	11280.2
9786	1684.7	1956.4	11692.1
34110	1700.5	1974.2	11529.8
3969	1693.6	1991.6	11519.8
43835	1684.3	1910.0	11174.0
37760	1685.4	1912.2	11206.7
42616	1697.1	1946.7	11526.8
30142	1690.1	1914.9	11350.3
62534	1690.7	1933.8	11236.2
37710	1704.2	1932.9	11310.1
35188	1684.0	1914.0	11109.8
45371	1697.0	1943.9	11482.1
66717	1689.1	1940.7	11463.6
32546	1691.6	1925.2	11257.8
67791	1697.8	1935.4	11641.8
49936	1682.8	1915.7	11286.0
8950	1704.7	1976.5	11695.3
11889	1691.8	1966.4	11545.4
24887	1675.0	1909.2	11150.0
67978	1678.3	1884.9	11086.3
30587	1695.5	1905.2	11384.3
10186	1676.9	1909.1	11153.3
49246	1675.5	1901.1	11092.4
37054	1699.7	1922.5	11343.3
6688	1695.3	1915.6	11305.0
41439	1682.8	1897.3	11266.6
56359	1675.0	1877.1	10879.7
54748	1662.1	1841.8	10635.3
1617	1694.3	1959.0	11533.3
27271	1694.9	1971.0	12167.1
56810	1684.3	1868.6	11163.5
54077	1714.0	1956.1	11800.9
61094	1685.9	1842.1	11029.0
55749	1695.0	1918.4	11525.9
72113	1699.1	1887.6	11463.6
57510	1682.5	1943.7	11396.2
38069	1683.1	1946.2	11407.0
