9973	1149.0	1410.0	2429.1
4588	1149.0	1400.7	2478.6
7411	1142.2	1406.6	2407.4
8702	1141.3	1391.2	2361.2
6348	1158.2	1430.5	2450.2
4727	1137.1	1333.7	2326.3
3233	1149.6	1346.6	2362.9
5423	1147.5	1429.6	2416.6
6849	1149.3	1414.0	2396.1
6375	1146.2	1403.3	2384.5
7121	1152.3	1423.1	2390.6
1509	1149.9	1449.2	2479.3
3862	1152.3	1423.7	2388.8
9373	1142.8	1369.6	2333.9
8065	1150.9	1472.1	2483.5
2592	1157.4	1446.4	2455.1
8010	1145.0	1420.2	2591.7
4610	1144.2	1400.4	2402.4
3530	1142.4	1368.5	2324.0
1678	1139.9	1410.3	2336.9
7951	1135.0	1383.2	2313.6
6241	1147.8	1385.8	2386.8
7801	1150.6	1460.3	2411.4
7517	1152.2	1417.6	2425.2
5400	1150.6	1414.4	2400.3
7608	1151.9	1457.8	2512.7
480	1152.2	1433.3	2439.5
7369	1142.5	1411.7	2415.0
6140	1134.0	1357.5	2350.9
2457	1160.6	1414.1	2536.8
2004	1144.1	1378.1	2342.8
7257	1146.8	1381.4	2385.8
9902	1138.5	1409.5	2340.4
4967	1146.4	1361.6	2362.4
4128	1144.4	1350.3	2282.5
7996	1146.9	1364.0	2353.0
5084	1142.4	1345.3	2309.8
7588	1148.9	1353.2	2393.0
5316	1151.2	1404.3	2458.8
9667	1140.1	1374.8	2308.2
7670	1149.7	1425.8	2371.2
9673	1154.4	1415.0	2414.3
8655	1156.4	1478.1	2520.5
5498	1136.2	1352.3	2278.3
8358	1146.6	1389.5	2362.3
2446	1140.2	1405.6	2353.7
9290	1160.5	1478.8	2513.3
3871	1149.6	1386.8	2420.5
5573	1147.6	1425.9	2423.7
2659	1155.6	1397.4	2443.3
6802	1150.4	1381.4	2381.7
6450	1143.4	1370.4	2362.0
8634	1137.7	1437.3	2451.2
2992	1144.7	1378.0	2382.9
5222	1147.3	1412.8	2544.9
8527	1143.1	1417.8	2405.1
9854	1138.9	1413.3	2357.0
4835	1143.7	1424.4	2413.1
7024	1146.3	1395.2	2375.5
9965	1141.9	1394.3	2420.4
95	1149.2	1384.7	2412.0
9259	1145.2	1346.1	2356.5
8764	1157.1	1408.1	2484.6
8238	1151.0	1370.5	2402.1
428	1154.0	1378.5	2420.7
4381	1144.4	1405.2	2347.2
8046	1142.3	1409.0	2382.5
6922	1145.3	1393.2	2364.2
4809	1143.3	1373.7	2376.8
943	1145.4	1374.2	2363.3
3735	1156.0	1389.3	2387.1
3904	1150.4	1397.0	2417.9
3100	1155.2	1499.4	2469.1
4122	1142.9	1390.0	2334.4
8884	1147.1	1386.0	2358.1
6813	1148.9	1403.5	2540.9
7946	1138.6	1373.0	2369.0
5852	1151.3	1368.9	2386.0
1219	1150.0	1335.1	2353.3
6441	1151.7	1431.2	2433.0
4892	1135.0	1348.2	2289.5
3994	1137.6	1404.5	2323.1
789	1139.9	1397.2	2364.4
2382	1142.1	1399.2	2332.4
5875	1148.2	1428.6	2382.3
8694	1156.6	1446.1	2467.2
9887	1154.7	1408.6	2457.5
2715	1153.6	1482.1	2579.0
522	1146.5	1419.6	2397.3
2876	1160.6	1491.5	2516.9
8991	1145.3	1407.2	2398.7
7859	1150.8	1455.2	2453.8
7413	1146.4	1353.3	2317.3
6362	1147.8	1390.0	2348.2
1547	1134.1	1370.0	2308.4
4120	1146.0	1414.8	2416.5
8108	1134.9	1348.9	2304.2
4735	1150.6	1390.4	2431.4
7146	1142.5	1404.0	2378.3
6428	1143.1	1392.8	2400.1
6288	1132.4	1355.2	2303.5
8959	1147.1	1366.1	2378.7
4581	1137.3	1420.5	2381.9
1663	1161.1	1466.4	2532.7
458	1151.6	1357.8	2399.0
7970	1146.1	1363.1	2372.0
7507	1148.7	1336.3	2323.1
7120	1148.1	1349.4	2327.4
5113	1138.3	1425.6	2396.1
2233	1146.5	1391.5	2381.3
61	1155.1	1415.3	2458.7
8798	1151.0	1388.7	2422.7
7777	1146.0	1384.0	2330.6
456	1154.5	1450.4	2474.5
665	1142.0	1372.3	2360.1
6158	1143.0	1386.9	2355.6
3420	1159.4	1443.6	2462.1
1208	1153.1	1439.8	2425.2
1440	1135.0	1334.6	2303.5
5327	1147.8	1393.5	2361.4
5408	1155.6	1383.7	2430.4
8574	1154.9	1441.9	2484.0
8946	1142.7	1414.5	2441.6
6615	1151.5	1429.5	2388.7
5215	1142.2	1349.2	2348.5
1817	1146.9	1443.2	2466.8
7435	1149.2	1383.5	2348.2
6040	1147.6	1386.8	2403.3
8900	1152.7	1398.5	2498.7
2172	1146.5	1412.4	2395.1
6827	1152.2	1396.5	2415.1
141	1143.8	1404.2	2360.9
5977	1144.0	1357.4	2302.6
9569	1141.5	1358.0	2332.4
3572	1146.9	1421.3	2407.5
7447	1144.8	1357.6	2321.4
9189	1145.5	1354.7	2352.4
8728	1150.8	1398.7	2433.2
2525	1158.9	1436.0	2406.4
5256	1142.7	1366.3	2287.9
7629	1142.3	1368.5	2363.7
3995	1145.7	1393.1	2366.1
7643	1145.0	1382.0	2364.6
4043	1143.5	1365.1	2368.3
3707	1141.8	1373.4	2286.9
34	1145.3	1380.4	2340.7
1500	1145.0	1367.9	2383.7
7900	1143.6	1359.3	2318.1
2493	1154.5	1385.3	2404.8
2088	1149.4	1434.5	2439.5
8506	1150.1	1382.5	2540.0
4013	1131.7	1392.6	2274.1
7405	1138.9	1328.7	2277.8
1215	1153.9	1367.3	2404.4
2421	1147.6	1450.4	2461.2
7259	1155.1	1434.5	2433.4
784	1137.7	1409.1	2361.0
1251	1149.1	1402.5	2398.7
2371	1149.8	1454.6	2479.9
9720	1154.1	1394.9	2342.4
2349	1147.3	1410.9	2462.5
1615	1151.3	1416.0	2375.4
8700	1150.5	1403.1	2425.1
9598	1144.6	1365.6	2382.9
3566	1146.0	1391.7	2333.1
3512	1135.4	1366.2	2311.8
2257	1142.8	1379.4	2367.2
2672	1148.0	1374.0	2363.1
7529	1144.4	1374.2	2303.2
5827	1135.5	1405.7	2317.6
6264	1145.3	1388.6	2381.3
6303	1141.4	1397.3	2394.9
1232	1142.9	1355.4	2341.7
8970	1147.7	1366.9	2344.8
4326	1149.5	1410.1	2409.0
1877	1148.9	1417.5	2430.7
283	1142.8	1392.8	2365.7
850	1142.6	1316.6	2286.7
2982	1146.1	1412.9	2461.6
1857	1146.9	1406.6	2387.1
8436	1138.4	1369.7	2398.1
538	1135.7	1345.1	2404.7
4574	1142.0	1440.9	2508.6
3000	1149.9	1427.1	2405.5
5825	1151.2	1413.6	2402.6
1164	1154.1	1434.3	2539.6
898	1139.3	1383.6	2335.8
8024	1151.2	1389.1	2341.7
6487	1150.3	1390.8	2373.5
4676	1144.4	1402.1	2369.9
3893	1146.6	1425.3	2436.1
7814	1153.0	1378.7	2408.5
8118	1143.3	1449.7	2387.7
8210	1148.6	1407.3	2353.8
5898	1146.5	1388.9	2408.2
6389	1153.0	1385.6	2413.3
189	1155.9	1483.8	2641.4
4895	1141.6	1360.2	2340.9
6344	1134.7	1391.1	2367.8
9494	1137.8	1373.0	2309.3
2308	1150.4	1392.2	2489.9
1744	1152.8	1406.9	2350.2
2180	1142.6	1385.3	2353.7
740	1146.8	1382.3	2356.7
7500	1139.9	1369.6	2311.9
249	1146.6	1349.6	2391.2
1259	1153.4	1414.5	2417.9
1254	1152.1	1450.7	2465.4
5815	1149.5	1382.3	2389.3
2160	1133.8	1300.8	2267.6
2782	1142.7	1433.8	2538.7
946	1141.9	1366.7	2296.9
7083	1151.4	1456.9	2458.9
9872	1145.1	1380.6	2393.0
7250	1145.6	1390.0	2403.8
5475	1150.5	1390.9	2405.0
9058	1150.0	1380.6	2385.3
9924	1144.0	1377.6	2355.7
6998	1152.2	1440.4	2407.6
4804	1146.2	1408.3	2335.8
1285	1147.7	1366.1	2389.2
2898	1146.4	1353.8	2342.6
6004	1142.7	1379.1	2314.2
9912	1149.8	1439.5	2455.0
8603	1152.6	1417.3	2488.3
8230	1142.6	1383.7	2445.1
9128	1146.4	1392.8	2376.4
4324	1145.2	1444.2	2461.7
7277	1137.3	1401.8	2342.9
3376	1152.3	1387.9	2399.0
4778	1140.3	1385.3	2431.5
2537	1144.4	1367.0	2351.7
1452	1153.3	1435.3	2463.0
5697	1145.8	1347.2	2323.1
5311	1138.4	1412.9	2419.2
4770	1148.1	1409.3	2363.9
4473	1133.4	1396.3	2351.3
4021	1145.7	1371.1	2389.8
8466	1149.9	1422.1	2393.4
8892	1144.4	1399.1	2406.9
605	1145.7	1423.2	2421.1
6317	1145.5	1366.3	2332.1
4894	1136.6	1386.0	2487.7
6733	1136.1	1337.0	2348.4
6439	1156.0	1399.2	2634.2
6608	1151.0	1362.9	2375.0
6473	1150.5	1425.4	2406.2
1858	1152.6	1416.7	2380.3
6469	1139.7	1369.0	2325.2
6113	1145.6	1401.8	2354.1
4000	1140.0	1351.9	2360.2
9831	1140.8	1367.0	2294.7
5844	1151.5	1427.4	2419.0
999	1145.6	1387.3	2324.2
8301	1143.4	1377.0	2315.0
9886	1139.7	1378.9	2382.3
4378	1152.5	1445.0	2426.2
3073	1154.6	1409.4	2487.5
6934	1143.4	1377.4	2366.1
1013	1146.4	1399.8	2376.5
8194	1143.3	1426.2	2367.6
8922	1147.9	1429.5	2620.5
6649	1149.1	1401.1	2407.5
8769	1143.3	1377.3	2347.4
2018	1144.6	1361.5	2308.5
4483	1150.8	1394.0	2396.9
7018	1143.6	1337.0	2314.3
6565	1145.1	1379.7	2328.5
1489	1146.9	1362.1	2348.8
6905	1146.4	1423.2	2379.9
5118	1156.3	1433.5	2450.4
2079	1148.9	1423.6	2434.1
9949	1150.4	1378.0	2376.8
9951	1140.5	1422.2	2368.7
8471	1146.4	1387.9	2387.4
1860	1145.1	1449.0	2374.1
3300	1151.6	1407.2	2411.3
312	1141.3	1396.6	2337.3
1229	1161.9	1483.7	2586.2
9497	1151.8	1392.9	2437.3
1738	1143.6	1416.8	2360.2
8251	1143.8	1389.7	2423.4
5882	1140.3	1387.2	2364.0
4525	1143.6	1345.2	2357.0
9324	1149.5	1396.0	2344.2
45	1143.3	1356.6	2350.5
3171	1139.9	1406.5	2358.9
9576	1150.9	1390.4	2423.2
6231	1144.5	1413.6	2363.3
8699	1142.5	1388.3	2356.8
1766	1155.1	1433.0	2428.7
2976	1155.6	1438.5	2468.4
2162	1147.5	1397.7	2384.8
4246	1155.6	1425.2	2425.1
1090	1149.1	1410.0	2370.2
6508	1151.9	1402.9	2447.5
4936	1144.1	1317.8	2356.3
4932	1142.3	1400.8	2401.2
1900	1142.2	1324.1	2329.7
9760	1151.6	1370.8	2386.3
8776	1150.9	1380.5	2370.4
1949	1136.0	1349.5	2302.5
1017	1139.5	1379.4	2397.5
4295	1145.2	1398.9	2379.6
5746	1139.9	1371.3	2315.0
290	1133.4	1334.0	2276.2
5931	1153.4	1382.8	2442.3
9221	1132.6	1326.7	2250.1
1185	1149.8	1386.5	2369.5
7079	1144.9	1439.7	2393.3
8262	1148.3	1372.2	2416.3
2986	1147.6	1412.0	2348.6
1807	1154.0	1430.1	2463.1
6135	1155.1	1391.9	2391.6
1639	1146.7	1399.9	2363.4
4706	1141.9	1386.8	2335.3
2578	1143.4	1400.9	2362.9
5869	1139.5	1364.8	2308.8
7409	1144.7	1402.6	2400.6
9457	1153.1	1423.1	2442.7
8997	1154.7	1418.5	2451.1
7980	1148.2	1387.0	2360.5
7047	1151.3	1420.1	2427.5
5663	1143.2	1421.4	2375.8
1085	1142.5	1404.9	2335.4
2863	1140.7	1379.1	2380.2
5569	1142.7	1390.7	2309.0
3589	1144.1	1378.3	2315.0
4135	1145.3	1422.5	2438.8
3954	1142.6	1407.5	2370.3
410	1140.8	1344.8	2305.8
1112	1151.1	1440.0	2453.0
1681	1133.4	1378.5	2316.4
8063	1141.6	1398.9	2392.2
5565	1146.8	1364.8	2346.3
8294	1142.8	1369.7	2345.3
7260	1142.5	1348.3	2316.8
5841	1143.9	1395.6	2417.1
179	1145.8	1394.0	2348.0
4607	1140.8	1374.9	2363.7
8709	1149.7	1370.0	2357.6
4034	1154.4	1387.1	2436.7
3471	1141.7	1389.7	2400.4
534	1143.4	1394.5	2399.1
3024	1143.9	1350.5	2326.9
4724	1154.9	1374.6	2375.0
5205	1151.6	1410.4	2418.5
2536	1151.2	1424.2	2441.3
3011	1140.3	1396.3	2327.3
8488	1151.8	1409.2	2364.4
7669	1145.4	1392.9	2412.6
863	1146.5	1402.4	2411.3
9680	1141.4	1319.6	2305.1
6354	1154.6	1417.7	2422.0
4494	1138.1	1384.6	2354.8
8336	1139.4	1372.3	2308.5
3529	1148.8	1462.5	2473.0
8313	1145.7	1373.9	2375.9
3730	1155.0	1376.7	2392.4
3202	1137.9	1353.2	2313.2
668	1147.6	1416.3	2425.0
9455	1146.4	1356.7	2373.5
782	1140.9	1377.2	2324.8
8359	1144.4	1459.9	2450.3
8142	1151.6	1407.6	2436.0
5334	1144.0	1416.4	2408.9
8660	1150.1	1395.8	2449.6
6749	1154.0	1437.0	2419.8
1036	1134.5	1293.1	2255.3
2534	1145.4	1370.4	2330.5
9798	1144.1	1452.5	2402.4
3139	1149.4	1387.4	2442.5
3744	1150.0	1388.5	2350.9
7595	1148.2	1373.1	2331.9
3224	1147.3	1444.9	2421.0
1058	1145.9	1357.4	2434.6
7650	1143.7	1393.6	2390.5
6497	1150.0	1414.8	2379.4
9964	1142.8	1358.6	2293.9
9807	1155.3	1410.4	2405.9
9863	1143.5	1429.6	2414.6
3387	1139.9	1385.2	2367.1
4273	1143.9	1417.6	2408.4
7320	1145.0	1422.2	2415.2
8182	1137.9	1403.4	2356.1
9070	1138.3	1351.2	2360.3
4437	1146.5	1369.0	2378.1
4815	1148.3	1371.7	2398.4
7809	1148.5	1412.0	2450.5
6962	1139.2	1410.6	2330.8
8018	1153.6	1444.6	2594.5
117	1138.8	1368.4	2314.9
9279	1144.2	1351.7	2339.6
6024	1139.2	1403.6	2455.5
1524	1150.9	1398.3	2355.9
2710	1144.5	1370.4	2363.5
9244	1142.8	1455.2	2415.4
4308	1147.7	1412.7	2402.7
6711	1145.8	1401.5	2332.2
1780	1146.0	1358.1	2352.4
1145	1157.8	1411.6	2451.1
4900	1144.7	1407.9	2389.9
3841	1140.6	1413.2	2377.5
7465	1144.7	1403.0	2396.6
7364	1143.0	1372.9	2320.4
3382	1153.6	1446.4	2537.7
4318	1139.5	1368.5	2364.5
9813	1151.1	1411.7	2461.4
701	1153.0	1424.4	2427.2
9661	1155.3	1428.2	2469.2
7454	1139.3	1338.2	2293.7
1597	1144.6	1364.6	2368.3
7818	1143.5	1336.7	2296.7
1512	1148.5	1411.0	2419.0
5221	1135.1	1391.0	2291.0
7148	1138.5	1341.5	2343.2
627	1138.6	1364.8	2329.7
2477	1145.4	1367.1	2359.2
1882	1152.6	1393.4	2390.0
4572	1139.4	1358.4	2293.7
184	1148.7	1421.8	2420.3
178	1144.5	1382.8	2319.9
7385	1155.7	1462.4	2541.0
4604	1148.6	1352.7	2347.0
8609	1144.1	1356.5	2340.5
9888	1147.7	1374.1	2394.5
6511	1141.8	1427.6	2379.1
3580	1148.5	1434.6	2419.5
7323	1145.3	1370.3	2366.9
1315	1147.0	1403.0	2345.4
5578	1138.5	1390.6	2352.2
9978	1141.5	1361.0	2329.9
7408	1152.3	1444.3	2411.5
8726	1146.7	1367.3	2426.2
4817	1136.4	1339.8	2258.3
9672	1144.2	1406.2	2356.9
1818	1142.5	1395.3	2372.0
2290	1146.9	1433.1	2426.2
7786	1145.2	1354.7	2359.3
9514	1147.8	1414.0	2383.9
8880	1144.5	1448.4	2410.6
3804	1153.9	1411.6	2390.2
5069	1146.1	1402.9	2370.1
992	1138.5	1406.7	2409.9
9406	1150.0	1394.7	2437.5
9186	1151.5	1402.0	2375.6
1504	1138.4	1416.0	2378.5
7113	1140.2	1422.2	2394.9
935	1136.3	1342.0	2270.4
6685	1146.6	1382.3	2352.8
2570	1143.3	1403.7	2341.8
775	1139.6	1344.3	2291.7
5360	1141.4	1403.4	2375.8
9329	1140.2	1348.1	2325.3
9510	1145.2	1399.0	2375.2
4015	1140.6	1367.4	2429.7
601	1145.6	1423.9	2449.3
838	1151.9	1374.8	2387.0
9749	1146.7	1419.9	2358.2
7312	1142.6	1386.0	2327.0
2284	1134.7	1364.9	2333.3
9230	1146.3	1378.0	2353.9
381	1142.8	1372.8	2320.5
2872	1145.6	1408.2	2367.9
6675	1142.2	1402.0	2380.3
25	1155.4	1405.9	2366.6
3914	1146.1	1355.3	2390.6
6328	1141.8	1389.9	2329.2
3152	1146.9	1383.2	2332.2
9424	1139.2	1384.4	2367.2
175	1144.2	1376.4	2526.2
5853	1145.4	1361.1	2362.8
6224	1142.6	1383.7	2356.5
7234	1150.8	1407.5	2355.8
7291	1151.7	1446.5	2496.0
1884	1151.3	1446.6	2407.3
801	1157.4	1463.1	2530.3
8095	1143.5	1378.7	2331.4
1154	1152.5	1377.0	2377.1
388	1139.2	1416.8	2389.2
8904	1146.8	1368.5	2346.7
1601	1145.7	1388.4	2413.2
743	1136.9	1357.2	2325.6
3750	1141.7	1413.4	2411.5
4205	1138.5	1382.8	2323.3
2892	1150.2	1419.1	2403.3
955	1144.2	1405.1	2347.0
3698	1141.5	1372.3	2330.2
441	1150.2	1404.7	2428.3
2685	1145.3	1396.6	2393.6
4263	1142.9	1363.9	2355.6
7518	1157.2	1428.8	2535.9
5887	1145.6	1361.0	2363.2
3102	1138.5	1354.5	2317.4
1926	1137.7	1334.1	2286.6
1357	1147.3	1458.6	2429.8
5183	1147.3	1412.4	2421.6
1074	1145.1	1431.4	2469.1
643	1139.0	1384.7	2350.9
5900	1142.9	1351.7	2316.1
3433	1141.0	1375.5	2359.8
8837	1149.7	1420.4	2387.7
3111	1142.2	1444.1	2410.2
7384	1142.8	1335.4	2289.2
882	1146.4	1389.8	2372.8
7526	1138.6	1377.1	2341.3
2548	1144.0	1388.4	2353.3
6908	1155.8	1393.8	2433.8
360	1151.8	1413.5	2371.0
6204	1145.1	1399.2	2348.2
5078	1154.4	1443.3	2414.7
4859	1141.3	1342.2	2280.8
3524	1147.7	1417.3	2366.9
8954	1147.4	1407.7	2379.8
4068	1155.7	1424.0	2421.1
7916	1147.2	1365.1	2355.7
6901	1152.2	1416.7	2435.8
4076	1149.8	1399.6	2407.0
6752	1139.2	1353.1	2298.1
1382	1144.5	1349.9	2321.7
1366	1153.1	1375.6	2382.5
1746	1147.7	1424.6	2400.2
2865	1126.4	1311.2	2173.5
8480	1149.5	1411.2	2368.4
4385	1145.4	1381.4	2315.6
6498	1148.7	1409.8	2386.0
735	1155.8	1380.3	2374.9
8626	1151.0	1358.9	2402.0
1653	1138.0	1347.9	2295.7
8547	1158.3	1413.3	2422.5
1774	1147.2	1393.9	2418.4
1768	1145.6	1355.0	2368.2
1881	1136.3	1381.0	2264.7
8198	1142.6	1404.6	2325.7
910	1142.0	1424.5	2358.8
3984	1154.7	1384.5	2385.9
2409	1140.9	1387.6	2331.7
5652	1151.3	1378.3	2400.5
1814	1144.1	1394.4	2377.0
5922	1139.8	1375.2	2387.9
9363	1143.7	1365.1	2338.3
1966	1147.8	1436.7	2429.4
325	1140.3	1383.0	2331.7
9802	1153.5	1442.2	2496.3
2651	1141.2	1367.8	2345.1
6889	1144.6	1373.3	2366.9
8116	1153.5	1471.3	2408.6
3752	1141.6	1408.9	2402.6
9033	1153.4	1409.8	2414.0
7962	1150.1	1390.7	2432.1
8540	1139.6	1370.5	2434.9
4695	1150.9	1417.9	2431.1
3950	1145.8	1375.9	2333.7
6366	1146.7	1381.1	2350.1
5156	1156.4	1441.0	2503.2
565	1152.6	1425.6	2415.5
4088	1144.7	1401.1	2520.6
1011	1153.4	1393.3	2394.0
4511	1144.6	1334.9	2311.4
7611	1140.2	1381.4	2322.8
49	1152.8	1445.5	2423.6
3009	1145.2	1370.3	2371.8
3809	1148.8	1405.6	2368.0
8742	1150.0	1426.5	2480.9
8724	1148.8	1413.4	2403.5
1977	1140.9	1337.7	2296.9
1187	1144.1	1364.0	2314.2
9780	1151.8	1395.3	2486.0
2076	1146.9	1409.0	2404.8
2836	1150.8	1410.4	2392.9
6838	1145.7	1391.7	2381.7
1021	1149.9	1472.5	2618.0
6694	1158.3	1447.4	2486.5
8338	1147.3	1437.1	2477.3
9562	1147.7	1432.2	2394.8
483	1146.4	1411.5	2349.7
8477	1149.5	1406.9	2428.9
9599	1154.5	1415.8	2442.8
1722	1152.8	1401.6	2413.2
7960	1140.5	1363.7	2371.5
9800	1138.9	1352.4	2360.6
3676	1154.6	1433.6	2466.1
2562	1150.7	1428.1	2387.5
4821	1143.0	1360.9	2361.2
4108	1151.0	1459.5	2423.5
2807	1152.7	1426.7	2431.3
907	1136.3	1341.8	2272.5
7351	1137.6	1372.7	2326.9
8580	1147.1	1380.5	2361.9
3307	1143.4	1348.2	2359.4
8107	1152.3	1415.8	2418.8
101	1143.9	1440.0	2398.1
7587	1154.1	1415.0	2461.2
7543	1141.2	1373.5	2357.8
2624	1138.8	1375.6	2339.7
6771	1148.0	1388.7	2360.8
8843	1144.5	1449.4	2402.3
5659	1140.9	1412.8	2406.2
2116	1150.8	1404.7	2427.3
8390	1147.6	1410.1	2364.8
6773	1148.5	1385.8	2389.7
4074	1138.6	1382.5	2342.8
7175	1150.4	1431.8	2427.8
8373	1133.5	1377.2	2311.3
1065	1141.4	1376.7	2340.1
8304	1150.0	1395.7	2647.2
9155	1144.1	1412.6	2399.8
4116	1145.1	1371.3	2345.0
9855	1152.7	1398.6	2397.5
1866	1157.7	1444.7	2497.6
4343	1150.6	1417.4	2408.8
1557	1142.0	1332.1	2297.2
5769	1148.1	1428.5	2394.6
9095	1146.5	1379.8	2395.5
919	1141.6	1364.8	2340.5
3083	1147.8	1364.2	2348.8
9017	1158.2	1412.6	2425.7
1762	1150.2	1356.7	2379.7
4808	1147.2	1388.2	2415.8
6139	1152.6	1446.4	2451.0
8399	1132.4	1352.8	2261.9
9327	1145.1	1400.7	2383.8
6361	1145.8	1444.4	2445.4
5731	1142.8	1381.9	2319.7
7067	1141.9	1323.6	2288.5
2139	1145.0	1385.7	2335.8
2622	1144.9	1397.6	2378.9
3639	1129.7	1323.3	2232.4
8949	1147.8	1395.1	2376.1
8217	1142.3	1376.4	2304.5
5592	1148.7	1404.2	2374.9
5214	1152.8	1392.6	2417.9
3198	1146.7	1421.2	2373.4
6878	1152.4	1452.7	2501.8
7150	1133.6	1337.4	2270.8
4561	1157.3	1421.8	2493.0
3444	1144.6	1360.7	2350.4
3353	1139.5	1387.6	2328.6
6065	1150.0	1418.1	2456.3
3793	1154.4	1429.1	2450.7
9071	1144.1	1392.6	2385.1
9465	1144.1	1355.6	2338.3
5007	1138.4	1344.9	2274.3
5161	1154.1	1386.3	2383.4
1825	1151.8	1444.6	2451.2
7750	1145.1	1396.8	2380.8
10	1148.3	1387.0	2382.7
523	1144.9	1388.7	2398.7
957	1155.5	1363.6	2425.5
4739	1140.7	1323.7	2345.2
4367	1142.3	1396.0	2345.5
2490	1146.7	1405.9	2408.4
2214	1141.1	1364.0	2337.5
1603	1143.3	1385.4	2363.9
6844	1143.0	1355.4	2343.5
4050	1142.3	1430.5	2342.4
6514	1143.1	1348.6	2291.3
4997	1150.5	1404.5	2418.9
195	1159.9	1446.8	2445.4
4371	1148.9	1458.3	2425.3
7827	1139.7	1363.4	2312.7
7141	1136.6	1320.9	2299.9
8998	1143.4	1373.7	2375.4
9841	1156.0	1425.5	2438.3
7713	1143.3	1369.8	2366.7
7476	1136.5	1315.2	2225.6
5458	1154.3	1450.6	2473.1
5258	1140.1	1339.4	2282.8
2720	1147.8	1391.6	2383.6
3119	1146.4	1376.1	2379.9
1495	1142.5	1391.9	2348.0
7451	1153.7	1404.2	2413.0
3835	1147.1	1385.9	2349.3
5081	1148.5	1354.1	2383.4
1788	1133.2	1357.6	2284.9
2708	1151.7	1410.0	2398.7
2612	1146.1	1370.0	2388.7
4752	1139.2	1366.5	2326.5
5965	1151.9	1429.5	2444.9
5187	1147.0	1397.0	2378.1
6424	1152.0	1449.1	2450.9
630	1150.5	1440.3	2406.4
6145	1146.1	1386.1	2326.3
9700	1152.5	1464.2	2453.4
4991	1147.5	1407.8	2345.4
6178	1134.7	1342.0	2259.8
4589	1154.3	1386.7	2389.0
9358	1143.1	1419.6	2345.8
9542	1149.8	1397.1	2374.6
5117	1145.9	1374.3	2375.1
8062	1146.6	1402.5	2355.2
2877	1143.6	1419.7	2545.8
7145	1143.4	1383.9	2343.6
1852	1150.3	1403.2	2403.1
3201	1133.4	1358.1	2299.6
6370	1150.6	1416.2	2426.8
4294	1150.4	1389.6	2409.9
4524	1139.0	1356.8	2297.7
5589	1145.7	1360.8	2363.8
6471	1152.8	1383.7	2383.6
6445	1147.9	1400.8	2345.3
2831	1144.2	1374.8	2337.8
8131	1141.6	1422.6	2422.7
6478	1143.3	1399.2	2349.2
1713	1144.4	1359.9	2329.3
7578	1155.0	1385.1	2498.3
6153	1138.5	1360.4	2287.9
2428	1146.1	1380.0	2356.3
6313	1145.6	1416.0	2377.6
3861	1146.0	1391.9	2380.4
5264	1145.1	1416.9	2378.9
3803	1142.0	1408.7	2360.9
6074	1146.1	1374.7	2361.2
4590	1148.7	1355.7	2352.1
2332	1148.1	1378.6	2355.6
9586	1139.4	1375.1	2320.2
9715	1153.6	1395.4	2452.3
6592	1150.2	1418.9	2420.9
677	1152.1	1422.5	2425.9
9810	1146.5	1404.2	2359.3
5105	1146.5	1400.9	2520.1
9037	1155.3	1409.9	2491.8
6871	1140.3	1388.8	2366.6
416	1143.9	1328.7	2334.0
4342	1145.5	1359.4	2359.9
9929	1158.1	1425.6	2414.4
3155	1141.1	1355.7	2319.8
8804	1136.9	1351.9	2261.5
1584	1143.2	1353.1	2337.0
5483	1150.0	1443.6	2450.5
8160	1142.2	1356.8	2355.5
836	1148.9	1420.5	2419.2
9306	1154.6	1441.9	2465.0
7043	1142.7	1418.4	2379.6
3321	1149.3	1393.6	2401.5
5242	1138.7	1381.3	2321.5
5255	1145.4	1381.7	2309.8
877	1145.1	1375.3	2355.4
3046	1148.6	1440.8	2489.0
6193	1151.3	1329.5	2349.5
3584	1148.7	1392.5	2413.7
3704	1138.7	1334.9	2269.8
4405	1148.4	1319.2	2358.3
2725	1145.6	1370.9	2339.5
3598	1153.0	1407.1	2465.1
3016	1141.2	1382.8	2349.0
8453	1148.7	1366.2	2373.0
3908	1149.0	1358.9	2348.1
1322	1151.5	1430.7	2422.4
6610	1147.3	1391.7	2381.0
7828	1139.5	1376.1	2299.8
2103	1143.2	1353.8	2343.7
5476	1150.6	1367.2	2378.9
7569	1155.9	1418.0	2466.7
5493	1150.3	1385.4	2409.4
8497	1146.9	1374.8	2364.5
7330	1146.1	1428.3	2407.7
1429	1141.9	1390.3	2353.1
8983	1149.3	1399.7	2379.8
9475	1140.5	1374.2	2386.6
6000	1150.0	1379.5	2432.0
5388	1150.0	1379.5	2364.9
4349	1149.8	1417.2	2405.0
5872	1155.9	1426.4	2420.8
9359	1160.6	1421.9	2417.1
7663	1137.2	1353.9	2298.3
1561	1137.9	1369.0	2397.6
8520	1151.5	1382.8	2378.4
5574	1150.5	1391.2	2434.7
7937	1146.4	1392.9	2379.2
4139	1147.5	1417.8	2428.7
3831	1143.3	1378.2	2383.7
6509	1153.4	1404.2	2424.2
1672	1140.6	1289.7	2267.2
2965	1142.7	1411.1	2345.3
584	1146.4	1416.2	2378.2
1213	1138.1	1330.7	2295.0
7642	1153.5	1412.9	2451.9
3713	1149.3	1451.4	2421.6
6808	1148.3	1379.0	2376.8
2338	1138.0	1365.8	2327.2
3167	1149.6	1486.0	2443.9
7094	1143.8	1384.5	2379.2
7796	1152.3	1434.3	2435.9
3656	1146.9	1420.1	2379.9
950	1135.5	1400.1	2366.3
3506	1146.3	1403.2	2366.6
5488	1147.2	1404.4	2366.7
4410	1145.6	1379.5	2383.9
4542	1138.3	1389.9	2351.9
1897	1147.2	1364.6	2385.9
9533	1140.9	1361.5	2358.7
7046	1151.1	1437.6	2411.8
5318	1148.0	1427.3	2423.4
4300	1154.6	1436.0	2471.5
6882	1144.8	1380.7	2335.0
8038	1146.4	1359.8	2328.1
802	1144.1	1375.9	2375.3
7136	1137.4	1408.9	2342.5
9877	1153.1	1389.0	2370.2
4548	1135.9	1342.9	2312.1
6470	1148.9	1447.7	2524.3
9432	1136.4	1377.8	2319.6
9105	1142.8	1346.2	2335.1
1384	1144.4	1388.4	2356.0
3838	1152.5	1400.8	2515.6
690	1147.5	1427.1	2388.0
9061	1137.9	1348.5	2351.2
3929	1152.3	1432.2	2417.6
7909	1151.3	1410.1	2411.3
972	1139.9	1368.4	2384.9
6042	1142.4	1370.9	2340.0
781	1148.8	1394.9	2417.4
2366	1144.6	1367.4	2295.5
614	1149.0	1391.5	2395.2
9383	1140.4	1356.8	2374.2
2254	1139.7	1383.4	2328.7
7346	1142.6	1423.7	2385.2
6308	1145.4	1402.3	2376.5
1118	1146.0	1410.1	2353.7
8619	1141.5	1368.9	2346.4
3297	1139.0	1400.9	2350.7
8221	1134.9	1367.6	2346.0
3833	1135.1	1349.1	2298.0
1275	1148.1	1371.8	2506.9
5099	1141.1	1352.6	2327.8
2510	1151.9	1374.2	2353.4
554	1147.9	1411.5	2390.0
8759	1149.1	1388.7	2386.6
7520	1140.7	1383.5	2329.2
982	1151.0	1374.3	2377.3
6481	1154.8	1450.8	2503.2
9461	1144.4	1422.1	2410.4
6750	1147.2	1360.4	2379.5
8548	1155.6	1415.7	2448.1
7453	1148.4	1405.9	2366.6
613	1137.6	1368.7	2309.1
8448	1154.4	1398.1	2426.5
4319	1150.4	1385.5	2352.7
28	1150.1	1381.7	2420.1
4014	1153.7	1411.4	2391.6
888	1138.8	1398.3	2332.7
6416	1139.6	1374.0	2298.7
1117	1140.6	1373.8	2262.9
2061	1142.5	1409.8	2457.2
7700	1146.4	1371.4	2360.0
173	1145.6	1397.5	2381.4
2317	1150.9	1351.2	2358.1
8479	1150.1	1395.2	2400.4
846	1141.4	1402.0	2376.8
2530	1148.7	1397.0	2340.9
5336	1153.6	1449.9	2436.2
7914	1160.6	1464.7	2441.7
2369	1138.2	1371.1	2301.1
3236	1147.3	1413.0	2470.1
7183	1143.8	1405.6	2420.9
2748	1148.2	1389.9	2332.0
7660	1144.7	1403.6	2410.2
3738	1141.5	1371.3	2355.1
553	1152.8	1450.4	2413.4
4696	1135.1	1313.8	2253.1
4489	1154.0	1404.1	2405.5
4625	1138.3	1380.4	2408.6
4169	1149.9	1389.3	2374.9
1516	1137.1	1380.4	2431.1
8861	1154.7	1476.0	2411.5
4987	1156.9	1445.7	2447.4
4638	1141.8	1366.9	2349.6
3112	1143.7	1438.3	2404.1
3241	1135.8	1358.4	2297.4
5954	1159.2	1426.9	2448.5
1895	1151.8	1410.4	2438.9
671	1148.8	1391.0	2401.8
3085	1153.1	1462.7	2456.7
3718	1141.9	1377.3	2293.0
8270	1134.0	1346.2	2256.2
956	1138.5	1396.5	2344.5
3785	1141.3	1308.1	2312.8
3782	1145.2	1422.9	2403.5
3191	1152.0	1418.8	2443.0
23	1152.6	1397.4	2485.6
5575	1145.8	1369.0	2317.7
9507	1146.4	1385.8	2339.7
9418	1149.4	1402.9	2406.7
7665	1148.8	1384.4	2382.0
1242	1147.8	1406.4	2561.8
903	1152.5	1446.2	2394.7
7383	1133.1	1365.7	2326.2
754	1158.2	1415.3	2416.6
8854	1150.3	1420.3	2494.8
3223	1151.3	1364.5	2392.8
5441	1146.2	1407.7	2363.8
3981	1143.5	1391.5	2363.8
2492	1151.6	1439.0	2397.6
5050	1148.8	1382.0	2387.3
2667	1147.1	1396.8	2438.1
832	1149.0	1421.3	2447.9
6431	1134.1	1335.5	2266.6
3084	1139.6	1356.5	2346.7
1324	1148.5	1374.0	2385.9
597	1152.4	1397.7	2386.7
5141	1145.1	1414.7	2361.9
3242	1151.8	1453.4	2472.0
3345	1149.5	1393.5	2363.3
6217	1151.6	1415.8	2443.5
753	1150.1	1397.2	2379.6
8849	1136.5	1344.2	2269.3
6575	1127.9	1332.9	2258.6
6884	1151.4	1404.3	2404.3
8322	1155.1	1459.3	2483.9
698	1145.2	1366.0	2329.6
3688	1143.6	1384.9	2317.8
8076	1133.0	1374.1	2284.9
8022	1143.8	1368.2	2331.6
5065	1159.5	1418.7	2451.6
8835	1150.0	1449.3	2474.5
2721	1152.8	1436.5	2403.4
1905	1148.5	1410.7	2391.1
5862	1148.2	1401.9	2401.0
5382	1139.9	1344.8	2298.4
9036	1143.3	1392.1	2424.8
5555	1140.4	1395.1	2385.2
8550	1142.5	1456.2	2474.8
9378	1142.4	1355.4	2337.5
6228	1150.9	1380.7	2375.4
7352	1140.5	1388.8	2377.6
3154	1138.6	1400.6	2347.3
1438	1141.8	1434.3	2412.9
9570	1138.6	1330.3	2263.2
7296	1146.9	1367.9	2362.7
7934	1147.3	1401.0	2352.0
4709	1147.4	1451.9	2676.9
6681	1151.6	1394.4	2383.2
5395	1155.6	1404.7	2449.9
7222	1141.4	1412.2	2390.0
4710	1142.5	1406.2	2364.2
1950	1142.3	1368.0	2341.1
7138	1149.6	1429.3	2482.0
8154	1152.3	1410.0	2415.6
2626	1160.4	1433.6	2441.6
8721	1146.1	1356.9	2335.5
6418	1146.6	1388.5	2357.8
7727	1145.9	1368.0	2365.3
4540	1133.3	1405.9	2471.8
3859	1146.8	1374.7	2352.5
172	1138.6	1382.2	2298.1
4514	1141.9	1358.1	2343.8
8461	1145.3	1405.1	2385.2
7555	1142.8	1373.9	2333.5
542	1143.2	1392.5	2372.4
9308	1146.3	1399.8	2418.8
658	1137.6	1351.5	2282.3
2198	1149.5	1391.5	2416.0
9815	1143.2	1432.3	2379.9
8844	1149.4	1403.1	2362.6
1290	1143.1	1357.8	2313.8
1028	1150.8	1398.5	2413.1
4042	1139.1	1311.0	2269.4
9564	1138.4	1371.6	2337.8
8259	1151.3	1360.8	2391.9
5321	1150.9	1452.5	2445.5
5303	1137.1	1392.0	2456.4
8053	1140.1	1383.9	2352.7
9771	1148.2	1341.9	2337.9
3724	1145.5	1356.3	2341.0
7671	1141.2	1406.0	2328.6
4038	1153.3	1416.3	2410.8
6403	1155.8	1471.9	2485.1
5789	1141.6	1343.9	2334.3
6255	1148.6	1382.0	2367.5
4095	1146.6	1424.0	2335.7
4441	1149.7	1434.5	2472.0
8166	1150.8	1425.1	2391.6
6335	1144.0	1397.3	2365.7
7213	1139.1	1338.0	2369.0
7582	1147.6	1429.8	2394.3
8445	1142.6	1376.7	2372.0
9116	1146.0	1375.6	2338.7
6535	1147.8	1447.0	2400.5
2849	1151.9	1405.6	2412.0
4375	1144.7	1410.8	2395.0
7703	1149.4	1411.3	2374.6
4217	1150.7	1393.5	2427.4
4722	1137.0	1343.4	2302.3
5786	1146.0	1351.3	2360.7
4959	1142.6	1375.9	2350.9
1303	1158.2	1430.3	2438.8
2735	1133.6	1356.7	2286.8
5821	1140.1	1345.9	2395.5
1805	1151.7	1431.9	2409.1
530	1150.0	1420.7	2412.0
4170	1150.0	1454.6	2403.1
9251	1141.0	1352.4	2330.2
3740	1139.0	1378.7	2353.7
3214	1138.8	1383.9	2354.3
9238	1152.6	1469.9	2440.3
688	1142.9	1379.4	2351.7
562	1148.0	1388.5	2403.1
5516	1139.4	1373.7	2317.4
3964	1141.3	1405.8	2352.0
