50401	1790.5	2071.9	12881.0
37003	1791.4	1995.9	12949.0
10626	1794.6	2026.1	13116.1
20070	1784.4	2065.7	13797.4
75648	1785.6	1995.0	12543.2
35622	1791.1	2026.5	12881.6
27598	1786.6	2029.7	12726.4
21159	1795.8	2063.2	12975.9
60989	1785.0	1997.6	12877.6
10201	1784.3	2050.4	12712.6
33804	1786.0	2050.4	13156.1
34885	1776.2	2037.7	12733.9
80490	1790.4	2029.2	13016.6
9655	1776.3	2004.8	12372.5
68994	1790.5	2015.1	12896.8
14304	1798.0	2106.8	13245.0
68131	1767.9	1987.9	12207.5
81643	1780.6	1998.8	12592.2
19447	1773.5	2034.6	12532.7
84193	1784.2	2033.3	12860.9
45793	1786.1	1992.5	12346.7
80476	1772.3	2038.5	12709.4
64624	1772.0	1988.6	12543.7
83668	1770.4	1964.4	12110.6
74227	1778.5	2013.3	12677.0
27466	1784.0	2032.5	12706.7
23407	1782.5	2056.0	13107.1
60269	1785.2	2009.6	12551.4
41648	1776.1	1987.2	12405.3
79659	1793.0	2073.9	13137.1
34110	1759.4	1969.0	12237.6
46026	1782.7	1993.7	12804.3
20457	1784.6	2007.7	12598.5
9780	1784.8	2034.9	12810.2
55383	1784.2	2055.9	13032.6
14161	1787.0	2067.6	12868.3
8152	1806.5	2061.4	12984.4
26298	1782.4	2030.2	12509.4
83925	1784.5	1995.4	12522.8
4881	1787.3	2066.4	12800.5
74856	1769.2	1993.9	12287.3
48511	1769.1	1947.4	12101.1
2836	1790.0	2037.0	12523.7
28225	1785.0	2013.1	12678.4
27243	1781.5	1981.8	12418.0
49204	1785.9	2026.4	12778.9
83076	1787.2	2018.2	12770.8
20989	1792.7	2039.5	12811.6
48360	1785.6	2026.7	13026.6
42701	1780.4	2021.0	12741.6
47048	1784.6	2011.9	12710.7
42895	1787.8	1990.0	12937.0
84280	1771.5	1959.7	12240.8
48616	1793.4	2056.2	12868.0
58742	1800.0	2098.9	13118.7
81444	1783.2	2009.5	12673.8
21309	1781.3	2009.1	12712.0
2355	1798.1	2105.2	13102.2
78895	1781.6	2032.9	12731.4
41835	1787.7	2030.1	12746.7
71031	1785.2	2000.7	12697.1
36086	1784.4	2009.9	12738.7
18776	1784.3	2063.7	12794.0
50542	1789.7	2015.1	13101.5
57948	1790.0	2067.8	12898.2
3834	1789.6	2029.1	12675.6
4047	1787.0	1998.3	12890.1
28214	1786.9	2041.0	12934.0
26518	1803.8	2038.0	13113.4
23203	1809.0	2052.3	13163.0
3776	1788.7	2009.6	12882.7
190	1790.4	2095.2	13011.4
9247	1780.3	2057.3	12766.4
5529	1785.1	2034.0	12703.7
63659	1773.5	1992.7	12551.5
62908	1780.5	2028.0	12769.8
72138	1780.5	2020.6	12423.9
26388	1780.5	2010.6	12659.4
82923	1770.8	2011.0	12491.6
70134	1796.2	2107.6	13498.5
48320	1776.5	1978.0	12558.3
52674	1779.9	2048.7	13462.4
25129	1773.1	1979.7	12311.9
14983	1798.9	1989.8	13144.8
28973	1798.8	2105.1	13144.3
26776	1795.4	2045.5	13045.5
37909	1782.5	2011.7	12513.7
76136	1795.3	2006.6	12729.4
71546	1785.5	2004.6	12705.7
35276	1780.9	2019.0	12496.0
35306	1790.9	2059.5	12775.2
71875	1780.5	1977.9	12622.1
63280	1779.6	1982.2	12478.9
69464	1782.0	2022.7	12577.1
24703	1795.4	2050.5	12804.2
22702	1777.8	2020.2	12478.9
13182	1792.8	2042.8	12782.8
84082	1775.4	2047.2	13107.4
59904	1778.5	1990.3	12386.0
72443	1795.6	2058.6	12837.1
35875	1785.6	2029.1	12895.0
15592	1782.4	2041.6	12609.8
5797	1792.8	2053.3	12694.7
52244	1792.6	2037.4	12929.8
41653	1784.8	2044.6	12827.6
15091	1798.4	2064.5	13095.9
49644	1775.6	1996.1	12582.9
13991	1794.7	2071.3	13072.4
23286	1764.7	1964.5	12179.7
40408	1789.6	2017.0	12782.5
15126	1773.7	2031.1	12873.2
50812	1801.3	2024.2	12868.7
41002	1781.0	1997.0	12360.5
54372	1794.1	2079.7	13096.9
10921	1777.5	2012.4	12548.7
18626	1787.5	2059.4	12850.5
46170	1793.8	2119.8	13586.2
78435	1794.0	1990.1	12959.8
63147	1782.4	2023.2	13497.6
43132	1780.4	2051.2	13069.1
52102	1791.9	2028.4	12772.9
4706	1795.4	2031.3	12752.0
30093	1798.2	1995.6	12772.9
28637	1788.9	2031.7	12644.7
38191	1795.8	2057.6	13170.3
54386	1787.9	2034.8	12729.6
48527	1795.8	2045.0	13035.0
63917	1784.3	1979.4	12513.3
20121	1791.6	2042.6	12692.8
28483	1787.2	1982.9	12997.0
47289	1787.8	2041.7	12793.9
135	1781.9	2014.3	12631.2
9442	1790.2	2042.8	12670.5
37446	1788.3	2015.1	12548.7
18428	1791.3	2086.6	13117.8
27308	1777.7	2053.9	12856.4
50814	1783.8	1974.0	12773.4
58657	1797.7	2035.4	12804.8
53571	1782.6	1994.7	12563.0
55047	1775.7	1988.3	12566.5
68826	1794.0	2007.5	12946.9
33153	1781.8	2010.8	12747.9
7898	1778.5	1975.3	12614.3
2674	1794.8	2062.3	12778.9
4898	1795.4	2016.4	13183.1
9817	1783.3	2028.9	12886.0
51245	1786.0	2029.8	12554.1
40038	1775.5	1998.4	12414.4
58036	1796.6	2045.7	12843.8
47867	1784.6	2038.6	12969.3
75253	1768.9	1960.0	12222.4
46025	1781.1	2025.3	12668.3
52005	1773.9	1999.4	12497.5
73705	1785.7	2003.5	12716.7
21529	1763.0	1967.7	12181.0
38299	1782.5	2011.3	12735.8
47986	1797.7	2086.0	13088.8
54636	1804.6	2053.1	12862.1
21196	1790.4	2074.3	12983.1
38742	1774.8	1964.6	12448.2
11175	1786.4	2019.0	12577.9
81921	1794.6	2039.4	12858.3
39981	1787.2	2076.1	13019.9
81088	1785.6	1960.6	12817.2
32077	1795.5	2056.2	12791.8
59931	1794.7	2041.9	12922.3
992	1795.3	2088.7	13052.7
79706	1787.6	2007.7	12745.9
15693	1777.5	2021.3	12580.0
52502	1786.7	1995.3	12717.9
50962	1790.9	2027.7	12853.5
8667	1790.6	2008.1	12885.4
61146	1772.3	2012.8	12397.5
50657	1776.8	2017.0	12686.6
58013	1760.9	1945.6	12236.9
20557	1769.7	2018.5	12485.7
34734	1779.7	2037.5	12655.3
40852	1772.3	1998.8	12681.9
38988	1792.5	2052.3	12689.0
81208	1792.6	2043.4	12907.8
8579	1790.5	2020.5	12654.9
19568	1792.3	2024.5	12864.1
39394	1781.2	2002.0	12359.7
3617	1778.2	2045.6	12617.3
43692	1796.5	2054.2	12650.2
73591	1773.0	1987.4	12191.8
42824	1779.9	1984.6	12530.7
5441	1786.6	2031.7	12589.7
8559	1790.1	2059.2	12924.0
61399	1786.7	2003.4	12538.5
13080	1785.8	2004.9	12683.6
6946	1798.7	2046.6	12976.2
67357	1788.6	2006.4	12686.6
50241	1777.8	2019.2	12621.1
4966	1785.9	2007.7	12784.8
13962	1792.3	2077.7	13028.8
54936	1785.1	2025.0	12935.8
31269	1776.8	2025.2	12437.6
13743	1798.6	2093.2	13098.9
45537	1777.8	2024.2	12691.0
74680	1783.3	2039.4	13137.5
12044	1775.4	2000.8	12478.4
8695	1780.3	1978.6	12415.9
10041	1799.0	2082.5	12911.4
82291	1778.7	2015.9	12658.1
61254	1782.6	2000.7	12485.7
60189	1798.1	2038.0	12909.8
57399	1794.3	2037.6	12766.9
81540	1787.4	2016.0	12708.7
70870	1783.8	2010.2	12927.8
81783	1785.2	2031.0	12685.5
73183	1789.5	2005.2	12635.7
74958	1787.1	2048.2	13101.5
81256	1785.4	2028.4	13277.0
44351	1798.3	2023.2	12888.9
12091	1777.6	2001.4	12440.0
56404	1786.9	2001.2	12640.8
51184	1780.3	1945.3	12334.9
38812	1778.2	2066.1	12782.5
79557	1802.7	2097.1	13184.5
78679	1781.3	1971.3	12430.9
14697	1759.3	2030.4	12261.2
70841	1780.8	1986.4	12661.6
35333	1791.1	2028.9	12891.5
59334	1786.9	1986.9	12688.0
34802	1786.4	2024.3	13091.7
10666	1779.4	2025.3	12807.0
31227	1787.7	2016.5	12646.7
48423	1793.5	2058.1	13244.0
53050	1774.6	2029.0	12628.9
36310	1785.3	2014.7	12659.0
69605	1794.2	2033.4	13093.6
83238	1801.6	2053.5	13154.0
6285	1792.1	2034.3	12785.9
36420	1792.2	2056.6	12994.6
66524	1773.7	1983.8	12476.5
22910	1797.4	2041.2	13089.7
7918	1797.9	2086.3	13165.1
51817	1778.3	1975.1	12365.2
13816	1779.5	1980.5	12696.5
72038	1783.0	2041.5	12855.6
28568	1808.1	2102.8	13426.0
46887	1775.9	1998.1	12348.5
64333	1794.8	2063.5	13449.8
40744	1782.0	1985.8	12883.3
42920	1789.1	2047.8	13207.9
79597	1772.8	1974.3	12428.8
3342	1790.1	2071.5	12712.5
60082	1778.1	1981.9	12346.7
22572	1784.2	2050.2	12722.4
25606	1784.7	2027.3	12852.9
20512	1798.6	2029.4	12649.1
1853	1799.7	2050.8	12961.1
80551	1795.3	2050.2	12966.6
3596	1779.1	2009.4	12601.7
46215	1781.9	2000.2	12530.4
75735	1793.6	2011.4	12907.5
77149	1802.6	2067.2	13137.6
30472	1803.8	2104.5	13438.4
37780	1789.6	2031.5	12952.2
19456	1784.4	2041.6	12829.6
35745	1791.8	2011.6	12951.1
9651	1773.9	2010.8	12734.1
23409	1790.7	2037.5	12874.6
64044	1792.1	2031.9	12850.1
1632	1781.9	2041.1	12716.9
78738	1785.4	2037.5	12954.8
63259	1779.9	2025.0	12534.6
27193	1780.1	2044.6	12598.5
73743	1789.8	2044.4	12774.9
37499	1775.6	1985.3	12437.4
52860	1773.3	2000.0	12485.9
2812	1784.1	2037.6	12830.2
13198	1788.7	2109.5	13254.0
79785	1776.5	2034.8	12748.4
9399	1784.5	2038.9	12773.4
73888	1785.4	2017.2	12916.0
14923	1794.9	2013.8	12836.0
12892	1794.4	2024.0	12706.9
83442	1789.5	2037.2	12806.8
80379	1785.6	2000.5	12600.7
80057	1786.7	2034.8	12697.6
30668	1792.2	2024.7	12959.8
31711	1785.9	1987.6	12902.2
57674	1791.7	2078.6	13200.0
32623	1784.4	2034.5	12568.8
47222	1799.7	2039.8	12841.3
49057	1793.8	1990.1	12545.0
15642	1802.5	2060.0	13008.2
3045	1789.3	2076.6	13264.3
31892	1788.1	2029.5	12674.3
7457	1774.0	1980.1	12416.6
56799	1787.8	2043.9	12672.4
58831	1785.1	2013.9	12714.1
68331	1792.5	2052.9	12991.0
66790	1792.6	2056.4	13002.2
45153	1794.5	2070.2	13031.6
69853	1788.9	2029.5	12908.7
20984	1784.3	2065.1	13075.6
7451	1783.5	2019.8	13232.6
41554	1801.5	2095.7	13106.9
5333	1783.0	2028.6	12820.6
61681	1785.6	2019.6	12617.7
31070	1798.7	2012.3	13038.7
60550	1774.5	1999.7	12293.4
38768	1791.1	1990.5	12742.0
39731	1787.5	2042.5	13122.7
71568	1788.0	2013.9	12656.8
20039	1798.3	2041.8	13179.9
30829	1786.8	2052.4	12853.1
60776	1787.1	1962.9	12292.5
19082	1776.5	2032.2	12563.6
47857	1789.6	2017.1	12827.7
48515	1789.6	2050.0	12808.7
62182	1777.5	2007.6	12652.1
71552	1782.2	2029.8	13065.0
34491	1785.1	1968.1	12325.6
61989	1783.4	2048.1	12888.5
51	1801.9	2062.7	13019.7
84445	1799.3	2031.0	13043.7
78216	1789.6	2064.1	12888.3
82904	1787.7	2010.6	12686.8
15418	1788.8	2014.9	12693.1
26977	1783.6	2005.6	12559.9
28385	1792.9	2004.6	12681.3
34590	1776.6	2042.5	12610.7
3923	1788.5	2066.3	12730.1
76167	1787.0	2001.7	12626.2
51999	1792.5	2022.1	12682.8
8287	1800.2	2052.9	13009.9
42248	1771.0	1929.8	12169.4
82082	1796.5	2035.0	12997.3
62360	1774.2	1951.6	12259.5
73515	1777.5	2005.5	13208.5
12611	1771.1	1973.0	12107.9
36367	1787.8	2048.8	12913.7
56755	1776.3	1991.5	12358.6
26239	1778.8	2050.5	13546.7
82302	1786.3	1988.3	12618.8
5970	1800.8	2103.7	13169.9
71075	1783.4	1970.9	12617.0
55551	1782.2	1991.8	12715.6
61571	1776.4	2021.4	13085.1
31601	1786.8	2036.2	12878.5
29946	1785.9	1984.4	12451.2
78687	1799.8	2075.7	13408.2
75809	1773.5	1947.0	12456.7
47616	1793.3	2018.8	12720.4
35291	1788.7	2040.7	12894.2
10071	1779.3	2063.5	12996.7
74814	1797.4	2068.4	12992.0
49727	1782.5	2120.1	12969.0
17700	1792.3	2062.4	12842.7
4522	1777.2	2019.9	12397.3
83752	1778.6	2016.2	12605.5
34506	1783.4	2041.2	12704.6
25732	1782.3	2060.7	12761.5
7162	1780.1	2037.7	12489.5
1997	1785.8	2057.2	12922.1
42703	1788.9	2037.4	13378.3
68065	1798.0	2031.0	13173.0
45960	1780.7	1987.3	12487.3
848	1781.8	2018.7	12479.3
12276	1777.4	2021.2	12692.5
74107	1789.0	1987.6	12877.6
58433	1786.2	2026.1	12820.3
32164	1788.6	2035.3	12729.1
53739	1791.7	2048.9	13081.2
1379	1791.4	2050.1	12718.8
76459	1790.1	2020.0	13214.0
43049	1796.1	2082.8	13077.8
69854	1802.4	2088.2	13196.3
57792	1780.9	1999.2	12540.4
52415	1793.9	2083.1	12972.2
54342	1787.1	2027.6	12711.9
56337	1787.4	2014.3	12774.8
27374	1782.3	2021.7	12674.3
36729	1779.0	2029.9	12701.2
40222	1792.8	2055.3	13011.4
2569	1780.5	2058.4	12598.1
8317	1777.0	2027.7	12552.5
53761	1776.9	1966.7	12399.6
78492	1767.9	2019.0	12517.6
56479	1796.9	2115.0	13178.7
28859	1790.6	1993.3	12623.7
81247	1782.3	1991.1	12463.3
78025	1791.5	2034.2	12894.6
58836	1766.5	1976.7	12123.6
60457	1790.9	2015.1	12717.0
52241	1771.4	2026.7	12408.6
40627	1780.5	2001.6	12401.5
58997	1783.1	1981.9	12526.8
3335	1783.8	2100.0	12706.3
33014	1785.7	1996.0	12773.1
30565	1788.2	2056.3	13102.8
63544	1782.5	2039.9	12876.2
75832	1777.3	2018.1	12676.2
8965	1789.2	2005.3	13027.3
84723	1792.0	1987.8	12783.9
9629	1800.1	2062.6	12844.7
16628	1798.8	2095.0	12997.6
15382	1774.3	2039.2	12649.6
36170	1784.8	1971.5	12601.0
55812	1778.5	2005.7	12702.7
6650	1785.4	2054.6	13278.7
2880	1788.1	2049.9	12925.8
34856	1787.0	2017.6	12657.3
37820	1784.5	2033.7	12807.5
66638	1796.6	2027.1	12829.4
69566	1790.0	2005.8	12661.8
40963	1813.7	2040.8	13651.5
4035	1779.5	2072.2	12763.6
9901	1776.0	2011.4	12593.7
13269	1786.7	2032.8	12566.7
3141	1786.6	2015.7	12932.9
75825	1795.7	2049.5	12807.7
26339	1795.0	2035.0	13159.6
32421	1784.0	2033.0	12656.9
73278	1777.2	1979.8	12537.7
69024	1784.0	1999.9	12633.8
16343	1788.3	2010.3	12694.8
36495	1774.9	2003.4	12455.9
45788	1790.3	2032.0	12704.0
73824	1789.9	2028.4	13513.8
14091	1785.1	2029.1	12964.8
72594	1780.6	1968.1	12489.9
56201	1790.4	2020.7	12704.3
80160	1785.1	2022.7	12589.9
64093	1782.7	2034.7	12915.6
77761	1782.1	1980.4	12582.9
75778	1771.7	1991.2	12442.3
63171	1783.4	1992.2	12502.8
31977	1785.6	2065.8	12733.5
653	1779.0	2005.9	12475.6
76686	1772.6	2017.8	12504.7
26957	1793.5	2040.4	12858.8
30815	1794.9	2032.3	12691.2
29341	1767.7	1954.5	12305.2
82617	1779.2	1973.3	12438.7
69614	1785.6	2027.3	12638.9
52582	1779.4	2033.9	12735.5
50758	1769.6	1982.9	12872.9
24904	1794.3	2040.6	12773.0
8866	1782.8	2042.4	12578.3
79595	1795.9	2031.0	12774.2
37765	1777.4	2018.2	12661.3
68977	1803.9	2019.8	13091.9
12619	1768.5	1957.7	12174.1
61660	1801.4	2060.7	13293.6
75876	1782.0	2003.7	12505.7
28081	1795.1	2037.7	13435.2
45851	1774.8	1963.5	12394.3
31822	1780.1	1999.0	12583.4
60437	1785.2	2028.9	12403.3
38173	1799.3	2047.7	12854.8
7136	1782.2	2001.2	12604.3
74558	1790.4	1980.0	12472.2
14485	1794.1	2043.7	12774.1
22891	1783.9	2011.7	12512.3
41778	1786.7	2039.4	12761.8
27007	1789.1	2022.5	12836.4
10001	1772.0	2018.2	12714.6
18979	1783.4	2012.6	12615.3
29685	1787.5	2011.6	12745.1
74495	1776.3	2008.5	12611.9
74372	1774.0	1952.1	12275.3
31662	1770.9	1983.0	12452.1
49880	1786.7	1970.2	12715.9
40680	1784.4	2008.0	12682.5
20275	1788.0	2108.0	12815.6
84692	1795.2	2015.1	12798.1
9173	1782.9	2001.0	13550.3
26037	1786.2	2046.0	12714.0
76000	1798.3	2044.6	13037.3
69098	1772.5	1962.9	12502.7
79720	1779.8	1966.8	12371.1
79543	1793.1	1966.5	12786.2
36395	1788.5	2037.8	12932.4
55516	1782.3	1961.6	12326.7
30039	1789.3	2009.2	12779.2
60363	1778.7	1987.7	12620.7
4948	1780.2	2059.0	12712.8
73969	1783.9	1999.0	12839.9
2430	1787.7	2033.8	12875.2
36604	1793.7	2039.1	12785.8
60793	1772.3	1962.0	12539.3
65308	1787.2	2055.2	12726.7
1834	1780.8	2016.0	12642.1
39301	1789.3	2055.3	12929.8
28545	1753.8	1972.7	12088.2
30587	1787.6	2043.1	12657.6
24970	1773.4	1985.1	12430.2
83094	1791.8	2076.4	13376.4
10128	1795.2	2064.2	12953.5
39829	1795.9	2085.1	13718.5
42405	1784.6	2032.5	12584.0
19449	1804.2	2086.4	13032.1
45213	1791.0	2046.3	13324.6
77232	1793.2	1993.4	12965.3
32575	1796.0	2037.7	12866.0
20093	1772.8	1980.3	12561.0
72375	1772.5	1979.1	12390.2
10649	1782.4	2000.6	12604.6
45406	1782.8	2010.9	12406.7
12521	1804.5	2087.4	13321.6
73520	1778.6	1981.9	12656.1
47330	1784.1	2034.3	13163.3
54021	1782.0	2009.2	12568.6
29389	1787.7	1992.8	12790.2
78688	1778.7	2063.3	13043.2
7574	1769.1	1976.6	12269.0
46101	1786.2	2030.9	12534.6
48923	1791.1	2061.3	12895.7
20666	1798.0	2090.3	13571.2
42393	1773.2	2004.6	12459.6
65832	1785.6	2017.0	12778.8
25098	1796.5	2040.4	12815.0
74875	1772.7	1941.3	12404.9
83339	1790.3	2054.4	12779.8
73341	1778.9	1996.9	12627.4
34080	1765.2	1959.6	12161.9
53797	1776.0	2037.5	12535.9
47006	1791.6	2049.4	12874.9
61882	1780.5	2014.5	12558.5
42907	1786.4	2058.8	13149.4
22442	1787.6	2069.6	12922.7
64103	1789.3	2000.7	12685.0
21364	1789.2	2054.3	13116.5
17462	1795.8	2058.0	12946.1
79168	1796.2	2015.3	12931.9
65897	1762.7	1989.5	12389.0
24220	1769.5	1987.1	12158.4
29043	1779.8	2027.4	12468.5
35494	1781.8	1951.9	12451.5
54971	1788.3	2014.6	12795.2
52787	1778.9	1973.4	12288.9
9934	1795.3	2058.8	12835.0
36199	1794.5	2020.3	12682.7
52566	1780.6	2026.1	12623.3
10958	1787.0	2012.5	12706.4
6738	1792.5	2093.0	12835.1
52641	1783.6	2022.3	12587.7
40457	1791.3	2088.2	13108.8
79151	1786.7	2041.0	12669.6
63103	1781.9	1990.5	12335.5
17897	1795.1	2013.9	12933.8
5951	1789.0	2005.7	12917.7
84330	1780.0	1998.3	12742.4
84943	1783.8	2017.6	12976.4
69280	1786.0	2058.3	13017.9
48841	1783.0	2008.6	12704.9
29281	1771.2	1956.6	12289.4
51513	1786.1	2033.9	12781.5
38519	1789.8	2016.8	12654.2
33597	1792.0	2011.7	12647.9
59486	1769.2	2008.2	12252.6
412	1780.7	2029.0	12567.2
74076	1776.8	1997.6	12534.1
12098	1790.5	2047.2	12765.3
63078	1784.5	2031.9	12693.1
36561	1781.0	2030.9	12643.3
5859	1791.7	2079.4	12890.2
43622	1786.2	1998.4	12704.9
15368	1777.9	1974.2	12278.1
6923	1773.8	2021.2	12555.8
76365	1776.4	1987.3	12813.3
6516	1791.4	2091.6	13207.8
81903	1787.1	2024.1	12631.5
9554	1783.6	1989.9	12830.0
52356	1776.7	2005.1	12626.8
13239	1810.0	2156.6	14446.1
14570	1785.9	2082.3	13183.9
64691	1772.7	1957.6	12261.5
57368	1774.3	2012.4	12586.4
67756	1790.9	2028.5	12741.5
67212	1784.8	2010.8	12958.2
75111	1797.3	2083.1	13055.3
14536	1780.2	2008.6	12515.3
43591	1781.2	2016.9	13039.3
25501	1786.9	2077.7	12906.4
82357	1796.5	2022.9	12861.7
48617	1769.7	1996.9	12463.7
18830	1806.0	2060.6	13042.7
76749	1793.7	1999.6	12858.5
31647	1785.9	2022.5	12685.0
52161	1803.5	2079.8	13371.0
664	1780.8	2033.8	12629.3
66366	1793.5	2007.3	13086.8
60077	1777.8	2028.9	12731.6
38182	1802.1	2074.5	13220.0
62773	1776.8	1997.1	12776.9
5400	1783.7	2016.4	12728.5
30479	1787.7	2064.3	12996.5
47127	1790.8	2039.0	13184.3
55827	1774.9	2007.5	12502.6
76424	1778.7	2044.9	12819.6
46137	1791.4	2020.5	12954.3
48871	1783.7	2017.7	12615.6
61264	1796.5	2028.3	13167.2
70001	1787.5	2019.9	12747.2
4648	1799.0	2063.7	12863.6
60148	1779.1	2049.5	12824.3
81849	1786.9	1994.7	12828.0
25426	1785.3	2052.1	13137.7
55689	1784.3	2062.1	12762.1
40327	1784.5	1999.9	12769.7
38756	1797.7	2006.6	12734.1
51906	1791.4	1992.1	12704.4
59626	1786.2	2050.3	12826.1
7767	1784.6	1973.9	12467.1
66370	1778.4	1944.3	12593.3
59501	1768.0	1988.5	12218.6
33615	1788.9	2027.6	12662.3
61971	1778.8	2034.7	12538.2
66455	1784.8	1989.7	12593.0
60273	1784.2	1988.7	12602.7
53382	1780.0	2003.5	12543.8
10309	1781.3	2028.5	12721.6
16786	1781.0	1962.0	12408.3
47349	1793.9	2038.3	12913.6
66759	1795.0	1966.8	12682.9
758	1767.8	2001.0	12334.1
79381	1796.8	2046.8	13082.5
22476	1781.6	1988.7	12432.8
44687	1791.6	2028.0	12547.2
52137	1784.7	2013.0	12438.8
75117	1782.7	1980.7	12487.0
63181	1779.6	2027.6	12785.0
10757	1788.3	2016.4	12817.2
42463	1782.9	2040.1	12809.9
47056	1780.8	1999.7	12672.3
1161	1783.9	2015.6	12718.6
5282	1781.0	2083.4	12669.3
1968	1777.8	2013.9	12685.8
45363	1784.8	1979.8	12668.6
18077	1781.1	1943.0	12319.7
84864	1765.4	1968.9	12235.0
56447	1756.7	1954.7	12074.2
75416	1777.5	1997.7	12516.8
75438	1774.7	1964.8	12418.8
64936	1780.4	2014.7	12472.7
30917	1783.0	2046.7	12801.1
54350	1790.8	2048.7	12776.6
61667	1782.5	2054.2	12957.2
41575	1790.9	2073.6	12947.6
11960	1791.3	2021.2	12848.8
70139	1784.9	2006.1	12722.9
53898	1786.6	2009.5	12606.4
8060	1794.2	2059.2	13309.2
54334	1783.0	1993.1	12415.6
62105	1792.9	1966.6	12583.5
35020	1786.4	2031.7	12679.2
38077	1786.4	2049.5	12764.2
64620	1773.0	1977.5	12619.7
58770	1789.3	2067.9	13304.3
69001	1780.1	1994.8	12388.0
37296	1770.4	1984.9	12421.0
33030	1788.8	2041.9	12881.2
81909	1765.7	1963.4	12213.1
33425	1795.0	2063.8	12972.9
17821	1798.3	2038.1	13207.2
33144	1778.8	2028.8	12629.2
25420	1777.9	2066.8	12703.9
5876	1789.0	2034.2	12830.6
43082	1791.7	2095.8	12938.8
68613	1779.9	2000.3	12865.0
78559	1781.5	2013.4	12703.4
54816	1790.7	2053.5	12700.9
26935	1797.1	2103.2	13009.8
42057	1790.9	2014.6	12869.2
10695	1786.5	2053.5	12887.4
32174	1793.2	2037.2	12947.5
74836	1776.8	1998.5	12569.1
78050	1787.1	1992.8	12935.9
65	1784.1	1984.1	12612.6
14694	1779.2	1979.9	12599.1
27818	1788.1	2044.1	12878.1
12237	1800.0	2074.1	12821.1
14446	1781.2	2013.4	12879.8
38229	1793.0	2007.4	12811.2
46041	1777.4	2070.9	12807.8
8691	1791.7	2050.0	12744.4
82198	1793.0	2029.6	12903.3
14183	1791.4	2025.6	12763.1
70300	1789.8	2022.2	12892.0
67386	1790.2	2008.9	13003.5
38376	1796.1	2067.5	13047.2
3883	1784.7	2013.0	12835.1
31296	1773.9	2011.1	12485.1
80253	1780.4	2032.5	13205.0
20827	1789.1	1980.0	12528.9
81321	1776.9	1983.8	12673.6
14395	1790.6	2083.7	12925.7
67231	1778.5	2019.3	12668.0
59181	1787.2	1985.4	12677.7
29615	1786.3	2026.2	12630.3
59704	1809.5	2112.4	13370.4
74046	1787.6	2035.3	12932.3
61555	1786.1	2028.0	12703.1
75813	1771.4	1928.1	12366.5
18068	1781.3	2045.8	12697.9
76530	1785.8	2025.3	12665.3
34074	1790.8	2044.6	12712.5
49519	1785.2	2031.3	12637.9
4043	1777.2	1970.0	12249.7
35790	1779.8	2010.3	12620.2
9225	1799.0	2019.6	12946.6
31602	1801.1	2081.2	13229.8
80823	1788.7	2002.6	12619.7
62082	1792.5	1993.6	12583.1
82135	1789.5	2018.3	12732.2
12018	1792.3	2025.5	13000.3
32743	1793.3	2004.7	12864.3
33806	1776.7	1997.7	12730.7
30065	1780.6	2001.6	12474.1
13413	1798.9	2076.7	13114.1
41793	1799.8	2056.6	12845.7
55030	1786.7	2062.3	12708.1
56628	1786.1	2034.8	12984.2
13565	1787.8	1976.5	12395.0
1461	1790.6	2038.1	12914.3
11765	1782.1	2042.4	12611.1
28987	1785.9	2019.1	12592.7
70214	1778.4	2054.1	12815.1
62154	1774.1	2017.7	12550.7
40001	1785.4	2034.6	12559.3
11727	1777.6	2026.4	12571.7
14369	1786.0	2019.9	12734.2
29888	1771.2	1996.3	12461.2
73292	1776.9	1984.5	12414.3
24966	1774.9	2016.3	12538.2
48238	1778.6	2004.0	12668.7
47802	1790.4	2041.5	13102.9
24079	1764.7	2014.6	12464.1
59450	1798.6	2082.2	13057.7
19900	1794.7	2068.4	12940.9
10993	1790.7	2128.9	13016.6
83562	1788.0	2037.0	12622.2
22514	1793.9	2013.8	12869.4
80501	1786.7	1995.6	12727.8
6810	1782.7	2060.2	12934.4
63864	1794.9	2071.5	13067.4
31467	1795.9	2010.6	12949.1
60030	1793.3	2043.4	13122.4
69476	1780.4	2041.0	12758.7
70255	1784.2	2031.0	12871.3
63985	1786.4	2020.2	12451.0
45906	1796.1	2041.8	12961.1
47681	1787.5	2023.9	12751.7
84207	1788.2	2069.9	12960.1
47318	1773.3	1971.8	12529.6
64359	1786.4	2020.1	12863.4
12520	1784.4	2046.4	13298.3
34806	1785.0	2054.7	12761.5
35857	1793.7	2032.5	12927.7
25368	1778.1	2016.5	12591.9
22271	1797.4	1998.7	12764.4
1433	1783.6	2048.2	12742.0
48769	1797.1	2065.7	12867.1
8461	1775.5	2039.6	12780.5
47271	1770.9	1985.5	12662.2
36901	1792.0	2009.9	12736.0
21450	1780.9	2065.5	12954.6
77894	1793.1	2041.6	12808.5
54497	1793.2	2009.9	13304.6
80991	1795.6	2019.0	12684.8
65879	1789.8	2056.9	12938.3
77406	1789.1	2043.4	13738.7
5	1788.9	2022.3	13026.9
45272	1792.9	2058.2	12993.7
47293	1781.1	2048.9	12972.4
751	1778.1	2113.8	12838.6
63568	1787.3	2031.0	12884.2
58116	1773.6	2001.0	12398.1
10914	1785.0	2036.3	12593.6
51161	1796.6	2066.5	13476.7
11681	1789.0	2060.9	13212.1
68601	1783.5	1985.9	12586.8
75862	1777.5	2038.1	12801.8
55267	1804.6	2091.9	13535.5
48687	1776.5	1953.1	12334.1
52189	1791.7	1967.9	12680.1
25115	1773.4	2044.5	12508.9
72302	1794.4	2069.1	13040.1
71752	1784.2	1995.5	12755.6
61835	1793.7	2033.0	12812.6
5042	1778.2	2010.9	12605.1
26256	1785.7	2013.8	12647.5
15238	1794.3	2055.4	12747.4
83790	1787.1	1999.7	12908.9
76175	1781.4	2034.9	12726.3
5921	1777.2	2015.1	12770.1
10424	1801.7	2043.0	12990.4
1044	1787.9	2051.1	12743.3
69159	1794.8	2030.1	12925.1
5311	1776.7	2047.1	12672.3
9605	1790.7	2038.6	12698.8
35937	1785.1	2040.9	12537.2
1132	1789.3	2069.0	12825.8
83689	1774.7	1968.7	12388.6
74036	1783.3	2008.3	12676.4
82084	1780.6	1938.5	12557.8
29380	1785.3	2026.1	12746.8
40343	1791.3	2086.9	12782.1
80480	1791.3	2067.5	13157.8
26674	1779.4	2016.8	12652.4
32008	1775.8	1967.0	12505.3
23935	1782.5	2006.2	12550.4
78506	1800.7	2058.0	12983.0
58402	1792.1	2063.6	12984.5
68790	1786.1	2005.8	12707.4
9357	1780.0	2056.2	12746.6
23312	1797.9	2097.1	12975.4
3070	1786.4	2043.0	12727.0
66023	1796.1	2072.2	13060.3
56249	1798.7	2085.2	13238.3
64049	1780.9	2024.9	12593.3
27826	1793.5	2037.9	12814.6
69041	1775.0	1981.7	12538.4
7895	1796.4	2138.3	13355.4
27306	1797.1	2048.0	13124.1
52199	1784.2	2043.3	12884.6
51191	1796.9	2067.9	13264.8
26287	1780.0	2039.5	12551.0
27542	1779.5	1994.8	12508.5
1528	1801.0	2104.9	13548.1
48247	1777.5	1986.3	12820.8
37721	1790.8	2098.7	12941.4
21875	1787.7	1995.4	12628.8
26731	1779.9	2026.3	12698.4
79746	1804.4	2052.2	13110.6
29219	1778.7	2027.8	12888.5
70608	1792.5	2057.5	13017.1
60861	1797.1	2078.3	12971.4
2183	1784.0	2003.8	12597.7
65068	1800.8	1982.0	12728.1
4638	1794.2	2075.0	12733.3
68920	1790.5	2002.7	12637.7
46823	1798.6	2029.0	14115.8
74635	1777.4	1982.0	12596.0
76031	1794.2	2089.9	13279.6
46949	1783.6	1989.8	12331.5
67312	1781.1	2003.5	12541.4
38754	1788.8	2035.0	13079.2
54809	1790.5	2023.9	12583.8
1392	1784.0	2019.7	12429.0
57717	1808.0	2153.8	13886.9
69094	1787.5	2047.5	13104.4
76404	1786.5	1988.7	13143.0
13581	1775.8	2007.0	12664.2
10916	1797.9	2060.3	12938.7
8798	1761.3	1945.2	12246.2
80398	1780.5	2003.2	12648.2
22513	1787.5	2005.1	12811.2
64026	1796.5	2063.6	13234.4
30693	1770.2	1940.0	12347.6
51033	1785.3	2035.8	12841.7
9795	1785.3	1992.1	12627.4
79357	1794.6	2074.8	13095.6
2574	1783.7	2105.0	12917.0
16904	1782.2	1978.3	12504.5
38267	1774.6	1966.9	12668.0
3136	1774.7	2048.3	12827.5
13449	1783.6	2014.9	12562.2
26911	1792.4	2007.7	12946.7
3420	1783.0	2021.1	13208.9
77026	1781.4	2013.9	12783.7
36600	1780.4	2038.3	12696.5
76271	1785.4	2049.1	12785.0
30162	1786.0	1967.9	12833.8
67382	1802.5	2062.8	13297.3
56111	1790.8	1996.8	12776.2
35189	1784.5	2053.7	12967.2
37271	1780.6	2009.8	12772.4
51383	1791.6	2061.0	12850.4
808	1779.5	2032.3	12485.1
49490	1778.5	1998.0	12622.5
44887	1798.9	2064.9	13105.4
212	1776.5	2027.9	12654.1
27021	1778.2	1980.9	12882.1
3095	1790.0	2056.6	12799.1
78323	1777.0	2005.3	12584.4
40347	1786.3	2017.7	12703.7
3238	1798.8	2055.9	12975.2
46214	1786.0	2009.6	12772.3
79695	1788.5	2038.3	12761.6
73750	1777.9	2009.6	12473.9
29516	1784.5	2029.3	12664.2
80452	1771.6	2011.6	12364.5
32632	1778.9	2012.5	12549.9
14897	1785.7	2046.6	12937.9
74104	1806.5	2055.8	13131.1
36406	1774.6	1961.0	12347.5
5804	1782.5	2002.7	12493.3
81128	1795.7	2020.8	13055.5
41596	1786.5	2072.6	12856.1
25177	1785.0	2032.5	12564.7
81023	1774.0	1978.1	12366.0
62474	1785.6	2033.3	12794.9
12452	1787.1	2064.4	12943.5
34705	1795.7	2043.1	12990.7
26354	1797.2	2025.7	12839.2
54830	1787.7	2050.9	12697.1
72802	1772.3	1981.1	12484.9
79096	1797.0	1982.7	12737.2
17785	1790.9	2050.8	12889.5
47732	1783.9	2035.7	12811.4
17599	1800.1	2066.9	12831.4
77464	1804.6	2047.8	12992.2
61633	1789.8	2068.8	12962.1
71829	1797.3	2107.1	13588.0
78600	1786.5	1994.3	12571.7
26527	1782.4	1995.7	12530.1
44605	1782.1	2012.9	12718.5
15621	1793.6	2022.2	12944.4
49687	1784.5	2051.2	12745.5
15207	1782.8	2043.5	12869.7
42312	1780.2	1965.0	12438.0
44072	1800.8	2083.8	13291.2
8721	1776.2	2013.3	12318.7
52686	1789.8	1986.4	12438.5
54152	1796.4	2055.7	12926.1
60303	1772.9	1996.1	12583.6
58727	1794.6	1947.2	12555.7
59168	1792.9	2051.3	12814.7
65593	1779.7	2068.5	12889.7
27633	1786.4	2027.2	12724.8
3156	1781.1	1973.5	12541.6
75516	1779.9	2048.4	12804.2
26350	1780.4	2040.6	12611.7
79087	1787.1	2024.5	12614.6
70736	1788.7	2011.7	12724.2
24145	1785.8	2036.3	12690.8
48234	1787.3	2024.8	12599.4
36845	1789.9	1966.8	12399.6
19988	1797.1	2054.2	13021.5
12230	1797.7	2107.2	12979.0
81379	1782.2	1984.2	12520.8
8133	1785.5	2086.5	13302.4
6983	1770.8	2008.1	12417.0
21518	1784.0	1988.1	12414.0
38117	1789.2	1992.1	12693.3
32510	1784.3	2020.9	12891.1
56143	1791.6	2040.0	13685.7
76174	1790.5	1969.5	12523.2
48281	1789.9	2029.1	12755.3
75984	1795.4	1994.0	12837.3
12793	1783.5	2032.5	12529.1
53455	1787.8	1973.1	12410.8
73500	1784.2	2007.5	12632.3
80494	1794.4	2006.1	12953.2
79262	1793.5	2061.9	13175.6
69093	1789.8	2057.0	12869.4
9800	1777.7	2021.5	12583.1
55547	1785.0	2054.1	13213.6
55392	1793.0	2025.6	12900.8
18144	1792.1	2091.8	12948.7
49180	1790.6	2077.7	12988.9
55082	1794.9	2069.2	12916.4
8608	1781.3	1983.1	12535.4
7725	1782.4	2025.5	12728.2
55876	1782.5	2023.0	12558.1
73741	1794.5	2006.0	12827.8
53374	1780.0	2055.7	12593.5
47095	1791.3	2093.8	13042.2
6773	1794.2	2042.6	12693.2
61545	1768.7	2016.3	12206.2
79119	1806.2	2043.5	12963.9
55654	1770.4	2014.1	12480.4
41833	1779.8	2010.1	12533.9
20152	1791.8	2061.4	12833.8
50442	1787.3	1977.8	13088.2
46147	1778.3	1990.1	12516.5
55218	1794.4	2016.5	13284.6
34364	1778.6	2012.4	12741.6
3809	1790.3	2016.1	12977.3
35420	1770.5	1998.0	12467.1
48762	1800.0	2060.0	13103.2
44042	1762.9	1993.2	12338.5
64265	1792.1	2012.4	12699.2
50319	1765.1	1958.4	12179.8
40009	1786.2	2017.6	12870.9
29437	1783.0	2000.9	12423.4
15423	1785.0	1980.8	12529.8
32878	1786.7	2053.6	12864.0
47683	1777.6	2039.7	12831.2
45009	1783.8	1996.1	12674.6
48420	1781.8	2032.4	12757.0
23290	1781.3	2054.0	12664.1
22535	1784.0	2000.0	12566.2
68968	1781.9	2047.9	12704.1
78965	1780.4	1972.1	12479.2
18815	1762.0	1977.9	12274.3
29657	1779.6	2050.2	12729.7
38365	1781.4	2007.4	12524.3
34059	1803.4	2067.7	12988.1
24490	1779.9	2018.0	12527.2
77569	1784.5	1976.3	12406.5
32552	1792.9	2058.4	12871.1
73261	1794.8	2009.8	12662.6
