7491	2326.3	2590.7	19060.1
1588	2331.6	2505.9	18849.3
26711	2324.1	2602.6	19239.3
42543	2324.1	2564.7	19251.3
32986	2320.5	2485.0	18724.9
49776	2333.2	2597.9	19563.7
17614	2330.7	2545.7	19074.7
44628	2320.9	2556.6	19302.7
39136	2333.3	2621.5	19622.3
50390	2320.6	2554.9	19217.6
31010	2335.8	2659.7	19753.2
65292	2338.7	2535.5	19302.3
58851	2337.2	2593.5	19399.5
15488	2322.2	2537.3	18943.1
11453	2325.2	2563.4	19138.9
63229	2337.7	2504.6	19013.4
24554	2332.0	2513.8	19018.4
20870	2327.6	2586.6	19239.9
16146	2357.1	2578.3	19499.5
50854	2339.6	2611.6	19604.6
39948	2329.3	2571.3	19005.5
15159	2324.0	2521.5	19030.2
46845	2338.8	2616.4	19469.9
60639	2333.7	2522.7	19327.9
30002	2343.6	2603.4	19506.6
7215	2348.4	2591.7	19666.0
34936	2341.7	2603.3	19382.4
52203	2327.6	2544.4	18970.4
14849	2310.9	2539.7	18646.6
33390	2335.1	2545.5	19030.3
30642	2331.2	2616.2	19422.2
12688	2331.5	2621.9	19760.6
45830	2330.5	2531.7	19250.4
30580	2333.1	2635.6	19398.8
61860	2343.2	2567.4	19444.3
13266	2317.3	2481.8	18675.3
19079	2318.7	2586.6	19042.4
39963	2319.9	2554.7	19305.4
30398	2328.0	2513.8	19019.3
20336	2332.3	2584.1	19365.4
11004	2328.4	2570.8	19172.7
67967	2346.7	2563.0	19396.9
30682	2324.0	2544.9	18811.0
53716	2326.7	2587.2	19023.4
62539	2345.3	2599.7	19413.4
46912	2332.0	2580.3	19273.0
2568	2336.4	2550.5	19053.5
39067	2329.5	2578.1	19112.5
2447	2310.2	2518.9	18799.9
60255	2319.6	2527.2	18968.3
12197	2334.2	2576.4	19212.5
34859	2323.8	2546.3	18962.9
54955	2331.4	2569.9	19230.9
56200	2328.7	2566.6	19511.7
46211	2328.9	2564.4	19008.1
43867	2341.8	2555.3	19874.3
5328	2341.9	2618.1	19557.8
69565	2331.5	2497.4	19051.1
68389	2325.4	2555.1	19365.4
24859	2336.6	2549.7	19273.5
49794	2346.5	2625.5	19655.8
16819	2319.7	2568.8	18874.1
28653	2336.1	2589.0	19563.1
44683	2319.9	2545.7	19354.8
17032	2337.7	2612.9	19284.7
28127	2315.0	2505.6	19041.0
35279	2333.3	2605.8	19843.5
49980	2317.9	2534.7	18711.0
18953	2343.3	2586.1	19435.0
30947	2335.1	2531.2	19014.7
41215	2334.2	2588.1	19533.0
36874	2341.2	2614.7	19349.4
10043	2344.8	2580.6	19192.7
51520	2325.0	2521.1	18957.5
16181	2325.4	2557.4	19099.4
51757	2321.2	2567.6	19238.9
54700	2356.4	2663.3	19978.5
55126	2325.8	2575.6	19112.1
65192	2317.6	2500.1	18985.9
17881	2332.9	2610.7	19414.6
64849	2328.0	2623.5	19575.6
31669	2330.1	2531.8	19308.1
7722	2327.6	2586.0	19214.3
7554	2343.0	2638.7	19732.8
47978	2337.2	2558.9	19366.5
37324	2346.3	2634.4	19554.0
40266	2310.8	2518.4	18815.3
57584	2331.0	2576.6	19027.5
56274	2321.8	2555.6	19122.0
6014	2340.3	2577.2	19581.0
67706	2329.9	2560.2	19203.8
36200	2338.1	2588.8	19385.2
31644	2320.1	2539.1	19067.0
54851	2338.3	2559.8	19388.3
4805	2329.6	2594.7	19366.1
37956	2333.3	2563.2	19606.4
28727	2339.4	2574.3	19331.1
1483	2325.8	2559.5	18954.7
60896	2333.3	2579.4	19116.0
19307	2321.4	2517.0	18958.3
69181	2344.5	2608.5	19597.5
20791	2326.6	2597.5	19260.6
15587	2333.3	2512.5	19055.5
56739	2336.1	2557.4	19221.4
62874	2341.1	2568.1	19558.4
8657	2338.2	2577.2	19370.3
69865	2325.1	2543.0	19050.2
3429	2343.0	2581.4	19490.0
56615	2326.5	2549.0	19328.9
35145	2331.7	2611.8	19437.7
29525	2347.8	2611.3	19602.3
24987	2314.6	2584.0	19166.9
4964	2342.4	2552.7	19465.1
27667	2351.6	2580.9	19573.3
49624	2316.1	2519.1	18940.9
13529	2326.2	2539.2	19053.0
46443	2336.9	2567.2	19329.6
15737	2344.0	2612.2	19669.3
15784	2327.6	2559.0	18976.5
44061	2336.1	2557.3	19432.8
31491	2324.7	2561.0	19086.1
4577	2337.6	2611.4	19471.0
36177	2331.0	2554.9	19178.3
6079	2327.0	2533.2	18944.9
56445	2314.4	2519.9	18878.3
63914	2340.4	2564.4	19275.7
17753	2360.0	2701.3	20170.6
12683	2331.8	2552.1	19208.5
37599	2332.4	2556.4	19397.6
14324	2338.5	2588.8	19176.8
53871	2338.5	2559.5	19302.9
47873	2326.9	2546.3	19060.4
54664	2332.5	2615.8	19363.4
37976	2315.6	2509.7	18962.0
66458	2337.5	2574.5	19241.4
22623	2327.1	2548.7	19020.8
14411	2343.3	2601.2	19538.8
35535	2326.5	2548.4	19121.2
23955	2334.9	2580.7	19486.8
50175	2333.6	2557.3	19151.9
39377	2324.4	2601.3	19156.6
35448	2328.3	2539.2	19223.1
12739	2325.3	2560.8	19061.7
31388	2332.3	2543.1	19100.1
10153	2346.5	2648.4	19986.7
30929	2331.2	2540.3	19235.7
6395	2329.4	2569.6	19376.3
67369	2326.7	2560.7	19183.0
7906	2338.0	2633.8	19449.5
11308	2330.8	2608.0	19241.7
12172	2335.7	2563.7	19259.6
47081	2334.0	2577.5	19376.5
15438	2340.1	2596.0	19405.7
29663	2327.0	2539.0	18939.9
19768	2337.8	2573.0	19471.9
23776	2333.2	2534.5	19312.1
15964	2315.9	2504.0	18898.8
695	2346.1	2545.3	19237.0
22446	2327.5	2557.7	19177.8
17498	2336.7	2605.7	19213.2
58536	2336.8	2599.7	19401.6
25980	2339.7	2596.3	19717.6
62496	2336.5	2580.3	19501.0
16231	2318.1	2509.3	18937.3
26695	2343.0	2607.4	19427.1
28987	2326.2	2557.7	19304.8
14106	2328.0	2577.1	19010.7
3869	2333.3	2558.7	19244.8
36985	2333.7	2543.2	19228.1
12982	2324.9	2568.3	19061.0
53266	2330.3	2568.4	19307.7
65443	2320.4	2477.7	18927.1
63705	2320.5	2533.6	19174.3
41224	2335.1	2549.5	19305.2
13824	2346.9	2600.1	19420.8
31810	2315.0	2562.2	18865.1
61880	2330.3	2590.9	18974.8
6931	2332.1	2564.3	19218.4
53175	2321.2	2581.6	19171.4
7313	2335.6	2597.4	19244.8
21756	2353.3	2633.7	19624.9
48459	2334.7	2541.9	19589.2
53568	2342.4	2576.2	19233.8
23381	2322.3	2543.0	19235.1
67431	2322.5	2536.7	19072.4
2885	2325.4	2584.4	19334.1
34562	2306.3	2500.4	18703.9
47643	2346.2	2600.5	19816.7
68294	2319.3	2512.8	19015.9
24071	2325.8	2581.1	19089.7
64940	2322.1	2525.5	18891.6
10970	2326.0	2554.3	19236.6
29278	2332.1	2571.0	19288.6
63271	2334.3	2631.5	19943.8
17008	2326.7	2533.9	19211.7
35319	2317.7	2551.4	18924.8
52484	2334.2	2572.8	19521.2
5548	2334.1	2559.1	18956.9
29875	2335.8	2561.5	19351.6
4741	2323.8	2538.8	19152.5
9547	2337.9	2621.6	19644.1
22009	2335.7	2568.1	19246.3
55804	2320.6	2515.6	19146.8
65250	2324.9	2574.8	19149.9
22401	2325.4	2603.6	19119.8
24029	2329.0	2579.6	19396.0
34115	2349.7	2620.0	19986.2
30872	2353.9	2604.2	19698.8
14300	2345.0	2550.9	19296.2
19085	2333.3	2573.5	19059.7
60624	2326.9	2542.1	18990.4
38685	2331.5	2597.6	19100.0
7984	2328.2	2526.2	19087.1
1456	2327.6	2641.1	19104.9
13296	2332.3	2564.1	19253.6
40721	2335.7	2595.8	19432.2
36547	2326.6	2529.7	19114.4
41925	2347.4	2625.8	19574.7
45988	2338.5	2577.5	20440.8
39046	2329.5	2608.4	19518.5
1680	2333.3	2568.7	19180.8
31987	2329.0	2528.6	19343.5
8744	2344.2	2560.3	19353.3
3192	2344.9	2630.7	19629.8
63727	2329.4	2597.2	19659.6
43841	2344.9	2597.2	19577.7
37659	2336.8	2537.9	19222.3
5307	2343.4	2616.7	19537.0
40612	2332.8	2590.7	19251.1
31135	2350.6	2569.9	19767.6
38047	2321.6	2543.9	19075.6
55686	2337.0	2568.8	19188.6
23752	2341.8	2648.3	19678.4
37701	2322.8	2561.7	19092.2
5620	2347.3	2675.1	19841.2
11164	2341.8	2666.1	19557.8
57099	2319.0	2481.7	18807.0
51194	2326.6	2535.2	18965.1
41637	2306.0	2504.6	18798.9
65529	2334.5	2599.0	19289.6
61696	2340.1	2611.2	19568.0
30429	2331.7	2569.6	19282.0
54286	2335.7	2559.5	19443.4
8473	2327.8	2558.2	19116.0
9696	2324.4	2587.2	19727.8
56504	2326.2	2529.9	18935.7
795	2329.6	2625.5	19125.5
4484	2305.1	2552.4	18937.2
62614	2329.8	2586.4	19258.6
51433	2332.9	2594.9	19257.7
14671	2336.7	2559.5	19368.4
58890	2352.7	2647.7	19935.4
5272	2342.6	2565.6	19275.6
41056	2323.9	2574.6	19112.7
34646	2334.0	2517.2	19179.1
44724	2336.9	2620.2	19397.9
36509	2315.2	2514.8	18979.7
49840	2340.1	2570.4	19452.8
35365	2339.4	2532.5	19217.7
24021	2328.9	2630.4	19399.2
68879	2319.2	2545.3	18787.4
62925	2329.7	2552.7	19238.4
25560	2331.3	2554.4	19177.2
58302	2315.1	2500.7	18955.6
55631	2336.0	2616.6	19373.4
1817	2335.5	2506.8	19127.9
48751	2341.3	2549.3	19270.0
64699	2331.5	2547.5	19047.9
38986	2332.1	2627.9	19303.6
43880	2339.7	2613.0	19746.8
54885	2317.7	2520.3	19013.6
42327	2333.9	2580.4	19394.9
49909	2336.0	2568.9	19504.4
33333	2326.9	2524.2	18934.7
29198	2333.1	2546.5	19352.5
34990	2330.1	2588.5	19264.6
65900	2337.9	2580.9	19482.7
50376	2325.5	2551.6	18967.6
21708	2342.4	2636.8	19676.6
14216	2326.6	2608.9	19421.1
35822	2332.4	2531.6	19042.3
45139	2339.0	2583.3	19290.8
59133	2337.2	2584.1	19157.3
52787	2343.2	2561.9	19195.4
12481	2347.1	2588.4	19758.4
58848	2324.8	2505.1	19160.3
59987	2322.1	2541.2	18965.2
1041	2328.5	2594.0	19219.2
49483	2338.9	2591.2	19298.3
2273	2318.2	2519.7	18774.2
63596	2329.1	2509.2	19482.3
66724	2343.2	2585.2	19427.2
54908	2315.9	2548.2	19065.6
28658	2313.9	2565.8	19234.2
52903	2331.0	2561.4	19282.6
35181	2348.3	2604.3	19541.8
63773	2325.8	2580.3	18944.0
38742	2325.0	2530.9	19175.0
38519	2336.9	2581.8	19234.6
2591	2346.7	2601.3	19660.3
53064	2335.3	2537.0	19286.8
16980	2316.2	2517.5	18933.5
5025	2318.5	2507.4	19025.9
4546	2341.4	2552.6	19854.4
2055	2322.8	2612.4	19279.5
2364	2322.4	2545.7	19068.0
25287	2316.6	2498.0	18827.6
56061	2343.9	2611.0	19574.7
56605	2343.6	2579.2	19791.4
13485	2333.6	2598.1	19235.3
19943	2333.1	2591.3	19449.1
26456	2318.4	2542.8	18942.0
52561	2332.3	2615.1	19319.7
31906	2328.9	2555.0	19078.7
69519	2328.1	2498.2	18816.3
64036	2312.5	2510.1	18787.0
11090	2338.6	2565.6	19118.1
69391	2346.2	2554.0	19370.1
20874	2340.8	2608.2	19528.7
52425	2341.3	2513.4	19198.5
52107	2336.5	2572.3	19737.5
45932	2344.7	2581.9	19606.6
10857	2340.8	2571.1	19350.7
63868	2331.1	2595.6	19197.5
62282	2348.9	2627.9	19677.8
1634	2328.6	2574.2	19246.7
52600	2330.4	2605.6	19314.2
48545	2334.3	2597.4	19288.3
35898	2328.1	2579.3	19298.0
26272	2330.7	2527.5	18863.5
37395	2335.5	2608.4	19501.9
41879	2328.0	2530.3	19157.1
41106	2331.2	2511.4	19104.3
57638	2318.2	2537.9	18858.0
27478	2328.7	2529.0	18850.7
22661	2343.4	2587.7	19673.5
13471	2327.6	2564.8	19103.9
44559	2334.9	2587.9	19448.1
61189	2338.5	2625.3	19387.7
54283	2329.1	2553.2	19227.5
6254	2308.8	2511.2	18796.3
15138	2344.9	2647.0	19472.0
60853	2330.6	2485.2	18864.1
130	2330.7	2580.4	19306.2
8731	2345.1	2575.1	19450.8
45862	2316.6	2594.1	19255.9
51844	2348.0	2594.1	19653.0
27995	2342.8	2575.7	19367.7
18815	2334.1	2606.8	19368.8
43537	2346.2	2605.9	19397.0
38160	2325.0	2550.2	18899.1
18806	2330.0	2652.1	19543.8
9998	2330.9	2571.9	19411.3
13618	2327.1	2549.5	19213.9
15400	2312.1	2572.8	19122.5
37047	2331.2	2632.6	19442.3
42576	2320.1	2561.5	19146.4
47273	2342.5	2636.2	19563.1
35157	2336.5	2611.2	19346.7
45942	2327.2	2572.5	19106.5
65837	2319.1	2533.4	19227.6
22570	2327.4	2566.7	19254.5
5916	2353.7	2641.2	19556.5
60250	2341.6	2524.2	19302.3
834	2327.8	2605.5	19446.1
5517	2338.1	2578.0	19689.0
37198	2319.1	2560.3	19001.5
2315	2350.7	2621.2	19440.2
23555	2339.3	2620.0	19690.3
27683	2340.6	2604.3	19837.7
10616	2365.5	2741.8	20203.9
46720	2321.6	2549.8	19159.0
5505	2326.2	2550.6	19027.5
10766	2333.4	2592.4	19404.4
18658	2329.9	2626.6	19221.5
7772	2331.3	2543.0	19246.5
68507	2329.3	2570.7	19314.1
968	2352.6	2695.3	19696.5
8510	2328.7	2589.7	19229.2
1279	2318.6	2542.1	19083.5
51822	2340.7	2642.6	19489.3
62828	2335.6	2614.1	19287.8
28684	2345.6	2597.3	19575.7
40403	2330.8	2527.4	19115.8
38312	2338.1	2566.7	19400.4
17477	2334.9	2557.9	19187.9
52850	2331.6	2621.8	19418.5
64747	2315.6	2559.3	19065.7
37054	2341.2	2582.9	19337.2
23304	2338.3	2610.8	19428.1
18238	2313.4	2508.1	18992.9
8683	2338.8	2554.5	19254.3
7004	2325.4	2569.2	19202.5
48104	2330.9	2555.6	19185.8
27384	2322.3	2563.6	19203.5
32090	2329.8	2555.6	19131.4
35362	2337.8	2577.2	19173.0
68482	2334.0	2595.5	19803.5
63092	2330.5	2551.4	19326.3
25755	2353.4	2622.7	19390.3
18704	2340.8	2558.8	19234.5
18950	2341.5	2621.5	19387.4
52243	2314.8	2542.8	18996.5
45117	2348.9	2630.5	19826.4
2525	2335.1	2592.7	19211.9
14557	2317.2	2521.5	18985.7
32263	2350.8	2617.5	19827.1
6824	2334.4	2583.0	19336.5
22327	2344.7	2587.8	19201.1
24301	2324.7	2566.5	19331.4
4450	2340.9	2586.6	19428.0
48057	2338.1	2565.3	19465.8
21703	2329.4	2548.4	19239.6
53915	2310.2	2503.6	18875.8
45800	2355.3	2618.8	19960.3
10241	2350.5	2621.0	19783.0
60129	2336.8	2550.7	19230.3
14528	2348.1	2634.3	19765.6
30968	2354.4	2632.6	19418.0
48111	2355.0	2647.8	19966.2
60333	2332.3	2562.5	19515.7
39765	2325.8	2601.4	19235.9
66253	2338.7	2601.7	19483.0
57148	2339.8	2600.4	19544.2
27439	2324.8	2549.1	19223.7
52688	2334.8	2575.8	19281.3
54439	2332.9	2545.3	19131.9
38779	2311.1	2486.7	18692.1
1631	2338.1	2660.8	19608.7
46050	2327.0	2544.2	18694.7
58447	2342.4	2607.7	19630.4
4187	2330.1	2615.0	19264.6
10436	2334.8	2625.5	19523.7
49698	2339.4	2617.7	19355.6
1758	2341.3	2588.2	19260.8
48152	2321.9	2571.1	19272.4
5560	2341.2	2596.7	19485.9
69850	2338.2	2534.9	19154.5
57557	2329.0	2551.3	19111.2
42018	2328.0	2498.8	18966.1
21566	2346.7	2607.7	19549.4
38148	2333.4	2608.7	19507.5
49457	2319.6	2525.5	19021.8
62146	2353.0	2623.7	19550.2
57569	2341.0	2595.8	19330.9
14610	2329.3	2545.1	19073.2
57403	2333.2	2537.4	19185.5
1017	2324.2	2547.9	19152.9
53372	2329.7	2583.2	19194.6
231	2341.1	2640.5	19657.2
5995	2336.1	2628.6	19534.3
37638	2336.0	2589.9	19567.4
59824	2343.8	2563.3	19400.8
3233	2345.6	2582.5	19808.3
33604	2317.4	2552.7	19060.5
35517	2334.3	2563.0	19221.0
40033	2343.2	2578.7	19721.1
60686	2320.7	2497.7	18764.5
15915	2359.5	2644.7	20030.0
179	2322.2	2568.5	18903.4
56815	2341.8	2599.0	19448.1
36983	2337.7	2549.7	19430.5
10221	2324.4	2543.0	19125.0
18485	2320.8	2541.5	18943.7
23802	2330.8	2556.3	19225.6
63540	2332.8	2573.5	19342.5
50633	2326.9	2550.8	19387.2
55114	2330.7	2572.0	19487.1
42821	2337.9	2518.7	19086.7
18743	2346.3	2601.6	19923.1
68652	2324.5	2585.4	19235.5
69862	2326.4	2529.3	19340.8
44620	2332.0	2567.5	19470.5
28742	2336.1	2581.4	19147.8
14492	2344.4	2582.5	19940.2
18780	2332.7	2557.1	19090.4
27863	2335.7	2542.3	19035.8
41051	2326.3	2553.9	19132.5
49164	2323.5	2567.0	18962.3
38746	2339.4	2662.2	19443.3
11623	2326.4	2621.7	19454.7
63917	2313.9	2569.3	18959.2
49222	2333.4	2598.2	19357.6
12699	2333.0	2609.4	19244.0
92	2341.0	2599.3	19351.1
33669	2331.5	2601.3	19430.0
1698	2318.4	2542.1	19002.4
16680	2350.0	2609.6	19269.3
23870	2333.1	2604.9	19261.4
21416	2320.7	2590.4	19216.2
31802	2325.2	2591.2	19453.2
11165	2352.6	2615.8	19786.9
10949	2342.3	2565.9	19356.2
2825	2342.8	2627.6	19430.5
23965	2318.7	2574.0	18851.7
60585	2320.8	2559.3	19037.0
31697	2305.9	2518.9	18589.9
66862	2322.4	2532.5	19124.0
1300	2348.5	2624.7	19454.6
19468	2329.0	2578.5	19276.4
64580	2330.5	2514.6	19152.8
57622	2347.6	2614.9	19613.6
39762	2340.0	2633.1	19377.7
52947	2321.0	2516.9	19135.6
17883	2327.0	2540.3	19100.2
63313	2336.6	2582.2	19913.7
15842	2327.6	2514.6	19027.1
49546	2316.3	2566.3	19030.9
34820	2336.3	2524.2	19166.5
40467	2331.8	2577.1	19446.4
34240	2330.9	2582.2	19229.9
7155	2338.1	2539.3	19265.3
35625	2320.5	2554.0	19004.4
65418	2328.6	2568.9	19171.3
32155	2336.9	2594.1	19481.8
53488	2331.8	2578.9	19148.5
56487	2333.5	2541.8	19331.9
29013	2334.5	2557.6	19345.3
11716	2339.7	2558.9	19078.7
36162	2320.2	2546.2	18949.5
38187	2316.1	2529.4	19041.5
39312	2319.6	2565.7	19344.9
545	2335.4	2577.2	19323.1
45077	2317.5	2527.8	19037.1
34371	2339.7	2603.7	19525.8
43691	2329.8	2529.2	19066.5
17831	2336.5	2547.0	19234.7
37101	2325.1	2522.5	19217.1
29725	2339.1	2582.2	19499.3
8264	2314.7	2607.9	19063.5
899	2325.3	2581.1	19275.0
16978	2342.2	2608.3	20154.9
64310	2316.9	2543.1	18987.8
69466	2305.3	2519.9	18787.8
15877	2341.2	2600.4	19757.3
2854	2342.0	2660.7	19944.2
1327	2312.8	2513.1	18654.4
60794	2325.6	2577.9	19194.5
54975	2324.9	2625.0	19256.6
57138	2324.2	2575.6	19051.2
39644	2347.8	2640.6	19976.2
60672	2342.2	2590.7	19372.9
35183	2343.1	2638.9	19622.3
46250	2339.1	2591.8	19473.7
13831	2344.2	2584.9	19613.6
38445	2328.2	2553.3	19155.2
44702	2351.5	2582.0	19691.7
4764	2309.8	2537.4	18707.3
61524	2329.9	2582.2	19206.1
41064	2333.9	2551.5	19276.7
10115	2323.4	2582.5	19141.4
64998	2339.4	2537.5	19140.5
8244	2333.5	2555.9	19246.0
262	2323.4	2558.3	19155.8
44486	2326.8	2594.0	19154.7
20105	2341.5	2601.4	19527.2
56508	2325.5	2581.1	19143.0
43535	2327.9	2533.4	19031.1
48433	2330.5	2561.7	19255.9
30511	2323.6	2578.6	19351.4
58450	2333.1	2639.4	19491.5
41641	2321.7	2545.0	19072.6
54424	2318.3	2608.5	19476.5
27204	2336.3	2556.2	19431.6
12383	2336.9	2587.8	19439.3
14527	2316.9	2538.4	18865.6
66621	2358.0	2605.3	19554.7
2035	2316.9	2563.5	18999.2
55944	2339.6	2606.6	19535.9
53608	2332.5	2602.8	19399.9
45550	2318.7	2516.3	18904.8
1345	2322.7	2565.0	19202.1
5931	2334.2	2594.2	19300.4
69214	2330.9	2538.4	19253.2
10160	2325.3	2512.9	19026.7
3721	2327.8	2520.2	19219.6
65746	2331.9	2542.7	19279.7
17672	2335.9	2556.3	19212.2
17489	2336.2	2543.9	19567.6
12456	2320.2	2556.1	19244.9
3378	2324.6	2590.1	19158.0
31272	2304.2	2506.9	18663.2
11728	2324.0	2564.4	19174.6
63684	2349.4	2567.8	19519.7
47238	2335.9	2607.1	19421.9
379	2333.1	2556.7	19104.4
37412	2338.6	2587.1	19479.5
66134	2319.1	2537.6	18902.4
11166	2340.9	2561.4	19029.0
65544	2334.0	2535.9	19334.0
7922	2347.7	2564.3	19351.7
24360	2318.5	2591.8	19048.8
63956	2328.6	2600.3	19594.1
69545	2315.5	2528.1	18690.2
66540	2331.3	2578.7	19301.9
63826	2327.0	2578.7	19006.0
23962	2334.9	2551.1	19257.0
5676	2338.8	2591.0	19234.2
19296	2332.1	2549.7	19358.5
64385	2329.7	2529.5	19296.2
34261	2338.1	2618.1	19402.3
10953	2328.2	2556.1	18973.7
27762	2328.5	2568.5	19362.2
30908	2323.5	2521.7	19141.2
156	2335.7	2584.7	19381.7
11312	2323.6	2548.4	19108.4
11747	2321.7	2554.8	19138.1
57985	2340.2	2613.0	19656.1
10141	2355.3	2631.5	19832.4
48198	2346.2	2611.7	19378.5
24782	2327.9	2535.1	19194.3
64399	2313.3	2559.8	19191.8
32328	2341.5	2619.7	19462.8
21738	2330.1	2550.8	19213.8
29573	2333.6	2525.5	19065.5
61185	2335.6	2547.3	19092.5
22214	2344.4	2574.2	19472.9
39818	2339.4	2561.5	19414.6
38747	2322.3	2499.2	19051.0
18588	2334.6	2497.3	18948.9
34653	2325.3	2545.4	18886.3
9915	2331.3	2560.4	19095.2
19267	2334.8	2510.3	19243.3
57537	2329.5	2532.0	19120.9
40455	2337.8	2636.1	19613.9
49508	2322.5	2539.5	18973.6
10003	2338.4	2552.2	19171.6
58256	2312.8	2566.2	18990.6
14789	2319.8	2498.8	18768.8
43109	2323.9	2512.1	18958.9
24604	2330.4	2559.0	19320.7
15280	2353.6	2608.6	19499.7
64565	2350.5	2641.4	19800.7
54414	2329.8	2572.7	19221.1
27522	2369.6	2612.0	20134.3
34678	2336.5	2602.5	19393.4
30583	2334.4	2544.9	19327.7
48479	2331.0	2533.4	19550.7
36551	2321.3	2490.0	18972.9
15858	2315.3	2589.6	18997.3
51959	2347.2	2606.9	19675.1
34576	2331.6	2537.5	18963.2
49530	2329.0	2561.3	19053.3
56417	2324.0	2556.4	19086.5
7431	2324.9	2519.7	18894.5
57051	2327.3	2572.1	19421.0
17264	2341.2	2587.3	19583.2
23313	2342.0	2603.4	19685.4
39887	2331.5	2613.5	19252.4
32360	2318.6	2565.3	18988.2
46345	2315.6	2563.8	19303.0
12147	2332.9	2590.1	19171.8
55483	2342.7	2567.2	19423.6
3872	2318.5	2545.8	19081.8
33194	2328.4	2574.8	19277.5
61683	2339.1	2548.9	19275.3
49815	2315.3	2527.6	19091.1
50534	2337.0	2601.4	19402.4
11280	2336.0	2600.5	19289.1
20798	2323.4	2537.1	18953.9
62525	2328.6	2573.7	19209.8
62025	2352.1	2686.7	20121.5
9540	2313.8	2513.2	18736.8
27855	2326.5	2592.7	19380.4
4977	2335.5	2571.8	19257.6
47454	2335.2	2618.6	19548.8
10021	2335.0	2584.2	19258.8
26873	2337.2	2551.3	19118.2
15729	2351.1	2619.4	19359.5
18311	2345.9	2576.3	19671.2
20662	2334.5	2566.4	19065.3
8694	2323.9	2562.9	19312.9
40423	2340.6	2566.3	19239.4
55084	2342.1	2613.9	19370.2
30994	2337.5	2556.1	19069.8
11301	2316.9	2492.9	18783.7
23366	2322.6	2561.9	19362.4
67377	2325.6	2551.2	19027.5
17101	2324.7	2610.9	19207.6
26434	2333.7	2588.6	19594.3
68967	2337.2	2549.0	19430.2
62000	2327.8	2574.7	19085.0
17600	2333.0	2566.7	19381.4
20886	2324.0	2539.9	18962.5
62463	2342.3	2530.6	19386.2
69675	2340.7	2554.8	19440.3
50326	2344.2	2645.6	19624.1
37681	2326.3	2574.2	19397.8
11325	2348.2	2642.8	19888.3
11241	2332.3	2588.0	19138.8
8193	2338.5	2625.0	21169.7
55182	2338.5	2591.4	19341.8
30740	2343.9	2592.5	19569.9
32002	2331.2	2520.1	18874.6
61884	2343.4	2544.4	19108.8
28332	2324.0	2594.1	19179.7
48221	2333.3	2569.9	19231.8
9483	2341.2	2592.3	19336.1
8370	2319.9	2565.0	18887.8
66075	2334.3	2553.0	19598.9
61480	2338.7	2579.4	19383.9
51054	2332.7	2558.1	19120.6
64391	2337.2	2544.6	19368.7
68103	2336.2	2564.1	19175.9
34632	2318.3	2541.1	19044.1
68223	2334.9	2571.4	19612.8
53058	2327.8	2576.4	19298.8
19319	2325.9	2572.9	19303.8
18907	2348.2	2570.9	19453.6
63033	2343.5	2564.5	19668.5
48107	2307.2	2541.1	18849.0
18539	2332.8	2474.2	19017.5
69773	2341.6	2600.1	19513.1
48613	2320.0	2484.7	18923.1
4609	2344.7	2585.9	19504.4
39675	2331.1	2571.5	19264.8
55984	2334.3	2573.5	19489.4
26327	2334.0	2605.8	19352.6
34196	2309.6	2525.5	18849.6
6241	2323.7	2575.0	19096.7
8607	2342.2	2609.2	19423.9
1239	2329.5	2570.0	19820.2
36701	2341.7	2578.7	19419.4
53973	2314.2	2475.2	18770.2
49281	2345.9	2637.6	20053.3
40523	2309.3	2471.2	18729.2
1831	2340.5	2540.4	19228.4
22105	2336.2	2620.5	19469.7
54408	2328.3	2539.2	19021.3
1175	2328.6	2551.9	19094.1
40330	2330.1	2534.2	19058.8
68034	2359.0	2618.9	20028.2
58693	2346.0	2612.8	19658.6
28767	2341.0	2613.8	19397.5
34899	2338.5	2575.8	19374.4
32212	2319.6	2579.2	19010.2
59422	2326.1	2530.1	19151.0
61975	2322.7	2559.7	19000.8
34991	2331.9	2584.4	19250.6
50807	2351.8	2584.7	19872.0
7434	2328.9	2631.3	19379.8
19305	2335.4	2607.0	19669.7
32078	2337.7	2615.8	19716.9
51638	2338.3	2574.5	19541.4
41077	2342.7	2562.0	19520.1
27179	2347.5	2609.8	19729.5
7875	2338.8	2538.8	19559.7
68806	2327.7	2553.2	19229.5
55628	2325.7	2597.1	19652.7
31026	2337.2	2641.0	19754.0
21836	2329.7	2557.4	19404.3
62512	2346.4	2573.9	19514.9
26554	2326.6	2576.9	19264.9
59220	2339.3	2589.6	19554.8
69278	2337.5	2599.5	19438.2
25788	2319.0	2546.7	18920.4
40803	2341.1	2589.2	19292.4
68781	2326.5	2531.7	19270.3
36522	2342.2	2551.9	19568.4
621	2330.1	2591.8	19479.8
24889	2321.7	2566.8	19166.5
45265	2333.4	2567.8	19602.8
1477	2333.4	2598.2	19147.1
55226	2330.7	2478.0	18998.4
65996	2330.8	2579.2	19232.2
50731	2344.3	2593.3	19479.0
44043	2338.9	2548.4	19555.0
65426	2332.9	2550.1	19628.0
38002	2312.6	2520.9	18799.2
17752	2328.2	2543.2	19569.4
6825	2329.2	2623.5	19387.8
11368	2347.0	2619.5	19602.1
43413	2324.7	2582.1	19274.4
63319	2337.2	2567.5	19320.5
4434	2326.4	2604.5	19124.5
30138	2347.5	2558.2	19476.3
49663	2340.6	2574.1	19516.1
67646	2345.3	2640.8	19710.3
15959	2330.2	2608.1	19490.6
61912	2327.0	2627.2	19318.3
24533	2342.8	2620.5	19635.1
62416	2336.2	2565.5	19245.6
32974	2349.8	2598.7	19566.1
67822	2326.0	2537.2	19185.9
20298	2327.9	2549.7	19085.5
24233	2329.4	2582.1	19249.1
44586	2336.4	2542.1	19265.1
7803	2341.3	2577.9	19343.5
8536	2350.4	2661.0	19740.6
15153	2335.0	2583.9	19320.5
66114	2338.2	2540.1	19363.0
22703	2321.5	2544.4	19103.8
51637	2343.3	2586.7	19356.1
6360	2345.9	2615.1	19765.2
59748	2341.1	2540.0	19203.4
4457	2330.1	2567.7	19568.0
31769	2330.0	2600.0	19124.2
54571	2330.6	2545.5	19426.5
49791	2332.3	2575.1	19017.8
48580	2314.6	2563.0	19062.4
43857	2325.2	2527.5	19137.3
15297	2346.4	2615.3	19435.4
2660	2339.5	2595.8	19556.9
55645	2343.4	2588.2	19503.6
3527	2327.4	2543.6	19006.5
12930	2339.3	2621.2	19457.7
3581	2337.1	2600.1	19444.9
38595	2340.0	2549.6	19500.1
21726	2347.2	2606.8	19611.7
30876	2339.4	2579.4	19489.3
27329	2319.8	2597.2	19369.3
55518	2333.4	2532.0	19150.3
58675	2337.0	2563.9	19300.9
43179	2323.8	2556.5	19366.4
8064	2323.1	2608.1	19070.8
6007	2315.6	2535.1	18991.3
2042	2344.1	2616.1	19275.8
40649	2339.6	2547.5	19330.3
68323	2330.2	2580.8	19188.5
44933	2322.1	2573.0	18988.8
41222	2315.7	2584.0	19085.9
7287	2334.8	2576.3	19172.6
20147	2345.7	2617.6	19708.3
50186	2331.7	2560.3	19078.6
12453	2319.1	2630.2	19389.8
52797	2340.8	2580.3	19508.1
17633	2321.7	2566.3	19192.4
58501	2349.0	2632.4	19822.9
6957	2319.8	2569.9	19089.4
6675	2340.0	2613.4	19626.9
42620	2318.4	2524.5	18855.0
1372	2323.3	2587.2	19084.7
52445	2337.4	2580.8	19616.4
64975	2351.9	2577.9	19576.8
7709	2328.7	2602.8	19524.5
10387	2328.4	2567.7	19604.5
36294	2328.1	2575.0	19225.2
15765	2322.8	2560.8	19104.6
24813	2337.5	2608.6	19524.3
58379	2324.7	2582.1	19166.2
45974	2334.4	2591.7	19395.2
13376	2344.4	2609.8	19455.3
45811	2346.5	2572.0	19533.5
61827	2334.2	2567.0	19347.1
60371	2318.3	2564.5	18915.8
13196	2332.2	2637.1	19802.7
38527	2348.8	2674.1	20180.9
40257	2331.8	2618.8	19479.2
29704	2338.4	2662.3	19490.8
16898	2323.4	2585.7	19208.8
6175	2322.9	2519.2	18853.4
47998	2331.3	2575.0	19198.1
55157	2346.6	2550.2	19384.7
64364	2345.6	2567.0	19405.5
46551	2337.2	2557.5	19098.1
58992	2328.6	2531.9	19314.1
68484	2316.4	2519.1	18832.1
49699	2339.6	2596.9	19397.1
41732	2306.9	2527.1	18746.7
53700	2326.2	2564.9	19067.8
3706	2332.7	2562.5	19299.5
32534	2336.0	2607.0	19453.0
35850	2346.3	2577.5	19649.8
63281	2326.6	2525.5	19094.3
60118	2351.8	2573.2	19446.8
8987	2340.0	2585.0	19135.1
66297	2310.2	2497.9	18828.4
17431	2340.1	2603.8	19587.4
18342	2341.3	2577.5	19203.8
59065	2332.9	2541.0	19264.3
380	2334.3	2620.7	19349.5
56233	2337.2	2565.0	19072.5
1379	2321.6	2530.3	18862.1
46490	2336.3	2547.4	19100.3
44758	2329.1	2555.4	19063.1
67628	2331.0	2607.0	19729.4
46464	2344.7	2585.0	19268.3
43810	2331.8	2552.4	19223.1
36535	2322.8	2591.8	19259.9
41148	2344.2	2600.6	19317.8
21400	2328.5	2554.8	19384.0
53958	2341.9	2590.5	19330.7
15426	2332.7	2594.0	19365.9
26214	2345.4	2557.5	19340.4
7862	2324.9	2557.6	19142.9
1202	2330.3	2645.1	19206.9
2830	2333.0	2577.7	19392.5
65066	2343.2	2524.9	19215.5
13893	2336.6	2612.8	19115.7
28196	2347.2	2589.8	19832.3
43615	2351.2	2614.6	19490.4
8815	2349.9	2633.7	19734.8
643	2322.2	2565.3	18952.1
68003	2338.0	2585.0	19587.3
35751	2328.7	2533.8	19221.3
31280	2322.7	2584.4	19216.2
42680	2322.9	2603.1	19258.9
36608	2324.3	2481.0	18935.4
16722	2335.2	2557.4	19169.1
59827	2339.1	2608.1	19459.1
50282	2331.0	2530.3	19273.6
36716	2333.7	2602.8	19291.2
29698	2330.3	2585.4	19182.1
52644	2317.8	2549.1	19224.2
28163	2332.3	2526.2	19253.5
66585	2332.5	2548.3	19357.5
56343	2316.1	2545.3	18867.6
63884	2323.8	2559.5	19692.2
45702	2317.3	2547.5	18984.5
55096	2345.3	2544.3	19375.6
12774	2315.5	2513.8	18981.9
41183	2348.8	2626.3	19716.2
39147	2338.9	2587.7	19330.5
41712	2333.0	2593.0	19448.0
38086	2313.7	2525.7	18985.1
39171	2340.5	2591.9	19417.4
16969	2337.3	2592.5	19613.4
18274	2328.9	2545.8	19066.0
36862	2317.2	2478.9	19046.0
55635	2320.1	2550.0	18870.1
66794	2329.2	2564.9	19250.0
16189	2339.2	2545.0	19248.7
46127	2335.2	2562.7	19368.7
69347	2329.7	2519.0	19090.7
37382	2335.0	2546.0	19060.8
6606	2327.3	2603.4	19165.3
48988	2334.2	2572.7	19506.1
49503	2338.4	2574.4	19413.8
44893	2332.9	2544.0	19221.1
48855	2334.8	2516.8	19201.6
4388	2348.2	2599.9	19417.9
21904	2330.4	2547.2	19131.6
34412	2324.0	2557.6	19195.5
7743	2343.8	2605.7	19266.2
41565	2316.9	2480.3	18799.5
51185	2323.8	2499.9	19049.1
54206	2337.3	2605.4	19268.1
15971	2334.1	2631.9	19182.9
48087	2322.5	2585.7	19064.7
48623	2318.1	2546.3	19221.8
62666	2329.8	2536.5	19221.8
9881	2336.7	2652.0	19391.1
26913	2333.1	2550.4	19158.1
41674	2341.2	2583.5	19413.3
68319	2338.0	2605.0	19594.4
41726	2339.5	2594.0	19480.3
30862	2355.3	2591.4	20109.7
11849	2333.9	2551.8	19215.4
58257	2331.9	2602.5	19033.9
65574	2343.2	2633.5	19571.7
27237	2327.1	2494.9	19023.7
58888	2350.9	2578.5	19724.0
39340	2332.8	2568.9	19323.9
50209	2350.1	2616.8	19810.9
16099	2351.4	2626.5	19989.2
59025	2343.9	2586.0	19658.9
37293	2332.5	2578.6	19171.5
14350	2336.2	2590.6	19551.5
10278	2326.4	2572.2	19074.9
1270	2338.3	2614.1	19589.3
30270	2332.7	2573.7	19157.2
4824	2337.7	2542.4	19319.3
32996	2334.2	2609.8	19475.4
6881	2340.2	2601.9	19485.0
9190	2350.0	2588.4	19620.4
31872	2336.5	2565.0	19477.6
3766	2332.0	2623.6	19539.5
40940	2328.2	2586.8	19308.3
35275	2340.8	2634.9	19618.5
39804	2327.0	2561.2	19007.5
28172	2334.7	2551.9	19405.6
58376	2324.5	2570.7	19110.1
35228	2328.2	2608.9	19435.9
32877	2338.1	2612.3	19587.0
42372	2356.4	2657.5	20365.3
62277	2333.0	2532.7	19138.0
30413	2335.7	2601.0	19441.1
63278	2324.1	2543.6	18934.2
46629	2342.8	2561.3	19347.1
8411	2335.2	2601.6	19512.8
11152	2335.6	2566.0	19190.9
23272	2334.2	2569.1	18915.5
63452	2341.5	2549.3	19283.3
28587	2328.8	2553.8	19128.6
9565	2328.2	2610.8	19228.9
45986	2337.6	2568.6	19245.5
34617	2329.5	2581.2	19022.1
6302	2342.4	2605.4	19731.1
38706	2345.3	2600.7	19659.9
52619	2343.9	2563.7	19868.9
51117	2340.6	2574.1	19456.0
1574	2330.4	2569.8	19096.8
25495	2331.5	2558.8	19289.7
53039	2349.5	2623.8	20112.8
50490	2356.1	2597.1	19571.2
57034	2350.6	2613.3	19604.2
52050	2350.2	2610.8	19731.3
67308	2326.7	2566.5	19233.2
53692	2344.0	2625.8	19543.8
35564	2343.0	2659.3	19944.1
