2876	1838.9	2082.4	13286.9
12656	1848.5	2105.6	13664.0
22344	1841.7	2067.8	13418.5
41099	1844.0	2081.3	13439.6
79596	1863.6	2113.6	13824.4
142	1855.9	2151.8	14227.2
54496	1848.5	2081.1	13617.9
16553	1832.9	2057.3	13100.9
60556	1830.9	2053.8	13370.0
4782	1853.9	2124.8	13740.3
48159	1836.9	2062.0	13115.7
50999	1838.9	2107.0	13529.7
12477	1839.9	2026.6	13219.1
47747	1830.5	2059.4	13345.4
77365	1844.1	2083.9	13479.2
49418	1858.4	2121.5	13884.8
19915	1831.8	2044.6	13281.8
41309	1855.6	2137.1	14084.5
82802	1832.6	2064.3	13373.6
18665	1838.8	2129.0	13697.5
76813	1847.9	2092.0	13587.6
24273	1859.2	2127.9	13947.3
10430	1841.6	2119.4	13434.2
32189	1846.4	2040.7	13246.0
77913	1848.4	2120.9	14150.2
59869	1829.8	2017.5	13217.4
4052	1841.1	2099.3	13356.4
59197	1842.0	2070.7	13537.3
15898	1832.2	2069.1	13214.9
54927	1830.1	1995.6	12962.1
57355	1847.4	2079.0	13709.5
7266	1850.3	2117.2	13444.3
28330	1859.6	2068.0	13909.3
7808	1834.6	2065.6	13620.2
10006	1840.3	2096.0	13452.4
82041	1862.7	2119.5	13845.0
74744	1839.5	2024.8	13116.4
24586	1841.2	2035.3	13442.9
37767	1851.5	2109.4	13674.6
88026	1849.2	2107.5	13643.2
37262	1840.7	2049.6	13455.7
73507	1827.3	2040.0	13223.9
19409	1851.0	2041.0	13604.9
43670	1840.6	2075.6	13321.4
49255	1846.7	2058.5	13368.6
14843	1845.6	2087.6	13486.3
47815	1845.3	2047.7	13642.2
44298	1826.4	2061.1	13216.8
54736	1840.1	2107.0	13395.2
12844	1837.6	2107.3	13945.6
5059	1835.4	2078.7	13508.8
74338	1834.2	2069.9	13396.5
43236	1850.0	2099.1	13498.5
60015	1847.4	2101.2	13682.5
65763	1840.0	2073.4	13323.6
30666	1859.0	2123.5	13979.3
46396	1836.0	2075.8	13655.3
58489	1831.3	2000.9	13053.1
7247	1848.0	2086.4	13442.0
46936	1854.7	2094.7	13664.8
58894	1833.8	2036.2	13183.8
656	1832.2	2070.4	13211.0
78219	1827.7	2022.7	13204.8
3130	1849.1	2115.0	13847.4
1018	1837.9	2051.9	13401.6
11021	1834.6	2055.7	13027.8
80114	1840.1	2068.1	13440.7
83083	1842.9	2033.5	13655.9
60384	1846.0	2080.1	13599.7
22335	1841.5	2077.4	14476.2
29464	1848.1	2137.0	14040.4
31920	1841.4	2042.3	13112.4
5112	1847.2	2066.1	13441.1
59180	1834.6	2085.8	13577.1
87103	1867.1	2123.2	14116.1
78145	1849.4	2055.5	13621.5
22135	1861.6	2047.8	13841.6
64699	1845.3	2133.2	14549.4
82803	1833.5	2024.4	13334.3
8241	1854.6	2154.2	13713.4
46327	1854.8	2106.0	13537.1
47941	1841.7	2043.7	13611.5
48910	1854.1	2115.6	13843.2
17603	1807.3	1954.2	12447.6
62153	1859.1	2168.1	14081.5
1825	1829.7	2035.3	13072.6
33396	1862.7	2120.2	14191.1
54490	1832.5	2046.3	13246.2
11387	1840.3	2064.3	13218.8
23945	1841.3	2077.5	13625.9
20562	1847.8	2112.8	13687.5
20533	1830.8	2051.6	13466.4
21500	1859.2	2165.3	14169.7
11024	1837.5	2047.5	13108.9
87388	1844.6	2049.5	13362.6
51706	1843.2	2074.8	13363.8
33512	1840.4	2034.9	13249.2
34721	1840.3	2127.8	13631.5
84794	1835.0	2001.3	13510.4
5428	1827.9	2066.7	13001.8
76332	1867.7	2134.5	13928.1
8516	1849.5	2064.2	13583.7
3497	1839.4	2073.3	13645.5
53201	1828.9	2063.2	13259.9
44947	1855.2	2166.5	13945.1
70107	1839.3	2053.7	13331.3
66660	1857.1	2127.6	13931.7
66853	1844.6	2102.8	13559.7
9247	1836.5	2069.5	13260.2
50365	1831.9	2056.2	13450.3
74463	1844.4	2079.8	13534.6
22490	1840.7	2057.3	13287.1
32605	1859.2	2134.9	14188.5
32098	1840.3	2098.8	13574.6
16593	1836.5	2072.2	13524.0
2647	1834.6	2049.2	13366.5
73202	1835.4	2065.6	13398.3
63589	1863.1	2145.9	14297.0
9070	1866.1	2142.8	13949.1
25845	1836.2	2088.5	13267.4
5048	1849.0	2117.0	13545.7
51210	1845.4	2089.9	13437.6
64389	1856.6	2140.0	14415.7
84470	1852.8	2094.9	13777.2
5207	1849.7	2081.0	14209.4
74248	1837.1	2044.7	13513.4
64749	1844.2	2071.4	13328.6
63679	1857.7	2139.9	13988.5
47327	1839.8	2053.1	13917.2
4429	1853.4	2163.9	13728.3
83987	1844.5	2045.6	13348.6
7702	1843.8	2129.5	13462.8
57885	1847.5	2099.8	13602.0
17840	1829.7	2008.2	13252.2
48671	1844.0	2112.7	13997.7
1310	1841.7	2118.8	13529.5
72869	1856.2	2147.0	14021.9
54811	1842.8	2075.5	13337.9
4464	1846.2	2078.3	13346.5
47862	1855.3	2062.8	13528.7
18677	1852.6	2137.2	14076.6
79825	1842.3	2046.7	13160.7
24036	1847.4	2054.6	13434.4
76671	1832.1	2050.3	13303.4
38779	1844.4	2104.7	13856.3
69983	1847.9	2069.2	13370.9
48448	1851.9	2125.1	13744.7
7461	1843.0	2099.6	13703.9
28229	1835.7	2084.9	13644.5
66073	1842.3	2110.6	13415.6
12489	1848.2	2128.5	13774.8
3058	1830.3	2064.9	13130.9
26374	1843.7	2085.9	13440.0
63209	1842.8	2101.3	13599.0
33778	1846.4	2126.3	13833.0
50370	1852.6	2098.1	13663.9
29008	1841.8	2101.1	13537.1
70918	1860.1	2157.0	14364.6
9318	1851.6	2139.0	13827.3
35516	1837.3	2072.7	13287.0
27380	1866.1	2166.2	14103.1
70949	1844.7	2121.6	13910.9
52733	1832.4	2016.1	13181.3
21891	1842.8	2063.3	13287.2
8424	1860.0	2145.7	14256.8
73441	1843.4	2092.2	13525.9
67985	1838.6	2058.2	13254.6
72862	1835.0	2065.3	13381.3
65689	1845.7	2089.2	13810.7
71071	1849.1	2063.9	13223.3
35151	1851.9	2049.2	13305.6
73364	1848.4	2055.0	13776.0
64976	1862.6	2130.4	14070.4
4502	1860.9	2127.7	14009.5
26560	1853.6	2103.4	14005.4
10417	1847.1	2111.9	13605.4
7051	1856.1	2104.9	13979.5
52062	1836.8	2095.1	13453.3
59066	1847.6	2086.2	13458.3
48088	1835.9	2062.5	13325.4
65805	1846.3	2049.9	13302.5
15887	1829.3	2063.5	13275.8
31972	1834.2	2047.7	13898.6
36112	1863.7	2149.9	14258.3
84430	1854.4	2124.7	13961.2
42890	1842.3	2104.3	13409.0
34782	1855.4	2159.8	13950.2
28176	1846.3	2093.2	13647.6
56087	1828.7	2030.9	13012.8
12025	1837.9	2079.0	13307.5
12531	1846.8	2087.3	13468.3
61907	1839.0	2068.1	13812.2
65411	1846.7	2019.5	13257.9
12855	1841.7	2050.0	13459.0
7599	1853.7	2083.4	13729.0
29363	1841.7	2110.7	13588.8
85058	1843.5	2061.1	13395.1
19322	1846.7	2097.5	13361.1
42028	1853.6	2130.7	14097.6
62202	1838.2	2055.4	13128.5
53911	1859.9	2078.2	13847.1
8416	1841.0	2104.7	13952.5
51781	1841.7	2078.1	13497.2
32442	1853.4	2114.4	13921.7
19442	1838.7	2043.3	13093.3
37502	1835.4	2064.6	13325.4
20078	1836.2	2059.5	13380.8
30733	1827.0	2061.0	13407.9
40291	1857.3	2158.1	14286.9
86229	1864.2	2086.5	13987.0
7517	1839.3	2082.4	13364.8
19957	1840.3	2071.8	13566.7
64794	1854.7	2104.8	13714.5
65049	1839.5	2070.4	13373.2
75445	1837.7	2059.4	13393.0
80424	1848.5	2110.3	14111.2
10911	1844.1	2072.1	13317.5
83376	1848.9	2055.7	13707.0
491	1851.9	2077.3	13837.5
69988	1863.7	2143.5	13935.9
8500	1859.4	2121.0	14180.3
31615	1849.1	2084.2	13342.2
75648	1856.9	2183.9	14131.2
87565	1849.1	2025.9	13563.6
67121	1846.5	2047.4	14585.4
9297	1845.3	2128.4	13736.1
33690	1851.2	2107.7	13538.8
27503	1859.4	2130.2	13820.7
67068	1830.8	2038.6	13301.5
36505	1857.4	2131.6	13950.2
42687	1845.7	2079.3	13604.4
3241	1846.3	2156.3	13619.9
52249	1829.5	2032.2	13178.8
53007	1859.9	2141.9	14036.6
11242	1836.9	2133.2	13688.8
62207	1841.3	2047.9	13211.3
18471	1841.5	2049.5	13405.8
40029	1851.1	2117.0	13614.2
16321	1838.8	2064.0	13528.4
27987	1850.0	2081.0	13495.6
39192	1846.3	2092.4	13731.3
52379	1846.8	2082.5	13498.5
25587	1842.2	2074.4	13661.8
26836	1832.1	2026.7	13140.0
62339	1850.9	2059.5	13670.7
23439	1844.8	2099.5	13278.1
18384	1843.3	2076.0	13275.7
63889	1841.5	2059.6	13411.4
63228	1844.3	2041.5	13335.2
4292	1832.4	2087.0	13566.7
13247	1832.9	2084.1	13432.3
36339	1842.6	2081.8	13656.1
69041	1830.6	2036.5	13083.6
59815	1842.6	2038.5	13275.7
64307	1855.1	2080.3	13610.3
9710	1838.8	2105.8	13730.4
54430	1855.1	2091.3	14084.2
8382	1859.5	2106.8	13781.2
64770	1846.3	2069.6	13320.1
87678	1838.6	2076.8	13040.4
3351	1838.2	2031.3	13038.9
22130	1832.7	2059.5	13227.1
10209	1859.4	2143.7	14082.7
18521	1853.0	2070.0	13395.7
18714	1851.8	2078.7	13319.0
74196	1830.2	2117.0	13342.1
11849	1844.5	2051.6	13344.9
48516	1832.1	2050.1	13459.5
69324	1835.0	2063.6	13307.1
39775	1847.3	2087.6	13508.8
28958	1863.9	2118.1	14315.5
62117	1845.3	2041.2	13464.0
74224	1834.8	2086.5	13509.4
10088	1852.3	2089.2	13706.0
76777	1846.1	2080.6	13820.2
82311	1819.0	1978.0	12620.8
81554	1839.6	2026.5	13367.1
70834	1825.6	2016.3	12977.1
4475	1849.0	2131.0	13775.4
45839	1835.8	2064.6	13170.7
27676	1847.3	2107.7	13692.8
89790	1848.3	2063.5	13645.8
4099	1843.2	2076.6	13638.6
42161	1838.8	2117.9	13827.8
53337	1867.7	2072.6	14014.0
32985	1833.8	2012.4	12902.1
786	1850.9	2122.3	13808.2
51643	1837.8	2057.9	13427.9
11834	1836.9	2082.3	13225.2
61466	1849.0	2092.6	13658.3
67333	1843.0	2033.6	13233.3
3861	1852.5	2127.0	13922.4
31892	1827.9	2044.4	13264.8
25574	1830.8	2062.6	13365.6
63451	1844.1	2084.9	13511.2
75173	1854.4	2133.9	14347.2
17775	1842.2	2129.5	13470.5
42527	1852.4	2089.0	13547.5
15599	1821.7	2049.7	12846.3
75204	1843.2	2073.0	13326.7
17544	1839.2	2070.6	13300.3
72712	1840.5	2046.2	13393.0
44588	1841.4	2062.8	13289.4
68125	1847.4	2076.4	13471.6
2114	1832.6	2017.1	13072.8
86698	1837.2	2042.7	13227.2
28531	1852.5	2127.7	13818.7
23804	1850.2	2087.6	13564.7
24799	1843.6	2134.1	13553.4
72496	1832.2	2066.0	13201.1
36331	1845.6	2079.0	13984.7
40057	1857.2	2108.8	13738.2
64052	1834.1	2031.9	13058.6
6821	1843.5	2073.4	13380.5
70582	1859.1	2115.5	14084.8
23569	1833.4	2014.1	13137.9
16388	1842.9	2092.0	13605.3
77235	1831.4	2033.4	13306.9
73573	1836.3	2071.3	13293.4
77614	1833.9	2071.0	13271.8
76249	1861.0	2132.7	13998.9
78760	1841.9	2066.7	13372.2
68319	1845.7	2045.7	13338.4
66063	1852.4	2136.1	14037.2
72482	1822.4	2058.1	13108.0
7456	1846.3	2070.7	13604.8
36591	1848.7	2114.6	13679.1
76319	1843.1	2023.5	13142.5
19965	1834.9	2071.0	13315.1
16399	1863.5	2152.1	14208.5
16897	1836.1	2129.8	13459.2
38627	1841.1	2042.2	13347.6
44051	1871.4	2124.0	14484.4
37063	1862.2	2151.1	14086.9
18089	1839.4	2015.1	13123.3
31946	1832.9	2076.0	13145.4
71659	1844.4	2112.8	13503.8
74550	1852.5	2124.1	13714.1
33167	1832.4	2042.9	13146.8
21209	1842.4	2133.4	13897.6
44060	1847.9	2046.7	13686.9
61836	1838.7	2090.7	13442.5
86299	1842.2	2103.9	13745.1
14421	1831.3	2031.3	13154.7
65480	1839.7	2068.2	13907.5
65946	1834.9	2039.8	13139.8
20337	1835.5	2049.7	13139.5
66425	1845.0	2105.3	13671.1
63266	1839.1	2041.7	13346.8
86286	1841.9	2082.9	13591.2
44937	1839.4	2062.6	13297.8
13564	1848.0	2096.1	13503.8
1884	1842.9	2094.4	13503.8
72931	1840.8	2072.9	13714.2
81535	1852.6	2065.1	13714.5
1666	1843.6	2093.7	13545.2
39750	1848.0	2091.8	13354.5
49478	1844.8	2072.5	13586.5
65984	1841.4	2082.4	13404.2
65294	1839.2	2104.1	13515.4
68907	1839.0	2046.3	13489.9
42432	1839.4	2093.6	13752.9
79220	1845.8	2051.7	13366.9
35081	1839.9	2080.9	13482.3
83446	1829.9	2102.8	13868.4
55752	1850.1	2104.9	13694.3
2631	1846.7	2086.6	13610.7
18271	1850.6	2069.2	13885.7
377	1836.4	2076.4	13205.7
87749	1843.8	2051.3	13406.9
23397	1847.1	2091.5	13475.4
16452	1842.9	2057.8	13304.2
10922	1844.1	2062.9	13339.4
5727	1839.9	2073.2	13286.1
50834	1850.0	2049.3	13408.8
73867	1831.3	2014.6	13106.7
72485	1842.8	2060.8	13601.6
89003	1849.7	2089.4	13699.3
19774	1843.7	2072.5	13358.6
87519	1824.8	2095.4	13182.9
84917	1837.7	2036.4	13309.7
65838	1841.6	2143.6	14046.6
42451	1846.2	2045.9	13398.9
19445	1839.8	2141.8	13538.7
86113	1855.7	2128.4	14150.0
22783	1839.5	2154.9	13775.6
42637	1850.9	2028.1	13350.9
9264	1831.7	2055.4	13282.4
25128	1849.6	2089.2	13669.3
80165	1848.1	2103.2	13799.8
51905	1850.7	2113.7	13887.0
65154	1846.5	2095.6	13754.2
34104	1839.1	2034.6	13396.2
7363	1847.9	2106.7	13631.0
31421	1837.5	2101.6	13653.0
13834	1837.9	2082.9	13528.0
20022	1851.3	2094.9	13426.7
89668	1839.8	2069.5	13544.3
7714	1827.4	2066.5	13225.0
43138	1845.5	2084.9	13456.3
82423	1846.9	2078.8	13763.3
43630	1834.5	2029.4	13750.5
38822	1825.6	2064.9	13192.5
3329	1844.4	2085.8	13526.9
7506	1841.7	2084.3	13834.8
12544	1843.6	2108.6	13768.9
14733	1833.2	2033.8	13199.6
63671	1837.1	2024.0	13300.2
62806	1847.4	2089.9	13472.3
14631	1847.2	2137.5	13693.3
33822	1834.8	2070.4	13414.3
2369	1842.1	2110.9	13408.7
85240	1837.0	2032.5	13336.5
22149	1844.9	2110.4	14003.3
43766	1821.8	1978.0	12896.3
60784	1841.4	2070.0	13332.6
30812	1854.1	2079.0	13622.5
29262	1847.6	2121.6	13846.2
78825	1833.8	2030.2	13149.0
31478	1822.1	2025.7	12965.6
10662	1844.8	2109.0	13380.4
25168	1849.1	2075.2	13584.9
22401	1843.4	2072.8	13410.5
72868	1844.7	2087.6	13664.2
36876	1834.9	2103.9	13578.9
20595	1846.4	2081.9	13563.4
68510	1854.1	2124.9	13957.5
47116	1824.9	2067.0	13162.5
57084	1867.4	2160.3	14664.6
42638	1840.9	2089.9	13525.1
18275	1836.3	2098.1	13428.3
63027	1838.7	2085.0	13650.4
5157	1854.8	2071.4	13581.0
89794	1852.3	2082.6	13412.2
31250	1855.1	2099.3	14015.9
58491	1869.4	2163.3	14378.4
66700	1834.6	2062.1	13388.5
8844	1838.6	2059.9	13133.7
14296	1836.7	2046.4	13268.3
40285	1852.7	2090.9	13656.4
45343	1836.7	2053.2	13247.3
28843	1841.0	2049.1	13290.7
62187	1855.3	2073.0	13641.8
40661	1843.6	2050.0	13345.8
87792	1854.1	2071.7	13579.8
37584	1844.7	2073.8	13338.9
74670	1845.1	2118.2	13984.3
58522	1830.9	2059.4	13369.6
69588	1851.0	2054.1	13409.2
59781	1848.0	2066.5	13709.6
35627	1835.0	2056.2	13484.4
67061	1849.9	2121.3	13708.3
17374	1846.7	2089.6	13752.6
3387	1848.4	2122.1	13738.8
75972	1853.3	2109.0	14043.6
82730	1838.2	2067.6	13343.5
9479	1853.1	2115.3	13626.0
8274	1859.0	2124.2	13767.6
77176	1826.8	2023.2	13009.9
84854	1851.7	2095.6	13683.4
19944	1842.1	2143.8	13687.9
16145	1857.8	2113.6	13552.3
85612	1831.8	2040.4	13362.4
45301	1845.7	2086.6	13584.5
85540	1850.8	2145.7	13795.1
6885	1845.5	2090.6	13576.1
36827	1842.1	2113.3	14269.6
87140	1853.1	2048.6	13642.9
78797	1867.1	2151.8	14476.0
597	1847.5	2137.6	13910.0
4377	1844.7	2104.3	13496.2
41227	1854.8	2145.5	14116.7
83031	1843.1	2076.4	13386.7
80091	1853.2	2064.7	13744.6
43362	1846.5	2155.7	13949.0
85919	1851.9	2111.4	13747.9
68716	1845.7	2103.7	13524.1
2057	1840.1	2124.2	13848.0
73725	1849.8	2093.1	13849.6
10518	1845.6	2078.6	13623.9
51855	1851.2	2054.7	13336.1
5613	1838.8	2035.8	13212.6
84903	1841.6	2085.8	13442.2
33543	1845.8	2141.2	13953.4
84023	1861.6	2099.4	14130.1
11983	1832.1	2025.3	13268.6
70864	1850.5	2085.8	13575.7
46063	1845.8	2051.1	14743.3
81507	1843.8	2102.4	13859.1
30548	1830.1	2030.1	13160.9
54426	1835.3	2069.8	13324.6
7895	1837.5	2063.6	13381.4
79696	1839.4	2036.1	13283.2
23749	1855.0	2153.4	14033.8
69304	1855.4	2066.6	13908.6
31300	1858.8	2128.4	13983.6
3743	1857.8	2094.1	13811.2
85829	1840.7	2072.8	13496.1
89277	1852.2	2093.7	13535.5
69237	1841.1	2060.4	13532.4
46329	1853.8	2131.9	14046.9
7686	1857.1	2139.7	13995.2
66630	1831.5	2072.3	13174.2
58155	1835.1	2050.5	13616.4
11452	1832.9	2063.7	13257.1
21620	1836.1	2092.1	13357.0
78128	1842.9	2016.5	13356.9
57834	1842.8	2089.7	13622.6
72429	1839.3	2050.0	13479.6
45655	1825.8	2038.9	13081.8
70517	1837.8	2014.7	13306.5
34739	1859.4	2163.4	13961.3
32718	1825.5	2007.4	13138.1
65604	1840.4	2074.2	13687.4
45482	1856.4	2069.8	13346.2
83892	1832.7	2067.2	13177.7
47885	1853.0	2137.4	13796.7
27662	1828.3	2065.4	13056.4
16419	1853.2	2097.1	13808.1
54781	1850.2	2052.6	13483.5
73125	1828.8	2042.4	13076.1
34323	1849.5	2080.1	13714.8
62689	1858.8	2104.8	13868.3
68816	1846.3	2089.9	13374.0
61381	1859.0	2135.5	14121.2
20673	1848.0	2074.3	13642.7
88141	1835.3	2013.0	13205.1
85454	1850.6	2109.3	13858.3
29552	1856.9	2149.4	14265.4
86321	1846.6	2038.3	13459.1
60308	1837.5	2111.9	13510.6
78310	1856.9	2087.1	13741.0
17032	1840.7	2054.7	13523.6
60215	1838.0	2062.0	13427.6
36715	1837.8	2089.4	13512.2
50670	1846.1	2110.4	13816.6
60891	1852.4	2089.2	13471.3
30134	1838.4	2067.5	13366.0
81551	1846.0	2068.5	13545.8
2782	1845.9	2094.7	13618.0
74808	1845.9	2059.2	13371.4
4307	1859.9	2144.3	13975.7
57884	1840.8	2099.8	13716.3
86999	1846.6	2056.2	13467.1
56443	1850.0	2104.8	13841.2
62610	1838.2	2019.0	13471.6
64605	1835.9	2028.5	13551.2
54060	1848.4	2090.3	13513.3
53187	1832.7	2060.7	13280.1
71349	1830.1	2034.2	13095.2
51172	1842.4	2067.1	13212.2
47864	1842.5	2093.5	13697.5
7047	1857.1	2128.3	14294.0
23147	1833.2	2038.2	13225.8
41759	1846.0	2096.8	13375.2
45146	1843.3	2092.7	13594.2
4806	1833.7	2046.8	13103.4
3156	1838.6	2105.2	13373.0
87224	1851.6	2103.0	13475.2
7283	1847.8	2057.3	13582.0
34763	1842.5	2104.9	13377.5
36398	1837.9	2061.7	13399.5
66978	1839.4	2038.0	13136.2
83486	1836.9	2030.2	13534.0
7653	1851.7	2088.2	13669.4
1982	1838.1	2106.5	13592.8
17224	1859.3	2114.8	13770.4
16104	1844.2	2104.0	13433.8
57228	1844.3	2123.4	13554.2
14095	1844.0	2084.3	13484.7
47655	1848.4	2028.3	13309.2
2746	1836.9	2077.4	13500.5
21615	1832.1	2066.3	13472.8
22253	1870.9	2139.9	13951.5
75774	1855.3	2084.7	14024.8
85017	1834.7	2003.2	13173.4
24800	1848.8	2099.3	13712.7
29289	1840.1	2102.3	13367.2
76157	1856.2	2126.6	13806.7
18054	1846.0	2125.0	13496.7
45134	1835.2	2026.4	13227.1
47201	1833.2	2059.6	13339.8
32618	1843.5	2047.0	13344.4
64796	1865.3	2195.8	14325.0
62237	1855.0	2078.0	13762.6
70374	1848.0	2076.1	13739.6
3117	1853.6	2078.2	13494.0
26761	1845.9	2064.5	13331.8
50996	1847.2	2060.6	13486.6
73237	1841.2	2059.9	13832.1
47466	1837.4	2008.6	13321.4
66400	1851.6	2128.0	14619.8
42171	1853.7	2139.2	14770.0
56212	1820.9	2065.9	13124.4
38219	1836.2	2083.9	13333.9
49756	1851.8	2039.6	13403.5
4748	1836.8	2071.9	13434.1
88491	1849.4	2084.1	14191.6
64734	1860.2	2103.4	13855.0
87763	1845.0	2082.9	13489.5
70197	1839.9	2037.6	13409.4
88062	1849.3	2057.7	13559.5
68214	1834.8	2045.6	13298.7
20112	1858.5	2192.8	14554.4
48545	1856.1	2122.4	14074.1
23176	1835.0	2086.5	13388.8
47358	1840.5	2105.1	13596.0
62470	1852.6	2092.6	13907.1
9951	1848.9	2165.4	13738.0
64232	1837.7	2014.0	13131.1
484	1849.1	2127.8	13693.8
1409	1848.8	2153.1	13970.9
42961	1822.8	2030.6	13019.8
429	1839.0	2063.5	13197.5
89447	1835.3	2003.1	13084.5
88625	1845.8	2054.8	13947.4
13862	1861.2	2123.7	14061.3
69044	1861.0	2120.0	13869.8
15977	1843.3	2082.1	13389.1
45461	1848.4	2096.5	14027.4
43728	1837.4	2094.8	13523.6
75252	1839.8	2057.0	13537.5
30574	1840.0	2066.7	13395.3
17077	1831.7	2027.3	13242.2
82879	1862.6	2149.6	13758.1
75609	1841.1	2027.6	13438.9
62676	1841.1	2062.7	13486.3
2910	1844.3	2061.1	13469.9
2639	1848.5	2083.9	13558.8
1993	1833.9	2052.2	13261.7
24746	1845.4	2060.6	13281.2
62293	1832.2	2036.8	13059.8
45026	1834.0	2059.4	13329.2
60595	1854.2	2128.1	13884.9
35063	1845.6	2048.5	13449.1
13659	1857.9	2151.7	13831.5
25181	1842.0	2056.4	13443.3
80814	1851.1	2098.0	13726.2
81039	1837.4	2110.2	13782.1
8922	1836.9	2078.1	13422.5
78679	1851.2	2046.2	13513.5
26442	1844.4	2068.4	13610.8
50851	1847.7	2078.8	13557.6
55999	1839.5	2027.0	13465.3
70454	1853.2	2100.8	13715.5
59021	1853.6	2104.6	13741.2
58563	1844.5	2117.2	13614.5
33491	1858.1	2086.0	13661.0
7144	1827.2	2035.7	13249.0
52607	1847.3	2092.5	13777.9
9892	1857.7	2102.1	13789.9
50950	1845.3	2074.2	13835.0
26353	1849.7	2069.3	13401.8
21246	1839.7	2052.6	13794.7
44395	1837.1	2052.8	13252.2
12566	1838.6	2063.8	13720.3
69047	1854.1	2071.3	13977.4
23585	1841.9	2042.6	13264.0
50504	1851.1	2167.8	13803.8
61661	1845.3	2063.3	13394.6
43639	1845.3	2120.6	13755.1
61936	1834.7	2069.9	13430.0
22311	1849.1	2125.5	13760.9
57871	1836.6	2036.8	13267.2
4816	1842.4	2046.4	13288.3
17460	1847.3	2061.0	13494.5
54709	1846.4	2079.3	13504.7
42581	1857.7	2114.8	13900.5
6637	1837.8	2063.0	13258.4
34915	1831.1	2041.0	13168.5
57679	1859.2	2124.1	13944.5
515	1830.8	2020.7	13378.4
83408	1820.6	2051.6	13203.4
89578	1860.1	2064.5	13999.3
51575	1851.0	2093.2	13729.3
27289	1862.7	2130.1	13962.6
28409	1841.2	2133.9	13665.4
87715	1839.1	2069.8	13481.3
86973	1862.2	2095.9	13861.7
4895	1850.6	2057.7	13829.9
65429	1848.0	2114.2	13711.2
24264	1845.1	2031.4	13394.7
79331	1838.4	2087.8	13535.6
40658	1848.0	2093.2	13413.6
56090	1848.3	2129.1	13825.7
81091	1862.7	2105.6	13665.5
80758	1858.4	2102.2	14012.3
39981	1849.8	2089.1	13719.9
27869	1856.4	2093.6	13679.5
42725	1850.0	2054.2	13730.7
57244	1841.5	2055.0	13280.7
39012	1836.3	2103.6	13202.1
46454	1840.1	2073.4	13286.7
17844	1854.4	2105.0	13653.2
52958	1844.5	2084.6	13497.7
70224	1850.1	2094.0	13525.1
2082	1842.3	2074.8	13654.0
54611	1848.8	2070.6	13573.4
41990	1834.8	2072.4	13412.5
7981	1831.2	2023.1	12971.1
25787	1827.7	2008.4	13157.4
108	1833.2	2090.2	13494.1
53136	1851.5	2159.9	14143.5
54947	1846.7	2059.3	13568.4
57825	1852.2	2118.9	13867.9
23373	1851.4	2097.8	13837.6
84945	1851.3	2111.9	13848.6
53051	1845.1	2148.9	14029.8
58159	1830.3	2023.4	13189.5
57641	1842.9	2105.8	13904.6
9597	1844.0	2088.7	13291.4
67315	1858.4	2126.7	14011.7
88126	1847.7	2065.8	13286.2
66515	1857.8	2104.6	13787.5
44627	1833.1	2044.8	13624.1
48982	1850.0	2099.9	13802.3
73561	1849.2	2067.8	13620.8
3280	1829.3	2045.1	13163.9
34536	1832.6	2066.0	13253.7
73920	1852.7	2057.7	13510.1
75994	1837.2	2047.9	13343.6
51214	1847.8	2097.5	13826.1
14598	1849.2	2077.3	13676.2
73401	1852.0	2086.2	13541.0
63763	1851.9	2096.3	13547.8
34650	1837.9	2119.1	13920.6
83926	1853.4	2093.1	13840.5
30124	1839.3	2016.6	13317.0
74866	1834.5	2045.7	13443.5
14640	1848.5	2117.1	13685.3
19105	1851.3	2094.8	13515.6
17884	1836.5	2050.4	13322.9
10493	1832.1	2064.1	13297.5
89958	1846.4	2109.5	13667.7
48693	1847.4	2098.5	13621.1
73714	1856.1	2052.7	13858.2
76245	1830.2	2082.2	13320.8
37762	1834.1	2065.3	13376.0
77564	1831.9	2033.5	13119.9
79026	1847.4	2047.7	13580.4
53047	1834.2	2066.4	13394.6
71232	1840.5	2088.1	13692.2
15423	1857.7	2142.1	14218.4
27205	1842.1	2082.1	13609.8
59662	1845.6	2084.6	13745.1
64414	1836.2	2094.5	13330.2
24518	1851.0	2101.7	13841.5
47320	1850.9	2109.0	13824.3
63844	1857.1	2143.0	14148.5
58897	1837.5	2040.4	13238.5
68617	1829.4	2037.6	13234.7
65062	1854.7	2155.3	13990.1
10895	1856.3	2113.2	13697.8
54534	1856.7	2070.4	13562.6
86178	1834.7	2066.7	13318.2
38194	1851.3	2053.7	13446.9
49696	1851.6	2084.6	13878.4
79816	1841.9	2052.3	13380.8
63977	1839.1	2061.8	13300.2
43597	1820.3	2026.3	12895.9
34532	1832.3	2070.8	13262.0
24716	1843.0	2067.7	13626.8
10098	1849.5	2134.8	13663.9
1027	1845.3	2030.6	13302.9
8677	1842.7	2102.2	13606.2
15318	1847.4	2063.7	13485.6
21969	1828.3	2088.3	13535.2
10516	1843.0	2083.1	13512.8
27875	1831.7	2080.3	13362.2
75546	1829.8	2102.5	13466.7
64778	1843.2	2065.8	13411.4
49321	1856.5	2093.6	13777.1
82985	1834.7	2067.7	13282.2
10752	1842.9	2043.3	13447.4
58417	1832.5	2040.1	13088.3
15157	1853.0	2129.5	13908.9
85965	1846.7	2070.6	13355.4
27193	1852.9	2119.5	13839.8
69794	1843.4	2122.7	13594.8
66003	1836.7	2065.0	13291.6
26645	1852.2	2174.9	13829.3
72375	1836.1	2083.1	13394.4
55996	1839.0	2081.7	13278.8
74907	1834.1	2005.3	13360.5
4663	1843.7	2087.2	13855.9
73403	1845.9	2067.2	13651.2
27909	1845.9	2105.6	13435.1
1906	1834.5	2043.3	13250.1
37110	1843.1	2065.5	13359.9
16315	1839.8	2054.7	13223.6
52314	1834.6	1999.1	13156.8
10242	1851.4	2096.9	13666.2
47073	1864.8	2142.3	14166.9
72547	1859.8	2177.1	13988.5
27415	1864.5	2150.7	13942.1
62095	1832.0	2078.4	13080.1
62034	1842.3	2105.4	13551.4
82629	1844.7	2063.6	13982.1
28618	1849.2	2101.9	13514.3
17918	1830.0	2010.6	12905.8
18191	1839.9	2058.7	13363.0
33650	1847.0	2100.5	13508.5
5571	1845.1	2071.8	13264.5
16257	1858.8	2111.8	13740.9
37022	1845.1	2039.3	13492.7
9469	1846.1	2135.3	13466.8
47060	1842.8	2055.5	13282.2
30608	1843.2	2087.7	13421.9
66235	1855.5	2069.0	13624.3
48544	1845.3	2110.5	13459.1
34198	1845.7	2085.7	13445.9
88430	1843.0	2014.6	13328.5
25337	1828.1	2077.1	13293.4
66950	1845.7	2077.6	13352.9
47006	1837.5	2057.7	13202.6
68912	1845.2	2083.1	13340.0
52262	1834.2	2059.6	13342.6
70972	1843.0	2074.4	13395.7
29992	1847.6	2036.3	13612.7
11502	1846.4	2090.8	13687.7
77783	1829.8	2013.8	13018.9
12738	1841.9	2095.3	13321.2
17044	1838.8	2074.5	13325.6
2229	1844.1	2096.2	13549.5
65445	1834.6	2056.9	13243.7
82776	1844.9	2027.7	13394.7
63500	1846.7	2096.9	13865.5
63651	1851.8	2131.0	14496.7
6895	1841.8	2038.7	13239.2
67006	1834.4	2018.0	13176.0
28830	1850.3	2121.4	13569.9
42295	1829.7	2006.4	13063.5
52698	1847.5	2067.3	13402.5
14500	1825.7	2059.7	13174.5
42627	1850.9	2101.1	13673.5
31297	1847.9	2088.5	13636.3
72837	1854.4	2075.5	13482.3
13239	1850.3	2078.4	13615.0
21690	1836.7	2113.9	13226.5
62311	1830.9	2074.8	13356.6
7116	1843.6	2044.3	13219.8
17990	1834.2	2108.8	13414.4
12372	1845.1	2063.2	13374.4
5677	1834.8	2067.0	13412.8
22206	1846.5	2078.7	13619.7
35976	1846.4	2109.2	13707.3
19825	1847.7	2055.3	13711.4
41162	1848.8	2148.4	13757.1
10321	1867.0	2150.6	14198.5
84709	1853.9	2133.4	13998.7
10017	1854.7	2101.5	13794.4
35121	1830.5	2035.9	13143.6
69540	1842.4	2096.6	13468.8
63656	1831.4	2045.5	13251.0
60065	1832.9	2065.2	13263.0
49196	1858.7	2092.4	14128.8
30260	1857.3	2129.7	13547.4
23284	1862.2	2173.8	14090.7
36905	1853.0	2128.7	14138.0
33986	1856.2	2114.2	13767.2
81992	1843.3	2094.5	14055.4
81676	1842.2	2118.0	13611.8
64512	1838.2	2049.9	13414.4
55917	1850.6	2119.7	13887.1
66357	1863.5	2091.9	13990.2
84968	1843.5	2054.8	13515.4
47763	1846.6	2084.3	13789.1
4175	1848.9	2101.6	13697.3
39088	1832.3	2016.7	12898.1
72627	1844.1	2050.8	13470.5
84979	1844.0	2086.1	13439.5
29248	1835.5	1991.9	13123.6
13195	1846.1	2170.6	14093.9
14042	1844.8	2122.7	13694.8
69389	1841.6	2079.8	13451.5
68360	1841.6	2034.7	13424.9
54635	1838.8	2096.5	13769.2
43923	1842.7	2082.2	13547.0
81523	1837.6	2048.3	13723.6
71148	1827.0	2040.9	13322.9
47211	1846.3	2073.5	13542.3
85738	1853.1	2112.7	13911.2
49582	1846.7	2066.6	13457.7
44479	1853.2	2150.6	16174.0
19853	1840.4	2090.1	13312.1
59931	1850.9	2090.6	13773.3
68685	1836.8	2034.7	13409.4
57612	1838.2	2087.7	13456.7
18503	1817.3	2005.8	12602.1
4131	1844.4	2150.2	13832.3
21970	1833.7	2076.7	13672.9
32907	1844.4	2126.8	13743.7
72078	1846.5	2073.1	13304.0
21374	1832.8	2089.1	13399.4
53649	1844.5	2055.3	13378.5
49760	1833.9	2108.9	13444.8
67150	1841.1	2080.5	13401.9
481	1842.2	2066.5	13687.8
16092	1833.2	2057.4	13398.1
87931	1844.5	2045.0	13643.0
45032	1834.4	2054.2	13295.1
66679	1841.8	2049.1	13354.8
69443	1830.6	2050.6	13143.7
72913	1833.5	2036.7	13287.6
16233	1836.8	2043.0	13171.7
48921	1846.0	2066.6	13478.0
68295	1845.5	2042.5	13391.3
22964	1854.6	2160.0	14147.6
54228	1819.9	2076.1	13346.2
77430	1838.5	2037.6	13290.7
25262	1848.2	2109.5	13675.0
3216	1851.0	2110.6	13667.4
26299	1837.9	2067.8	13280.5
35598	1840.0	2048.8	13489.4
88095	1825.5	2048.4	13172.4
14183	1849.3	2060.9	13384.7
8876	1846.8	2109.9	13538.5
62384	1847.0	2043.6	13506.1
80216	1832.7	2034.3	13408.5
7778	1838.6	2086.0	13445.1
14709	1824.7	2048.3	13060.2
13184	1844.5	2103.1	13382.9
41553	1837.5	2082.5	13407.4
5523	1845.7	2072.2	13399.3
3591	1854.3	2111.2	13679.5
56902	1849.3	2075.6	13616.8
36278	1837.3	2091.6	13324.6
4026	1836.5	2083.7	13551.7
29694	1851.4	2092.1	13648.0
55230	1844.2	2096.9	13801.6
78278	1846.7	2048.7	13503.6
52881	1855.1	2057.1	13467.8
69227	1851.8	2085.6	13410.0
19143	1852.1	2120.1	13538.7
31116	1851.9	2132.2	13714.5
70061	1837.3	2077.6	13453.5
31719	1856.1	2143.0	14109.2
27627	1839.8	2077.2	13604.0
5052	1835.7	2040.7	13046.0
51259	1851.1	2111.4	14126.7
6091	1833.0	2083.2	13158.4
30261	1850.1	2073.0	13667.8
46224	1845.1	2068.7	13719.3
66814	1844.8	2091.5	13479.3
4239	1827.9	2093.5	13305.7
89263	1849.3	2072.1	13443.1
57598	1861.0	2104.9	13776.8
53080	1847.8	2085.7	13963.1
73610	1856.7	2109.7	14011.5
27815	1847.1	2092.3	13702.5
85704	1847.9	2136.9	13800.0
54865	1846.9	2008.8	13167.5
32410	1848.9	2089.8	13414.0
61570	1853.8	2111.9	14163.7
21343	1844.0	2122.3	13457.4
35060	1857.2	2061.2	13658.0
84096	1842.5	2107.8	13566.5
63668	1846.2	2119.8	13756.9
32112	1866.5	2154.7	14106.0
37525	1835.8	2097.2	13456.0
8326	1843.9	2150.9	14236.3
47723	1841.9	2055.9	13341.2
38612	1843.1	2093.3	13596.7
49668	1841.7	2036.7	13323.0
10227	1845.3	2157.6	13776.8
13375	1840.9	2086.3	13548.4
36900	1859.4	2083.6	13871.1
74705	1835.6	2039.1	13241.8
25728	1836.8	2067.4	13385.2
76215	1864.0	2173.3	14370.6
49179	1851.7	2115.5	13948.1
47496	1853.8	2152.5	13999.0
4734	1851.0	2110.8	13805.1
78400	1843.1	2114.4	13617.3
3645	1844.8	2094.8	13785.2
2170	1879.1	2159.7	14219.4
607	1839.4	2040.8	13297.6
40060	1851.5	2083.0	13556.9
73623	1840.6	2086.6	13984.5
67334	1842.3	2049.3	13858.0
57662	1858.4	2058.6	13686.4
77511	1853.1	2118.1	13831.0
12599	1844.1	2110.1	13952.8
57820	1848.2	2004.1	13383.7
49724	1838.4	2135.4	13649.8
71113	1830.5	2049.4	13165.7
5690	1842.5	2069.1	13498.1
54260	1838.0	2044.1	13232.7
2013	1836.9	2046.3	13244.8
59609	1838.3	2103.2	13551.4
78901	1855.3	2132.0	14531.6
71826	1854.7	2176.5	14429.8
53822	1856.7	2083.1	13667.3
80844	1847.0	2061.4	13525.4
77229	1850.9	2055.5	13751.1
10886	1842.8	2125.4	13613.1
28005	1845.0	2070.7	13585.9
79566	1842.7	2112.6	14133.9
21688	1846.8	2081.1	13716.4
54594	1837.1	2057.9	13997.5
