479	1211.9	1475.2	3214.3
2110	1223.1	1513.1	3407.7
3725	1208.5	1472.6	3332.2
6851	1212.0	1435.4	3140.9
13266	1213.5	1448.1	3178.3
27	1210.8	1439.1	3198.5
9084	1211.8	1478.2	3235.3
2763	1202.8	1421.4	3175.9
10094	1203.8	1428.3	3110.3
804	1216.6	1465.9	3294.3
8030	1215.1	1473.5	3349.1
8503	1205.7	1473.7	3477.8
2088	1222.9	1503.4	3361.0
7963	1206.7	1447.8	3175.6
12895	1197.9	1417.8	3138.4
8242	1201.0	1409.6	3142.7
3329	1209.8	1455.0	3255.2
6892	1208.2	1475.3	3208.2
13801	1207.8	1419.5	3227.3
3123	1207.1	1487.7	3268.0
12804	1211.2	1420.5	3195.9
4058	1217.9	1501.0	3278.9
1754	1205.2	1459.8	3213.1
5377	1210.3	1474.3	3377.4
12988	1204.3	1442.0	3173.1
9985	1218.7	1455.2	3259.9
696	1211.8	1502.7	3304.2
9874	1202.5	1429.8	3213.2
2668	1210.8	1455.4	3182.3
9163	1207.0	1457.5	3205.1
9568	1207.3	1418.6	3215.8
1234	1220.7	1494.2	3288.4
4740	1209.1	1460.7	3233.4
1326	1201.0	1397.9	3089.5
1692	1215.6	1468.2	3252.5
13676	1212.2	1451.6	3217.6
12462	1210.7	1475.8	3279.4
4120	1212.1	1440.9	3244.2
6312	1204.8	1419.3	3159.5
14671	1203.2	1361.3	3075.2
6229	1211.9	1425.4	3174.2
12257	1213.6	1459.8	3213.4
3262	1227.2	1539.6	3391.2
7296	1202.7	1413.8	3113.4
8225	1208.7	1469.4	3287.8
2505	1210.8	1400.1	3226.3
7987	1204.3	1444.8	3274.9
7402	1203.3	1436.3	3184.2
9138	1207.8	1446.7	3195.2
2175	1209.5	1451.2	3223.4
882	1205.8	1427.4	3200.1
12397	1206.0	1412.7	3213.3
7228	1214.1	1453.7	3378.3
10017	1215.9	1496.6	3310.9
10972	1206.8	1472.0	3209.0
5141	1201.8	1397.0	3178.9
7755	1220.9	1505.2	3358.6
9764	1220.5	1443.5	3188.0
1252	1217.6	1506.3	3321.6
7846	1211.6	1478.2	3294.4
9833	1209.5	1512.3	3252.6
159	1209.4	1450.2	3251.2
13043	1216.8	1436.3	3202.5
572	1202.4	1453.6	3159.9
222	1210.7	1444.3	3354.4
1884	1208.4	1458.4	3246.9
13358	1208.8	1483.9	3272.1
13851	1218.7	1514.8	3281.7
10082	1202.7	1422.4	3219.3
3765	1211.7	1530.5	3281.7
4950	1209.3	1421.2	3124.4
5358	1216.4	1456.9	3241.0
908	1208.9	1439.9	3170.8
9884	1210.3	1443.5	3197.1
14519	1210.4	1451.9	3212.2
13032	1209.5	1452.9	3245.1
3737	1213.0	1489.8	3349.1
10801	1216.1	1508.4	3289.2
13805	1205.0	1403.9	3132.3
1433	1204.7	1459.2	3257.7
7753	1215.1	1483.8	3311.8
8021	1210.7	1476.6	3235.8
8183	1200.7	1414.8	3177.7
2989	1207.1	1460.4	3250.8
10380	1215.7	1476.3	3364.2
373	1203.9	1450.9	3201.5
5611	1208.7	1406.1	3171.2
9110	1217.1	1483.1	3324.1
1962	1210.1	1496.6	3291.0
4045	1210.1	1452.6	3248.8
3484	1214.9	1523.6	3330.6
3480	1217.3	1512.8	3273.5
3641	1212.4	1463.2	3303.2
1905	1218.0	1458.9	3328.4
14566	1203.0	1440.3	3238.2
8651	1219.8	1526.5	3419.5
5635	1212.4	1424.6	3263.8
5836	1210.4	1443.4	3178.0
14137	1205.3	1447.9	3133.7
982	1209.7	1498.9	3204.3
12734	1215.3	1466.2	3280.4
1495	1205.7	1462.8	3273.2
664	1209.6	1466.9	3253.6
8902	1204.0	1434.9	3164.0
7534	1209.7	1467.0	3189.9
11703	1214.7	1482.2	3273.3
11133	1213.3	1486.5	3239.1
11165	1210.9	1412.6	3180.2
1622	1205.6	1442.0	3227.6
8434	1209.4	1491.1	3224.0
12426	1209.1	1423.1	3244.1
3817	1211.5	1490.7	3250.7
5493	1200.8	1473.0	3215.6
5410	1211.7	1445.8	3226.8
2843	1210.6	1468.0	3226.0
534	1195.7	1417.9	3250.4
12218	1203.6	1434.6	3202.9
10626	1198.0	1411.5	3139.5
1600	1206.6	1443.2	3292.2
4378	1210.3	1468.3	3300.4
935	1212.8	1516.2	3324.9
8578	1219.2	1518.9	3320.4
10760	1199.9	1408.2	3079.8
14084	1215.4	1487.1	3318.4
965	1211.8	1460.7	3276.2
12392	1209.0	1463.5	3230.9
10821	1198.1	1389.7	3118.1
10644	1202.8	1412.4	3158.4
7938	1199.4	1439.2	3172.7
840	1215.8	1479.5	3255.7
14005	1203.0	1433.8	3267.9
1383	1207.9	1460.0	3224.9
9686	1202.2	1434.9	3128.7
3062	1203.9	1448.4	3192.3
8163	1216.2	1460.1	3285.9
329	1205.4	1460.2	3173.4
12166	1213.4	1468.3	3218.8
9179	1209.5	1451.8	3175.5
853	1209.2	1456.5	3277.1
8031	1210.9	1540.3	3274.3
3205	1213.7	1507.2	3329.9
13317	1209.0	1423.5	3305.4
4093	1203.2	1438.3	3147.3
12796	1214.2	1471.0	3204.4
6531	1213.1	1492.5	3288.3
11690	1214.2	1480.9	3237.1
8130	1212.0	1540.8	3433.0
1356	1204.3	1437.3	3218.4
4789	1210.0	1489.8	3256.1
11045	1207.8	1469.4	3236.9
2189	1212.5	1468.0	3440.9
631	1205.0	1496.7	3412.3
4485	1215.4	1464.4	3273.3
10572	1209.9	1476.0	3202.2
5710	1213.4	1462.2	3256.5
8452	1208.5	1408.6	3182.7
4923	1218.6	1480.9	3410.3
11847	1213.3	1430.4	3252.6
1671	1216.7	1458.5	3401.1
5999	1205.4	1413.9	3179.6
4656	1209.9	1496.7	3323.2
11853	1214.1	1522.8	3299.3
8844	1209.3	1419.7	3172.3
3751	1213.4	1484.9	3302.9
1528	1207.9	1403.3	3153.4
12265	1203.4	1447.5	3186.0
11364	1207.8	1497.4	3251.0
12170	1205.7	1425.2	3153.4
10986	1211.1	1480.3	3196.6
11874	1228.9	1593.0	3562.0
5945	1207.2	1411.8	3164.7
12253	1206.5	1448.2	3157.9
10869	1213.8	1439.6	3215.9
887	1211.6	1514.4	3275.9
4529	1215.1	1440.6	3262.5
1865	1216.7	1470.5	3346.1
1310	1207.0	1462.7	3220.8
8739	1217.4	1500.7	3324.4
9895	1205.1	1466.7	3548.0
8084	1208.7	1442.7	3199.2
11007	1221.6	1490.2	3334.9
2772	1207.9	1450.5	3243.7
5426	1208.7	1439.5	3204.4
6110	1218.3	1502.7	3327.8
14081	1209.7	1415.0	3178.1
7229	1210.0	1457.3	3296.1
5892	1211.7	1513.9	3298.6
4803	1222.0	1469.7	3409.1
9407	1203.4	1458.2	3218.4
2140	1203.1	1430.7	3129.3
2225	1205.9	1438.2	3187.3
10367	1212.9	1461.8	3197.4
10945	1209.5	1466.2	3273.9
2280	1196.4	1420.5	3158.3
1414	1219.3	1455.2	3299.2
5003	1204.3	1405.4	3132.3
14185	1209.3	1497.1	3233.3
3349	1202.8	1440.9	3164.1
7092	1201.5	1408.5	3133.0
10418	1206.0	1464.0	3234.9
9052	1207.0	1480.0	3222.8
1554	1215.4	1499.6	3318.5
8701	1200.6	1436.0	3172.6
5515	1204.7	1450.6	3192.2
3374	1204.0	1439.6	3207.8
6350	1217.7	1472.5	3301.0
91	1213.5	1449.9	3255.8
5236	1204.8	1453.0	3194.6
6811	1208.5	1479.9	3244.8
14378	1204.2	1423.8	3171.2
1413	1203.4	1375.6	3152.7
3463	1218.1	1490.1	3318.1
10848	1204.9	1427.1	3222.5
10890	1220.3	1445.0	3278.9
12603	1206.2	1464.5	3200.9
13423	1207.2	1488.4	3293.7
1977	1216.4	1434.1	3218.7
13909	1223.6	1447.2	3252.1
262	1208.6	1409.5	3205.5
11705	1216.2	1473.0	3293.7
1583	1209.8	1412.3	3201.3
5388	1206.3	1405.1	3197.1
12637	1213.1	1430.1	3214.9
14599	1202.6	1446.7	3186.3
11234	1214.4	1427.0	3182.3
1718	1217.0	1472.3	3257.9
5733	1212.2	1472.6	3293.4
4715	1212.8	1449.9	3226.9
11226	1212.5	1463.3	3238.1
6197	1215.0	1410.8	3263.0
7215	1213.5	1443.8	3292.4
726	1211.5	1483.5	3214.4
8789	1218.9	1462.5	3377.0
8914	1210.6	1504.8	3308.7
2044	1197.6	1401.8	3041.3
10428	1200.6	1421.0	3168.2
3235	1216.4	1515.6	3276.6
6781	1209.4	1429.3	3160.0
2883	1213.0	1485.9	3233.8
4802	1214.1	1499.2	3277.3
6645	1215.1	1484.1	3316.7
8814	1211.3	1481.1	3267.8
4409	1210.0	1489.0	3278.1
4615	1200.2	1398.0	3075.4
10452	1213.2	1473.6	3288.6
4057	1209.9	1396.6	3142.8
3227	1213.5	1518.4	3290.8
10708	1218.7	1479.4	3304.2
10599	1211.5	1465.9	3241.2
913	1210.8	1466.2	3243.8
2386	1219.3	1514.1	3443.4
6181	1203.8	1440.8	3154.3
11556	1214.4	1468.3	3316.3
10040	1218.6	1505.4	3259.1
10778	1204.4	1458.7	3136.2
1808	1208.2	1462.2	3194.4
9156	1196.0	1426.6	3085.5
1591	1209.5	1494.8	3315.5
10855	1213.4	1446.6	3235.9
14618	1205.6	1402.0	3211.5
767	1219.8	1492.3	3372.1
3852	1211.5	1460.8	3210.4
1895	1202.3	1419.4	3108.8
3261	1208.9	1475.7	3237.0
3293	1201.4	1448.7	3181.0
12404	1207.6	1490.4	3370.4
2167	1207.0	1445.5	3182.5
8189	1217.4	1467.1	3465.2
11605	1212.2	1439.0	3200.1
6754	1214.6	1455.1	3209.3
4979	1207.6	1402.3	3131.8
10423	1202.1	1486.1	3175.4
12410	1207.1	1487.2	3233.8
65	1208.2	1460.8	3161.7
12829	1207.2	1418.1	3139.2
13738	1212.4	1453.3	3249.0
13613	1207.3	1427.1	3177.3
11855	1211.4	1416.2	3231.6
966	1208.4	1519.6	3459.6
7754	1210.9	1498.8	3265.5
4774	1206.3	1445.7	3231.7
14965	1214.3	1442.1	3253.3
72	1212.4	1459.4	3233.9
7152	1212.1	1463.8	3288.4
8986	1210.0	1466.5	3214.8
5648	1218.1	1449.9	3283.6
368	1212.6	1429.5	3230.4
8709	1208.3	1435.5	3177.2
2181	1204.3	1457.6	3272.9
10321	1226.0	1509.3	3420.0
11283	1209.0	1447.8	3199.4
876	1215.6	1476.1	3258.0
5472	1216.3	1432.7	3267.7
4437	1212.5	1483.6	3361.0
10647	1205.4	1416.7	3178.9
12569	1214.5	1474.1	3200.4
3161	1198.4	1435.3	3125.5
7218	1204.5	1450.6	3215.7
2805	1209.4	1443.2	3226.4
12575	1204.0	1452.7	3134.8
3126	1208.9	1478.4	3246.5
12167	1200.5	1456.0	3144.6
7558	1210.6	1489.7	3245.2
11415	1209.2	1456.9	3239.0
600	1203.2	1467.6	3170.7
14459	1202.1	1438.1	3182.9
4930	1214.7	1474.3	3255.3
4156	1215.7	1465.9	3310.8
4319	1207.8	1430.8	3214.6
12133	1216.0	1472.0	3269.7
6209	1208.4	1430.8	3222.9
6820	1210.8	1471.7	3260.2
10750	1203.1	1430.4	3139.8
1378	1205.3	1414.9	3171.5
11820	1203.5	1457.6	3250.7
4122	1219.7	1477.5	3322.8
2947	1214.1	1425.8	3272.1
12910	1211.4	1438.7	3177.2
12310	1212.2	1494.2	3238.4
12972	1207.4	1440.1	3148.5
12749	1213.9	1444.4	3237.3
13160	1211.5	1496.5	3313.0
11451	1222.9	1518.9	3360.3
11082	1214.2	1473.8	3254.2
309	1216.4	1492.2	3472.8
1492	1215.1	1543.5	3410.6
6260	1208.5	1445.9	3207.3
12761	1217.3	1463.2	3239.1
3541	1207.0	1445.4	3236.1
2958	1203.0	1455.4	3128.8
3040	1205.3	1458.6	3286.7
6595	1218.9	1468.5	3312.2
7483	1216.8	1510.8	3370.1
6341	1214.8	1496.0	3288.1
3238	1217.2	1481.8	3373.1
5505	1204.5	1460.5	3173.7
12000	1209.7	1462.8	3207.1
12473	1211.1	1473.5	3282.0
5706	1213.4	1476.7	3260.6
163	1204.0	1434.2	3126.1
7488	1213.4	1501.6	3220.3
10395	1219.6	1463.9	3372.2
14395	1222.9	1499.1	3390.0
2644	1203.3	1431.6	3136.5
10991	1216.8	1535.2	3313.0
11068	1210.8	1484.1	3221.0
3613	1211.4	1441.6	3263.9
11147	1212.9	1443.9	3245.9
10630	1209.4	1469.5	3233.7
14393	1205.6	1484.4	3287.0
7636	1221.2	1429.8	3269.5
2510	1204.7	1419.5	3159.0
602	1222.0	1518.6	3311.8
12211	1210.9	1453.6	3240.8
13617	1206.6	1413.4	3194.2
569	1223.1	1474.5	3279.4
6791	1212.8	1455.8	3173.7
8380	1202.4	1424.8	3190.7
11077	1212.8	1452.1	3417.5
10964	1204.6	1425.6	3192.4
11555	1205.1	1449.8	3204.9
7231	1208.7	1392.4	3181.9
13239	1214.6	1436.4	3215.8
6032	1212.8	1431.9	3260.0
13929	1216.0	1486.5	3294.9
9408	1210.3	1466.5	3211.2
735	1209.6	1459.9	3258.5
3289	1209.7	1472.0	3253.7
369	1204.5	1401.9	3170.9
14632	1214.5	1459.8	3249.8
4128	1206.4	1443.8	3182.9
2995	1216.0	1462.1	3372.7
2093	1203.9	1453.0	3263.9
1246	1214.2	1507.1	3756.8
8608	1225.5	1525.6	3447.4
12367	1217.4	1429.6	3337.4
12142	1211.7	1463.9	3219.1
14837	1215.7	1450.2	3256.0
3542	1217.3	1470.9	3322.9
14595	1208.6	1447.3	3239.8
14170	1208.7	1434.4	3216.7
11058	1210.2	1473.0	3194.5
7244	1205.0	1462.2	3176.8
3492	1202.6	1494.8	3194.6
14366	1213.9	1452.7	3252.3
4037	1209.5	1488.9	3249.2
7276	1213.8	1444.9	3231.8
1834	1208.5	1500.9	3319.7
4422	1220.5	1462.0	3308.9
13396	1219.5	1435.8	3256.7
232	1208.9	1425.7	3191.7
10949	1211.9	1534.9	3315.6
5887	1218.8	1517.1	3547.7
1529	1210.2	1480.4	3261.4
5451	1212.4	1485.3	3332.0
2585	1207.4	1450.8	3295.9
3594	1217.9	1497.7	3389.5
14945	1213.0	1509.9	3305.1
1590	1204.7	1415.6	3131.8
7363	1214.0	1455.9	3247.5
13765	1213.9	1481.5	3219.3
7444	1211.8	1438.9	3212.9
6661	1218.6	1425.0	3259.4
879	1199.6	1413.2	3145.6
1561	1206.4	1438.3	3175.4
2382	1208.6	1498.3	3199.4
2739	1208.2	1450.6	3177.7
10711	1213.5	1420.6	3155.6
10570	1204.4	1426.7	3167.7
2725	1205.3	1428.1	3167.5
5851	1203.3	1449.5	3220.6
729	1220.1	1468.4	3275.4
14225	1211.5	1431.8	3258.6
3952	1208.7	1471.2	3236.7
7472	1200.4	1382.2	3080.7
10243	1217.8	1477.6	3274.6
5364	1210.6	1426.1	3175.1
5112	1212.1	1411.6	3194.6
13181	1205.9	1446.8	3210.4
5474	1207.5	1442.7	3189.9
2087	1210.8	1461.4	3256.4
4448	1207.4	1456.7	3237.1
3998	1206.8	1419.6	3160.7
12212	1217.8	1428.0	3272.8
6355	1212.1	1478.9	3303.2
3706	1213.8	1515.7	3338.2
11503	1202.9	1481.6	3198.1
8023	1210.1	1459.5	3247.5
9645	1215.4	1490.5	3324.2
7295	1209.9	1458.4	3299.3
3332	1210.7	1480.7	3258.2
10612	1198.7	1413.3	3099.7
1200	1213.7	1475.7	3237.3
14966	1219.0	1505.6	3495.2
5445	1210.1	1421.9	3198.4
9876	1224.5	1523.3	3379.0
11211	1210.1	1433.3	3223.6
1804	1208.8	1472.9	3224.4
2691	1214.4	1446.3	3228.5
6917	1216.5	1493.6	3426.6
7740	1211.5	1468.7	3261.7
5058	1209.2	1480.8	3241.0
10479	1202.0	1435.6	3157.1
6980	1200.2	1430.9	3153.5
14641	1214.8	1490.6	3280.5
6481	1205.0	1422.5	3147.2
12508	1212.6	1518.6	3305.7
73	1201.7	1434.2	3159.9
11683	1205.6	1424.1	3167.4
10089	1206.8	1460.8	3244.1
6165	1216.4	1487.5	3268.0
11273	1217.2	1493.1	3241.1
3201	1220.2	1495.5	3337.4
929	1206.3	1461.8	3187.3
12721	1209.6	1436.5	3116.8
13819	1204.8	1432.8	3156.7
1921	1203.6	1492.0	3214.3
1726	1202.4	1427.5	3138.1
12917	1210.7	1447.4	3248.5
14164	1207.6	1427.3	3224.5
3623	1210.3	1473.3	3202.7
3007	1201.2	1453.2	3188.0
14287	1210.8	1474.3	3280.3
7742	1207.0	1463.1	3204.9
14276	1212.5	1471.3	3345.8
1507	1221.5	1504.4	3337.6
6368	1203.5	1424.3	3122.8
14535	1207.0	1475.9	3253.0
418	1206.6	1416.6	3135.0
489	1201.7	1419.9	3159.7
1104	1207.5	1482.5	3293.1
7085	1208.9	1479.7	3331.9
13869	1210.7	1449.0	3195.8
13392	1219.1	1471.7	3258.8
7432	1215.6	1455.6	3299.1
14337	1207.3	1519.9	3187.1
11547	1207.5	1450.4	3227.2
733	1209.9	1463.1	3203.7
12359	1219.0	1443.5	3357.2
2107	1206.2	1445.0	3213.7
8812	1196.6	1439.9	3129.5
1313	1212.4	1442.5	3235.1
14173	1206.7	1452.5	3221.3
5844	1203.0	1499.7	3224.7
14030	1210.6	1429.0	3205.6
2349	1204.8	1430.8	3162.9
11897	1197.4	1441.8	3162.5
7876	1218.4	1475.5	3249.0
13623	1204.8	1429.1	3191.2
5362	1204.6	1398.1	3165.2
9233	1218.1	1493.6	3329.2
1691	1221.0	1518.1	3378.7
13330	1212.8	1479.6	3313.5
4262	1200.9	1462.0	3224.7
11645	1197.5	1372.6	3081.6
5487	1211.1	1459.5	3295.4
1022	1210.4	1450.0	3236.2
14324	1207.7	1430.6	3211.3
14882	1211.8	1419.6	3191.5
11636	1206.0	1452.3	3205.4
7924	1213.6	1518.3	3348.1
1664	1203.5	1461.6	3163.6
11214	1207.7	1473.2	3225.4
9841	1201.0	1423.2	3177.6
2277	1202.5	1455.0	3247.5
3924	1214.7	1458.6	3271.8
13077	1210.5	1441.9	3238.8
9791	1206.0	1411.4	3101.8
12154	1206.2	1417.1	3167.7
7819	1201.6	1447.1	3259.5
11845	1209.5	1464.7	3196.1
6052	1209.9	1397.1	3174.6
5726	1208.8	1457.0	3241.6
11050	1208.9	1490.3	3305.2
7793	1213.5	1457.8	3197.5
14011	1222.5	1537.0	3318.8
82	1212.1	1488.9	3285.0
4910	1207.0	1459.7	3214.7
3091	1211.6	1449.4	3233.7
9300	1216.6	1499.4	3358.6
12269	1201.6	1415.8	3103.7
5990	1202.0	1372.4	3136.2
10581	1220.1	1499.0	3318.0
11572	1210.6	1433.5	3175.9
10369	1218.5	1451.4	3250.8
3784	1223.0	1509.0	3339.9
14699	1204.6	1428.2	3181.2
14264	1205.1	1405.4	3152.9
5222	1205.1	1427.9	3147.5
14404	1215.0	1515.7	3298.4
10198	1209.0	1505.4	3232.6
13109	1208.2	1420.0	3189.6
3200	1211.9	1471.1	3275.3
10183	1203.7	1398.7	3133.6
6384	1210.3	1463.1	3238.3
8641	1210.1	1476.7	3233.5
10293	1210.7	1439.3	3237.2
5321	1205.2	1430.1	3147.7
13634	1205.1	1437.7	3164.1
901	1218.2	1474.2	3604.8
12544	1210.1	1485.6	3330.3
1149	1206.8	1442.7	3224.7
9809	1213.8	1454.8	3292.8
14515	1214.5	1462.4	3336.2
9577	1203.6	1437.0	3142.8
10574	1216.4	1516.2	3367.7
10896	1207.7	1453.1	3246.5
9193	1222.5	1478.6	3295.1
200	1218.6	1515.1	3567.7
11986	1216.6	1524.9	3332.5
8727	1214.9	1454.0	3252.4
8193	1205.5	1492.6	3227.4
1601	1224.8	1441.7	3322.9
4202	1200.8	1459.5	3174.9
7208	1208.0	1493.1	3228.2
7756	1199.3	1407.1	3100.9
1242	1221.6	1459.5	3302.3
976	1210.9	1479.4	3233.2
14551	1204.6	1394.6	3180.8
1644	1215.0	1458.4	3240.4
6082	1207.3	1476.3	3188.3
6346	1206.4	1436.7	3213.3
290	1202.1	1404.8	3164.1
13948	1209.4	1452.2	3224.5
1708	1209.6	1442.6	3232.2
793	1212.1	1482.5	3286.5
3254	1210.7	1477.5	3233.3
3074	1210.2	1446.1	3195.4
9711	1218.6	1504.5	3343.2
2751	1200.6	1447.4	3217.7
8167	1207.5	1413.7	3161.4
921	1209.1	1474.8	3229.7
3967	1213.5	1447.1	3185.3
4070	1202.3	1452.2	3212.6
12705	1203.4	1426.7	3178.1
14196	1214.3	1485.2	3265.6
4483	1200.4	1423.6	3170.5
5208	1206.8	1471.8	3245.8
12767	1204.3	1423.8	3115.8
3397	1201.6	1454.6	3212.0
7764	1208.8	1419.3	3160.6
8098	1213.8	1485.1	3267.9
5747	1213.0	1489.6	3301.1
10936	1213.9	1473.4	3276.9
10524	1203.4	1468.8	3195.2
11836	1215.6	1463.1	3263.7
994	1214.2	1499.3	3484.2
4806	1205.9	1398.6	3104.1
8713	1211.4	1435.5	3204.2
12298	1211.2	1436.9	3275.6
8145	1209.9	1424.8	3176.8
11196	1212.2	1445.7	3242.6
7292	1210.9	1436.2	3233.0
9555	1206.1	1467.8	3263.2
6656	1212.8	1454.4	3214.4
8515	1216.2	1441.4	3239.6
1264	1219.3	1517.3	3380.7
14756	1221.1	1498.8	3369.3
10929	1207.8	1514.7	3338.7
14639	1198.9	1416.0	3134.2
11810	1206.6	1455.0	3220.4
14687	1206.6	1412.4	3170.6
11491	1210.6	1490.3	3294.4
3744	1216.7	1520.2	3267.6
8324	1216.0	1489.4	3238.0
4239	1199.8	1427.0	3147.2
8133	1213.7	1467.2	3284.0
10567	1208.1	1447.8	3257.8
2112	1214.8	1480.5	3262.7
10851	1207.5	1498.0	3208.4
14037	1202.8	1413.6	3181.4
739	1199.8	1455.3	3143.8
7428	1207.8	1446.2	3261.0
7377	1210.9	1450.4	3212.8
14911	1203.8	1460.1	3221.7
14778	1216.6	1463.0	3270.6
2747	1218.5	1445.3	3260.1
11628	1208.2	1469.1	3221.9
3089	1207.4	1468.6	3254.8
7834	1203.1	1424.7	3133.2
7555	1198.8	1438.2	3151.0
12627	1203.8	1455.7	3151.7
5440	1212.8	1420.9	3190.6
3269	1210.1	1456.8	3214.2
13854	1211.2	1456.3	3275.9
12685	1206.3	1390.4	3165.1
10605	1208.3	1450.2	3281.8
586	1208.1	1444.2	3235.5
951	1208.5	1467.6	3195.3
848	1206.5	1426.2	3172.0
4507	1207.0	1431.4	3125.9
10545	1202.2	1419.4	3160.2
7769	1209.0	1475.7	3282.1
10272	1214.1	1453.1	3438.8
6168	1214.1	1447.5	3288.1
2728	1208.7	1444.5	3294.3
4581	1198.5	1420.8	3200.7
13523	1223.5	1471.1	3444.3
13559	1203.3	1417.7	3145.8
1970	1213.3	1451.0	3261.2
13180	1214.9	1441.1	3301.6
4787	1210.6	1409.7	3193.2
287	1214.7	1448.3	3267.5
9537	1210.3	1430.1	3295.7
11859	1206.7	1426.4	3241.3
10023	1212.2	1436.9	3263.1
9949	1207.7	1421.7	3194.5
5922	1213.4	1468.4	3267.7
491	1211.7	1465.5	3305.4
8994	1208.7	1445.6	3231.1
2134	1210.4	1422.9	3235.4
8728	1214.9	1447.7	3198.8
4779	1203.2	1450.0	3204.3
3959	1202.3	1423.0	3169.6
7677	1214.5	1512.5	3365.8
2567	1207.1	1406.2	3106.0
499	1213.5	1447.6	3242.8
4337	1207.0	1416.8	3128.3
8659	1202.5	1371.4	3154.6
10451	1207.6	1453.1	3288.1
302	1211.4	1527.2	3261.3
10495	1212.1	1449.6	3241.1
4136	1220.7	1479.3	3370.8
9843	1219.0	1456.7	3279.3
1330	1220.0	1476.2	3449.5
3360	1211.8	1442.2	3266.7
9337	1205.9	1489.2	3194.1
7391	1206.8	1437.2	3217.2
1625	1216.7	1473.3	3217.2
6163	1205.6	1399.9	3129.2
9815	1213.6	1391.1	3211.2
14020	1198.3	1395.5	3067.9
13942	1201.8	1414.4	3127.3
14932	1214.3	1445.8	3235.7
8837	1222.1	1539.3	3471.9
4943	1193.3	1432.6	3163.7
5123	1200.9	1429.6	3141.4
14633	1211.5	1470.3	3236.6
14514	1212.7	1483.5	3307.4
1354	1202.2	1454.1	3184.5
11060	1209.4	1447.0	3282.8
4461	1213.8	1458.7	3233.5
13289	1207.8	1435.9	3162.0
7090	1210.2	1446.9	3229.6
9564	1204.0	1462.3	3243.8
13572	1219.1	1473.8	3301.1
13518	1221.9	1499.2	3338.7
6984	1212.3	1464.2	3222.6
5043	1210.3	1467.4	3233.1
7424	1214.2	1487.8	3316.7
9751	1212.0	1474.8	3314.3
6830	1217.2	1467.5	3288.1
427	1214.5	1505.2	3283.2
3440	1205.9	1410.4	3171.4
9066	1204.0	1428.3	3191.5
11832	1219.6	1464.4	3289.9
918	1225.9	1505.1	3342.0
9332	1207.6	1461.6	3270.3
7311	1211.5	1457.3	3271.2
175	1210.3	1451.7	3215.3
4717	1209.8	1451.1	3190.6
2069	1212.1	1462.0	3192.0
9097	1209.5	1518.0	3330.7
9387	1205.9	1468.7	3214.3
9849	1205.7	1462.6	3179.7
4333	1209.8	1454.1	3188.9
14190	1198.0	1406.6	3069.6
9085	1214.4	1464.1	3269.2
9903	1221.0	1484.8	3310.9
9821	1210.7	1494.4	3470.0
2132	1213.1	1462.8	3253.0
11369	1224.9	1510.9	3382.1
14700	1209.7	1462.7	3180.2
11242	1205.2	1503.4	3267.1
440	1201.4	1473.8	3169.1
8437	1212.2	1443.9	3166.3
12370	1217.4	1476.0	3242.1
1127	1217.6	1523.7	3476.0
6127	1203.4	1428.0	3153.4
12427	1214.3	1502.7	3285.3
12759	1215.6	1477.0	3242.6
8796	1212.6	1427.4	3203.8
2941	1212.9	1465.4	3280.7
12345	1202.3	1435.2	3149.8
10804	1208.2	1431.5	3201.5
6149	1202.0	1427.2	3121.4
14028	1216.0	1463.3	3256.8
5427	1209.5	1461.9	3232.6
12580	1218.4	1432.4	3228.3
2952	1214.1	1470.0	3214.7
3667	1202.0	1391.1	3174.5
3472	1212.6	1498.8	3417.1
2292	1215.3	1467.9	3252.9
14993	1219.4	1500.6	3403.0
8398	1210.4	1469.0	3263.3
51	1209.0	1491.3	3259.7
12802	1198.8	1406.1	3108.4
6653	1203.9	1450.4	3191.9
13013	1213.1	1450.6	3242.4
13246	1205.3	1445.7	3234.8
9096	1211.8	1423.8	3210.3
12001	1209.9	1446.1	3187.1
3087	1211.2	1468.9	3222.1
4969	1212.1	1484.8	3267.6
10154	1206.0	1458.3	3136.1
10913	1220.7	1475.0	3297.9
4542	1211.6	1482.6	3282.3
8184	1221.5	1496.6	3376.5
10823	1212.0	1460.4	3218.7
10033	1217.7	1514.4	3439.0
11585	1209.6	1474.7	3271.6
11018	1206.4	1433.2	3131.7
2371	1206.7	1436.7	3266.0
9338	1211.7	1476.4	3282.8
14390	1209.8	1479.7	3285.5
6730	1218.1	1476.0	3284.6
8567	1198.0	1443.7	3153.7
13374	1219.8	1500.1	3399.2
10847	1217.2	1470.7	3239.4
7595	1208.5	1453.7	3222.2
725	1211.5	1468.9	3279.7
4583	1212.0	1463.4	3252.1
2251	1214.2	1497.6	3283.8
805	1207.3	1441.7	3198.1
2026	1207.1	1470.4	3217.5
3086	1203.3	1439.8	3229.3
4148	1219.1	1479.5	3307.9
2322	1212.9	1464.0	3264.6
5091	1208.2	1447.9	3239.2
12694	1211.7	1452.4	3194.7
10977	1210.9	1473.7	3283.0
8513	1214.2	1464.3	3258.5
13881	1205.6	1432.0	3213.1
2364	1216.5	1421.1	3189.7
9964	1211.4	1465.5	3249.3
3067	1209.6	1467.4	3240.2
14356	1202.4	1464.7	3177.4
4988	1211.1	1459.5	3196.9
11779	1212.2	1484.1	3280.3
11175	1217.1	1449.4	3298.5
4902	1198.9	1368.1	3114.4
12191	1203.9	1420.2	3212.6
9581	1213.3	1438.7	3226.3
12594	1198.4	1424.4	3128.4
1402	1204.6	1469.6	3210.3
12355	1214.7	1483.6	3213.4
5107	1214.3	1537.5	3311.3
124	1216.6	1469.4	3231.9
6574	1214.0	1494.5	3368.9
42	1202.1	1448.7	3191.6
8997	1216.0	1473.7	3362.0
2296	1205.2	1484.1	3285.0
134	1204.1	1401.9	3119.6
12220	1206.8	1498.2	3291.0
5033	1215.9	1482.2	3317.7
10556	1212.0	1402.1	3351.7
10547	1214.6	1432.6	3241.4
13826	1206.7	1482.7	3215.5
5227	1211.4	1510.0	3313.4
3524	1200.5	1425.1	3080.0
3568	1210.9	1504.6	3290.9
6030	1200.0	1455.9	3166.9
404	1207.5	1422.5	3177.6
789	1215.5	1473.3	3265.5
6568	1212.0	1512.1	3269.3
2183	1199.9	1456.4	3179.5
8166	1207.8	1442.8	3160.9
5549	1209.4	1473.8	3197.4
11218	1209.1	1467.5	3262.6
8404	1207.6	1487.6	3345.2
6122	1206.4	1433.9	3103.3
14750	1206.6	1418.4	3135.2
4713	1206.4	1454.6	3208.3
11333	1207.1	1424.6	3184.4
8161	1212.6	1491.9	3425.3
11646	1213.2	1465.6	3288.8
8998	1207.4	1460.2	3164.0
11973	1216.4	1512.5	3370.5
5457	1215.0	1502.1	3318.2
2517	1206.4	1425.1	3193.9
13057	1204.5	1408.3	3179.1
2715	1209.6	1438.7	3157.8
3401	1196.2	1400.8	3107.3
1046	1219.3	1472.1	3252.4
11096	1209.8	1447.6	3271.1
67	1214.8	1538.8	3360.7
10787	1214.9	1503.0	3260.5
10812	1205.0	1433.9	3162.8
1792	1202.5	1410.0	3152.5
11345	1215.7	1488.5	3335.7
5279	1209.4	1485.3	3196.6
7419	1209.6	1447.9	3223.4
9073	1203.8	1404.5	3126.7
3004	1216.3	1456.6	3298.7
7473	1210.9	1469.6	3291.1
5674	1203.4	1458.7	3155.9
12273	1203.6	1435.6	3206.6
2807	1210.5	1435.7	3221.1
4150	1201.4	1399.3	3127.8
10602	1198.9	1452.6	3148.0
1836	1198.7	1397.9	3109.5
3564	1204.5	1438.4	3167.6
2672	1212.1	1447.7	3247.7
1610	1199.3	1413.4	3095.7
4235	1213.5	1436.6	3212.0
6422	1209.0	1421.8	3208.2
3859	1207.0	1448.5	3241.8
7247	1214.5	1448.8	3239.4
2351	1200.2	1435.3	3174.6
14160	1205.0	1423.3	3185.1
2305	1204.5	1448.7	3151.7
6290	1207.6	1442.1	3190.9
11753	1217.1	1504.0	3400.6
10819	1216.6	1541.5	3321.4
10249	1210.0	1460.0	3190.2
8525	1213.0	1423.0	3151.2
5521	1216.6	1523.3	3354.5
4415	1218.3	1538.1	3358.5
6576	1216.3	1511.7	3284.7
6114	1214.2	1473.0	3228.2
13729	1214.6	1480.9	3228.7
13679	1207.8	1428.7	3212.8
10957	1210.5	1472.9	3224.8
9594	1212.4	1444.2	3263.1
11250	1219.5	1524.8	3395.9
14202	1212.1	1457.5	3226.7
8302	1208.3	1419.2	3198.9
1391	1198.9	1443.1	3162.3
6927	1204.5	1446.3	3144.6
12245	1217.6	1417.8	3235.2
14204	1213.6	1453.8	3307.9
5369	1207.0	1458.1	3237.4
2825	1203.1	1422.2	3155.0
2960	1209.4	1428.5	3212.5
11733	1205.4	1412.4	3149.8
11570	1201.7	1408.7	3116.5
9395	1212.1	1439.4	3207.3
7698	1205.8	1439.8	3244.0
13656	1203.1	1452.3	3180.9
12013	1205.3	1426.0	3179.1
8220	1215.8	1492.7	3393.1
497	1209.9	1461.4	3269.2
8597	1227.3	1564.8	3450.5
7789	1215.0	1461.6	3270.3
3888	1212.7	1466.1	3260.0
10237	1218.0	1500.4	3322.9
11624	1201.5	1447.1	3184.5
9870	1210.6	1459.3	3213.1
3677	1213.6	1467.1	3289.0
784	1203.5	1439.8	3155.6
4227	1209.5	1479.1	3273.3
5960	1215.7	1459.9	3216.0
12162	1206.2	1455.1	3212.1
4135	1210.7	1491.9	3278.4
9245	1200.5	1445.2	3152.9
8630	1200.3	1483.8	3318.5
11383	1206.8	1434.0	3179.5
1643	1211.6	1457.6	3169.0
3302	1203.4	1401.7	3182.6
14672	1206.9	1441.5	3219.3
7883	1209.7	1439.6	3193.2
11309	1207.5	1433.5	3176.1
11747	1200.2	1455.3	3187.8
12296	1211.0	1461.9	3269.1
16	1213.1	1520.7	3390.9
8501	1204.1	1412.6	3146.6
11566	1219.0	1428.4	3250.2
4396	1210.5	1468.4	3442.5
9341	1205.6	1439.4	3208.4
13012	1212.1	1467.7	3281.4
4761	1205.3	1448.2	3193.1
1275	1200.7	1430.4	3128.2
4926	1209.7	1437.6	3200.3
6397	1213.5	1451.9	3247.9
14698	1212.5	1490.0	3334.5
3012	1208.6	1456.3	3213.5
2174	1206.2	1436.8	3161.3
10634	1207.1	1413.1	3194.9
13453	1214.2	1510.8	3320.1
2003	1209.9	1476.2	3257.5
3099	1216.9	1481.0	3394.3
2859	1205.6	1425.7	3240.7
7343	1204.6	1426.1	3153.6
1650	1220.1	1521.6	3313.5
1345	1211.5	1488.1	3331.7
9770	1207.8	1415.6	3171.6
6511	1218.1	1455.9	3257.7
1416	1204.4	1493.8	3175.8
292	1216.6	1453.9	3288.6
9507	1202.7	1474.6	3205.6
13148	1203.7	1401.9	3128.6
9136	1215.8	1426.2	3173.3
11719	1206.6	1465.1	3199.2
3809	1214.9	1486.1	3245.0
5700	1210.6	1477.7	3294.0
11851	1205.1	1448.0	3204.5
5796	1206.9	1441.1	3193.7
5151	1215.4	1467.5	3244.9
1587	1207.4	1378.9	3139.5
8883	1207.8	1522.3	3596.5
1753	1217.6	1531.9	3303.1
5569	1211.6	1512.0	3291.6
8090	1208.0	1459.1	3306.1
11340	1210.2	1499.4	3255.0
1464	1210.8	1448.9	3330.2
14883	1211.2	1480.6	3239.8
9886	1212.9	1462.0	3249.5
9173	1202.7	1457.5	3140.0
12413	1212.9	1445.4	3256.7
5188	1203.2	1504.6	3227.9
14322	1221.5	1486.8	3405.0
9456	1220.9	1461.3	3300.3
5914	1206.1	1409.9	3155.9
10515	1213.7	1432.9	3207.1
4170	1215.6	1423.3	3198.8
6334	1208.3	1392.4	3140.4
14068	1209.5	1470.2	3260.6
758	1213.0	1467.0	3282.7
5871	1209.1	1475.4	3256.5
6725	1221.6	1527.4	3399.2
2121	1210.4	1451.0	3214.8
8334	1214.9	1516.4	3386.6
6898	1211.0	1515.5	3305.5
535	1199.8	1447.8	3144.9
2424	1209.2	1450.0	3210.2
2921	1210.8	1481.0	3241.9
6630	1211.4	1526.4	3295.0
12589	1207.8	1498.8	3287.0
4870	1222.9	1499.4	3286.9
12827	1205.0	1436.9	3219.2
756	1220.2	1492.8	3360.2
866	1217.6	1453.7	3256.3
1564	1209.1	1431.3	3244.1
13172	1206.3	1461.8	3259.6
1394	1199.9	1444.1	3165.4
1163	1214.7	1464.8	3274.2
10663	1204.7	1456.6	3260.0
7133	1205.0	1426.8	3182.0
12420	1213.4	1463.1	3312.4
11430	1209.8	1385.7	3179.0
9907	1209.9	1447.4	3268.7
13033	1203.2	1474.9	3231.9
2811	1218.3	1499.3	3303.9
9932	1215.2	1429.7	3293.0
8658	1209.6	1450.0	3254.8
12026	1207.3	1427.0	3206.1
457	1210.9	1477.9	3229.0
9373	1213.5	1485.4	3325.7
541	1212.4	1444.8	3208.0
10216	1210.2	1440.2	3222.1
13253	1215.1	1486.3	3303.3
12139	1212.7	1522.6	3349.4
9306	1216.9	1496.0	3297.2
638	1203.8	1448.6	3142.1
12990	1207.1	1384.7	3147.7
2551	1214.9	1463.3	3301.4
5245	1223.0	1490.9	3371.0
66	1208.9	1433.4	3180.4
4253	1209.5	1431.4	3252.6
9430	1212.5	1455.1	3276.2
