21572	1898.9	2181.3	12543.8
35599	1877.7	2167.0	11993.8
31266	1883.2	2158.5	12056.2
40977	1879.5	2122.7	11922.6
46318	1882.0	2108.8	11910.6
46051	1867.9	2081.9	11675.6
48266	1871.5	2068.0	11622.0
45870	1863.3	2072.7	11639.9
9675	1862.5	2069.0	11601.2
44145	1866.8	2106.6	11677.7
24047	1873.0	2122.5	11971.3
45854	1889.1	2135.2	12086.0
18870	1866.9	2111.7	11586.6
21521	1881.2	2187.1	12716.0
26101	1884.7	2088.8	12136.5
14238	1890.1	2186.6	12332.7
23302	1880.2	2105.5	11939.2
26051	1879.7	2125.0	11982.4
21204	1894.0	2196.9	12283.0
9791	1879.4	2117.8	11903.0
49540	1871.7	2100.5	11822.8
41384	1879.2	2157.2	11784.3
46634	1869.4	2107.6	11799.8
31257	1881.9	2158.2	12137.2
9232	1884.9	2168.8	12116.7
26638	1885.6	2121.0	12198.2
45597	1886.5	2186.9	12132.0
37566	1862.1	2056.1	11585.4
23352	1882.6	2143.7	12216.8
7576	1882.8	2163.2	11998.0
12584	1872.9	2164.5	11987.9
6561	1867.7	2158.4	11834.5
44930	1879.0	2071.5	11832.5
13024	1878.7	2127.5	11880.4
20302	1875.0	2159.4	11882.8
19446	1877.3	2095.1	11812.8
17590	1867.1	2132.3	11711.4
38513	1875.5	2056.8	11922.3
44232	1879.9	2167.6	12224.2
29343	1863.1	2081.4	11733.5
13808	1868.1	2130.1	11763.6
46275	1882.1	2131.2	11899.1
25992	1872.7	2128.2	11739.5
20770	1881.4	2184.3	12179.8
48860	1888.1	2161.5	11966.6
10523	1868.4	2111.1	11848.0
40557	1876.2	2149.1	11877.4
9935	1881.3	2139.4	11988.2
18498	1862.5	2092.2	11764.3
43946	1866.4	2096.4	11803.5
43061	1877.9	2116.6	11946.9
5374	1874.9	2146.6	11761.4
28053	1870.0	2133.8	11790.6
27174	1870.4	2138.9	11735.5
18911	1877.5	2134.7	12110.2
23767	1875.5	2078.4	11741.0
6272	1869.1	2102.8	11778.8
27409	1884.1	2166.7	12403.1
9803	1878.9	2113.7	12006.5
37141	1866.6	2091.3	11792.3
31827	1886.9	2192.0	12067.6
15187	1870.3	2143.5	11977.9
45287	1888.7	2159.8	12253.4
28182	1873.1	2182.4	12084.0
15134	1874.3	2133.5	11848.2
4884	1876.2	2096.9	11774.4
31601	1897.4	2131.2	12121.6
9915	1867.8	2145.1	11951.1
25957	1876.2	2151.7	11896.1
9355	1874.6	2167.4	12026.1
35894	1880.4	2086.5	11898.6
31807	1872.4	2119.9	11768.7
21223	1877.2	2115.8	11861.3
22498	1874.4	2126.3	11758.7
34754	1888.5	2101.5	11975.3
39035	1870.9	2064.8	12048.3
21509	1885.5	2175.7	12639.6
15845	1877.7	2112.0	11895.1
28246	1880.7	2138.5	12000.0
35016	1869.6	2115.2	11792.2
43677	1879.4	2175.1	12127.7
18587	1874.0	2047.3	11616.5
28602	1872.2	2168.2	11943.4
15436	1888.2	2172.1	12021.1
1473	1872.5	2075.9	11719.4
31355	1887.3	2149.1	12231.5
4716	1878.2	2093.2	11828.4
4033	1889.0	2135.7	12028.2
29698	1871.7	2101.0	11779.3
25795	1882.2	2095.2	11910.1
17436	1873.4	2120.8	11924.7
12588	1868.0	2165.2	12018.1
5992	1874.6	2067.5	11651.7
16620	1865.3	2107.7	11918.6
2956	1877.2	2151.7	12038.6
43362	1880.6	2104.3	11868.8
15228	1874.7	2140.1	11942.6
15530	1858.6	2089.0	11539.6
39631	1863.3	2061.1	11582.4
8069	1871.4	2105.2	11712.5
9975	1868.1	2108.5	11971.0
32010	1872.1	2073.7	11659.7
31987	1888.6	2138.4	12025.1
6295	1877.9	2122.2	11800.3
45835	1872.3	2131.6	11900.1
34293	1861.1	2042.8	11452.5
40786	1867.4	2042.7	11882.9
4297	1885.3	2179.6	12225.9
38419	1863.4	2138.3	11684.3
47198	1875.4	2158.8	12004.4
14331	1870.8	2093.2	11864.5
45228	1870.1	2042.3	11645.4
15909	1881.6	2177.7	12151.6
22385	1881.9	2158.7	11950.8
44654	1859.4	2087.1	11491.4
47241	1866.7	2069.8	11549.3
1933	1873.6	2114.7	11929.0
2160	1880.3	2149.0	11947.9
8181	1869.8	2124.2	12179.2
28840	1875.8	2146.7	11815.4
23113	1876.5	2142.1	12044.3
5778	1857.8	2031.5	11529.3
14883	1880.9	2108.9	11973.8
38794	1877.8	2121.1	11855.5
3016	1876.2	2188.2	12401.5
44338	1880.8	2131.4	11997.3
37390	1882.3	2096.3	12072.3
13795	1882.5	2079.3	11921.3
28460	1891.6	2166.0	12140.4
41054	1860.9	2126.3	11639.3
9824	1881.7	2198.0	12090.1
1503	1878.6	2125.4	12203.8
21663	1871.0	2131.3	11937.7
12291	1871.1	2151.1	12155.5
23087	1880.7	2143.2	12155.2
10457	1858.2	2112.6	11635.2
47178	1870.7	2133.7	11889.2
25187	1872.3	2085.0	11612.0
7723	1884.7	2220.9	12207.6
48402	1867.8	2115.5	11871.6
26002	1879.8	2138.5	11973.6
36379	1877.6	2158.1	12022.5
41776	1881.5	2114.1	11827.0
37881	1868.2	2091.9	11805.3
20540	1880.1	2101.5	11926.1
30701	1876.6	2111.0	11811.7
41431	1866.1	2089.1	11725.0
10547	1865.7	2073.5	11618.4
13306	1880.3	2120.2	11912.0
28159	1860.1	2104.2	11704.6
30787	1884.2	2145.4	12114.2
48747	1874.1	2081.7	11802.0
10904	1888.3	2148.0	12204.6
47374	1878.5	2124.7	12182.2
20240	1878.8	2100.6	12209.9
2088	1863.9	2121.8	11990.7
47896	1882.1	2089.8	11828.5
18341	1862.3	2087.8	11630.1
10880	1882.0	2133.8	11869.3
20496	1871.3	2167.1	12172.7
5092	1879.6	2113.7	11909.9
25813	1870.0	2106.1	11764.5
31192	1871.3	2102.4	11678.5
18806	1878.2	2136.3	12029.2
37077	1894.1	2187.0	12273.5
8299	1882.2	2128.6	12620.3
33925	1870.3	2135.8	12146.0
7953	1870.9	2130.9	11796.9
4978	1870.9	2066.3	11665.7
18190	1871.4	2077.8	11734.5
42890	1872.2	2111.9	12064.3
17270	1890.6	2149.3	12124.2
10281	1863.1	2119.4	11872.9
10110	1874.8	2128.5	11887.6
191	1872.3	2086.6	11780.3
44001	1870.8	2069.5	11685.3
8273	1889.7	2144.8	12093.7
17843	1886.4	2117.6	11932.7
13257	1875.8	2055.7	11769.6
14710	1865.6	2125.2	12913.9
574	1886.5	2159.8	12253.9
33994	1891.8	2154.4	12543.1
48475	1872.2	2114.2	11957.7
11172	1878.0	2170.2	12179.4
7196	1878.9	2117.3	12040.2
41308	1884.0	2155.8	12194.6
34952	1880.9	2132.7	11989.0
18813	1865.7	2144.1	11895.2
31090	1886.4	2141.5	12068.4
46018	1863.9	2089.4	11776.1
13356	1870.0	2095.5	11904.9
38147	1879.1	2162.3	12144.6
16103	1877.1	2127.8	11858.1
21735	1862.0	2135.0	12051.4
6143	1883.1	2174.4	12122.4
38143	1876.5	2146.6	12210.5
18798	1879.3	2104.8	11851.9
42560	1854.9	2059.6	11594.8
17683	1865.5	2060.5	11673.7
4976	1880.5	2076.5	11860.3
21919	1875.6	2116.1	11846.7
11658	1880.1	2138.8	12061.1
36666	1867.8	2104.9	11761.4
39298	1876.8	2146.3	12023.7
10360	1869.7	2109.2	11795.3
5550	1871.7	2165.3	11796.0
43721	1881.9	2105.8	12009.5
47272	1889.3	2098.7	11866.5
42428	1884.6	2141.1	12171.0
38822	1882.9	2203.6	12015.5
8717	1863.0	2099.1	11547.5
13618	1884.6	2130.7	11857.0
21520	1880.4	2122.3	11953.0
8976	1879.0	2093.0	11786.1
25916	1877.7	2126.1	11916.0
12184	1879.4	2131.8	11829.6
31922	1872.0	2104.5	11728.6
26060	1865.8	2042.7	11728.0
33403	1879.3	2157.3	12006.8
14871	1893.2	2184.5	12221.9
45396	1864.0	2059.9	11699.8
16052	1880.3	2133.6	12011.2
20152	1878.3	2149.2	12042.9
16755	1880.4	2114.6	11800.6
9612	1882.8	2119.5	11899.2
38963	1867.7	2125.8	11736.9
46452	1874.2	2104.3	11799.8
35579	1871.3	2078.6	11759.7
36545	1873.5	2116.6	11828.7
20703	1875.6	2172.6	11990.7
8435	1888.8	2144.0	12099.8
14029	1869.5	2089.8	11777.2
25656	1870.7	2098.2	11723.2
19040	1887.3	2133.6	12091.0
9646	1873.1	2133.2	11903.6
10109	1889.0	2175.6	12260.1
2423	1879.1	2139.7	11854.5
12523	1869.3	2080.0	11880.3
38004	1886.0	2106.0	11908.0
14464	1882.9	2082.1	11813.2
25708	1881.0	2169.8	11990.5
2619	1865.9	2107.3	11800.5
26839	1891.3	2118.6	11845.9
15404	1875.8	2108.0	11844.7
10699	1869.2	2113.9	11851.6
46653	1871.0	2116.4	11903.0
8504	1869.9	2085.7	11824.1
38282	1868.3	2117.6	11790.6
13603	1877.0	2111.8	11935.0
5918	1873.5	2111.9	11774.5
10962	1874.9	2126.7	11886.3
45022	1892.1	2187.7	12401.3
21771	1868.3	2072.3	11773.1
46957	1881.8	2116.1	12037.4
17132	1881.0	2129.3	12133.1
9395	1870.7	2119.9	11874.2
38775	1865.6	2102.5	11761.7
9301	1889.3	2145.3	12174.6
9012	1889.5	2157.6	12106.7
48904	1865.5	2171.7	12046.6
3074	1869.9	2138.0	11880.0
47393	1880.3	2114.5	11933.0
30666	1875.1	2071.7	11766.4
14460	1866.0	2033.0	11653.6
39323	1881.5	2157.8	11959.8
8679	1878.9	2116.5	11869.2
10062	1883.2	2150.2	12148.9
38718	1870.8	2115.4	12038.7
2853	1888.0	2144.1	12009.7
10794	1868.2	2163.6	11893.7
35793	1867.2	2122.9	11983.3
46385	1874.9	2131.7	11949.9
13624	1872.6	2094.2	11744.7
3066	1864.7	2135.7	11766.4
3805	1882.5	2123.7	12031.0
35420	1859.5	2127.4	11657.4
259	1874.6	2101.3	11809.4
14898	1876.3	2105.8	11982.9
37570	1875.8	2179.1	12024.6
44946	1888.1	2221.7	12150.6
26840	1866.5	2086.1	11850.0
36328	1875.2	2106.0	11831.0
36015	1890.9	2117.5	12007.2
13477	1879.9	2158.7	11981.0
4591	1869.8	2115.4	11829.4
25472	1873.0	2100.3	11728.0
37241	1881.4	2100.0	11841.1
6839	1875.9	2077.5	11746.4
7506	1881.1	2134.8	12001.1
42668	1872.8	2134.2	11934.1
49914	1878.2	2104.3	11874.8
42943	1862.2	2040.3	11537.1
4167	1871.8	2128.5	11618.1
39297	1875.0	2125.2	12004.9
38353	1885.3	2142.8	12084.0
19423	1874.7	2117.8	11861.2
21502	1873.3	2118.9	11682.1
40794	1870.6	2116.1	11824.9
38075	1864.5	2119.1	11709.8
2578	1869.8	2117.3	11837.8
35341	1883.5	2113.8	12042.6
28056	1877.4	2153.5	11937.1
3148	1865.5	2120.8	11748.3
34611	1877.5	2156.8	11933.0
21227	1899.7	2170.3	12472.6
27537	1883.9	2147.9	12477.6
5979	1878.2	2175.0	12120.3
34247	1862.6	2060.0	11459.0
36638	1875.0	2064.8	11925.6
49176	1879.9	2164.6	12075.0
47502	1883.5	2139.1	12133.3
22991	1882.3	2148.5	12268.9
24153	1875.6	2111.3	12144.6
16086	1874.3	2105.7	11857.2
36680	1865.1	2129.7	11987.5
15008	1886.3	2139.9	12000.6
24058	1862.6	2069.0	11464.2
8372	1879.4	2136.8	11865.9
43163	1889.8	2160.8	12111.2
44591	1884.2	2152.8	12202.2
95	1894.3	2163.9	12254.8
10802	1876.5	2101.0	11780.6
25385	1863.3	2087.9	11487.7
35686	1871.4	2156.6	12305.6
31134	1867.8	2071.7	11544.9
36942	1873.4	2081.1	11727.1
27982	1877.9	2122.7	11997.0
2650	1868.3	2123.4	12001.2
13935	1894.8	2149.5	12338.3
42234	1865.8	2074.7	11647.7
35485	1882.8	2114.5	11938.0
26535	1883.4	2184.3	12118.0
25918	1888.5	2122.4	11810.9
13136	1880.5	2154.6	11973.5
21315	1886.8	2173.9	12328.0
12050	1862.2	2071.7	11701.9
72	1866.2	2115.8	11547.7
26366	1869.5	2038.4	11687.1
28421	1877.0	2086.7	11920.0
27805	1877.5	2095.2	11762.7
47571	1883.1	2135.1	11950.0
19577	1870.6	2090.5	11772.8
48732	1856.7	2055.5	11456.1
41840	1871.1	2097.6	11943.1
18900	1880.8	2104.1	11845.2
44677	1872.8	2113.3	11797.3
2968	1868.3	2105.6	11851.5
18952	1872.9	2132.5	12033.0
1894	1859.8	2056.4	11536.2
45420	1886.8	2160.3	12263.5
47760	1879.1	2132.3	11951.7
4135	1886.9	2142.6	12213.4
45439	1864.2	2079.7	11653.4
33900	1875.6	2095.1	11746.9
48795	1887.7	2130.7	12101.4
38703	1874.7	2165.4	12025.6
29079	1857.9	2085.6	11669.5
35861	1865.7	2075.4	11968.6
8996	1879.7	2124.5	12254.4
49138	1878.2	2100.0	11834.1
14762	1866.6	2097.2	11657.3
6900	1872.1	2136.1	11843.7
17024	1873.7	2099.8	11816.3
3594	1887.8	2113.8	12087.8
9122	1883.4	2102.1	11958.2
9697	1866.1	2131.6	11770.7
12064	1862.5	2041.8	11585.5
47982	1878.4	2194.0	12025.9
26542	1885.6	2145.2	12334.7
29245	1870.2	2087.9	11826.1
15079	1890.3	2143.1	12008.4
43909	1886.3	2164.8	12073.0
35971	1880.4	2165.7	11979.1
12885	1877.6	2155.6	11961.6
4597	1863.7	2065.2	11542.6
6991	1885.7	2141.1	11983.8
48049	1885.2	2135.1	12025.4
14456	1877.1	2135.0	11999.7
47125	1863.5	2097.7	11645.0
11107	1869.0	2057.7	11679.9
15248	1874.6	2129.4	11888.9
358	1878.4	2111.6	11902.8
22109	1875.5	2110.9	11804.2
3734	1866.6	2133.1	12014.5
11972	1882.6	2191.8	12164.5
37627	1874.9	2101.6	11796.5
17551	1880.0	2095.6	11823.6
6405	1866.8	2113.3	12675.0
4048	1896.9	2168.7	12097.2
19322	1882.5	2110.0	11938.7
4515	1875.0	2081.0	11733.5
28412	1899.9	2208.1	12455.1
17939	1876.3	2094.2	11852.4
32368	1866.7	2096.4	11818.3
8928	1864.5	2097.5	11681.4
8416	1887.7	2173.6	12104.3
27751	1876.5	2135.3	11883.3
28323	1885.7	2106.3	11852.9
30112	1865.4	2104.5	11809.1
23892	1873.8	2105.7	11847.0
5890	1864.0	2040.6	11435.2
10726	1871.8	2073.2	11794.7
38182	1876.8	2151.4	12031.1
37306	1878.0	2090.7	11880.0
15139	1884.2	2152.5	12327.8
17914	1876.5	2105.6	12019.9
3250	1867.7	2127.5	11741.5
28353	1878.7	2159.2	12013.8
12666	1885.2	2126.8	12041.3
8489	1879.4	2147.8	11923.6
1561	1884.0	2142.7	12003.7
1519	1889.4	2110.3	11984.5
4124	1885.8	2176.2	12432.3
38365	1875.3	2090.2	11905.7
21209	1887.9	2164.2	11950.4
20937	1873.8	2104.6	11783.8
38013	1867.1	2126.3	11783.7
18336	1882.2	2110.1	11941.7
12818	1880.1	2175.3	12092.3
10117	1876.1	2135.2	11977.1
37665	1870.7	2097.5	11893.2
8923	1882.5	2088.2	11863.1
24593	1868.1	2119.7	11985.3
45658	1880.0	2159.1	12190.7
41583	1860.8	2063.6	11727.5
30069	1874.1	2065.5	11712.6
9317	1884.1	2166.4	12093.5
37174	1877.7	2121.1	11915.3
27403	1870.4	2106.8	11704.3
10689	1875.3	2102.4	11777.2
35572	1867.4	2095.3	11901.6
17395	1866.6	2152.7	11881.3
14087	1867.8	2131.8	11918.5
11094	1865.4	2092.2	11716.9
5684	1892.0	2218.1	12336.8
23827	1865.8	2107.7	11790.7
46971	1876.8	2175.9	11996.8
37154	1873.2	2098.0	11728.3
43394	1871.6	2091.5	11675.3
45915	1878.1	2113.6	11861.6
1971	1870.6	2155.4	11990.7
21781	1868.0	2092.4	11659.8
32213	1871.9	2094.5	11649.7
15939	1865.4	2053.4	11504.1
36008	1900.2	2179.4	12168.5
25496	1859.6	2040.4	11421.9
14181	1875.7	2098.0	11890.0
9466	1874.2	2101.3	11954.6
420	1881.7	2099.2	11823.9
24249	1889.8	2176.0	12334.0
1764	1885.2	2155.4	12209.1
36285	1872.5	2121.0	11958.3
45564	1871.4	2098.1	11682.2
8268	1871.6	2127.9	11793.1
24724	1867.0	2127.4	11676.4
292	1868.3	2110.5	11711.6
38694	1876.3	2063.9	12019.5
20372	1875.9	2107.3	11784.8
5031	1872.2	2108.1	11848.9
30520	1881.7	2152.4	11941.3
20637	1871.0	2130.0	11793.8
31038	1879.8	2163.0	11968.3
3995	1874.9	2082.6	11843.8
16046	1857.9	2105.4	11530.9
28770	1881.6	2119.7	12270.9
188	1864.4	2099.7	11648.7
35357	1874.2	2119.6	11772.3
10359	1882.0	2185.0	12005.9
22628	1866.6	2066.2	11693.2
5059	1881.8	2127.6	11867.1
29282	1877.7	2110.8	12122.6
10150	1877.7	2124.6	11778.9
45069	1872.1	2089.0	11943.0
33399	1877.8	2160.4	12457.2
5174	1874.1	2116.7	11835.4
26948	1860.6	2082.9	11612.6
48638	1864.2	2099.5	11513.8
30142	1868.7	2045.5	11590.5
675	1869.3	2070.8	11885.8
37520	1878.8	2107.8	11831.4
39596	1878.9	2100.3	11899.3
42572	1897.5	2182.5	12486.2
46280	1874.2	2139.3	11872.1
6352	1868.5	2063.7	11512.1
29853	1879.6	2057.3	11729.1
8621	1883.7	2117.4	11959.1
7934	1879.6	2065.5	12008.3
38477	1872.8	2085.4	11717.6
35421	1891.5	2162.9	12418.7
25630	1868.4	2069.6	11652.4
33958	1871.0	2104.0	11923.1
32357	1860.2	2060.2	11666.6
38163	1879.1	2133.6	11888.6
26614	1875.2	2085.7	11840.2
47978	1867.1	2114.9	12196.2
11973	1872.1	2143.9	11800.8
36443	1878.9	2120.4	11851.8
44285	1873.8	2085.7	11761.2
42176	1871.4	2097.2	11507.3
13163	1880.1	2147.9	12125.8
28237	1860.9	2071.7	11635.9
19036	1886.2	2109.3	12112.9
45386	1875.6	2104.3	11962.1
27534	1873.9	2074.0	11729.0
7842	1870.8	2132.8	11877.5
19062	1888.5	2184.7	12158.6
46690	1883.2	2163.0	12025.0
575	1867.6	2100.8	11660.8
6516	1863.8	2153.0	11791.8
11589	1872.2	2075.5	11784.2
36785	1856.6	2058.6	11496.0
27591	1871.0	2064.3	11576.0
39494	1857.3	2041.5	11458.1
49953	1872.4	2102.3	11904.4
49777	1859.6	2086.2	11726.9
14025	1882.9	2164.0	12122.3
21593	1886.6	2181.3	12128.3
35549	1859.1	2080.5	11639.2
49630	1876.1	2117.4	11880.1
9634	1873.7	2114.0	11781.2
45926	1879.5	2153.4	12051.0
32404	1881.9	2095.7	11932.5
4330	1890.4	2175.3	12239.8
3683	1868.2	2128.7	11740.2
23684	1865.8	2099.2	11627.7
9417	1882.9	2144.3	11962.7
11378	1872.7	2151.1	11894.7
261	1872.5	2092.6	11824.6
3463	1884.3	2159.7	12155.3
39015	1896.1	2114.4	12015.9
1324	1881.9	2123.8	11818.4
5230	1890.2	2247.9	12320.4
42552	1872.8	2084.4	11804.6
8904	1873.6	2110.3	11646.2
16649	1855.0	2088.9	11529.4
7141	1868.0	2135.9	11864.6
1374	1862.6	2115.9	11734.1
7278	1875.6	2170.7	11850.7
25912	1883.6	2105.2	11904.0
45300	1880.1	2135.6	12006.5
42271	1879.3	2108.2	12022.8
46618	1874.4	2127.6	11801.4
42835	1877.0	2055.3	11694.6
3895	1860.9	2076.2	11614.2
9954	1884.9	2167.4	12185.9
36118	1882.6	2141.3	12053.0
17479	1889.3	2166.1	12005.7
45034	1876.0	2119.3	11848.6
34254	1874.5	2133.9	12074.0
3824	1872.1	2095.7	11817.1
48750	1859.0	2037.5	11422.2
21484	1868.3	2126.3	11896.4
44528	1875.2	2103.1	11679.8
29582	1870.9	2119.9	11781.2
44130	1893.1	2154.6	12290.2
1887	1878.5	2078.3	11824.6
5516	1871.0	2111.1	11902.2
37075	1861.8	2082.6	11661.2
38729	1873.5	2110.4	12170.6
48135	1866.3	2080.6	11815.3
48072	1867.5	2103.3	11653.2
2087	1889.8	2186.6	12029.3
33893	1886.4	2130.1	11959.5
48727	1872.3	2139.9	11907.5
49674	1877.9	2066.1	11772.8
7579	1862.3	2084.5	11466.9
17662	1870.5	2107.9	12136.3
35573	1878.4	2089.2	11751.1
30873	1864.3	2120.7	11696.0
29657	1866.8	2103.4	11679.6
8807	1878.1	2064.7	11771.4
12275	1867.0	2147.4	11966.1
16660	1874.7	2085.4	11787.8
40931	1866.6	2098.4	11759.2
5706	1859.7	2054.2	11542.9
13777	1873.9	2117.9	11921.1
40417	1876.1	2099.5	11791.1
47518	1889.7	2190.1	12464.0
31817	1871.0	2173.0	11964.6
31510	1879.9	2100.9	11799.0
21722	1872.1	2130.4	12052.6
45126	1879.8	2122.5	12062.5
43605	1882.9	2163.5	11964.2
3588	1867.9	2123.5	11811.8
33169	1872.1	2081.5	11905.0
7973	1873.6	2134.5	11933.8
6018	1871.9	2088.3	11732.3
39670	1872.5	2084.5	11843.4
14606	1871.2	2089.2	11695.9
12898	1863.0	2107.3	11574.4
23112	1880.9	2169.1	12207.3
45691	1870.4	2126.9	11836.3
8274	1876.6	2085.7	11717.3
20744	1879.0	2156.4	12039.9
33728	1867.6	2095.8	11859.2
29692	1879.0	2118.6	11867.7
33878	1896.5	2197.1	12403.9
34171	1876.0	2133.1	11880.6
16781	1878.7	2081.1	11724.3
25692	1890.5	2162.6	12039.9
20221	1884.8	2121.2	11947.9
25944	1865.1	2157.0	11777.2
16910	1883.4	2125.5	12029.9
4438	1872.7	2107.3	11803.6
41719	1866.0	2072.9	11790.2
45049	1887.5	2135.0	12173.0
43753	1862.5	2081.2	11678.9
7411	1885.6	2127.3	12028.6
49322	1863.4	2062.7	11509.9
47883	1873.8	2096.3	11832.4
32124	1874.0	2128.1	12227.2
47623	1878.3	2168.5	11926.5
12658	1879.4	2129.2	11934.4
49253	1877.8	2182.8	12029.4
42434	1878.9	2127.1	11926.0
26540	1868.4	2029.3	11632.0
3220	1858.2	2071.6	11478.9
32218	1871.2	2127.2	11986.2
37541	1883.9	2104.0	12061.6
36385	1882.7	2122.1	11974.0
43452	1868.4	2103.2	11807.0
18633	1853.8	2007.5	11305.0
33961	1879.8	2153.6	11943.2
9488	1875.4	2111.2	11868.8
21569	1885.3	2206.1	12380.3
5666	1885.6	2169.6	12080.3
44063	1870.4	2158.2	11900.5
46023	1872.7	2109.5	11897.4
24069	1870.8	2123.3	11695.5
42591	1877.0	2153.7	12036.4
40051	1877.9	2131.9	11751.7
28487	1872.6	2087.2	11779.5
8140	1858.2	2112.5	11847.6
43699	1872.9	2111.9	11949.2
33685	1880.5	2132.0	12067.4
14682	1883.6	2065.2	11814.5
7608	1868.3	2099.8	11805.8
15792	1885.6	2141.3	12172.4
41870	1878.9	2052.5	11897.2
36915	1884.4	2137.2	12258.6
31961	1863.4	2061.5	11560.4
29409	1865.7	2141.0	11777.8
11124	1887.4	2151.9	12024.5
27833	1885.9	2154.0	12166.7
13259	1870.8	2113.9	11865.4
41304	1870.8	2108.2	11842.5
23151	1878.8	2098.6	11850.3
43024	1870.1	2066.7	11758.3
2080	1868.8	2104.1	11696.2
23770	1872.0	2067.4	11672.1
11392	1881.1	2144.3	12001.9
22161	1876.0	2087.0	11869.0
31463	1886.1	2072.8	12075.2
2505	1889.0	2051.4	11922.1
41194	1880.8	2155.8	12036.8
20998	1866.7	2135.3	11889.8
15597	1889.5	2171.6	12266.6
20633	1867.0	2153.5	12203.9
23931	1878.3	2091.6	11737.0
13408	1876.7	2088.5	11886.3
4555	1888.8	2138.1	12207.5
36351	1871.0	2126.4	11929.4
47210	1880.7	2127.2	11917.4
9128	1863.1	2041.4	11430.4
24558	1877.9	2101.8	11899.9
27769	1859.0	2062.8	11477.3
13550	1862.2	2107.7	11530.7
37146	1894.7	2163.9	12147.2
47318	1872.8	2039.8	11737.7
37169	1871.4	2089.1	11646.4
24240	1895.8	2205.5	12395.6
24261	1869.9	2078.2	11810.6
2901	1879.0	2121.4	11927.3
9051	1869.5	2129.7	11904.6
42952	1868.4	2094.7	11614.2
26320	1883.6	2122.3	11983.5
48241	1861.1	2117.0	11802.3
2027	1879.8	2165.8	12048.6
12782	1873.4	2125.8	12325.3
8102	1873.5	2124.0	11925.9
49913	1887.3	2163.8	12098.9
16899	1890.6	2172.4	12400.1
10012	1873.3	2139.4	11877.6
29433	1868.6	2055.2	11701.3
41977	1882.3	2086.3	11876.1
32708	1866.8	2134.8	12004.6
23874	1870.1	2141.6	11858.1
12167	1878.5	2123.9	11656.9
3289	1873.6	2115.5	11857.4
39162	1872.2	2090.9	11737.1
19782	1876.2	2120.3	11929.8
46166	1888.7	2200.4	12459.4
18435	1882.1	2097.7	11998.7
18075	1879.8	2112.9	11901.7
22832	1869.3	2066.1	11751.4
24692	1875.2	2097.7	11901.0
19986	1874.3	2112.2	11837.6
28306	1875.3	2122.4	11840.0
39478	1876.1	2092.4	11771.1
39224	1886.8	2145.2	11945.8
11865	1870.5	2106.2	11705.6
8888	1883.1	2179.3	12253.1
28131	1874.3	2097.1	11621.8
23820	1870.7	2118.9	11735.2
8974	1885.5	2159.5	12032.2
12952	1872.4	2082.7	11852.9
9280	1871.2	2093.7	11808.8
7020	1881.5	2161.8	12223.1
10398	1871.8	2085.3	11939.1
40841	1873.1	2058.0	11845.2
24639	1871.5	2135.1	11813.6
37316	1857.5	2068.9	11487.7
10477	1877.9	2184.5	12059.2
24921	1879.8	2097.7	11833.5
39634	1889.9	2165.0	12154.5
22759	1888.8	2147.7	12158.7
49641	1879.4	2106.5	11853.8
26968	1875.3	2088.7	11894.6
42877	1867.8	2082.3	11650.8
13535	1858.9	2079.9	11646.0
31	1870.0	2146.5	11801.2
47003	1880.9	2125.8	12060.3
1740	1876.7	2127.6	11970.4
20377	1870.6	2106.9	11772.6
29581	1867.1	2064.9	11590.8
31275	1873.6	2112.9	11867.8
38762	1862.9	2078.5	11578.4
33289	1875.8	2117.9	11851.9
26692	1869.6	2124.6	11927.2
18405	1863.3	2072.1	11656.5
37172	1862.9	2110.4	11814.3
24732	1876.2	2174.4	12054.0
30680	1863.8	2086.6	11592.2
1709	1882.5	2116.5	11762.7
26429	1882.1	2129.6	12358.4
31211	1878.2	2150.0	12049.4
22727	1885.6	2115.5	11883.1
34093	1885.7	2179.8	12040.1
35721	1879.6	2124.8	11924.4
27384	1879.4	2092.2	11864.9
21950	1882.4	2201.5	12397.9
25226	1868.5	2089.0	11807.6
4068	1887.9	2168.8	12223.1
18119	1872.4	2102.8	11860.2
28650	1879.7	2154.4	12094.7
4100	1862.9	2083.6	11794.4
27704	1872.1	2095.6	11732.9
7760	1871.1	2142.3	12052.8
43201	1881.6	2133.2	11965.5
10531	1886.5	2148.7	11991.2
43740	1878.1	2087.5	11858.4
26997	1887.1	2178.0	12123.4
6691	1895.1	2197.0	12434.2
14480	1889.7	2080.4	12092.0
9155	1857.8	2078.4	11580.9
18286	1889.4	2160.7	12114.8
40925	1877.6	2133.1	11845.7
24964	1881.2	2113.2	11921.6
29903	1869.0	2079.0	11685.7
31376	1872.1	2129.1	11908.6
28599	1874.9	2107.0	11970.8
26665	1875.7	2135.3	11842.9
27285	1862.3	2072.4	11739.6
1326	1884.3	2156.5	12154.3
21743	1878.4	2138.9	12027.4
44251	1881.0	2143.8	11964.0
948	1879.8	2141.5	11950.3
43612	1894.4	2157.0	12180.2
2174	1870.1	2113.8	11797.3
18605	1868.8	2076.4	11733.6
23558	1869.4	2147.2	11863.1
15328	1874.0	2086.6	11763.3
38999	1869.0	2124.9	12019.6
39466	1867.3	2129.5	11706.3
41429	1876.5	2123.5	12009.5
6419	1883.2	2140.7	12107.4
32482	1881.2	2121.5	11873.9
49392	1887.2	2117.3	12120.6
47586	1879.5	2109.6	11977.0
47093	1873.5	2079.4	11807.0
28000	1865.5	2097.0	11702.9
15126	1889.7	2132.1	12272.4
23536	1878.1	2127.9	11998.7
41539	1887.4	2128.2	12116.9
3947	1885.2	2159.5	12958.6
3714	1882.0	2088.5	12075.2
40176	1887.7	2116.8	11944.1
49518	1863.6	2101.6	11751.7
14834	1872.9	2125.6	11958.7
42106	1884.7	2151.5	12125.9
26442	1878.5	2113.5	11823.4
19276	1873.5	2161.8	12015.2
38370	1874.8	2125.6	11810.5
33341	1893.6	2114.9	11899.8
1059	1884.7	2157.7	12131.9
10191	1891.8	2150.5	12835.5
19731	1878.3	2063.7	11733.8
39598	1884.6	2120.9	11958.2
31560	1870.9	2076.3	11668.4
43141	1876.6	2112.1	11868.7
8912	1857.5	2076.5	11563.2
41958	1883.3	2145.8	11833.8
774	1884.3	2157.5	12035.4
25133	1867.8	2057.1	11534.6
46249	1875.4	2133.6	11720.1
26984	1873.4	2099.4	12002.3
29094	1869.6	2063.0	11818.2
9166	1892.5	2151.1	12139.1
34860	1870.7	2076.1	11700.2
16120	1892.9	2203.1	12162.1
3880	1881.4	2177.8	12112.9
13635	1876.8	2113.7	11740.8
5735	1879.6	2138.7	12049.4
29397	1886.6	2090.1	12027.4
19813	1867.4	2064.0	11509.3
24664	1883.2	2172.3	11985.7
3441	1873.8	2120.7	11707.4
4138	1863.4	2058.7	11630.1
15317	1872.2	2104.6	11719.4
13407	1870.1	2078.3	11784.1
18380	1876.0	2160.8	11893.1
8190	1862.4	2092.7	11737.3
16562	1854.7	2043.6	11473.7
48476	1877.1	2123.7	12165.2
46096	1876.5	2127.9	11784.8
47493	1863.3	2068.8	11538.2
26813	1879.9	2161.8	11973.1
21935	1879.2	2140.6	11937.7
48906	1867.4	2132.3	11846.5
29318	1885.6	2109.2	12021.7
38987	1861.8	2102.0	11649.0
38287	1875.3	2106.9	11810.8
41087	1866.8	2051.6	11722.8
19653	1881.0	2106.6	12129.3
6720	1874.7	2151.9	11908.0
35930	1863.4	2110.5	11808.1
48900	1886.9	2138.5	12199.2
31428	1869.9	2071.6	11779.8
29392	1880.2	2135.8	11894.4
30855	1873.9	2108.0	11768.7
2985	1877.2	2108.9	11826.0
9938	1896.0	2140.8	12146.9
40642	1866.6	2080.3	11795.9
16343	1865.8	2134.6	11858.5
42731	1879.2	2108.0	11895.0
29191	1879.3	2089.8	11793.5
23988	1869.8	2108.9	11808.9
16627	1880.8	2080.1	11885.3
29934	1876.5	2132.9	11875.2
20052	1865.9	2094.5	11675.7
22354	1880.3	2080.8	11897.6
16971	1879.1	2115.0	11792.2
38244	1870.9	2128.1	11759.0
33267	1877.8	2125.7	11803.3
17769	1893.5	2152.5	12161.4
8966	1865.1	2081.0	11713.5
40978	1880.9	2118.4	11923.2
23507	1874.1	2120.0	11841.2
28275	1889.0	2149.4	12080.5
9474	1866.1	2182.8	11784.9
23942	1865.4	2056.0	11721.9
35770	1881.8	2145.5	12111.0
44114	1881.0	2159.7	12261.1
9118	1866.9	2108.2	11678.6
49676	1870.5	2100.2	11668.6
34374	1880.7	2153.9	12037.1
1173	1874.5	2098.4	11829.4
46543	1875.8	2128.4	12069.5
4368	1870.4	2127.5	11723.5
10868	1865.1	2081.9	11685.0
18105	1878.0	2141.0	11897.2
49270	1872.3	2101.8	11727.3
46266	1869.5	2133.1	11813.0
9605	1876.5	2138.3	11988.8
40237	1876.1	2113.6	11942.5
35831	1877.6	2081.6	11857.8
12129	1875.3	2156.4	12076.9
36939	1884.9	2052.6	11924.7
15756	1877.8	2141.5	12107.5
7362	1876.0	2111.1	11869.3
49194	1875.2	2078.9	11738.8
32380	1875.6	2129.2	11920.9
11882	1891.0	2166.8	12056.1
35687	1875.4	2131.7	11862.9
45553	1868.6	2101.3	11773.0
20430	1883.8	2134.2	12193.1
48657	1880.5	2096.7	11960.8
41174	1872.0	2108.2	11756.7
49128	1882.1	2143.1	12044.9
27250	1871.9	2131.0	12000.0
10389	1882.5	2163.9	12095.3
24155	1875.0	2137.2	12015.6
25137	1866.4	2103.4	11699.8
10168	1873.9	2086.8	11867.0
41518	1875.6	2081.4	11951.9
19173	1880.7	2169.1	12153.6
26780	1862.2	2078.9	11475.6
478	1878.2	2132.7	11865.3
47915	1879.1	2177.8	12092.6
18424	1884.9	2155.5	12292.4
19414	1865.5	2041.4	11579.1
17838	1865.1	2078.9	11782.3
36450	1877.8	2158.9	12182.8
44346	1874.9	2124.0	11824.0
2099	1872.9	2114.7	11899.5
21849	1865.9	2033.1	11687.4
20988	1874.6	2114.8	11872.9
2364	1869.4	2109.9	11699.4
445	1872.4	2084.2	11798.2
31259	1858.1	2071.1	11680.8
39608	1881.5	2127.7	12019.3
7631	1869.4	2138.1	12294.9
38009	1881.0	2143.8	12055.0
12714	1861.2	2064.4	11641.4
9398	1862.1	2075.2	11562.1
42869	1875.1	2070.3	11761.7
30309	1884.3	2132.7	11966.1
14801	1870.5	2140.0	11882.0
32986	1885.4	2130.5	11950.1
44240	1875.7	2070.3	11760.9
34652	1882.7	2180.2	11979.0
36897	1887.7	2122.8	12003.5
22507	1880.2	2146.1	12114.6
48345	1879.1	2091.4	11972.3
29443	1881.0	2123.0	11995.5
62	1889.5	2179.9	12148.5
8973	1882.8	2133.3	11857.8
30237	1861.3	2093.7	11590.5
22783	1884.7	2161.2	11938.9
42058	1867.8	2080.8	11627.1
27063	1881.5	2113.1	11966.4
841	1873.0	2149.4	11807.6
24926	1896.1	2168.7	12199.3
20215	1889.3	2170.6	12090.9
1001	1870.3	2132.9	11848.6
11731	1867.0	2085.7	11747.5
6529	1886.9	2173.3	12400.4
31080	1887.0	2149.8	12153.9
4747	1872.4	2090.9	11798.6
37213	1869.6	2100.9	11595.2
6442	1878.7	2118.0	11833.5
39869	1865.2	2072.2	11667.0
35609	1860.7	2070.2	11532.8
9153	1861.7	2092.3	11581.6
4783	1877.8	2141.8	11787.3
29981	1886.0	2132.2	11949.0
35380	1892.3	2146.4	12107.0
30103	1876.7	2120.4	11849.4
6552	1897.0	2225.1	12352.1
3381	1880.5	2145.2	11989.3
33909	1879.4	2111.0	11935.0
25612	1891.8	2099.8	12125.2
15572	1890.7	2166.4	12093.6
24147	1870.7	2161.5	11950.3
29071	1865.0	2112.7	11845.9
9629	1888.0	2178.3	12325.7
20050	1873.8	2150.9	11862.1
21868	1879.8	2133.9	11900.8
11229	1874.6	2116.4	11850.1
15059	1876.2	2143.1	11954.9
42766	1883.4	2084.3	11747.9
2046	1892.8	2152.4	12180.1
17341	1870.1	2105.4	11766.7
42609	1876.8	2086.5	11793.0
46604	1885.1	2158.4	12649.1
34010	1864.5	2098.4	11709.5
7829	1877.3	2098.4	11856.0
26699	1880.4	2117.5	12020.2
49230	1880.8	2101.3	11729.0
18614	1868.6	2125.0	12044.5
27691	1883.6	2145.9	12057.1
3089	1864.3	2097.1	11643.3
30173	1862.1	2098.9	11612.8
11259	1891.5	2159.1	12301.2
23643	1856.4	2054.3	11477.8
10790	1874.5	2171.5	12247.7
33918	1874.2	2129.6	12076.0
32057	1864.6	2146.0	11904.1
20940	1858.3	2041.5	11649.6
27267	1854.7	2083.8	11638.8
3713	1867.4	2095.9	11617.4
38188	1881.1	2155.4	11994.5
26853	1886.3	2115.0	11995.7
46608	1880.2	2115.3	11962.1
47849	1870.5	2142.8	11666.7
25332	1883.1	2120.1	11860.1
1932	1882.7	2136.9	11937.1
16039	1880.7	2124.9	11920.7
20399	1880.0	2128.4	11981.9
28243	1858.3	2052.9	11472.9
47744	1876.1	2074.1	12036.3
462	1882.4	2143.8	12001.9
44883	1888.9	2143.7	12192.8
13026	1877.8	2159.6	12368.1
27589	1871.0	2086.3	11618.9
15765	1881.6	2182.8	12030.3
27096	1879.8	2161.2	12373.9
23737	1872.8	2141.8	11802.4
32015	1869.9	2125.1	12006.1
47625	1890.6	2142.8	12323.8
