10786	1257.6	1537.9	5133.2
17800	1252.3	1554.8	5224.9
15633	1255.9	1531.1	5183.1
20489	1255.6	1451.5	5111.8
23159	1248.0	1467.2	4960.1
23026	1263.4	1519.4	5193.0
24133	1246.7	1498.2	5055.1
22935	1246.1	1525.7	5294.7
4840	1250.5	1496.0	5078.6
22073	1242.4	1472.7	5029.5
12026	1242.6	1487.4	5068.6
22927	1251.5	1489.6	5110.1
9439	1255.4	1503.9	5156.9
10764	1251.8	1497.5	5084.6
13054	1249.4	1537.1	5076.1
7124	1251.2	1508.8	5069.3
11655	1254.0	1494.8	5083.9
13029	1250.3	1533.4	5131.9
10607	1252.4	1486.4	5157.0
4903	1263.6	1514.8	5154.0
24770	1258.2	1472.5	5028.6
20694	1257.2	1527.5	5191.8
23318	1250.6	1538.2	5158.7
2	1250.1	1511.0	5215.5
4626	1254.1	1473.9	5066.8
13324	1263.8	1500.7	5170.0
22800	1259.4	1498.2	5230.7
18786	1249.4	1520.2	5055.9
11683	1241.9	1460.8	4923.4
3800	1250.2	1500.4	5088.0
6303	1250.8	1503.8	5072.4
3294	1254.8	1508.2	5108.0
22466	1255.3	1495.0	5057.9
6524	1252.8	1495.4	5151.7
10161	1259.9	1539.4	5219.6
9733	1244.2	1452.6	4983.5
8806	1252.4	1546.3	5079.1
19260	1253.9	1510.8	5131.1
22118	1235.0	1420.1	4886.9
14679	1244.1	1468.8	4996.4
6918	1243.5	1494.7	4998.9
23139	1257.0	1540.2	5221.8
13006	1257.0	1476.0	5077.0
10397	1249.2	1484.4	5108.9
24430	1264.4	1505.0	5164.7
5279	1263.6	1531.3	5237.3
20283	1259.8	1469.8	5160.9
4986	1252.6	1516.3	5038.5
9264	1255.1	1487.8	5072.5
21976	1255.4	1528.2	5149.3
21534	1254.9	1544.2	5205.2
2709	1255.4	1481.5	5117.1
14037	1244.0	1488.5	4976.1
13599	1257.8	1454.9	5079.2
9472	1250.0	1451.8	5086.8
11898	1243.0	1527.8	5019.2
3160	1236.7	1433.8	4862.6
13717	1253.2	1499.9	5154.2
4924	1257.7	1508.7	5080.2
18578	1254.1	1455.0	5052.4
15924	1268.1	1525.1	5154.8
7614	1245.0	1481.9	4998.0
22646	1242.9	1448.5	4958.8
14105	1251.8	1477.0	5095.4
7589	1248.7	1496.6	5078.7
2471	1244.7	1428.1	4930.8
15812	1270.0	1521.9	5477.9
4984	1241.6	1494.8	4976.3
12995	1249.8	1508.2	5141.3
4705	1251.4	1518.1	5083.5
17957	1251.6	1561.9	5141.0
15916	1241.4	1497.5	5128.6
10632	1245.7	1505.0	5076.8
11269	1236.5	1490.3	4988.7
17388	1261.1	1537.2	5119.3
19525	1241.4	1424.4	4880.6
10776	1249.8	1536.4	5133.6
7949	1255.3	1523.9	5208.7
14140	1256.1	1455.5	5059.7
17520	1250.7	1491.0	5035.5
21843	1250.6	1521.0	5104.9
9319	1254.4	1505.5	5054.5
14318	1252.5	1502.4	5027.4
7746	1250.8	1529.3	5086.2
777	1248.3	1489.1	5018.2
15693	1254.8	1502.4	5096.2
2397	1254.2	1473.5	5039.7
2056	1249.3	1533.8	5235.9
14866	1244.4	1474.1	5064.9
12919	1247.4	1509.9	5019.6
8747	1247.0	1513.8	4962.7
6328	1244.2	1427.8	4928.0
3036	1269.3	1537.5	5221.4
8341	1247.3	1474.3	5057.9
1522	1246.6	1514.4	5103.2
21687	1254.2	1495.8	5123.3
7647	1253.8	1500.4	5051.6
7798	1251.4	1536.9	5148.2
19825	1249.9	1436.4	5008.5
4076	1255.0	1503.3	5179.3
5027	1249.1	1471.7	4943.1
16023	1253.2	1450.3	4974.7
16012	1248.5	1463.1	5026.0
3193	1252.2	1536.0	5098.4
22922	1241.5	1442.0	4940.1
17163	1266.1	1523.5	5189.6
20402	1260.1	1525.9	5172.6
2197	1256.1	1547.6	5200.0
19222	1240.0	1485.3	5007.2
23602	1260.6	1546.6	5278.1
7205	1253.5	1518.2	5160.6
22619	1265.1	1487.1	5130.7
7992	1245.7	1464.4	4969.5
11223	1245.6	1431.2	4995.1
22333	1246.1	1498.3	5157.4
23623	1248.1	1490.1	5021.4
1022	1248.1	1540.6	5169.8
1136	1248.0	1521.3	5160.7
4140	1250.4	1465.4	5025.6
14445	1242.8	1473.1	4906.2
11588	1258.6	1521.2	5103.0
2942	1259.4	1515.1	5194.0
7484	1254.0	1533.4	5149.0
19410	1256.4	1549.6	5340.7
1566	1262.2	1517.0	5211.6
22176	1255.3	1498.3	5053.9
18710	1245.8	1456.6	4966.0
6943	1247.3	1519.8	5081.1
14257	1252.7	1479.8	5055.2
20538	1240.6	1478.4	5010.6
4964	1245.6	1423.9	4972.5
815	1254.3	1527.3	5055.3
10869	1251.1	1508.1	5108.5
6195	1259.5	1564.6	5239.1
11579	1265.8	1550.0	5237.4
5282	1252.9	1511.9	5191.2
23592	1254.0	1542.0	5326.5
12627	1251.5	1493.1	5064.2
3920	1253.5	1466.2	5059.7
24203	1247.0	1436.8	4953.8
13034	1251.4	1501.4	5102.9
18208	1248.1	1482.7	5090.9
20900	1263.7	1527.8	5100.5
18957	1257.7	1498.0	5068.3
10312	1257.4	1493.5	5015.1
15378	1249.1	1509.2	5092.9
20728	1256.7	1496.8	5132.7
5331	1258.7	1547.2	5210.9
6707	1251.7	1454.7	5002.0
14112	1243.8	1488.9	5112.3
15422	1261.1	1561.7	5388.7
24375	1244.6	1489.4	5032.7
5511	1243.6	1480.6	4948.5
23691	1246.3	1488.2	5124.6
10166	1257.8	1466.6	5127.2
1118	1247.2	1534.2	5148.0
23951	1256.6	1501.9	5045.6
9220	1245.9	1494.1	5083.5
5502	1247.7	1476.7	4938.2
10295	1263.7	1534.6	5255.5
2618	1257.0	1481.8	5143.9
12945	1247.5	1543.5	5145.9
15626	1250.6	1499.7	5147.7
9454	1250.6	1475.9	5119.7
18560	1240.3	1438.2	4907.9
4218	1257.3	1493.2	5098.8
16989	1248.4	1448.4	5025.9
4047	1251.5	1493.2	5114.4
2565	1248.6	1492.0	5024.4
9149	1253.1	1524.0	5100.6
21457	1249.1	1480.1	4995.2
8691	1250.2	1452.0	4990.6
5209	1250.4	1481.0	5048.1
5124	1233.5	1431.7	4866.1
182	1265.6	1499.3	5232.5
22011	1245.5	1458.7	5013.0
4210	1251.6	1502.0	5190.0
8979	1247.8	1420.0	4959.5
6694	1244.9	1501.7	5028.3
7418	1247.4	1508.6	5099.0
376	1249.8	1484.9	4975.9
17026	1247.7	1479.6	5030.4
24240	1271.2	1579.1	5331.2
5657	1234.6	1410.2	4774.6
3677	1252.4	1546.9	5149.2
20670	1247.7	1495.0	5094.7
17504	1261.4	1499.6	5196.8
9465	1242.7	1518.4	4988.0
15581	1250.0	1460.8	4953.7
23017	1238.8	1467.8	4975.7
6747	1242.9	1456.1	4890.4
19096	1251.3	1464.6	5070.9
8117	1261.3	1512.6	5269.5
10922	1240.0	1485.2	5042.4
3157	1248.5	1484.3	4976.5
19094	1251.5	1523.6	5169.1
9460	1250.3	1489.4	5021.2
21294	1248.6	1514.1	5012.1
8905	1251.7	1520.3	5098.4
2578	1244.0	1498.5	5040.0
11016	1248.4	1497.2	5027.6
5906	1259.7	1485.8	5150.6
18360	1249.6	1492.7	4967.9
19671	1252.6	1477.8	4969.7
5261	1240.2	1486.3	5145.4
2866	1243.5	1454.0	4957.0
21873	1254.5	1494.9	5127.0
23642	1252.3	1472.8	5049.8
21229	1247.4	1499.0	5057.1
19434	1254.1	1533.9	5152.5
4445	1241.7	1466.2	5081.6
6886	1252.5	1509.1	5123.3
10820	1243.5	1454.5	4991.0
4576	1239.0	1502.1	5058.3
13010	1254.8	1452.9	5088.3
6173	1241.6	1438.2	4840.2
16000	1256.5	1508.6	5118.0
13082	1245.4	1503.6	4969.9
16738	1247.3	1504.8	5107.1
7512	1260.7	1537.0	5202.9
22708	1272.3	1556.7	5342.7
8101	1242.6	1503.1	4949.1
10142	1251.0	1504.2	5087.5
8452	1249.4	1478.4	4984.2
4897	1247.1	1459.4	4925.1
19506	1247.1	1512.5	5134.5
23234	1242.7	1461.0	4929.2
17822	1253.7	1471.6	5031.4
18303	1254.5	1539.3	5201.0
10419	1247.9	1504.5	5061.0
4313	1250.7	1490.9	5099.7
7098	1249.0	1490.8	5018.2
12884	1251.2	1476.2	4956.1
9592	1257.0	1486.5	5091.8
4918	1249.2	1540.9	5158.9
5148	1245.4	1441.1	4987.8
1324	1253.9	1496.1	5083.5
6350	1258.8	1484.8	5100.9
19030	1248.8	1515.5	5042.0
7317	1261.6	1499.6	5143.7
12912	1246.9	1480.2	5050.9
1424	1246.1	1492.5	5062.8
13475	1256.1	1469.3	4985.0
7786	1264.4	1507.3	5301.1
5445	1252.1	1528.9	5135.6
23334	1263.0	1483.9	5190.0
4354	1250.2	1535.7	5054.6
19170	1257.6	1502.0	5125.8
6892	1249.4	1478.5	5049.8
3069	1245.4	1499.2	4997.4
5579	1256.8	1554.7	5181.8
22523	1250.8	1511.3	5051.4
10957	1261.1	1482.1	5079.3
23486	1248.0	1512.1	5149.4
8650	1266.5	1572.6	5342.8
4801	1250.8	1525.4	5104.8
19416	1256.3	1526.9	5020.1
4755	1258.0	1532.2	5148.9
4612	1250.0	1494.6	5059.9
24455	1240.9	1445.0	4938.7
1659	1244.1	1449.5	4939.3
23703	1257.5	1542.5	5423.4
15384	1256.7	1504.3	5296.9
7324	1253.0	1509.3	5096.9
19689	1264.2	1572.3	5263.6
4449	1255.3	1530.3	5032.1
5137	1255.4	1503.4	5059.7
19389	1249.9	1489.3	5025.4
1553	1252.8	1536.6	5190.6
5503	1246.1	1441.2	4998.1
17935	1250.4	1497.8	5018.7
23202	1254.3	1496.5	5115.7
6911	1252.4	1455.7	5066.7
1661	1244.2	1498.6	4997.4
2030	1256.2	1449.7	5073.9
17750	1246.9	1482.3	5231.5
259	1250.4	1479.6	5001.7
7546	1263.7	1520.2	5074.5
18820	1255.8	1516.3	5126.8
22487	1250.4	1499.8	5057.8
13485	1244.1	1478.9	5007.3
18202	1254.2	1499.4	5178.2
18047	1252.3	1486.1	5037.0
6842	1246.9	1495.9	5049.8
2425	1245.7	1525.8	5058.0
12806	1248.4	1457.9	4961.8
18657	1258.8	1516.7	5140.4
3544	1261.8	1558.2	5216.9
3876	1247.7	1524.2	5083.7
21355	1248.2	1513.1	5162.8
24957	1251.2	1489.7	5103.6
21492	1241.3	1442.5	4943.6
2218	1255.1	1516.2	5042.2
19680	1253.7	1525.6	5087.5
19211	1260.6	1525.1	5171.1
9802	1265.6	1543.8	5168.4
10836	1253.2	1583.0	5099.7
20424	1257.8	1563.4	5327.2
19073	1254.5	1467.9	5021.1
1431	1255.1	1555.2	5168.2
17715	1251.3	1483.8	5025.4
14094	1244.3	1508.6	4984.1
1716	1249.1	1482.5	5014.2
17352	1250.6	1513.9	5132.3
10701	1255.1	1533.5	5053.7
13837	1237.9	1459.1	4943.5
3125	1248.6	1501.6	5077.4
17172	1263.7	1513.3	5187.6
202	1270.6	1532.5	6004.1
24590	1259.1	1474.7	5112.1
23759	1255.3	1533.3	5145.8
11580	1246.2	1508.5	5097.8
12158	1256.8	1471.3	5009.3
8150	1248.2	1456.6	5001.7
18382	1244.9	1473.1	5007.5
7615	1252.4	1541.1	5075.5
12111	1251.2	1503.7	5124.7
4319	1251.4	1552.8	5192.9
21603	1252.9	1516.4	5094.5
22312	1251.2	1490.1	5033.1
21702	1264.2	1529.5	5181.2
5527	1244.8	1533.1	5077.6
12772	1246.3	1452.2	4987.6
17889	1248.6	1430.2	4971.7
15628	1256.3	1492.6	5186.3
18513	1246.1	1482.1	5068.5
14063	1256.6	1496.0	5065.1
1481	1248.5	1488.8	4989.5
7086	1251.7	1470.2	5005.1
21143	1255.8	1493.9	5103.7
17790	1256.4	1517.2	5137.4
13346	1252.1	1536.6	5163.9
13039	1262.8	1500.6	5108.1
6691	1258.5	1568.0	5325.2
10754	1260.0	1494.9	5096.9
6153	1242.8	1493.0	5046.9
10709	1238.6	1488.9	4913.7
13263	1258.4	1551.3	5203.4
14284	1257.7	1522.4	5199.1
13978	1249.9	1500.4	5211.5
23794	1253.7	1518.7	5198.4
9893	1254.3	1541.5	5204.0
24370	1258.1	1538.5	5205.2
20948	1234.6	1453.0	4976.1
9557	1253.6	1511.4	5131.4
22357	1252.3	1503.9	5209.8
1648	1236.8	1430.8	4884.5
9584	1244.3	1476.5	4959.2
1115	1253.4	1507.0	5081.0
22726	1267.1	1549.5	5220.8
23888	1261.1	1496.5	5048.3
2229	1251.5	1508.1	5063.4
22736	1249.2	1513.6	5079.3
17007	1246.1	1472.8	5090.4
24402	1246.1	1478.4	4948.9
19391	1250.2	1536.2	5105.3
14614	1248.0	1496.1	5147.2
17981	1249.2	1495.9	5001.8
4645	1257.4	1502.6	5085.8
24572	1242.3	1462.6	4988.4
7509	1267.7	1478.5	5123.5
3607	1243.1	1483.7	4990.6
8632	1248.8	1507.7	5037.7
1966	1267.4	1535.3	5213.8
4710	1257.6	1511.0	5102.5
4997	1252.1	1512.9	5030.9
6172	1245.7	1447.3	4900.3
23998	1249.9	1509.5	5137.4
13358	1246.2	1473.7	4998.6
14699	1244.8	1499.7	5007.4
7669	1257.3	1473.3	5041.3
21977	1255.4	1527.9	5301.0
18038	1253.0	1495.8	5056.1
6582	1243.4	1452.6	4975.7
2469	1242.1	1473.0	4968.3
3658	1256.6	1493.4	5050.2
24032	1260.6	1504.3	5344.5
7363	1246.7	1430.1	4972.1
23573	1254.4	1518.3	5113.1
5702	1253.6	1482.1	5369.6
7757	1254.6	1518.0	5123.0
4655	1252.8	1532.9	5187.1
11162	1267.0	1553.8	5258.8
2045	1241.8	1478.5	5050.5
6133	1252.9	1476.0	5056.2
18861	1251.2	1475.1	5020.0
8901	1248.5	1474.7	5005.2
3372	1253.2	1524.6	5060.0
2203	1261.0	1479.6	5129.0
9781	1246.9	1521.6	5133.0
2436	1266.3	1510.9	5182.5
14291	1242.8	1490.8	5066.6
9096	1252.5	1566.8	5231.5
16254	1260.9	1501.7	5133.2
4627	1249.3	1539.6	5164.3
4373	1263.8	1534.8	5173.4
13964	1263.9	1558.9	5287.9
14248	1269.4	1577.7	5337.5
15136	1253.1	1530.2	5151.2
12051	1254.2	1502.9	5038.0
3122	1249.7	1534.6	5091.5
5522	1251.9	1484.7	5030.8
19139	1249.8	1501.1	5130.9
18704	1248.5	1541.0	5074.5
7711	1257.2	1491.2	5185.5
9088	1236.8	1493.5	4958.4
1816	1237.5	1452.6	4934.7
14265	1261.3	1524.7	5174.5
6486	1244.9	1501.3	5095.9
4416	1252.6	1533.0	5174.1
981	1253.0	1540.3	5095.6
960	1250.9	1500.7	5003.1
2252	1246.5	1498.4	4963.4
19231	1256.3	1482.6	5263.7
10725	1273.5	1494.0	5186.3
10590	1253.2	1479.3	5083.8
19056	1262.8	1525.3	5230.3
9301	1256.4	1520.3	5213.9
6566	1252.9	1481.7	5133.0
5227	1247.4	1473.2	5019.2
18885	1253.2	1475.4	5079.5
4635	1252.1	1505.6	5040.3
12404	1264.1	1535.2	5272.8
22847	1252.0	1481.0	5034.1
20827	1251.9	1461.4	5013.2
15120	1250.5	1444.3	5120.3
4833	1252.6	1545.8	5206.9
18642	1260.1	1517.3	5305.1
13799	1265.8	1519.2	5067.1
5514	1244.5	1462.0	5034.4
17848	1248.6	1490.3	5099.3
8839	1249.8	1487.7	5018.9
7200	1251.6	1519.3	5172.6
5717	1243.4	1498.8	5074.6
92	1251.4	1545.9	5091.5
12028	1247.2	1478.1	5007.6
23498	1243.3	1471.0	4992.3
18633	1234.7	1409.7	4783.7
21726	1249.9	1486.0	5104.3
22976	1259.0	1526.7	5170.9
1199	1248.7	1471.2	5026.2
200	1255.0	1501.7	5117.9
16185	1253.3	1495.5	5219.0
8121	1253.4	1477.6	5083.3
18067	1259.1	1469.4	5080.0
12858	1251.7	1482.2	5100.7
7251	1261.7	1477.4	5116.6
4916	1235.7	1452.0	5033.0
18888	1251.2	1500.9	5056.7
12241	1261.7	1541.1	5227.9
1101	1262.2	1548.5	5233.3
18204	1250.3	1495.7	5048.2
22802	1257.7	1459.6	5062.4
4324	1254.1	1526.4	5039.5
12478	1249.8	1520.3	5033.7
2294	1247.9	1494.1	5140.4
19399	1253.8	1455.2	5161.2
10322	1255.6	1508.8	5150.3
2723	1241.7	1455.1	4924.7
15350	1248.0	1474.3	5013.0
10455	1253.0	1543.9	5069.3
15607	1246.8	1420.0	4917.3
2212	1262.1	1473.3	5098.1
8181	1245.9	1502.3	5184.7
14484	1254.2	1523.1	5065.2
23	1255.0	1522.0	5203.0
17747	1251.9	1481.7	4984.9
5366	1252.2	1480.3	5077.5
11443	1251.1	1487.0	5040.7
2742	1263.0	1555.1	5217.2
14739	1255.4	1514.1	5144.8
5264	1248.2	1513.3	5087.4
22558	1255.1	1468.1	5119.0
16778	1254.6	1513.2	5207.3
2801	1249.6	1494.9	5094.7
13584	1257.9	1538.9	5110.0
24325	1252.2	1491.0	5136.0
15167	1264.2	1506.4	5301.7
575	1243.6	1474.2	4945.3
278	1246.0	1480.8	5005.0
19848	1253.2	1558.6	5653.1
21322	1246.7	1449.7	4908.9
23158	1243.0	1530.1	5054.6
3388	1263.3	1477.3	5137.8
15025	1251.8	1515.7	5072.9
4513	1254.7	1493.9	5113.4
4173	1243.2	1448.2	4937.9
19295	1248.9	1505.0	5068.2
17782	1262.0	1508.6	5089.6
12935	1247.3	1460.5	4920.1
17058	1248.4	1506.4	5113.7
16266	1251.4	1582.2	5297.1
19140	1259.0	1531.6	5577.2
13423	1237.6	1486.9	4975.9
23999	1258.8	1521.9	5259.8
6176	1252.1	1498.4	5024.3
18289	1252.2	1475.2	5110.0
22171	1244.2	1474.4	4974.6
21127	1254.9	1511.1	5148.4
6767	1250.1	1460.9	4982.9
14228	1237.6	1486.2	5165.6
9674	1261.1	1494.0	5160.9
22716	1255.5	1473.4	5142.6
13881	1259.4	1512.4	5207.6
4136	1248.5	1503.5	5071.2
9689	1261.9	1486.1	5121.9
23362	1249.6	1459.4	4977.8
540	1253.3	1505.0	4993.2
3481	1244.3	1468.7	4930.7
5992	1248.6	1440.4	4936.0
18460	1244.8	1495.3	5312.5
13911	1246.6	1483.0	4942.7
19801	1248.8	1481.6	5092.1
24977	1235.9	1459.9	4904.0
24890	1237.5	1441.8	4848.2
7199	1255.8	1466.5	5056.2
10945	1240.7	1426.4	4953.0
17850	1241.4	1532.7	5042.6
24817	1249.1	1475.5	5008.7
5029	1258.8	1493.4	5251.3
22984	1261.9	1488.5	5122.2
16294	1255.8	1474.4	5111.9
2406	1248.1	1458.5	4993.0
2086	1250.7	1501.0	5138.3
11981	1248.1	1479.1	4970.9
4923	1251.5	1465.8	5049.7
5894	1256.9	1501.0	5239.5
23710	1243.4	1492.8	4988.0
1980	1249.0	1523.2	5057.3
19566	1258.2	1487.2	5060.8
922	1265.5	1539.8	5158.0
2855	1245.0	1492.3	5079.4
21316	1263.2	1545.1	5281.4
4673	1260.9	1479.9	4978.1
8504	1252.0	1485.1	5179.7
3802	1255.1	1522.0	5175.1
950	1244.9	1513.8	5032.9
3871	1257.6	1504.9	5066.2
13087	1247.0	1484.0	4984.1
22676	1256.3	1487.2	5078.0
21177	1254.5	1506.9	5055.3
23327	1258.3	1495.6	5123.3
21456	1260.8	1542.4	5313.1
2200	1247.3	1513.5	5002.7
5197	1261.0	1512.6	5188.6
18135	1253.7	1489.0	5109.4
8919	1256.8	1545.7	5118.5
22544	1255.8	1507.1	5179.3
17214	1253.7	1472.5	5017.4
2168	1255.2	1537.1	5130.2
24382	1236.6	1455.8	4945.3
10901	1243.2	1528.4	5026.3
22295	1258.5	1568.0	5234.4
14905	1254.2	1492.9	5031.2
22098	1246.3	1476.9	5059.5
1213	1242.4	1491.8	5067.6
3008	1247.2	1519.8	5006.6
18610	1248.3	1534.6	5115.9
19428	1256.2	1511.2	5117.3
24078	1243.5	1484.2	5112.5
24047	1249.3	1500.5	5104.8
1315	1241.2	1477.7	4914.2
17038	1256.5	1463.2	5056.9
24371	1244.8	1491.2	5090.7
24838	1247.6	1478.8	5021.0
4032	1257.5	1553.8	5235.4
9016	1253.7	1493.9	5021.9
17869	1253.6	1500.2	5044.9
15546	1257.1	1570.8	5154.5
14946	1249.0	1483.7	5065.2
4641	1249.1	1503.4	5044.7
6355	1262.8	1547.2	5312.9
8523	1260.0	1524.7	5159.1
20518	1252.6	1523.9	5116.4
3110	1241.1	1527.8	5041.9
7099	1265.1	1531.8	5320.4
20264	1261.7	1520.1	5094.0
23773	1253.4	1477.6	4977.8
16015	1245.2	1490.0	5033.2
15863	1260.4	1559.6	5181.0
11027	1246.2	1482.7	5055.2
22592	1255.3	1497.8	5034.6
21840	1255.2	1488.9	5017.2
2068	1250.4	1492.2	5038.5
16684	1249.7	1477.2	5001.4
4235	1253.9	1503.2	5196.7
3270	1250.3	1488.5	5111.0
19896	1255.7	1524.8	5140.0
7513	1265.1	1535.9	5356.0
6670	1242.9	1481.3	5078.7
11716	1257.7	1514.8	5177.4
22871	1257.2	1509.4	5129.6
4387	1249.6	1471.9	5005.9
10547	1241.3	1465.4	4960.1
16961	1241.3	1494.9	5118.2
14968	1249.2	1504.7	5016.3
17036	1254.8	1506.2	5052.1
17181	1262.0	1556.0	5198.3
8591	1264.0	1568.6	5311.4
12993	1251.2	1466.9	4949.5
10291	1236.3	1465.2	4860.8
13118	1262.2	1541.0	5178.1
8656	1256.4	1566.0	5188.0
2497	1240.6	1488.9	4939.8
20910	1252.6	1534.2	5108.0
22555	1249.6	1463.5	5041.8
21914	1243.8	1512.2	5187.4
3967	1254.1	1533.7	5119.2
24665	1246.7	1523.3	5123.9
23954	1262.4	1479.0	5174.2
16172	1255.4	1466.7	5062.0
23826	1258.6	1532.4	5225.8
6560	1248.5	1484.9	5016.2
24631	1247.9	1485.4	4975.4
21264	1250.9	1514.4	5148.6
13416	1254.8	1527.9	5176.0
1902	1258.7	1497.3	5292.2
16220	1250.3	1499.7	5475.8
18848	1253.1	1499.6	5117.9
18277	1255.6	1518.8	5191.8
21767	1247.4	1465.9	4950.9
9513	1246.7	1508.9	5025.1
17081	1266.0	1542.6	5190.9
4999	1256.0	1455.5	5018.7
10964	1253.1	1520.4	5057.5
3113	1251.3	1483.2	5006.7
22069	1250.9	1548.9	5253.0
23036	1243.4	1481.0	4976.5
12199	1252.6	1459.1	5012.8
21342	1248.5	1494.7	5031.9
20089	1244.0	1491.8	4978.0
14381	1259.2	1491.8	5061.5
4337	1248.1	1457.2	5055.5
21890	1252.8	1463.6	5015.3
16947	1250.2	1496.1	5019.7
7568	1249.5	1451.4	4943.0
4077	1245.1	1492.2	5058.5
8116	1246.9	1493.2	5000.2
20987	1259.6	1520.8	5093.5
18542	1248.7	1467.8	5030.5
16097	1264.1	1563.6	5389.7
14838	1265.4	1520.4	5171.3
5814	1251.2	1511.7	5018.1
14061	1249.5	1532.3	5097.1
6869	1249.1	1471.8	5039.9
20709	1252.3	1497.8	5136.3
11751	1248.7	1524.3	5185.0
21557	1250.3	1470.1	5106.3
1354	1248.7	1474.8	5046.6
12057	1250.8	1535.8	5099.2
5950	1251.2	1509.4	5048.5
11264	1240.8	1524.0	5049.6
15854	1257.8	1531.3	5188.5
124	1258.9	1509.3	5090.4
20655	1249.2	1505.8	5071.8
10691	1249.2	1527.2	5093.6
8027	1263.9	1499.0	5157.5
10512	1252.1	1497.5	5083.9
12139	1263.0	1483.1	5125.6
6948	1255.1	1487.6	5168.4
2581	1251.4	1540.9	5088.5
18267	1263.9	1551.8	5254.8
115	1243.4	1494.7	4949.7
4838	1255.8	1507.4	5107.1
12450	1245.2	1501.1	5075.9
14034	1244.6	1490.4	4919.4
7021	1263.5	1546.8	5273.5
18660	1253.7	1516.0	5090.8
23677	1259.7	1508.4	5119.9
18671	1256.5	1489.3	5095.3
12295	1253.1	1512.1	5137.2
12305	1252.7	1450.2	5091.6
1771	1252.7	1508.0	5150.5
4805	1243.0	1427.6	4919.8
21524	1258.4	1504.4	5119.3
13322	1246.2	1425.0	4875.0
24132	1254.4	1495.0	5122.8
1343	1252.2	1487.1	5070.9
6647	1246.6	1494.4	5035.7
4339	1246.1	1449.2	5006.3
290	1252.6	1504.5	5137.2
8678	1250.4	1449.5	4921.5
135	1252.9	1498.4	5069.1
14858	1254.1	1483.6	5011.1
21044	1242.7	1490.4	4987.2
16474	1254.5	1488.0	5147.0
12118	1234.5	1450.3	4948.2
6347	1252.2	1513.0	5081.5
1970	1243.9	1454.7	5037.1
19657	1248.7	1453.1	5011.8
10102	1248.6	1505.7	5092.7
23110	1256.8	1470.5	5106.6
12	1248.2	1469.7	5076.7
9262	1257.0	1529.3	5156.2
11607	1250.2	1488.2	5028.4
12524	1254.8	1514.2	5040.1
10205	1251.3	1499.1	5129.1
14306	1250.5	1471.8	5107.6
19813	1249.0	1437.7	4905.9
19688	1243.3	1411.5	4877.1
6203	1243.7	1480.6	5021.7
4736	1252.8	1518.7	5422.7
14221	1261.6	1577.2	5170.9
12096	1248.2	1503.7	5025.8
4780	1261.3	1500.0	5120.3
6741	1248.9	1499.1	4984.1
4932	1253.1	1499.0	4992.1
3818	1251.4	1503.5	5112.3
5483	1249.0	1527.1	5087.9
20486	1250.0	1488.4	5035.2
12502	1243.8	1501.2	5127.6
18749	1248.3	1498.5	4988.5
5524	1249.4	1453.0	4937.9
12642	1251.6	1497.8	5243.3
19892	1255.7	1480.3	5032.7
11577	1258.1	1514.9	5195.1
24823	1249.6	1448.1	4996.8
13651	1251.4	1523.8	5087.2
21490	1262.5	1561.6	5235.3
7033	1255.8	1518.8	5127.9
3598	1241.0	1447.8	4859.9
23523	1261.3	1502.3	5073.0
1223	1253.0	1606.0	5311.4
10406	1246.2	1542.9	5076.7
14940	1247.8	1430.2	4971.3
15775	1250.6	1507.2	5061.9
19464	1242.4	1478.8	4955.3
16768	1250.7	1501.1	5039.3
13518	1256.6	1503.7	5040.0
9436	1250.8	1526.4	5153.6
18681	1249.4	1485.5	5087.7
12553	1257.2	1505.7	5148.2
15483	1250.0	1500.1	4983.9
555	1252.8	1479.2	5099.4
13390	1244.9	1435.0	4971.5
15745	1256.0	1470.6	4985.5
11567	1254.9	1503.3	5057.3
17165	1250.0	1496.1	5029.3
17967	1252.4	1484.0	5096.6
13862	1257.3	1437.6	5137.2
11186	1251.7	1498.9	5024.6
12799	1247.7	1486.0	5275.4
2380	1262.7	1496.2	5109.7
9300	1236.6	1476.5	4934.2
14486	1257.0	1469.5	5129.2
86	1250.9	1524.4	5160.7
14021	1254.4	1500.7	5113.8
4200	1240.1	1464.3	4932.0
21652	1252.5	1473.7	5131.4
5565	1233.1	1444.8	4849.5
21918	1254.6	1511.9	5047.6
13673	1254.6	1528.1	5127.6
3676	1263.6	1508.7	5181.2
7511	1261.1	1560.3	5152.3
4890	1246.2	1454.1	4990.7
9386	1248.2	1492.7	5026.2
20532	1241.2	1466.8	5050.3
12674	1255.7	1489.8	5148.4
15106	1245.4	1511.9	5042.2
15831	1249.8	1506.1	4986.1
14464	1248.1	1440.8	4993.5
13512	1243.3	1428.2	4874.6
13818	1244.6	1481.9	4963.9
1040	1253.0	1493.7	5090.3
11090	1262.1	1519.6	5187.2
22170	1260.6	1493.0	5118.3
855	1246.8	1445.2	4948.1
21855	1266.6	1492.6	5147.6
1460	1251.0	1533.6	5098.9
9547	1256.1	1484.3	5050.9
11986	1253.6	1519.5	5236.6
7935	1247.1	1453.1	4926.8
19585	1255.9	1549.5	5077.4
19815	1266.9	1563.4	5345.8
20782	1247.0	1466.3	5001.6
3552	1255.3	1534.5	5184.8
16379	1260.4	1547.7	5167.0
24701	1269.6	1524.7	5360.5
23812	1252.8	1525.0	5166.8
23569	1257.0	1480.5	5124.0
14174	1248.8	1453.5	5000.1
7840	1260.0	1505.2	5089.6
11978	1247.4	1469.7	4918.0
20836	1258.2	1557.9	5167.0
2340	1246.3	1486.9	4985.9
2226	1249.5	1476.8	5164.4
20166	1258.3	1487.3	5106.0
24763	1234.5	1387.2	4831.8
7698	1254.8	1492.4	5014.9
21116	1244.2	1492.7	5052.9
13410	1257.8	1467.8	5050.5
9885	1251.9	1491.5	5065.0
19278	1256.0	1566.8	5213.5
16804	1250.8	1484.6	5048.0
924	1266.1	1483.6	5263.3
5417	1254.0	1502.4	5163.3
10110	1253.0	1507.8	5149.0
19883	1265.8	1550.8	5230.4
15929	1255.0	1540.8	5199.7
21626	1263.0	1539.5	5232.4
4790	1237.1	1460.6	4982.6
684	1263.5	1569.4	5205.4
20784	1242.4	1436.4	5001.4
12769	1261.9	1492.6	5119.7
23155	1247.1	1472.5	5025.7
13680	1249.8	1524.0	5167.7
14718	1257.9	1446.9	4965.0
234	1253.2	1479.8	5077.4
17554	1245.8	1505.6	5073.7
8338	1267.8	1548.7	5213.3
2320	1242.8	1478.8	4905.7
7117	1260.0	1542.5	5164.5
3233	1256.2	1522.1	5229.1
14868	1259.5	1525.6	5156.6
10156	1248.1	1507.1	5126.6
12542	1255.8	1547.0	5155.1
2107	1246.0	1480.6	4989.6
2449	1239.7	1462.0	4891.7
7947	1247.8	1523.4	5695.1
7008	1261.5	1542.5	5302.6
9453	1257.7	1480.2	5127.2
4444	1250.1	1450.0	5027.3
8560	1243.1	1439.1	5060.3
24251	1245.1	1439.6	4969.8
23081	1248.6	1479.3	5131.4
23767	1259.0	1458.7	5015.6
13601	1253.6	1524.6	5051.6
11203	1260.5	1520.5	5241.1
24462	1257.8	1518.0	5121.8
14833	1257.7	1510.5	5067.0
19586	1254.5	1493.0	5114.9
19242	1254.7	1508.4	5114.6
20618	1248.6	1456.0	4948.0
10084	1263.8	1502.4	5339.8
3727	1253.6	1471.0	5065.1
18084	1248.8	1541.7	5061.8
24459	1252.2	1427.1	4940.4
15872	1239.6	1470.7	5122.5
14872	1246.2	1494.0	5094.1
15590	1253.5	1486.5	5082.8
1894	1241.8	1439.2	4891.8
5312	1248.1	1469.8	4921.8
20401	1240.8	1467.4	4956.2
8460	1261.7	1537.5	5178.5
21428	1251.0	1507.7	5079.0
14774	1255.9	1497.0	5086.7
12218	1251.5	1454.8	4978.9
8601	1267.7	1513.1	5210.6
15140	1268.4	1535.8	5164.1
10284	1252.2	1488.3	5067.7
11416	1248.9	1451.2	4960.5
8771	1257.7	1505.9	5099.2
19224	1260.7	1498.8	5116.1
473	1246.5	1478.1	4984.5
9164	1251.4	1484.8	5018.7
8	1252.0	1474.8	5064.0
20567	1241.9	1449.2	4848.6
11984	1256.5	1528.1	5208.3
14327	1243.7	1465.8	4960.1
5091	1237.8	1489.9	5035.3
628	1250.7	1516.8	5187.8
18009	1239.1	1429.1	4904.5
22108	1239.5	1492.8	5092.4
807	1253.4	1503.2	5067.4
24841	1250.1	1495.4	5061.8
17324	1252.6	1495.2	5048.0
1017	1245.6	1472.3	4972.5
23302	1257.6	1488.8	5105.6
2587	1266.0	1552.2	5245.6
5780	1245.9	1483.3	5093.7
9335	1247.1	1520.5	5125.9
24641	1256.0	1489.2	5079.8
23166	1248.2	1506.5	5032.2
5161	1246.3	1463.7	5070.8
20205	1257.9	1521.1	5318.1
18042	1252.1	1534.0	5082.5
6402	1262.5	1493.9	5377.3
18586	1250.8	1450.9	4958.7
8184	1253.3	1513.3	5075.2
4062	1247.4	1507.2	4998.5
24604	1247.4	1475.8	4945.6
16348	1250.7	1502.7	5215.1
6283	1239.6	1442.5	4903.1
17972	1248.0	1488.9	5108.8
22816	1248.3	1489.3	5052.2
10481	1252.0	1459.9	5013.9
24341	1246.3	1439.4	4962.2
20667	1250.6	1490.6	5041.0
359	1258.3	1581.2	5221.7
13831	1251.6	1531.4	5162.1
5553	1255.2	1509.6	5124.1
12312	1254.3	1581.7	5194.8
12794	1249.3	1492.5	5038.9
5446	1261.2	1534.5	5244.6
783	1245.1	1477.2	5004.4
9867	1246.9	1504.7	5064.6
826	1261.3	1532.3	5215.9
13376	1253.0	1521.6	5149.9
23976	1255.4	1468.7	5045.4
9501	1243.3	1482.8	5018.3
9987	1248.0	1482.5	5063.9
9214	1250.4	1442.7	5013.1
18349	1256.1	1515.8	5084.7
22225	1253.3	1515.6	5219.5
1490	1245.5	1489.0	5000.0
11184	1256.3	1509.4	5085.7
10761	1261.1	1537.7	5169.4
1622	1252.2	1492.5	5068.6
12974	1251.9	1529.0	5096.7
15803	1243.5	1499.5	5240.3
19900	1252.8	1560.2	5210.0
4208	1246.9	1505.0	5053.6
19116	1263.7	1528.7	5282.7
6704	1250.0	1487.9	5021.5
5077	1247.8	1471.8	4982.2
21501	1256.1	1473.9	5027.1
15338	1262.2	1507.0	5147.4
7729	1245.7	1454.9	4972.1
16652	1247.9	1474.7	4982.7
22174	1257.7	1512.4	5036.7
17470	1261.6	1555.6	5249.2
18571	1259.8	1499.9	5115.0
11512	1257.1	1490.8	5078.8
24188	1261.1	1536.9	5295.4
14915	1260.5	1516.8	5112.4
22688	1257.3	1506.6	5070.6
4873	1260.7	1509.6	5207.6
15305	1249.7	1473.5	5035.4
11649	1253.0	1488.6	5038.9
21104	1258.5	1506.7	5187.8
13749	1255.6	1486.9	5094.5
5349	1245.8	1507.6	5119.7
12701	1258.8	1449.0	5046.1
10390	1257.4	1531.6	5129.2
967	1242.2	1509.5	5117.0
6230	1267.1	1505.3	5212.7
3679	1249.2	1481.6	5117.1
15721	1255.0	1572.6	5224.9
2806	1257.3	1469.6	5072.1
18728	1257.4	1526.1	5092.8
3638	1242.1	1477.2	4914.6
20031	1256.9	1532.5	5153.0
17942	1244.8	1503.0	4973.5
4969	1240.4	1475.6	5024.2
2827	1254.0	1519.1	5071.3
15183	1257.7	1518.5	5161.0
17831	1250.1	1459.1	4938.1
15243	1250.6	1478.5	5115.7
3696	1251.0	1514.8	5035.2
2141	1248.8	1501.5	5096.8
17110	1244.9	1453.4	4959.3
13042	1265.1	1462.3	5096.0
8120	1253.3	1529.5	5081.4
12324	1243.7	1494.0	5026.3
470	1248.3	1503.0	4968.8
5207	1252.6	1530.8	5134.9
10317	1249.1	1530.7	5191.0
11208	1242.7	1494.3	5025.3
5993	1252.7	1557.9	5156.6
7871	1259.6	1472.0	5081.4
21454	1259.8	1511.3	5161.8
1493	1253.1	1495.3	5022.4
8991	1236.2	1477.8	4911.0
21377	1249.4	1443.3	4980.4
23335	1256.5	1543.3	5136.2
17162	1232.1	1485.3	5020.8
4330	1266.3	1544.2	5277.2
13579	1252.2	1511.6	5174.9
24622	1267.2	1488.7	5178.8
9617	1245.1	1432.3	5005.3
14066	1252.8	1524.1	5144.7
2009	1250.2	1469.1	5022.8
15283	1252.0	1470.9	4999.4
6014	1261.2	1502.4	5127.0
12083	1250.9	1467.4	5016.3
5785	1248.0	1455.5	4976.0
17119	1255.2	1499.8	5141.7
16207	1246.0	1459.3	5101.1
10760	1245.8	1515.1	5034.5
13860	1239.2	1494.9	4981.9
2319	1248.3	1505.5	5019.8
19212	1254.9	1504.4	5189.4
13658	1261.2	1541.1	5190.3
23338	1246.8	1504.8	5046.2
23946	1241.3	1417.2	4918.3
12914	1256.3	1495.5	5082.9
1449	1253.6	1509.3	5158.2
8361	1247.9	1477.1	5043.9
10498	1242.7	1496.4	4967.8
14341	1251.4	1510.1	5134.9
23895	1249.1	1501.3	5119.8
2462	1258.0	1503.5	5104.8
22493	1257.2	1492.6	5177.1
6887	1255.6	1496.6	5071.5
14022	1245.0	1441.7	4902.7
8230	1241.4	1437.7	4883.1
13780	1249.4	1506.5	5119.3
12135	1249.3	1435.5	5015.7
16190	1251.2	1521.9	5166.2
23837	1268.0	1557.2	5195.6
