31654	2163.1	2361.9	16811.3
20309	2154.9	2462.3	17069.4
17312	2149.9	2383.5	16941.0
63503	2158.5	2381.0	16881.2
67970	2144.1	2364.4	16647.4
46920	2165.3	2430.3	17324.8
39110	2128.6	2301.0	16247.3
47165	2146.3	2400.8	16751.3
30787	2162.9	2354.7	16703.9
62498	2152.8	2399.6	16749.1
1547	2138.3	2386.4	16629.2
20548	2128.9	2373.7	16380.9
62746	2150.8	2399.3	16768.6
31116	2153.7	2402.6	16889.3
65003	2142.5	2351.0	16632.3
18695	2143.2	2364.4	16516.7
45149	2141.7	2390.0	16733.3
72555	2179.2	2427.0	17299.0
67575	2130.2	2356.1	16227.1
56725	2160.4	2380.3	16968.0
71035	2145.4	2348.3	16600.3
41223	2136.8	2381.8	16458.4
15584	2155.3	2418.5	16837.1
73672	2133.0	2366.4	16492.5
46707	2136.8	2357.7	16754.3
62777	2161.0	2413.1	17083.6
45445	2140.7	2351.8	16660.2
64365	2150.5	2392.6	16709.0
30496	2149.1	2373.5	16871.8
60814	2152.0	2397.6	16881.3
16313	2143.4	2424.6	16801.7
5202	2152.7	2476.6	17104.7
72222	2166.2	2390.2	17098.8
36870	2158.8	2376.9	16965.8
14432	2150.8	2389.5	16802.3
61988	2145.1	2375.2	16551.2
45350	2172.2	2458.8	17245.6
9361	2156.4	2480.9	17091.5
38395	2162.6	2427.1	17020.1
31862	2135.4	2342.6	16544.0
40069	2149.4	2403.9	16822.9
28224	2157.2	2390.8	16879.6
70825	2155.1	2352.7	16739.4
796	2153.3	2398.4	17131.8
57104	2153.0	2365.4	16918.9
50564	2149.2	2412.2	17154.6
28646	2154.8	2398.0	16789.2
15359	2142.0	2411.0	16712.0
24222	2134.2	2329.6	16212.5
52634	2166.2	2404.1	17212.4
8114	2158.9	2428.5	16860.2
48946	2145.5	2410.2	16748.4
54447	2146.8	2358.6	16685.4
39552	2154.1	2432.4	17199.7
13082	2150.9	2377.7	16888.3
67494	2147.3	2368.3	16661.5
19323	2148.4	2400.1	16815.7
51260	2158.0	2388.0	16956.7
68976	2148.2	2330.0	16580.6
26275	2148.3	2410.7	16656.8
68579	2155.6	2406.5	16808.9
3202	2137.6	2361.9	16426.9
67435	2164.7	2395.5	17048.1
54964	2146.8	2380.1	16911.9
42545	2150.6	2360.1	16789.0
65472	2149.7	2327.5	16492.5
39708	2153.4	2386.1	16988.1
24724	2159.7	2437.1	16905.7
57118	2167.2	2443.1	17383.7
53357	2151.3	2399.7	16786.1
66426	2149.7	2377.0	16946.5
14702	2145.3	2382.3	16702.6
55361	2165.1	2388.9	17477.0
50700	2159.7	2392.4	16979.6
39045	2134.9	2340.5	16320.3
69438	2155.0	2393.4	16938.8
67558	2149.9	2356.6	16873.9
33287	2135.7	2399.9	16463.9
28249	2142.8	2339.4	16380.0
38052	2154.5	2428.1	16797.1
16342	2162.8	2464.2	17248.2
23974	2163.5	2437.4	17258.8
72402	2152.2	2424.7	16950.0
48292	2133.7	2377.2	16624.8
10484	2138.3	2349.8	16533.8
8237	2146.5	2447.8	16836.0
47134	2148.4	2414.6	16597.0
41157	2163.3	2451.8	17277.4
16100	2161.1	2390.5	16947.7
53484	2153.9	2390.0	16740.2
33117	2149.6	2411.7	16841.8
34878	2138.4	2366.6	16528.8
13726	2147.2	2384.8	16622.3
40953	2169.1	2406.4	17240.9
6577	2140.6	2391.6	16587.2
36158	2126.0	2291.3	16194.1
13347	2144.4	2388.8	16876.6
33477	2160.6	2418.4	17041.5
52371	2162.2	2393.3	16943.7
52962	2149.3	2373.0	16624.8
65069	2173.3	2420.2	17443.4
57307	2161.5	2435.1	17068.0
3751	2141.4	2402.9	16858.7
55092	2146.1	2433.1	16936.1
42098	2152.5	2444.9	16940.9
63955	2150.7	2435.5	16821.0
65897	2141.0	2324.7	16411.4
40575	2168.0	2436.2	17080.7
71772	2151.2	2359.1	16584.5
61855	2154.3	2379.7	16937.1
34616	2149.4	2346.4	16675.6
16737	2143.3	2358.3	16840.5
37347	2147.9	2388.7	16779.7
22752	2154.0	2394.7	18187.0
32959	2173.0	2423.2	17343.3
1279	2137.6	2377.0	16552.2
56549	2145.2	2381.4	16879.8
71120	2141.0	2339.5	16437.5
53735	2154.5	2352.6	16850.5
21538	2139.2	2368.6	16580.8
22708	2173.0	2446.7	17368.0
49141	2148.0	2334.6	16576.3
47572	2139.5	2382.1	16602.6
24590	2174.1	2459.4	17501.7
2684	2162.4	2348.1	16952.5
36159	2160.1	2407.2	16874.6
31104	2167.4	2373.8	16973.7
26933	2159.7	2461.0	17343.6
43896	2161.6	2383.7	17210.8
69526	2136.5	2389.7	16460.3
47761	2166.9	2417.9	17336.4
17441	2159.5	2437.6	18527.1
61866	2149.4	2414.7	16814.7
21280	2176.4	2445.4	17464.1
59000	2152.2	2385.8	16677.4
29987	2162.9	2401.3	17027.9
61951	2150.5	2370.4	16929.0
47821	2167.0	2398.9	17453.0
6818	2155.6	2400.8	16883.9
65620	2143.9	2383.9	17041.9
13916	2168.7	2365.8	17085.2
44560	2135.5	2366.4	16640.5
40133	2146.5	2390.8	16839.9
1609	2141.7	2377.8	16383.2
43425	2161.6	2395.1	17117.6
5664	2151.8	2440.0	17027.9
71499	2159.8	2456.3	17363.9
3083	2159.1	2405.2	17176.6
69971	2149.3	2359.2	16919.2
6509	2168.9	2406.9	17317.7
73149	2134.9	2382.1	16405.6
56444	2139.1	2363.0	16611.0
40175	2142.8	2392.6	16835.3
52253	2148.6	2369.2	16713.0
48586	2142.3	2388.7	16803.6
15352	2165.3	2478.4	17238.6
9944	2160.6	2436.2	17068.2
64402	2148.9	2409.6	17001.5
70437	2139.0	2355.9	16399.8
32928	2139.9	2318.1	16283.7
54432	2178.6	2474.3	18014.6
56609	2163.2	2411.9	17216.1
19745	2134.2	2387.6	16771.1
29530	2157.8	2436.5	16909.1
70051	2142.9	2322.9	16596.0
7012	2145.3	2332.7	16474.2
32889	2167.0	2448.3	17256.0
67718	2154.7	2372.2	17152.6
60765	2156.9	2392.1	16977.0
40048	2149.7	2395.1	16705.1
38355	2153.9	2377.5	16720.3
20499	2145.2	2373.4	16676.4
15927	2133.0	2339.6	16418.1
39551	2146.1	2337.8	16573.8
61	2145.6	2393.5	16770.1
36460	2155.9	2345.3	16804.8
6145	2162.9	2427.2	17025.9
51212	2144.6	2404.3	16839.4
41825	2146.8	2383.2	16730.4
3306	2148.1	2405.0	16853.0
49360	2166.3	2396.8	17305.6
48961	2141.5	2344.7	16439.4
18080	2147.6	2402.7	16968.4
22437	2144.4	2395.7	16810.4
48886	2143.6	2379.9	16865.8
9282	2145.1	2399.9	16751.0
69574	2148.2	2378.2	16769.1
7828	2139.1	2372.0	16460.4
1509	2147.1	2404.7	17082.3
13588	2134.7	2366.1	16493.1
38061	2151.2	2389.1	17002.1
70776	2147.1	2384.0	16879.1
14367	2141.4	2379.9	16412.2
14585	2154.3	2393.3	16831.1
14266	2144.5	2425.1	17432.2
239	2168.4	2425.2	17244.0
25713	2153.4	2401.2	16753.0
68472	2136.8	2375.5	16739.0
16147	2153.8	2362.9	16672.7
7112	2151.7	2385.4	16792.1
18345	2160.6	2419.3	17378.3
59596	2137.5	2376.9	16592.6
69582	2146.4	2405.4	16772.0
25728	2139.5	2319.3	16363.5
56086	2147.6	2369.9	16689.6
12089	2159.4	2382.4	16811.6
66500	2145.5	2354.6	16521.7
55712	2158.7	2372.1	16715.8
8917	2157.3	2423.8	17060.8
37600	2169.1	2475.3	17474.0
47401	2151.5	2392.0	17067.9
52795	2160.9	2377.1	17067.0
16663	2157.3	2369.4	16794.8
733	2150.4	2401.6	16899.1
21835	2161.7	2432.9	17293.0
29991	2166.2	2418.7	16962.1
59613	2149.6	2367.2	16768.4
26033	2151.9	2324.7	16915.0
42428	2143.6	2332.9	16622.3
15799	2154.3	2388.4	16899.6
19197	2154.6	2326.6	16466.5
55744	2160.5	2413.9	16875.6
63240	2147.7	2314.7	16588.3
58287	2157.4	2423.2	17017.0
38097	2161.8	2407.3	17092.5
21947	2141.4	2371.9	16684.2
19246	2145.3	2430.2	16927.6
35836	2161.0	2445.0	16913.1
24126	2134.4	2333.6	16450.5
60522	2136.6	2358.5	16812.6
12607	2153.1	2371.8	17037.5
5696	2137.9	2426.3	17121.9
34235	2153.3	2357.7	16705.5
8945	2144.5	2391.1	16783.0
61996	2143.8	2358.0	16439.3
43509	2149.3	2380.5	16771.5
2089	2166.7	2442.1	17288.3
55277	2149.2	2396.2	16979.6
73237	2141.8	2308.2	16301.0
63138	2170.8	2389.8	17166.4
39162	2172.4	2421.8	17235.0
46978	2148.4	2376.8	16654.9
73423	2150.7	2322.0	16850.3
55306	2165.8	2484.9	17364.3
27035	2157.0	2400.5	16973.2
65705	2163.3	2428.7	17310.6
29132	2143.1	2385.7	16799.9
63942	2137.4	2365.2	16546.7
152	2150.9	2453.7	16885.9
71958	2146.2	2385.9	17036.1
1308	2152.7	2410.2	16962.1
70161	2154.9	2387.5	16938.7
3782	2154.4	2387.7	16718.3
35132	2147.2	2397.8	16688.3
62508	2154.3	2375.3	16902.2
45598	2146.6	2402.9	16665.6
66882	2164.7	2385.7	17089.6
34177	2146.0	2392.3	16649.9
20536	2166.4	2418.2	16986.2
59496	2161.8	2422.1	17051.2
58547	2159.7	2392.5	17090.4
20283	2177.1	2460.6	17485.3
64666	2146.2	2357.7	16584.6
49269	2153.7	2375.2	16810.2
48273	2142.5	2342.8	16656.0
38243	2135.9	2331.9	16356.0
22445	2153.3	2369.6	16717.6
6998	2137.0	2403.1	16415.6
12479	2143.0	2366.2	16549.0
45566	2149.3	2382.1	16799.5
6859	2154.6	2408.3	16856.9
60763	2156.6	2424.8	17254.3
4415	2152.9	2396.2	16823.6
67204	2157.2	2409.9	16952.9
52089	2145.8	2340.2	16603.1
55080	2170.8	2440.4	17730.7
56894	2157.6	2405.9	17047.5
43716	2154.1	2376.2	16771.0
53862	2161.2	2423.2	17031.5
24730	2145.2	2384.0	16706.5
40130	2176.3	2424.8	17366.5
37965	2158.7	2408.9	17344.3
11832	2160.3	2425.7	16885.9
51992	2149.9	2405.2	16910.4
46672	2153.4	2389.1	16853.7
48075	2147.3	2378.8	16798.1
32722	2158.2	2450.3	17354.2
14661	2155.2	2469.9	16976.6
72101	2158.6	2416.9	17335.2
46240	2144.2	2374.1	16666.5
3533	2152.4	2383.5	16980.1
6558	2172.0	2507.0	17416.5
31831	2149.5	2354.3	16669.4
17276	2157.3	2439.3	16965.4
14703	2150.0	2405.2	17004.5
63484	2139.7	2340.2	16555.0
34427	2174.7	2445.7	17370.9
52786	2145.4	2396.6	16867.9
2548	2159.8	2438.2	16939.4
65489	2159.9	2456.0	17132.4
7232	2147.8	2378.9	16747.6
2758	2167.2	2458.3	17228.2
47907	2146.9	2376.5	16513.2
65809	2166.9	2457.9	17294.4
21627	2139.0	2359.4	16787.0
48225	2148.6	2386.7	16719.0
63120	2155.3	2371.2	16975.0
20739	2156.1	2418.1	17064.8
9844	2156.0	2386.6	17029.8
38232	2150.4	2308.2	16417.5
41735	2151.9	2395.2	16901.8
58551	2142.3	2375.7	16794.3
53400	2169.6	2484.3	17273.0
49715	2161.9	2430.5	17511.6
57918	2152.2	2383.7	16819.4
13242	2152.5	2366.1	16745.7
56021	2142.9	2346.6	16716.2
29577	2149.7	2310.6	16621.1
53458	2141.1	2360.5	16513.8
44149	2158.7	2380.2	17116.2
71071	2148.4	2423.8	17276.6
10573	2145.6	2332.2	16652.2
57975	2154.5	2402.3	16976.3
20471	2140.1	2380.0	16555.4
49295	2138.8	2304.7	16356.5
57886	2155.0	2385.4	16945.0
68202	2165.0	2429.5	17077.9
45693	2157.5	2438.1	17099.9
23537	2153.5	2397.6	16634.9
2474	2149.8	2440.0	17287.0
13566	2157.9	2383.8	16877.7
36487	2141.0	2338.5	16387.9
16096	2153.3	2401.5	16951.8
73673	2141.4	2421.5	16732.6
5563	2152.8	2413.1	16768.3
14189	2162.0	2439.7	17328.2
11485	2147.3	2386.8	16719.2
14944	2164.3	2459.8	17252.9
25616	2173.5	2439.2	17446.6
29392	2137.9	2349.6	16546.7
19402	2134.4	2360.3	16476.3
43136	2157.9	2407.2	16904.3
18961	2166.5	2467.1	17258.9
46656	2144.4	2373.2	16639.7
74820	2148.8	2359.5	16872.2
72518	2156.8	2386.7	16980.6
63560	2159.9	2417.3	16806.6
69240	2164.0	2366.5	16730.4
57793	2173.5	2426.8	17046.1
69629	2146.2	2377.1	16535.8
64599	2145.6	2383.8	16967.2
43621	2134.4	2321.1	16314.0
69315	2154.9	2428.6	17198.1
57963	2155.8	2346.6	16757.8
45789	2165.3	2363.7	17038.1
27659	2164.1	2413.7	17532.2
23736	2173.6	2449.6	17396.4
12196	2149.2	2372.5	16695.8
43261	2147.3	2388.3	17256.4
72582	2171.5	2396.3	17121.2
53190	2157.8	2382.1	16926.9
51840	2171.2	2387.7	17093.8
39403	2150.8	2394.3	16866.0
50330	2163.2	2454.2	17343.2
8702	2173.8	2424.7	17180.1
47173	2165.1	2526.1	17726.4
57883	2157.4	2406.5	17267.3
54972	2163.3	2416.4	17159.4
37043	2147.1	2359.9	16948.4
24681	2148.1	2387.0	16667.7
6657	2146.4	2371.8	16802.6
60037	2142.1	2397.4	17305.6
25656	2147.1	2383.2	16819.9
19533	2151.0	2402.4	16967.7
39047	2161.0	2473.6	17380.3
32501	2165.8	2434.9	17448.3
55087	2165.9	2459.8	17448.4
51428	2152.3	2370.6	16796.6
36532	2136.3	2322.8	16409.7
40545	2138.6	2317.9	16548.2
13247	2144.1	2359.1	16730.7
57567	2135.7	2385.9	16374.3
20153	2142.5	2370.1	16568.3
65056	2174.3	2455.7	17375.3
57566	2150.7	2321.0	16514.8
13307	2158.6	2402.4	16804.7
22435	2146.2	2343.1	16590.2
63030	2153.1	2349.1	16848.0
54861	2165.0	2438.5	17188.0
29457	2126.6	2299.3	16174.3
65951	2135.9	2341.6	16510.2
65891	2147.6	2386.0	16698.4
4277	2145.4	2345.1	16481.8
7818	2139.6	2395.3	16734.7
65975	2141.9	2397.1	16919.7
21106	2141.2	2344.6	16371.9
69581	2171.8	2402.7	17065.8
32711	2159.5	2422.6	17260.4
34749	2153.5	2376.2	16963.2
47481	2156.2	2415.4	17073.9
55389	2153.1	2370.1	16734.2
61127	2164.4	2413.4	17305.1
13964	2156.7	2437.8	17072.2
50538	2151.6	2428.3	16821.0
12131	2140.1	2409.1	16894.9
30151	2156.6	2423.9	16951.6
15853	2152.0	2413.2	16819.1
2898	2152.5	2333.7	16578.2
45879	2158.1	2423.9	16994.4
50881	2154.0	2352.6	16873.6
56261	2146.1	2372.6	16767.0
2241	2157.6	2379.6	17008.8
62309	2154.2	2342.1	16962.9
70118	2154.6	2430.9	17426.8
74879	2148.0	2379.1	16947.4
17132	2154.1	2453.7	17200.2
50525	2162.9	2411.4	16950.2
49851	2162.3	2360.5	17077.7
18786	2135.8	2314.8	16394.8
21568	2151.4	2391.2	17027.3
34534	2159.3	2442.9	17250.5
47752	2133.7	2381.1	16425.4
45782	2147.5	2368.1	16564.0
67288	2148.2	2331.5	16602.3
33529	2143.6	2322.7	16649.6
61156	2137.0	2367.2	16559.0
74875	2140.1	2336.4	16458.6
37605	2161.1	2431.5	17147.7
45987	2157.6	2359.6	16796.6
66051	2143.7	2356.5	16607.0
61395	2174.7	2429.2	17386.2
60073	2145.0	2356.4	16572.0
38819	2158.7	2394.7	17236.0
24474	2161.5	2403.8	17557.8
63324	2139.3	2322.2	16462.0
19192	2150.9	2380.3	16804.6
69576	2145.8	2421.2	16829.7
14652	2155.5	2349.2	16789.7
17035	2155.6	2393.1	16847.6
71097	2146.4	2364.3	16705.2
20753	2152.7	2406.1	16842.3
50791	2153.4	2359.6	16788.0
57766	2148.3	2394.7	17128.9
30180	2156.3	2419.1	16830.3
13897	2156.0	2426.8	16667.2
65167	2151.6	2387.1	16633.4
22208	2165.0	2390.9	17178.3
57903	2155.0	2448.8	17009.9
7927	2152.7	2409.3	16768.3
58457	2141.7	2417.9	16829.6
2605	2171.8	2438.3	17199.9
54503	2144.4	2368.0	16706.4
57688	2152.8	2339.4	16590.2
27707	2165.4	2451.5	17116.0
14206	2144.3	2395.3	16999.4
36588	2148.9	2388.2	16592.3
45854	2152.5	2365.3	16949.6
43296	2146.4	2385.5	16812.1
54946	2156.1	2313.5	16587.5
43904	2173.2	2516.7	17823.9
67694	2169.1	2425.7	17750.9
1426	2152.6	2482.0	17137.0
54053	2149.5	2396.8	16799.5
39120	2168.8	2402.2	17181.2
66879	2155.5	2357.9	16771.3
27403	2142.3	2368.3	16418.3
12918	2143.3	2363.0	16621.6
68385	2149.3	2377.5	16449.8
48967	2146.0	2388.9	16572.2
32904	2157.3	2411.8	17097.4
19634	2149.5	2421.3	17027.6
39101	2148.2	2443.7	17069.1
12205	2151.1	2372.1	16858.5
68590	2153.0	2417.7	16814.0
61379	2134.1	2343.2	16454.9
25635	2161.1	2433.3	17056.7
49908	2155.9	2391.2	16851.9
61101	2139.7	2316.6	16569.1
64124	2155.9	2468.4	17583.7
45530	2165.4	2388.9	17299.6
31439	2150.8	2434.1	17212.6
67147	2139.5	2369.2	16897.4
50996	2144.1	2396.3	16814.5
23508	2151.3	2425.3	16980.6
15773	2150.4	2441.5	17065.4
39484	2150.9	2366.0	16633.5
48992	2150.2	2366.4	16966.4
64210	2145.8	2361.0	16736.8
3826	2163.5	2404.6	16877.4
36000	2159.3	2346.8	16813.4
69587	2150.0	2432.1	16863.6
52125	2159.8	2444.1	17172.1
54764	2152.9	2383.9	17099.1
41293	2146.7	2433.9	16889.7
30744	2171.2	2445.5	17286.3
67914	2160.3	2390.0	17015.3
68651	2141.1	2347.8	16496.8
57105	2162.1	2378.9	16925.2
60674	2156.2	2391.3	16893.5
47797	2141.8	2399.7	16736.9
61270	2149.7	2360.3	16737.6
1912	2139.7	2387.4	16792.0
9723	2161.7	2383.3	17045.8
51232	2158.9	2430.3	17115.3
54036	2140.8	2373.3	16529.0
30882	2161.0	2353.5	16987.4
64921	2149.2	2413.0	16830.2
50060	2169.3	2384.0	17106.0
47303	2155.0	2360.7	16783.1
73294	2140.9	2350.4	16439.9
27019	2176.1	2481.7	17554.3
65737	2159.3	2375.0	17014.3
11651	2156.4	2376.1	17022.7
47815	2154.4	2434.5	16965.6
37679	2165.3	2417.7	17006.1
52499	2160.9	2418.1	17098.9
38564	2155.3	2376.0	16965.7
42063	2148.7	2374.1	17023.9
4833	2133.4	2376.0	16507.2
60938	2158.3	2349.4	16991.0
13205	2138.0	2294.9	16355.6
53386	2142.7	2388.2	16869.3
4806	2146.6	2405.8	16838.0
10727	2137.7	2322.0	16403.7
57037	2153.9	2432.4	17007.5
65667	2144.7	2332.1	16745.6
30761	2141.1	2414.5	16827.5
60562	2142.9	2375.7	16657.9
64278	2164.0	2377.2	17100.8
16810	2154.2	2401.7	16988.2
27134	2141.1	2363.7	16673.2
57416	2150.7	2406.0	16788.1
56748	2146.4	2385.6	16833.7
23379	2142.7	2413.1	16534.0
7849	2161.7	2466.3	17253.8
24489	2163.9	2391.5	16889.9
52929	2155.8	2386.4	17563.1
18776	2142.6	2345.0	16658.2
38950	2151.1	2466.3	17457.0
31017	2155.3	2365.7	16716.1
72657	2144.4	2322.6	16488.6
3609	2154.9	2360.9	16644.9
50739	2169.2	2443.9	17243.5
20576	2141.4	2381.7	16728.8
63935	2165.4	2395.4	16973.7
52123	2159.6	2455.7	16938.9
22493	2143.7	2400.1	16646.1
5148	2136.7	2365.9	16603.2
4215	2163.6	2455.4	17004.6
38658	2151.4	2385.5	16718.6
49818	2157.7	2459.4	17288.6
15035	2157.9	2453.5	17204.3
56053	2165.5	2398.0	17006.9
2593	2159.2	2444.3	17133.1
70597	2151.0	2352.9	16658.8
13534	2162.0	2416.1	16900.6
57279	2136.1	2350.5	16529.8
25202	2147.5	2394.2	16911.7
11067	2151.5	2418.2	16983.8
28323	2160.9	2419.2	17072.6
28490	2165.4	2440.6	17056.2
4345	2146.3	2335.6	16629.9
793	2141.9	2431.4	16724.7
39160	2146.1	2323.8	16627.2
35016	2150.5	2415.2	16880.9
72687	2139.3	2404.8	16614.4
70428	2148.7	2336.3	16566.6
72878	2155.7	2388.1	16963.7
22590	2168.0	2432.4	17033.4
34232	2152.2	2404.1	17055.3
50189	2141.3	2350.4	16426.6
21274	2154.9	2413.3	16853.9
41895	2139.4	2332.2	16643.7
65268	2153.2	2355.7	16655.5
69992	2152.2	2407.7	16744.6
21913	2156.8	2401.0	16856.4
52480	2147.2	2428.9	17015.2
14083	2159.6	2393.3	16929.5
46101	2155.9	2443.3	18090.3
5206	2163.7	2437.9	17093.1
14560	2147.1	2432.3	16804.0
24738	2160.0	2445.4	17207.9
24023	2147.2	2399.4	16733.7
74487	2163.2	2400.2	17005.0
62796	2150.9	2385.3	16823.0
45932	2147.7	2387.5	16969.3
29222	2154.0	2389.2	16817.0
35013	2157.2	2384.4	16898.8
29855	2156.1	2451.1	16945.1
6241	2148.7	2366.8	16858.1
10233	2149.4	2373.5	16638.8
68618	2150.9	2405.8	17209.4
6049	2148.8	2380.0	16584.6
73160	2154.8	2442.4	17291.3
69939	2127.5	2337.2	16359.9
57433	2134.7	2396.8	16572.6
13263	2151.6	2338.9	16660.9
66081	2150.6	2397.6	16808.2
60778	2146.4	2312.0	16365.0
56263	2152.8	2408.3	16786.9
64054	2158.2	2436.7	17144.5
30795	2170.8	2461.6	17447.8
70491	2147.9	2378.9	16863.2
51029	2156.7	2348.6	17000.6
31844	2155.9	2388.4	16793.3
3635	2162.0	2393.3	16937.9
43862	2130.7	2359.1	16296.2
74245	2161.5	2426.2	16945.3
55098	2159.3	2376.2	16927.7
49771	2162.4	2378.4	16829.6
7556	2151.4	2393.4	16610.4
19377	2170.9	2441.5	17394.2
13216	2154.6	2392.3	16709.1
57308	2147.5	2386.4	16664.4
11860	2152.2	2389.0	16687.3
50876	2129.0	2334.2	16489.3
20408	2171.4	2430.5	17135.2
50919	2152.8	2416.9	16883.1
41307	2158.5	2412.3	17066.4
4561	2155.5	2398.1	17230.3
49177	2152.3	2355.5	16997.6
5455	2160.0	2391.6	16814.5
40299	2148.7	2423.0	16872.2
69938	2162.5	2375.6	17028.8
65386	2156.4	2395.6	16895.8
32857	2141.8	2295.8	16364.2
13374	2149.3	2373.6	17085.7
3817	2132.5	2405.3	16821.8
47408	2158.2	2347.3	16942.9
65147	2148.3	2334.7	16620.9
57310	2153.8	2405.3	17052.9
23589	2138.9	2328.5	16475.3
27867	2148.0	2341.7	16614.4
20942	2165.9	2362.3	16848.1
26951	2146.2	2353.5	16748.0
28035	2151.1	2391.1	16820.9
3616	2172.4	2432.6	17068.5
37976	2151.9	2399.7	17004.0
37892	2154.2	2396.6	16893.3
5109	2152.6	2375.0	16875.1
64488	2156.6	2379.5	16942.0
18044	2156.2	2369.0	16904.9
39192	2134.6	2355.6	16252.7
17619	2142.4	2343.7	17018.2
69512	2135.2	2339.8	16330.8
66474	2144.3	2335.1	16716.3
44525	2159.5	2447.9	16999.7
18391	2156.8	2404.7	16734.4
26192	2148.5	2345.2	16649.8
69182	2168.9	2400.4	17205.5
20473	2155.0	2439.6	16870.9
17823	2155.8	2420.7	17295.7
58622	2143.8	2345.2	16534.0
45205	2156.1	2434.0	17047.3
50147	2156.3	2387.3	17097.0
71022	2155.7	2384.3	16968.7
31397	2144.8	2366.4	16800.6
17537	2151.1	2352.7	16542.6
21998	2134.8	2332.8	16567.0
2059	2147.7	2441.9	17085.5
24886	2151.4	2388.4	17478.1
54399	2144.5	2377.1	16752.7
20423	2157.8	2416.5	17000.7
8872	2153.7	2410.4	16790.9
68016	2157.0	2388.4	16868.5
42552	2169.7	2440.0	17244.0
14268	2157.1	2400.4	17044.1
46544	2170.7	2455.1	18110.1
74548	2149.4	2396.3	17159.8
46182	2153.7	2365.7	16882.3
62073	2144.5	2330.3	16373.7
1240	2162.8	2374.8	17035.9
16081	2147.3	2388.0	16500.5
25015	2151.2	2392.8	16621.1
64528	2149.6	2381.5	16903.4
60214	2163.9	2442.0	17305.6
68	2152.3	2449.6	17011.3
62492	2136.2	2360.3	16590.8
73768	2170.5	2414.0	17599.6
53521	2147.0	2383.1	16896.3
20607	2156.8	2401.9	16932.6
37395	2149.4	2416.7	16794.7
63744	2169.0	2462.2	17304.6
49697	2160.8	2345.8	16585.4
71342	2151.7	2373.9	16918.6
54559	2147.2	2401.7	16746.5
16572	2159.9	2428.3	17245.9
19115	2151.8	2464.0	17525.7
60541	2138.7	2366.3	17120.4
12631	2141.9	2312.5	16567.0
2975	2151.7	2361.0	16618.4
64230	2142.8	2375.4	16543.7
65907	2165.3	2398.8	17259.1
38669	2158.9	2412.0	17063.4
12786	2159.8	2424.9	17001.1
51500	2154.0	2378.4	16817.0
53770	2154.8	2380.7	17218.4
8368	2136.9	2384.4	16603.8
42142	2145.1	2346.1	16741.1
52143	2156.6	2385.3	17051.9
213	2151.3	2399.5	17011.3
4165	2136.2	2346.8	16471.6
9312	2139.9	2329.3	16385.2
47724	2153.9	2379.2	16859.6
65163	2158.5	2371.9	17003.8
30332	2160.2	2390.1	16895.8
14313	2147.8	2372.5	16720.7
60592	2150.0	2377.5	16764.6
20511	2138.8	2431.6	16759.2
39124	2160.2	2377.3	16999.2
2025	2165.7	2426.4	17089.6
21523	2153.1	2417.4	16905.6
48464	2157.7	2384.7	16814.1
28421	2156.7	2365.9	16727.9
31865	2141.0	2373.9	16749.1
43153	2166.1	2462.8	17417.2
71345	2162.0	2436.6	17457.9
73977	2157.1	2414.9	17260.2
69098	2157.3	2393.1	17140.8
59946	2155.7	2442.8	16863.7
51872	2156.6	2428.0	16944.5
4846	2168.2	2444.9	17095.4
1071	2168.5	2397.2	17076.3
26880	2164.5	2462.5	17240.6
11374	2173.3	2503.6	17473.7
1040	2140.1	2410.7	16808.1
39642	2169.3	2412.9	17347.0
6454	2150.0	2367.0	16557.3
47674	2155.7	2381.0	16878.0
37011	2153.2	2379.7	16604.6
49085	2146.6	2404.1	16657.7
65254	2149.9	2396.0	16762.4
1683	2138.0	2332.4	16154.1
6503	2156.4	2353.8	16712.7
18791	2161.1	2412.9	17011.3
70264	2139.9	2349.4	16547.3
21799	2151.9	2389.9	16763.4
18810	2153.3	2474.9	17112.9
34577	2148.6	2398.4	17079.8
12586	2167.7	2452.0	17270.6
14864	2161.0	2400.5	16810.9
63539	2145.7	2350.9	16697.7
8844	2147.2	2429.5	16872.4
66874	2156.4	2365.9	16895.1
27938	2149.8	2372.7	16696.0
62987	2149.1	2389.3	16912.9
53568	2162.7	2425.8	17341.1
13337	2158.3	2374.4	16790.7
51858	2154.6	2397.3	16634.6
14355	2147.2	2377.4	16742.6
11614	2153.2	2394.2	16618.8
72297	2133.4	2332.5	16276.9
5063	2145.8	2406.7	16867.2
32840	2138.8	2346.2	16372.5
47399	2147.2	2377.0	16787.5
33977	2149.1	2346.4	16830.0
25754	2134.2	2378.1	16601.0
2424	2158.9	2460.2	17160.1
62913	2166.7	2409.1	17166.4
12102	2140.9	2387.2	16488.1
6764	2144.0	2383.5	16647.4
6551	2152.4	2414.6	17100.5
27316	2155.6	2400.6	17171.3
7677	2158.8	2381.6	16849.9
19010	2163.8	2421.5	17108.3
33618	2141.6	2354.8	16487.7
59208	2171.4	2456.5	17333.5
42955	2146.2	2344.4	16685.6
55310	2141.2	2359.0	16306.7
50621	2151.8	2453.2	16840.0
74428	2154.8	2387.5	17018.9
30220	2141.6	2353.7	16368.9
54235	2146.7	2432.2	17083.5
69568	2148.8	2358.1	16530.3
73138	2154.1	2374.4	16842.7
44397	2146.1	2384.0	16651.8
71640	2138.0	2371.6	16513.9
71286	2151.2	2368.9	16846.7
18803	2136.3	2378.4	16636.9
41575	2151.4	2421.5	17150.4
54103	2165.8	2458.6	17290.4
44104	2141.6	2299.3	16394.6
22096	2152.6	2333.2	16536.2
29916	2166.8	2437.2	17283.3
6969	2144.6	2456.1	17058.5
60013	2154.2	2402.4	16899.9
51384	2145.7	2378.5	16549.8
39974	2153.8	2329.3	16661.1
67604	2144.4	2351.1	16947.3
5183	2155.1	2448.2	17045.4
13106	2136.0	2369.5	16562.7
40295	2155.8	2389.7	16832.5
62776	2140.8	2372.1	16568.3
53433	2149.7	2405.9	16729.6
66747	2137.2	2351.0	16393.0
951	2137.2	2351.5	16703.0
37296	2150.2	2372.0	16699.7
43804	2149.8	2373.8	16974.9
64837	2145.7	2414.6	16843.0
30287	2150.8	2407.8	16943.9
13067	2146.6	2385.2	16640.8
7527	2137.3	2371.2	16557.2
64648	2149.8	2441.2	16800.6
26640	2143.8	2366.6	16675.8
14493	2152.5	2383.5	17038.3
57330	2152.7	2356.0	16602.9
63022	2156.8	2383.2	16788.2
43	2142.3	2383.7	16974.7
48582	2144.6	2406.1	16718.9
67015	2150.6	2415.4	17211.4
50454	2158.9	2432.0	17257.5
18794	2142.0	2354.0	16905.4
54449	2138.1	2313.4	16531.3
21350	2164.9	2376.3	17016.4
42372	2145.3	2380.4	16559.0
14071	2156.9	2414.3	16937.7
22910	2151.8	2396.5	16724.7
67403	2163.7	2393.9	17747.3
40438	2160.0	2442.0	17133.4
13966	2137.0	2342.3	16455.9
15624	2149.5	2393.4	17240.1
47163	2165.7	2445.6	17102.6
171	2152.0	2449.8	17036.6
7622	2135.9	2346.3	16361.4
6695	2170.5	2432.9	17330.2
27482	2144.6	2348.9	16514.5
62511	2144.9	2423.6	17647.2
43335	2149.5	2421.5	17069.4
53129	2148.7	2348.7	16610.3
20865	2146.7	2345.5	16527.9
27583	2156.6	2385.9	17019.6
59445	2159.7	2457.0	17107.4
13277	2166.3	2451.1	17114.9
9110	2144.8	2400.3	16729.9
48180	2155.9	2404.3	17234.8
51332	2152.2	2433.5	16993.1
65344	2143.8	2396.7	16867.3
32294	2155.7	2402.5	17035.7
68371	2154.6	2396.7	16963.1
31348	2149.3	2409.0	17189.3
58942	2153.6	2441.6	16852.5
26429	2157.3	2450.7	17518.9
10760	2172.4	2387.5	16927.8
59650	2150.0	2379.3	16688.3
32865	2159.8	2366.9	17214.5
31409	2144.8	2362.1	16639.7
3884	2140.5	2359.4	16755.6
24323	2151.4	2431.3	17000.9
73068	2158.6	2416.2	17344.4
37241	2141.5	2405.1	16901.4
69521	2147.4	2370.5	16801.3
41998	2135.4	2333.4	16336.9
97	2163.5	2432.1	17234.0
19831	2145.3	2332.2	16448.4
44574	2155.6	2443.5	17623.3
36599	2135.4	2350.6	16782.1
11841	2154.0	2327.5	16918.0
210	2138.6	2397.3	16792.3
62567	2157.9	2447.6	17099.6
32757	2148.3	2375.3	16852.8
38780	2160.3	2423.4	17206.3
10636	2159.1	2429.0	17216.3
9967	2155.9	2391.2	16990.3
5804	2146.2	2363.8	16760.0
64861	2148.7	2422.1	17043.4
25307	2154.3	2375.7	16835.9
14754	2162.3	2461.6	17385.5
31183	2143.8	2310.4	16545.4
59994	2160.8	2395.0	17112.5
70283	2136.8	2309.5	16526.2
5622	2156.1	2346.1	16898.0
22915	2162.2	2429.6	17184.4
13151	2153.0	2466.6	17140.3
47119	2143.5	2368.2	16709.4
14748	2150.0	2411.5	16646.6
29918	2149.9	2388.0	17095.1
44037	2152.4	2382.6	16644.1
3745	2157.5	2394.2	16935.2
63755	2153.6	2429.8	16929.1
65425	2160.5	2388.2	16933.3
69691	2149.4	2431.2	17065.0
47453	2151.1	2346.3	16829.6
62130	2153.0	2355.0	16756.8
65893	2147.5	2393.0	16815.5
20093	2155.8	2390.3	17184.2
29565	2172.7	2434.4	17138.1
14836	2144.4	2400.5	16624.1
25182	2164.8	2368.1	16974.6
20856	2165.5	2414.0	17196.3
16379	2163.1	2414.1	17055.5
12981	2161.8	2433.0	17181.6
58246	2144.1	2350.4	16959.2
3790	2151.0	2442.5	17043.5
41926	2146.1	2371.6	16632.8
14454	2162.0	2389.9	17111.6
56243	2161.8	2400.0	16851.8
71389	2140.8	2357.8	16470.5
29463	2142.9	2386.9	16552.8
32490	2154.8	2420.1	17088.8
33421	2129.0	2342.9	16280.6
16149	2137.3	2370.4	16683.9
4841	2136.4	2342.6	16378.9
6541	2141.0	2363.5	16524.8
56729	2159.7	2435.1	17426.4
37467	2150.9	2400.8	16902.7
39659	2173.3	2441.2	17420.6
22574	2143.6	2418.7	16728.7
39790	2150.5	2395.6	16730.8
5587	2181.1	2485.5	17335.7
49569	2165.3	2385.3	16953.9
20226	2160.3	2462.7	17289.4
60163	2147.5	2376.1	16851.1
34419	2153.4	2379.3	16936.9
35396	2161.6	2417.3	17411.7
36767	2153.5	2371.9	16922.9
42394	2143.1	2408.9	16810.1
49092	2143.1	2385.8	16445.1
46579	2145.9	2437.6	17003.4
21761	2134.3	2338.6	16534.9
66561	2154.9	2389.5	16912.2
13405	2141.7	2368.1	16594.2
19515	2151.2	2374.4	16608.6
11213	2137.5	2410.2	16625.6
17580	2157.2	2375.5	16958.7
23848	2151.5	2388.0	16929.9
12939	2147.3	2332.2	16535.5
37832	2163.9	2425.5	17865.4
28091	2150.1	2391.8	16880.2
64078	2159.3	2361.5	17314.5
29764	2154.9	2406.6	17218.4
31285	2146.5	2358.8	16703.8
43340	2155.3	2368.3	16672.0
10765	2137.9	2354.6	16456.3
50366	2143.7	2401.6	16819.3
44065	2152.7	2374.0	16894.5
63739	2151.3	2371.2	16697.5
46068	2154.4	2403.2	17812.8
31258	2142.3	2389.2	16534.3
26671	2151.8	2400.6	16853.0
37149	2147.9	2399.8	16405.8
48112	2145.0	2381.7	16606.8
271	2154.6	2389.6	17000.9
5898	2154.7	2397.7	16929.7
60390	2148.1	2384.9	17079.5
4555	2162.5	2430.7	16911.2
26670	2155.2	2374.4	16715.2
66255	2146.6	2355.2	16580.6
54891	2151.5	2390.1	17043.0
12046	2143.7	2359.1	16544.4
39954	2162.6	2421.5	17047.4
12530	2151.3	2397.3	16770.1
50820	2170.6	2415.5	17102.6
34817	2148.7	2361.7	16543.8
18310	2153.4	2375.2	16730.4
9582	2141.8	2398.7	16580.7
38086	2140.9	2353.4	16589.4
66481	2159.9	2440.2	17115.4
5561	2156.2	2400.5	17091.2
32960	2161.3	2407.0	16839.0
24468	2159.2	2403.1	16898.8
25872	2158.3	2386.8	16734.8
1630	2156.7	2398.0	16855.0
72251	2153.8	2353.9	16823.1
68633	2154.9	2394.4	16873.1
50204	2140.0	2340.4	16508.9
31296	2160.3	2350.9	16900.3
31681	2156.5	2419.4	17086.6
66633	2146.9	2363.2	16845.8
14354	2148.1	2407.6	16935.7
55175	2142.1	2360.6	16829.7
56622	2149.9	2368.0	16867.3
48192	2142.6	2442.8	16704.7
73346	2174.6	2378.7	17580.8
44530	2156.9	2445.8	17112.6
10325	2160.0	2423.7	17028.4
59355	2150.8	2376.4	16808.5
13835	2149.0	2444.9	16948.1
24309	2155.6	2395.7	16947.4
29120	2153.8	2434.0	17084.2
5652	2151.6	2407.9	16965.2
13815	2155.0	2374.8	16677.4
35356	2157.9	2417.6	17132.6
62690	2145.4	2405.1	16775.2
15566	2163.5	2414.0	17125.9
64924	2156.6	2425.0	17102.8
58221	2160.0	2399.5	17189.4
26257	2142.8	2321.1	16669.3
18608	2162.9	2387.2	17065.1
66202	2149.2	2386.2	16748.8
48205	2143.6	2391.8	16893.2
59568	2156.6	2385.9	17033.2
32717	2142.5	2406.5	17020.5
1155	2149.0	2392.3	16750.0
56301	2155.1	2355.4	16797.0
45772	2147.5	2360.7	16588.5
49497	2166.9	2482.3	17173.7
69735	2158.6	2415.0	16999.4
17655	2173.6	2474.2	17323.4
51157	2156.7	2359.2	16836.3
74922	2149.4	2311.1	16535.9
