59838	1553.3	1771.0	9278.6
27529	1571.7	1825.7	9702.3
44469	1564.1	1841.9	9762.6
52210	1555.6	1765.6	9389.1
38083	1550.5	1819.9	9455.5
28353	1555.1	1821.2	9487.5
19380	1555.3	1853.0	9511.3
32523	1565.5	1781.7	9708.9
41086	1567.2	1818.2	9457.5
38233	1550.0	1755.0	9475.0
42712	1557.1	1788.9	9384.6
9012	1544.2	1810.9	9562.4
23139	1561.1	1785.0	9497.4
56234	1548.9	1799.3	9335.6
48379	1567.6	1789.3	9601.7
15502	1569.4	1814.3	9698.3
48047	1566.3	1817.5	9470.1
27619	1559.8	1809.6	9544.4
21122	1565.0	1826.1	9488.1
9990	1563.7	1824.1	9480.2
47685	1560.3	1823.7	9375.6
37407	1555.7	1768.7	9519.5
46787	1565.5	1799.4	9801.3
45074	1558.4	1766.4	9621.1
32348	1551.6	1757.7	9291.8
45622	1557.8	1791.7	9359.3
2756	1548.2	1793.1	9309.0
44183	1579.6	1849.0	10213.5
36790	1539.6	1748.6	9103.9
14637	1560.5	1817.6	9424.1
11908	1558.2	1808.2	9476.4
43502	1565.2	1846.1	9869.0
59410	1543.9	1789.4	9327.9
29719	1568.7	1885.1	9719.7
24671	1557.9	1799.2	9598.7
47944	1560.8	1802.2	9464.7
30415	1564.8	1808.6	9633.1
45485	1559.4	1782.1	9555.0
31806	1558.7	1793.6	9472.2
58000	1567.5	1774.4	9422.5
45976	1561.8	1789.3	9423.6
58037	1572.5	1845.4	9623.1
51902	1556.7	1783.5	9567.8
32892	1551.4	1780.2	9390.0
50113	1554.9	1798.6	9804.0
14506	1558.2	1806.4	9391.6
55724	1560.6	1744.3	9380.7
23085	1583.5	1902.5	9959.2
33331	1564.6	1821.8	9870.3
15777	1566.9	1802.5	9692.8
40733	1567.2	1828.4	9427.2
38611	1547.1	1766.7	9640.2
51774	1555.8	1826.1	9676.5
17766	1562.4	1836.0	9678.8
31206	1574.2	1880.0	9958.2
51127	1568.1	1832.3	9630.2
59123	1567.7	1835.5	9589.8
28866	1560.7	1811.7	9610.0
42061	1562.4	1778.7	9567.7
59789	1573.1	1835.5	9971.4
272	1556.6	1786.8	9430.1
55535	1552.5	1788.1	9266.9
52548	1555.1	1786.5	9394.3
49374	1572.7	1837.2	9868.8
2265	1567.7	1794.4	9640.9
26102	1559.1	1808.3	9342.7
48215	1559.8	1790.1	9327.0
41431	1565.9	1788.8	9479.4
28679	1561.5	1827.1	9439.1
5346	1555.0	1803.6	9415.9
22191	1562.3	1796.1	9381.3
23206	1568.6	1810.6	9575.8
18351	1561.4	1803.5	9562.7
24517	1560.7	1828.7	9526.2
53267	1567.4	1763.2	9548.2
40760	1566.2	1842.2	9701.9
47601	1555.5	1799.9	9371.5
34953	1553.2	1782.9	9390.7
6970	1556.5	1781.6	9351.4
38508	1558.6	1824.7	9596.3
29150	1569.2	1787.1	9514.5
23723	1556.6	1770.7	9291.4
4357	1545.0	1798.2	9393.2
13978	1555.6	1726.9	9197.4
35076	1577.0	1841.7	9696.6
52109	1561.1	1827.8	9553.1
59320	1566.2	1782.2	9554.2
15971	1552.5	1821.1	9498.8
2717	1577.6	1815.5	9815.7
16937	1569.2	1844.7	9649.5
53902	1558.7	1753.5	9377.9
47058	1549.7	1773.1	9352.8
44361	1583.4	1858.2	9935.0
38002	1582.0	1866.4	9855.9
8886	1564.1	1802.8	9449.1
24439	1548.2	1824.3	9297.2
48557	1556.9	1767.9	9452.3
28155	1554.4	1833.8	9362.9
42736	1562.4	1784.3	9385.7
38389	1549.8	1715.6	9195.4
37545	1567.2	1808.3	9802.6
53706	1548.0	1851.9	9391.9
27212	1554.8	1784.0	9369.5
9545	1554.1	1748.5	9387.4
2250	1567.1	1816.4	9835.6
47716	1562.0	1842.7	9592.9
44910	1557.5	1795.0	9452.4
42565	1552.7	1786.8	9381.6
36	1558.8	1830.3	9597.7
12971	1549.3	1725.4	9065.2
55517	1557.1	1726.0	9152.4
52720	1559.9	1783.6	9457.2
46538	1560.3	1832.0	9579.6
2194	1554.1	1806.6	9452.2
3452	1563.5	1853.2	9429.7
36729	1559.1	1814.4	9560.4
20136	1564.6	1774.7	9532.7
6730	1568.4	1830.1	9590.1
8129	1572.6	1800.3	9633.7
31682	1574.3	1878.5	9956.7
32170	1568.8	1773.1	9456.4
51357	1555.9	1767.1	9322.1
53616	1546.3	1756.9	9143.2
39479	1555.0	1788.6	9408.3
30991	1557.4	1793.3	9583.0
10386	1565.0	1834.4	9691.3
44447	1564.3	1818.8	9653.7
35987	1557.8	1781.6	9451.2
53331	1541.7	1766.1	9312.1
12523	1557.8	1808.4	9450.4
40758	1554.6	1826.2	9329.3
191	1564.6	1879.1	9758.2
35593	1556.0	1775.1	9596.9
57388	1572.6	1828.5	9785.4
20996	1554.6	1783.9	9367.2
44511	1570.4	1814.4	9773.4
55081	1558.7	1832.6	9509.5
52282	1569.5	1777.6	9432.2
14633	1554.4	1789.4	9312.3
54	1552.1	1802.6	9224.3
45611	1558.5	1847.5	9700.6
23544	1566.5	1814.2	9883.5
45693	1572.4	1855.1	9617.4
23830	1558.5	1782.1	9464.1
21787	1563.8	1787.6	9583.0
24341	1569.8	1814.8	9580.9
8375	1564.9	1844.0	9476.9
47245	1575.6	1795.4	9483.9
14397	1555.5	1823.3	9652.6
11931	1552.5	1766.7	9377.5
50925	1567.1	1818.9	9442.2
23622	1539.5	1725.9	8890.3
44234	1574.5	1871.5	10074.2
6607	1560.6	1774.5	9429.5
13938	1562.1	1803.7	9466.9
43342	1564.5	1746.2	9287.5
3975	1564.0	1811.5	9585.5
6810	1559.5	1851.9	9665.4
13615	1554.4	1773.6	9572.9
58301	1561.6	1798.2	9729.9
13474	1548.2	1798.0	9229.5
9008	1565.1	1860.1	9597.7
52093	1560.0	1790.0	9373.6
57556	1570.0	1786.5	9571.8
20864	1553.4	1740.9	9232.3
20532	1571.1	1836.8	9732.5
12893	1568.3	1788.2	9545.4
15412	1571.8	1856.2	9880.0
44966	1545.6	1758.0	9072.8
34604	1558.1	1815.2	9426.5
37261	1567.4	1810.5	9605.5
37497	1546.9	1749.5	9199.5
6624	1579.1	1851.7	10038.3
53732	1567.2	1815.6	9690.9
25456	1567.0	1832.7	10015.2
10540	1550.0	1727.1	9112.1
830	1546.3	1770.3	9463.5
4281	1572.1	1861.9	9872.6
17257	1573.5	1879.2	9772.4
10401	1565.5	1811.5	9710.7
50476	1562.4	1815.6	9507.8
2360	1584.3	1861.2	9836.9
26943	1545.5	1735.7	9187.2
17352	1570.0	1826.8	9683.7
34561	1560.2	1758.6	9455.7
6157	1556.8	1809.9	9480.8
4530	1562.1	1816.9	9516.1
47960	1565.9	1824.4	9758.8
38586	1563.1	1787.4	9484.9
27548	1564.4	1859.8	9755.6
22772	1542.9	1727.8	9088.5
46672	1554.1	1759.6	9400.9
48529	1561.6	1791.1	9561.0
49086	1558.8	1749.2	9459.6
34987	1571.1	1837.4	9974.4
37977	1564.1	1744.1	9523.3
27528	1558.8	1766.7	9435.3
28860	1565.6	1769.3	9397.2
37698	1543.5	1751.4	9054.4
56916	1559.5	1814.1	9577.2
13063	1553.8	1768.3	9281.1
9620	1562.6	1819.9	9626.4
12279	1572.5	1843.0	9877.8
3481	1568.3	1842.4	9868.7
44741	1563.9	1842.4	9614.1
478	1547.9	1762.9	9308.9
6638	1553.7	1769.8	9296.9
6602	1549.9	1772.3	9300.0
34447	1567.8	1842.5	9557.2
12125	1557.0	1841.0	9573.7
15921	1548.6	1826.4	9503.4
4700	1565.9	1826.3	9574.2
42188	1576.1	1859.7	9867.8
59223	1570.0	1850.1	9732.4
43203	1553.9	1804.6	9366.2
32355	1549.1	1815.8	9413.2
54247	1567.2	1837.5	9707.8
59536	1556.0	1764.0	9362.3
41657	1561.7	1774.1	9476.2
28246	1559.3	1754.5	9409.5
6733	1548.4	1752.6	9382.6
16589	1555.8	1789.9	9230.0
35574	1546.3	1724.6	9039.0
59468	1567.0	1786.4	9364.6
51458	1561.9	1815.7	9470.2
49177	1566.1	1894.4	9943.2
54667	1563.8	1870.0	9605.2
25290	1546.9	1722.8	9130.3
43346	1546.3	1760.9	9166.0
19484	1567.7	1870.9	9634.8
28055	1556.1	1780.5	9369.6
14341	1558.8	1837.9	9332.2
7699	1553.6	1770.5	9219.8
33669	1553.4	1728.0	9232.9
31308	1556.3	1795.2	9440.1
27991	1564.2	1796.4	9503.6
26173	1560.8	1841.0	9536.8
23405	1559.7	1794.3	9491.6
50612	1562.9	1786.3	9337.8
53220	1551.0	1760.3	9269.6
2479	1552.9	1801.5	9585.9
37449	1555.9	1787.7	9435.8
28736	1567.0	1869.2	9615.2
39996	1548.6	1773.8	9162.3
38191	1543.1	1750.9	9165.6
39227	1551.1	1770.2	9196.0
38398	1551.2	1734.4	9334.2
10119	1556.9	1772.4	9321.2
38366	1556.6	1796.4	9268.7
36187	1561.2	1809.2	9498.8
23234	1562.2	1791.2	9418.3
58964	1561.9	1799.3	9561.6
34527	1577.3	1905.1	10035.8
4829	1552.8	1766.2	9383.4
49589	1571.8	1816.3	9682.3
59304	1551.3	1815.8	9583.0
25530	1556.5	1718.7	9288.5
17527	1563.0	1796.5	9358.7
41201	1555.9	1817.4	9527.4
4884	1562.4	1825.2	9515.5
48925	1560.2	1788.0	9468.3
53389	1572.7	1819.3	9723.1
39448	1552.6	1760.9	9245.4
52450	1556.6	1788.6	9534.8
11031	1566.1	1842.8	9785.6
26150	1571.5	1857.2	10165.3
41706	1563.7	1781.6	9520.2
38922	1556.6	1798.7	9298.1
7767	1585.0	1870.5	10572.7
41006	1559.3	1813.4	9423.8
30030	1560.9	1802.7	9407.7
11372	1554.2	1786.7	9177.6
59690	1562.9	1783.3	9380.9
59703	1558.9	1797.6	9440.9
50613	1547.0	1794.3	9673.9
10009	1575.4	1835.4	9646.1
18852	1556.2	1795.5	9689.8
497	1562.0	1820.9	9479.2
6120	1564.4	1843.3	9595.0
56914	1570.0	1781.2	9584.6
9238	1569.5	1884.7	9763.6
49257	1549.9	1751.3	9344.8
34697	1563.9	1752.3	9557.7
26356	1557.5	1839.6	9704.1
55846	1568.3	1786.3	9879.0
13568	1563.4	1810.0	9506.5
18024	1553.4	1775.0	9349.1
57396	1567.9	1879.1	9496.0
36830	1565.4	1808.9	9654.8
52004	1554.0	1780.1	9185.8
9366	1563.1	1782.7	9389.0
16804	1564.1	1835.5	9666.1
11799	1556.8	1757.7	9414.2
24611	1565.7	1813.8	9550.0
5191	1567.1	1807.9	9755.3
38522	1563.4	1802.0	9401.7
28846	1574.5	1852.5	9729.0
28819	1564.7	1797.0	9942.2
10158	1556.8	1776.3	9231.8
58524	1562.4	1825.1	9666.6
52468	1547.8	1781.9	9301.2
10448	1566.4	1834.7	9656.6
4703	1552.5	1777.3	9438.1
24883	1571.6	1857.1	10001.1
33814	1555.8	1827.0	9682.4
9305	1545.1	1796.0	9141.0
34946	1567.8	1831.3	9690.0
55203	1555.0	1771.3	9258.5
5710	1570.4	1830.8	9698.9
42009	1575.6	1833.0	9697.6
49297	1556.3	1787.4	9358.3
16792	1567.8	1850.1	9698.3
9525	1551.3	1820.5	9332.3
36186	1552.2	1803.0	9432.0
8480	1565.3	1834.0	9502.0
27375	1559.6	1792.8	9506.6
14259	1566.2	1794.0	9483.5
34543	1563.2	1792.8	9558.3
44029	1558.9	1737.5	9335.3
56658	1565.4	1796.7	9715.5
53821	1546.6	1738.4	9057.8
47548	1556.9	1769.5	9459.8
41791	1558.9	1751.4	9424.2
33255	1568.9	1864.2	10019.0
5021	1563.3	1804.9	9612.5
15983	1545.3	1712.9	8960.2
32667	1564.2	1761.4	9345.6
20451	1562.2	1839.4	9576.6
23818	1566.2	1805.9	9532.5
22696	1559.4	1777.9	9412.5
823	1570.8	1843.4	9739.4
5156	1577.1	1868.6	10041.8
8660	1565.4	1795.3	9645.1
48049	1556.0	1772.5	9214.6
32628	1553.2	1800.7	9437.4
49471	1563.4	1787.1	9460.6
43085	1565.1	1808.4	9473.7
34326	1558.7	1814.7	9567.1
9722	1570.6	1789.5	9633.6
26701	1561.2	1793.0	9468.0
52032	1548.7	1766.1	9319.7
23152	1559.1	1825.8	9727.7
19676	1560.9	1773.9	9283.7
1526	1557.2	1776.2	9444.3
16907	1557.9	1774.5	9372.6
27403	1561.5	1787.3	9513.5
30375	1561.1	1829.8	9568.4
13879	1563.5	1851.3	9669.6
16806	1573.6	1824.8	9948.1
50659	1550.5	1785.9	9373.1
45594	1552.2	1769.6	9408.1
3520	1563.8	1780.0	9509.2
58022	1556.0	1821.4	9425.5
37458	1567.4	1791.4	9629.5
25956	1548.3	1752.3	9175.0
49711	1562.9	1781.6	9441.3
19984	1561.5	1767.0	9490.4
49567	1560.2	1757.5	9359.0
21221	1562.2	1845.0	9749.6
17952	1540.5	1721.6	8995.4
64	1571.0	1818.3	9589.9
56630	1551.5	1776.8	9367.5
2966	1558.3	1800.0	9607.1
49848	1573.0	1855.4	9753.4
48501	1548.2	1734.8	9264.2
31121	1554.7	1748.5	9276.1
51709	1555.5	1795.5	9343.6
39879	1555.7	1835.5	9474.3
4503	1565.7	1812.8	9530.8
13778	1570.2	1822.4	9816.2
58755	1571.5	1844.6	9668.1
17518	1570.2	1844.5	9754.2
21260	1553.4	1832.8	9506.4
45107	1567.0	1858.1	9605.5
18032	1574.9	1829.4	9642.5
4608	1565.3	1821.9	9479.4
45445	1566.8	1821.7	9783.8
38300	1556.8	1802.0	9555.4
59781	1571.8	1865.0	9738.7
58806	1565.7	1834.0	9845.4
59153	1576.7	1811.9	10057.7
19016	1584.1	1926.2	10539.4
24505	1565.3	1809.3	9777.6
43386	1562.2	1828.2	9762.2
48732	1563.8	1794.0	9580.2
54239	1562.4	1775.9	9452.5
25508	1561.3	1809.0	9515.8
27846	1560.1	1820.3	9394.3
46415	1542.2	1747.7	9078.4
41157	1560.6	1758.9	9342.6
47706	1567.8	1814.4	9584.6
5463	1546.6	1742.9	9129.2
55527	1571.2	1832.0	9673.6
35335	1559.5	1763.1	9325.5
7406	1554.3	1778.4	9373.6
14766	1554.6	1773.4	9385.8
55310	1554.8	1782.3	9311.3
24673	1565.2	1828.6	9865.0
39590	1570.7	1818.4	9626.5
8977	1558.0	1779.5	9382.2
5025	1564.0	1808.4	9464.7
28339	1551.7	1786.6	9162.5
21757	1571.1	1874.5	9845.3
44263	1560.3	1794.4	9642.9
43629	1562.8	1774.5	9403.8
18895	1552.4	1805.1	9341.2
24706	1576.2	1807.6	10002.8
58842	1556.1	1728.8	9363.6
2231	1561.3	1770.3	9611.7
57894	1562.7	1782.3	9530.0
27	1549.0	1786.1	9519.5
7786	1558.9	1772.3	9421.7
46443	1564.6	1739.7	9354.2
7246	1564.7	1808.6	9517.6
30295	1554.9	1746.2	9304.4
42272	1565.0	1843.1	9590.1
1733	1558.3	1821.2	9413.6
13228	1561.6	1787.5	9601.1
9526	1558.9	1867.6	9594.4
26248	1556.8	1774.1	9419.7
34038	1556.2	1776.1	9516.7
16353	1564.8	1807.4	9768.6
43735	1549.4	1756.1	9181.2
26436	1548.1	1819.1	9286.8
51348	1567.9	1859.8	10072.3
59305	1561.0	1867.0	9749.3
38294	1559.2	1827.9	9619.5
20053	1565.1	1788.7	9477.3
43340	1567.4	1880.9	9692.2
5947	1548.5	1729.9	9125.3
32478	1567.4	1816.7	9687.2
59866	1571.8	1805.7	9777.7
43866	1565.1	1777.6	9395.3
52069	1556.9	1808.4	9446.0
27728	1553.4	1774.3	9435.0
57962	1562.7	1774.8	9369.4
9043	1554.9	1779.1	9350.3
11978	1551.8	1820.0	9353.4
46212	1558.3	1816.5	9656.9
56974	1575.1	1830.1	9744.8
53025	1575.3	1852.7	9827.1
21399	1563.2	1882.8	9878.8
29279	1554.5	1796.8	9345.5
3870	1555.0	1818.4	9679.4
56300	1556.5	1763.1	9307.2
54926	1570.0	1834.0	9697.1
7046	1567.1	1839.4	9600.3
42008	1549.1	1755.8	9163.4
3488	1570.5	1855.6	9799.5
39336	1566.6	1773.5	9312.2
13672	1573.0	1830.9	9787.0
2471	1565.0	1802.4	9912.1
31065	1569.6	1840.5	9716.6
55817	1563.6	1797.2	9391.5
56944	1557.5	1793.7	9543.4
22669	1561.3	1785.9	9388.2
1360	1551.1	1804.0	9340.5
2836	1564.7	1835.8	9472.6
58439	1561.4	1769.0	9287.2
43229	1561.7	1817.8	9720.7
11846	1569.9	1811.9	9564.2
55197	1553.1	1760.4	9305.4
18721	1554.8	1748.6	9207.8
15505	1568.9	1794.2	9522.6
39244	1572.6	1869.1	10169.7
45067	1557.5	1751.6	9380.8
22002	1575.8	1845.5	9959.1
37071	1557.5	1797.4	9397.2
17232	1563.0	1812.5	9682.1
56404	1558.8	1794.4	9416.6
9263	1556.8	1780.9	9835.3
34093	1565.3	1823.2	9627.1
36412	1562.4	1831.5	9688.1
42723	1565.6	1799.2	9446.4
43075	1554.6	1800.3	9249.1
9280	1563.7	1814.0	9635.2
2510	1566.9	1785.1	9380.9
48099	1564.5	1826.7	9537.7
4707	1570.2	1798.9	9447.9
46308	1559.2	1809.1	9528.5
53152	1559.2	1790.8	9467.4
7488	1562.6	1858.2	9643.0
2118	1552.9	1768.3	9243.9
20918	1551.4	1757.5	9285.3
23762	1557.0	1810.4	9592.1
15546	1560.5	1758.4	9303.8
3422	1547.8	1778.9	9315.7
20579	1547.9	1786.5	9306.6
21235	1564.7	1859.5	9824.3
14235	1549.9	1741.9	9238.5
24103	1570.4	1813.0	9834.4
44468	1546.3	1751.3	9272.0
34259	1554.5	1767.6	9685.6
16825	1549.6	1738.8	9155.1
9462	1574.5	1866.0	10106.3
5892	1561.3	1809.8	9562.1
29843	1550.3	1773.1	9195.3
4115	1561.2	1846.1	9623.7
1410	1556.2	1797.5	9591.6
34327	1564.1	1809.8	9673.7
18871	1554.7	1801.6	9469.3
52715	1573.5	1836.9	9985.4
16851	1564.0	1778.2	9481.9
43615	1568.6	1787.3	9603.9
2873	1560.7	1795.8	9449.1
44503	1554.5	1763.4	9228.4
13307	1551.6	1798.2	9820.1
40625	1562.8	1803.2	9606.6
1515	1569.5	1807.9	9935.3
36209	1556.6	1802.5	9431.4
29151	1559.4	1735.4	9163.9
27774	1538.3	1720.1	8966.2
19399	1558.6	1791.4	9428.8
53443	1563.3	1802.4	9533.0
22804	1547.1	1791.9	9437.7
46930	1553.8	1785.5	9534.2
40566	1562.6	1788.0	9515.6
22846	1569.5	1826.5	9625.1
39629	1556.2	1800.0	9420.4
5936	1563.6	1821.0	9404.7
5831	1569.2	1821.0	9726.5
8213	1556.6	1835.5	9576.9
15226	1568.6	1821.1	9557.5
50461	1561.9	1753.8	9244.5
24760	1562.7	1810.3	9572.7
38022	1557.8	1758.0	9498.5
1838	1558.7	1852.0	9744.2
51376	1556.3	1823.6	9775.9
7593	1559.2	1819.0	9474.6
50876	1566.8	1776.8	9415.5
8347	1572.8	1833.6	9653.1
8305	1560.8	1844.1	9822.4
9006	1559.8	1772.2	9292.2
48685	1566.2	1838.4	9735.1
2896	1565.0	1794.8	9547.8
22205	1564.5	1831.3	9701.7
12309	1559.4	1796.7	9458.1
32684	1554.3	1826.9	9471.8
8559	1563.6	1813.8	9548.3
34374	1565.8	1837.8	9653.3
55999	1562.5	1854.7	9688.1
9503	1560.6	1791.1	9430.4
15135	1553.7	1740.4	9168.6
58760	1551.7	1787.5	9351.5
13796	1561.1	1797.1	9450.5
40440	1568.0	1854.1	9815.4
48157	1550.6	1758.7	9243.6
20710	1552.7	1800.9	9295.3
53918	1534.2	1733.1	9201.4
47182	1556.4	1767.0	9462.3
50819	1575.9	1809.7	9713.7
26625	1567.9	1845.3	9671.6
21933	1561.1	1801.2	9539.7
37136	1566.6	1784.8	9513.3
29520	1552.5	1769.0	9229.7
619	1572.6	1823.3	9585.3
22790	1564.5	1802.4	9673.4
3418	1562.2	1826.5	9622.9
25447	1565.0	1912.8	9861.7
44963	1568.3	1818.6	9658.4
13781	1567.1	1810.9	9531.8
15976	1551.9	1812.1	9464.2
21012	1573.5	1846.7	9880.7
52081	1569.8	1839.4	9860.1
51963	1560.2	1845.6	9708.6
9460	1574.2	1812.0	9649.2
4481	1568.8	1832.5	9864.2
58616	1561.4	1784.3	9471.0
10075	1546.1	1779.3	9290.0
14856	1560.8	1819.2	9644.5
40076	1562.1	1849.5	10121.7
3411	1552.4	1776.6	9182.9
39164	1555.0	1752.7	9388.2
49527	1552.0	1814.3	9302.2
57239	1560.5	1779.5	9440.3
20599	1562.6	1808.6	9581.6
50401	1571.1	1832.2	9681.9
57471	1560.6	1785.4	9462.1
7796	1570.5	1866.7	9656.6
47138	1571.4	1848.0	9818.3
58744	1563.2	1820.0	9728.9
20107	1556.2	1766.3	9283.2
13076	1571.8	1792.0	9674.9
27322	1560.3	1853.1	10598.6
22824	1550.7	1793.7	9640.0
14609	1559.6	1824.4	9658.0
2613	1570.6	1839.8	9732.1
43281	1556.4	1796.8	9467.2
51040	1566.3	1822.1	9673.1
17752	1559.7	1801.7	9346.0
48052	1550.6	1749.3	9210.3
53431	1561.9	1818.6	9556.6
44767	1556.1	1797.4	9394.2
44485	1559.8	1817.4	9520.7
13415	1563.3	1768.7	9354.9
39609	1574.3	1823.2	9647.3
52695	1563.3	1799.9	9441.9
32576	1568.5	1831.5	9551.2
10192	1576.6	1860.3	9776.3
49828	1551.8	1801.1	9267.6
39613	1573.9	1833.5	9713.7
22551	1567.8	1801.1	9541.0
42147	1564.7	1798.1	9504.5
49720	1553.7	1745.8	9234.8
3519	1551.5	1846.0	9668.5
49278	1575.6	1834.0	9765.8
54659	1558.8	1794.5	9468.3
22800	1569.4	1797.2	9396.0
59088	1557.5	1811.3	9467.1
8563	1552.6	1813.6	9375.4
24223	1548.5	1762.1	9224.7
6594	1558.8	1842.5	9645.4
33236	1563.1	1760.3	9306.2
54277	1565.8	1765.4	9622.3
2548	1553.9	1791.3	9349.4
16237	1555.9	1760.6	9297.1
53782	1564.6	1799.7	9445.4
7866	1550.3	1833.0	9487.5
27139	1565.3	1828.3	9916.9
35563	1581.0	1884.1	9867.2
49867	1550.4	1730.8	9157.0
55743	1560.6	1850.7	9486.8
36962	1558.2	1847.7	9710.7
32969	1552.1	1779.1	9262.7
41426	1564.8	1786.7	9520.4
10217	1554.6	1770.9	9254.1
13271	1562.8	1757.1	9482.5
19711	1559.4	1799.9	9528.5
53342	1564.1	1804.3	9547.0
48704	1548.8	1780.9	9253.3
32074	1550.6	1808.9	9352.4
29673	1556.9	1751.6	9551.0
16897	1568.3	1867.1	9776.5
40218	1549.0	1760.1	9141.9
41939	1586.6	1877.8	10062.9
25525	1561.9	1800.1	9271.8
18443	1551.3	1747.3	9210.1
17857	1552.2	1761.0	9204.1
35054	1547.2	1795.0	9558.5
20641	1561.7	1878.1	9646.9
54110	1552.3	1733.6	9073.7
56610	1567.7	1832.7	9803.8
28332	1554.7	1772.0	9245.2
29308	1579.0	1853.9	9777.4
8139	1570.0	1912.2	9901.9
45724	1559.2	1767.8	9391.7
41736	1556.0	1729.2	9250.2
50359	1560.5	1767.5	9541.4
2609	1566.3	1804.8	9477.9
26609	1552.4	1780.5	9343.1
24244	1570.4	1820.5	9561.1
12328	1546.9	1787.9	9305.4
10569	1556.8	1750.2	9131.3
6689	1546.2	1737.8	9093.5
39960	1552.2	1817.0	9430.9
22219	1560.8	1780.5	9506.3
37866	1558.0	1776.0	9294.0
28225	1563.2	1794.7	9428.1
37064	1553.9	1806.1	9466.2
24242	1565.8	1836.7	9776.8
46196	1559.3	1832.7	9610.9
41839	1549.6	1748.6	9167.4
53638	1567.5	1802.5	9541.0
58990	1557.0	1779.6	9464.5
45466	1562.4	1799.8	9591.2
43960	1556.1	1761.1	9303.2
31128	1559.0	1790.6	9474.3
29856	1555.9	1805.8	9333.1
13720	1552.2	1839.5	9482.5
16252	1571.4	1838.6	9844.0
5920	1561.6	1823.2	9736.5
43795	1568.2	1767.5	9574.6
20792	1559.3	1811.5	9567.3
28715	1576.4	1869.5	9663.5
7760	1546.8	1768.8	9086.9
13609	1564.4	1819.8	9721.2
12998	1551.9	1776.4	9163.6
26610	1563.2	1803.9	9482.6
34323	1557.8	1820.9	9468.8
29368	1573.9	1829.1	10024.7
37239	1555.3	1770.0	9429.2
31947	1569.3	1820.8	9805.9
35465	1552.3	1770.5	9104.9
58093	1565.4	1792.2	9543.2
28111	1561.2	1766.0	9454.3
35668	1552.0	1742.2	9225.0
25546	1580.4	1842.1	9907.3
55911	1561.5	1766.1	9414.0
57088	1580.0	1833.1	10390.0
28900	1546.6	1711.8	9077.8
47653	1560.5	1780.3	9294.8
14624	1562.6	1845.5	9542.1
41813	1553.9	1769.4	9311.3
8080	1560.7	1799.3	9592.0
16673	1547.5	1744.7	9223.8
36869	1563.5	1778.2	9473.3
23636	1549.4	1763.8	9091.0
25092	1561.3	1795.1	9509.4
31879	1559.3	1786.2	9546.1
37500	1550.3	1794.6	9264.9
37336	1564.9	1850.4	9668.8
14285	1562.7	1803.1	9605.7
48081	1559.4	1804.1	9535.6
37540	1542.2	1748.2	9192.8
7143	1563.6	1823.5	9439.4
44551	1556.4	1779.8	9322.4
35458	1560.7	1772.5	9435.8
11689	1569.1	1852.3	10009.8
36476	1567.3	1853.3	9605.0
20828	1562.5	1760.1	9323.2
29777	1557.7	1862.7	9497.2
20448	1547.2	1752.7	8998.6
34944	1570.5	1858.6	9762.6
25464	1558.7	1802.2	9333.6
11049	1559.6	1810.3	9543.1
57361	1548.9	1775.8	9163.5
58186	1561.2	1828.7	9711.9
38241	1527.2	1708.5	8895.0
26486	1565.7	1815.9	9552.6
58792	1564.1	1804.0	9476.7
242	1543.5	1746.3	9105.9
53852	1566.1	1773.1	9479.1
40013	1554.3	1834.4	9740.3
19355	1554.4	1781.9	9355.6
23849	1552.8	1776.6	9287.4
59551	1569.0	1808.7	9649.7
16256	1562.6	1836.7	9488.4
52358	1537.0	1771.9	9302.0
6203	1559.9	1804.8	10156.8
31126	1564.3	1769.7	9278.6
48238	1561.1	1769.1	9450.7
1406	1557.4	1831.0	9405.6
55567	1583.5	1870.5	10031.1
41089	1581.6	1880.4	10196.0
17281	1558.8	1758.9	9319.3
29564	1576.2	1854.5	9681.5
29647	1545.2	1779.0	9313.0
1637	1546.6	1786.4	9435.9
15508	1562.0	1774.1	9511.6
35643	1569.8	1854.3	9785.2
18943	1556.3	1802.9	9308.8
19705	1554.4	1793.9	9362.8
24190	1557.5	1777.6	9530.2
13435	1568.7	1797.0	9761.9
19018	1571.9	1798.1	9634.7
15288	1564.8	1765.8	9397.7
50098	1561.0	1851.5	9775.6
20990	1565.5	1795.3	9534.9
4428	1541.7	1754.7	9234.7
38288	1551.0	1798.2	9186.8
46089	1582.5	1834.8	10461.9
9418	1561.6	1803.1	9429.1
31020	1567.4	1827.0	9634.1
44425	1551.7	1752.1	9258.6
365	1567.3	1918.0	9752.8
50371	1547.4	1759.1	9254.2
42893	1559.2	1756.5	9269.9
5069	1559.3	1821.6	9541.4
53484	1561.4	1767.0	9580.4
56639	1559.4	1841.8	9716.8
34355	1559.1	1848.1	9690.0
30434	1569.3	1813.6	9722.1
23767	1550.1	1748.4	9230.1
33529	1565.8	1824.9	9567.7
55892	1571.2	1863.1	9663.2
45014	1556.1	1832.4	9681.4
5871	1556.3	1810.4	9511.6
50507	1573.9	1847.3	9687.5
31607	1546.3	1743.9	9034.7
46765	1557.2	1815.2	9543.1
22389	1545.9	1775.1	9323.2
20415	1564.9	1829.6	9587.5
37594	1570.7	1801.8	9652.4
6544	1560.5	1795.8	9467.5
14839	1559.5	1814.4	9504.7
22177	1550.0	1767.7	9457.5
3584	1564.9	1804.1	9641.8
44860	1559.7	1815.6	9384.0
19629	1576.0	1857.9	10014.8
39500	1558.0	1830.0	10254.6
10792	1563.4	1818.2	9583.8
16109	1573.3	1888.4	9667.4
41332	1576.6	1825.1	9687.9
45843	1554.0	1764.2	9299.3
19239	1551.8	1761.6	9348.3
1849	1563.1	1859.5	9714.9
18271	1554.3	1789.7	9351.5
31005	1555.3	1817.7	9372.9
24070	1568.7	1841.8	9773.7
24919	1559.6	1807.0	9520.6
7908	1577.1	1820.6	9517.8
56998	1560.5	1752.1	9364.4
41007	1566.3	1836.9	9800.0
29892	1556.7	1752.1	9285.1
23345	1544.6	1755.0	9113.0
39950	1567.1	1825.9	9649.1
47383	1563.6	1782.4	9457.0
832	1564.4	1834.2	9718.1
41580	1562.9	1818.6	9698.5
59210	1565.5	1811.8	9549.4
24918	1567.6	1791.1	9442.1
37283	1565.9	1822.8	10213.8
56347	1550.8	1759.3	9190.1
385	1563.7	1831.8	9604.3
4543	1568.4	1868.1	9693.7
20333	1556.0	1772.0	9372.4
47524	1556.8	1825.9	9540.7
53957	1557.1	1789.5	9506.3
20909	1554.4	1763.7	9281.0
46539	1557.1	1776.3	9310.0
1854	1572.6	1831.5	9647.2
34509	1567.4	1814.5	9803.3
15982	1556.8	1809.1	9261.5
10820	1559.0	1761.8	9428.4
1495	1553.6	1800.7	9405.2
56030	1558.3	1778.8	9302.7
10087	1556.5	1811.3	9341.5
42897	1554.1	1798.6	9402.0
36205	1574.1	1848.7	9704.4
2750	1553.4	1805.6	9548.6
51100	1554.3	1825.9	9466.3
16788	1562.9	1824.0	9514.0
48535	1545.9	1761.9	9320.6
20236	1545.8	1744.7	9031.6
3735	1572.2	1811.7	9500.7
28391	1564.8	1861.7	9637.5
11688	1553.2	1770.2	9243.1
28752	1561.8	1792.1	9829.4
51998	1559.6	1783.4	9425.4
44001	1554.0	1763.7	9152.6
1816	1567.4	1830.3	9616.5
37295	1556.4	1795.8	9368.7
56525	1565.9	1807.5	9871.1
39023	1557.8	1804.3	9423.0
50633	1562.9	1811.5	9421.5
43562	1551.9	1761.5	9159.7
54162	1566.0	1836.6	9829.7
49980	1569.1	1824.8	9540.3
23321	1548.6	1766.4	9178.4
35075	1555.0	1796.0	9414.6
21340	1567.1	1867.3	9848.2
1150	1558.5	1824.3	9440.1
36848	1548.0	1792.1	9357.4
2614	1563.4	1746.8	9457.4
8707	1564.9	1815.6	9368.1
45139	1566.4	1845.1	9597.7
53347	1555.4	1772.1	9364.9
10350	1548.5	1769.7	9143.1
50169	1550.9	1776.1	9453.0
628	1571.4	1819.4	9532.2
11710	1547.3	1786.9	9316.6
29849	1575.3	1842.1	10152.6
46515	1549.5	1769.2	9249.5
10657	1582.1	1910.4	9999.4
16259	1574.5	1823.3	9729.4
41785	1548.1	1814.1	9621.5
13097	1556.2	1802.4	9505.5
44869	1557.4	1805.3	9916.8
19492	1577.0	1818.2	9793.3
36492	1556.2	1753.0	9189.1
25683	1565.2	1766.8	9427.4
24338	1557.5	1822.2	9639.6
25219	1555.5	1800.1	9399.2
22261	1542.9	1766.2	9159.8
5087	1559.4	1778.2	9337.1
52632	1559.8	1800.6	9473.8
27549	1570.7	1797.2	9504.8
25283	1568.3	1802.0	9675.8
15400	1549.6	1738.9	9172.2
16232	1561.7	1842.5	9652.3
33798	1561.1	1804.7	9363.6
7504	1557.2	1775.0	9460.5
43489	1558.9	1759.3	9324.5
15205	1565.0	1815.2	9606.3
19301	1571.3	1844.6	9726.4
48794	1568.0	1813.5	9447.6
1397	1561.9	1857.1	9662.5
19723	1562.4	1754.4	9366.2
19703	1550.9	1747.3	9235.7
15867	1558.6	1807.8	9411.5
43906	1564.3	1813.6	9754.8
31316	1568.1	1851.1	9712.2
56803	1555.8	1755.5	9360.1
56231	1567.3	1860.2	9634.7
44861	1569.0	1824.4	9531.6
3206	1563.1	1855.9	9831.1
997	1543.2	1773.6	9093.2
43025	1553.3	1797.1	9419.5
30762	1561.2	1838.6	9572.9
52566	1561.6	1810.4	9634.5
16029	1550.4	1712.1	9135.9
30419	1557.9	1823.5	9380.4
20939	1567.6	1787.4	9465.0
11271	1570.0	1833.5	9545.3
27872	1575.7	1834.3	9928.1
12399	1576.0	1837.6	9694.6
56502	1563.7	1801.3	9539.7
36828	1571.0	1837.8	9587.1
15096	1560.9	1866.6	9830.0
3665	1556.0	1807.5	9540.4
31813	1550.1	1787.9	9314.9
28440	1568.1	1819.1	9778.6
16103	1565.7	1787.8	9477.8
16771	1555.4	1784.3	9250.6
35428	1567.0	1815.0	9461.5
44208	1560.8	1802.3	9590.1
52523	1566.1	1806.4	9443.8
37747	1549.3	1785.8	9270.5
39750	1552.7	1770.1	9333.8
49097	1555.6	1818.8	9806.1
31328	1548.3	1758.4	9347.7
18965	1571.1	1857.5	9686.6
47495	1567.8	1825.7	9767.3
47142	1554.0	1777.6	9292.4
27913	1563.7	1810.4	9495.6
52426	1552.0	1775.5	9351.4
12660	1564.6	1821.9	9592.1
7350	1562.0	1803.3	9502.7
33082	1566.6	1793.9	9621.1
29960	1561.8	1790.3	9568.1
53733	1565.7	1820.3	9732.8
31081	1559.2	1798.2	9505.4
50565	1560.7	1723.3	9411.9
55953	1565.7	1847.6	9896.8
35454	1562.0	1818.6	9991.0
42766	1551.0	1794.0	9414.9
15437	1549.8	1798.5	9416.9
4257	1559.5	1806.2	9448.1
57202	1565.8	1806.9	9552.7
42392	1550.5	1732.1	9152.4
46549	1553.4	1756.5	9253.4
25541	1582.2	1871.4	9855.7
38381	1561.0	1809.3	9723.9
30006	1562.7	1790.0	9381.8
41906	1570.8	1817.2	9719.4
25533	1558.6	1792.2	9420.7
7544	1547.3	1752.8	9222.6
41354	1560.8	1769.3	9476.9
47973	1556.3	1743.1	9336.5
11940	1563.7	1806.3	9610.7
51665	1582.1	1832.5	9766.3
36650	1553.5	1826.3	9561.6
45181	1558.6	1808.2	9416.2
24397	1567.4	1823.2	9474.8
19956	1566.1	1825.0	9555.7
2822	1562.5	1854.7	9687.7
24221	1546.9	1745.5	9033.8
49964	1563.6	1793.0	9392.9
44052	1560.1	1793.6	9287.5
13441	1558.2	1752.1	9455.0
55487	1555.0	1830.9	9609.4
36441	1559.3	1798.0	9658.6
9087	1573.3	1846.5	9791.1
58796	1553.7	1771.4	9269.9
52456	1568.5	1849.7	9685.1
3146	1561.9	1795.3	9272.7
1428	1556.6	1783.2	9274.4
21105	1550.4	1737.6	9145.4
57153	1557.0	1820.6	9460.5
48632	1559.8	1835.3	9475.2
29443	1559.2	1775.4	9467.8
29324	1565.6	1789.3	9667.7
47287	1559.1	1785.3	9404.4
58508	1557.2	1761.2	9531.7
18999	1559.3	1743.6	9227.0
44784	1570.7	1777.3	9650.6
21043	1565.4	1820.4	9751.5
36495	1574.6	1838.5	9716.1
32480	1563.2	1806.5	9352.1
35525	1545.5	1786.8	9486.0
21403	1562.3	1776.9	9509.3
23661	1571.7	1803.1	9496.6
48010	1573.6	1862.1	9665.7
36036	1553.5	1801.4	9559.2
41778	1558.0	1804.8	9438.4
44186	1566.7	1821.5	9520.4
49831	1568.1	1785.5	9574.9
54222	1570.5	1846.3	9691.5
37337	1576.4	1915.3	10014.3
13217	1556.4	1777.4	9498.7
23195	1553.6	1776.8	9552.8
44972	1562.7	1805.2	9451.5
22158	1555.0	1761.1	9291.1
25459	1561.9	1776.6	9765.7
32418	1565.9	1818.9	9508.1
27002	1566.7	1863.2	9754.8
3066	1556.4	1803.2	9393.1
12433	1565.1	1778.1	9475.5
32640	1566.8	1831.1	9515.0
6338	1558.2	1760.6	9226.7
6125	1572.9	1826.5	9885.9
21816	1556.2	1839.2	9665.3
55096	1545.9	1761.9	9486.0
18991	1558.9	1767.8	9382.9
15540	1555.2	1759.3	9354.0
55010	1562.4	1800.6	9483.0
57002	1572.8	1836.0	9602.1
19430	1553.6	1801.3	9743.2
30615	1556.6	1784.7	9311.7
20435	1565.4	1807.6	9748.7
