6216	1116.3	1351.0	2316.3
3151	1110.9	1335.3	2285.9
5824	1118.5	1357.1	2348.3
919	1116.6	1408.3	2381.9
1693	1122.7	1369.4	2376.3
2938	1105.3	1360.5	2285.3
3065	1108.9	1345.4	2396.8
8341	1109.2	1310.6	2274.7
3499	1115.7	1354.0	2309.5
7582	1126.5	1369.3	2475.4
5904	1113.5	1329.9	2262.6
1876	1121.5	1341.2	2348.0
9619	1116.7	1367.4	2362.6
420	1110.1	1308.4	2290.5
4328	1114.2	1440.8	2453.6
4177	1119.9	1330.7	2299.4
6617	1127.9	1411.5	2482.5
3918	1117.6	1330.4	2363.4
6337	1113.1	1293.5	2270.0
6819	1113.3	1368.0	2364.4
2221	1118.7	1333.2	2319.1
6326	1100.6	1302.1	2207.8
230	1115.0	1361.0	2434.8
6013	1119.8	1394.3	2469.1
8925	1121.3	1372.2	2392.2
6360	1109.3	1347.3	2294.5
1233	1131.7	1458.0	2555.8
3419	1121.6	1354.1	2408.4
8478	1111.1	1338.1	2319.6
4145	1111.6	1357.3	2327.4
9413	1110.8	1346.1	2264.9
8889	1115.3	1398.5	2474.2
1862	1122.7	1369.5	2370.1
6848	1111.4	1311.4	2300.3
8039	1116.4	1395.2	2387.0
7996	1112.7	1281.1	2259.5
6462	1112.9	1360.8	2340.7
1221	1112.3	1335.1	2303.8
6174	1116.6	1356.2	2298.4
2013	1110.9	1346.0	2304.9
33	1115.0	1439.6	2413.9
7923	1122.7	1392.1	2409.0
7426	1111.1	1295.4	2300.1
8754	1101.6	1365.4	2285.8
2058	1114.7	1390.5	2298.6
572	1111.9	1339.1	2301.2
9443	1116.0	1351.4	2331.4
170	1113.3	1324.4	2251.2
3760	1110.0	1393.9	2382.5
7155	1116.7	1375.2	2356.9
2152	1122.6	1352.9	2387.3
2165	1108.0	1289.9	2223.7
5092	1114.0	1366.3	2340.3
4060	1113.7	1395.3	2326.1
8174	1117.2	1348.5	2316.7
3329	1112.0	1339.8	2300.6
4013	1114.9	1398.8	2343.3
1143	1120.3	1389.2	2432.7
9989	1114.8	1375.9	2334.2
1398	1126.2	1446.3	2616.7
2356	1120.8	1383.0	2379.8
4857	1116.1	1329.9	2299.9
1541	1120.4	1361.9	2360.8
1828	1114.1	1312.2	2317.2
7491	1119.7	1423.5	2441.0
8046	1116.4	1374.2	2367.4
9072	1106.7	1289.3	2222.0
9681	1118.2	1329.5	2296.8
9983	1115.2	1362.0	2314.5
5866	1117.3	1359.2	2335.6
7198	1123.0	1358.8	2373.3
5240	1116.7	1349.9	2349.7
7537	1115.4	1357.0	2308.8
3059	1112.9	1331.2	2322.9
8142	1112.0	1349.1	2268.8
4454	1111.2	1364.5	2342.7
9629	1114.0	1362.6	2331.4
4997	1109.5	1324.4	2270.4
2864	1109.9	1376.0	2328.5
9470	1112.8	1353.0	2377.7
630	1112.6	1360.3	2351.0
9672	1120.3	1364.1	2346.6
1598	1109.3	1305.0	2288.1
7266	1122.3	1437.7	2502.0
2565	1107.2	1323.5	2285.3
6084	1103.5	1285.3	2224.5
9129	1121.2	1377.5	2352.2
3416	1105.3	1300.9	2243.0
6190	1107.2	1362.3	2320.8
7859	1112.8	1313.8	2286.0
8892	1111.1	1313.1	2262.5
655	1123.0	1396.1	2410.2
6464	1112.9	1366.9	2379.6
3183	1117.3	1359.4	2324.4
4474	1114.6	1361.6	2401.1
5374	1120.2	1356.8	2351.5
508	1123.3	1339.6	2370.7
7203	1111.3	1365.4	2340.5
3049	1120.2	1381.4	2333.2
9277	1118.8	1339.9	2303.5
284	1110.1	1323.8	2276.8
9245	1116.4	1378.4	2352.6
2636	1109.7	1331.3	2272.9
5419	1113.0	1346.0	2257.9
3559	1119.7	1399.3	2417.8
7628	1120.1	1412.6	2418.2
3764	1124.3	1357.6	2368.7
8999	1111.9	1363.7	2342.3
4695	1116.6	1338.8	2306.4
388	1122.0	1377.3	2327.9
7465	1111.8	1326.9	2241.9
6383	1116.8	1357.9	2310.3
9871	1116.7	1376.6	2337.0
3868	1121.7	1388.2	2408.9
5340	1124.8	1448.0	2405.3
1624	1119.7	1376.0	2384.8
9554	1123.2	1424.1	2419.6
3207	1114.8	1365.9	2344.4
7079	1113.4	1407.0	2387.6
1491	1115.5	1365.9	2334.7
5302	1105.0	1315.4	2239.4
3985	1110.5	1369.4	2309.0
4452	1115.1	1353.6	2305.7
8435	1115.5	1356.0	2324.9
877	1114.0	1388.0	2309.4
6039	1115.3	1378.7	2371.8
4339	1127.7	1395.7	2452.0
8105	1117.8	1389.9	2377.9
2620	1111.4	1327.1	2337.6
1947	1112.2	1343.2	2343.0
5287	1112.2	1386.2	2306.3
9293	1116.1	1388.3	2349.9
7357	1098.7	1312.4	2211.3
7216	1112.1	1381.8	2336.0
571	1117.1	1369.0	2310.3
5312	1126.6	1408.2	2427.7
6845	1120.0	1400.4	2408.0
6716	1113.1	1343.9	2318.9
3878	1109.6	1343.4	2285.0
5889	1121.0	1428.7	2456.3
9957	1113.1	1303.4	2308.4
3699	1120.2	1381.9	2377.0
3037	1111.0	1341.0	2321.6
6573	1115.9	1382.6	2308.9
964	1112.0	1393.4	2328.0
4480	1125.6	1422.9	2412.3
2393	1113.0	1319.8	2371.0
4308	1114.0	1384.9	2351.6
6440	1105.6	1361.3	2290.1
8336	1109.5	1331.5	2278.4
6616	1106.0	1305.4	2361.0
3086	1116.5	1371.5	2376.7
5422	1118.7	1386.8	2356.8
9617	1110.8	1376.2	2392.8
2164	1104.9	1273.0	2213.6
2995	1103.6	1335.0	2259.4
8035	1116.4	1316.0	2315.9
3259	1113.0	1336.0	2326.7
2824	1106.1	1337.0	2302.5
9686	1119.0	1338.2	2305.6
755	1125.4	1389.9	2357.0
4518	1112.2	1335.7	2315.0
3445	1121.8	1366.7	2348.5
6542	1120.8	1389.8	2368.8
8104	1121.3	1401.9	2417.7
6241	1120.6	1373.3	2351.7
5270	1107.4	1380.2	2374.9
5742	1117.0	1388.7	2354.1
7989	1107.4	1299.6	2244.8
3262	1114.9	1329.0	2362.7
3556	1116.2	1374.0	2361.0
993	1124.1	1371.4	2379.1
9924	1115.8	1417.4	2401.7
9133	1117.6	1387.5	2387.3
5140	1118.7	1357.5	2318.4
6100	1115.5	1391.6	2391.2
7755	1116.8	1407.1	2328.0
7319	1115.3	1359.5	2348.3
146	1116.5	1387.1	2321.1
226	1114.5	1343.3	2324.6
7215	1118.5	1392.8	2368.2
6801	1112.1	1363.9	2333.9
7678	1113.9	1325.6	2314.9
3440	1125.1	1365.6	2366.4
8458	1123.8	1374.4	2385.0
1625	1120.7	1376.5	2369.6
1667	1131.5	1454.0	2488.7
3682	1119.9	1359.6	2420.4
7050	1119.5	1394.2	2370.0
4761	1105.2	1322.3	2233.9
4638	1113.9	1357.7	2325.5
3969	1114.5	1333.6	2334.2
8063	1114.5	1331.1	2388.4
9333	1107.7	1319.8	2272.0
5174	1108.2	1329.6	2288.7
5592	1111.2	1306.2	2250.7
7964	1108.8	1340.7	2375.1
6877	1102.0	1312.7	2211.9
3267	1114.2	1388.2	2305.6
3121	1105.8	1295.8	2223.2
9162	1111.0	1348.7	2276.8
2663	1126.9	1376.1	2406.2
713	1118.4	1386.3	2338.8
8709	1106.4	1326.9	2285.1
9958	1114.9	1359.1	2321.5
6915	1124.8	1386.5	2537.4
5657	1121.1	1410.7	2583.1
8305	1111.4	1336.2	2253.8
4204	1115.8	1359.7	2371.6
243	1113.1	1339.5	2337.8
8760	1123.3	1403.3	2399.1
901	1109.8	1367.6	2268.4
3461	1125.3	1426.1	2446.8
5056	1117.4	1367.2	2330.4
362	1117.2	1365.9	2342.9
135	1112.1	1329.7	2310.5
6386	1119.9	1396.6	2419.9
8427	1114.4	1370.6	2352.8
3170	1112.3	1351.2	2325.0
560	1111.5	1354.3	2322.0
8394	1118.1	1375.1	2320.0
6646	1117.4	1392.9	2359.1
4739	1119.7	1347.1	2386.2
6246	1122.0	1407.8	2501.3
3007	1114.4	1268.8	2247.7
6404	1113.0	1358.3	2315.3
8672	1119.5	1330.6	2364.7
3152	1115.3	1364.3	2394.1
40	1115.8	1362.6	2355.6
4488	1110.0	1355.2	2299.1
7302	1109.5	1374.8	2335.6
663	1115.5	1395.3	2349.4
1556	1119.1	1356.2	2326.8
6352	1125.4	1380.4	2422.2
1873	1122.3	1379.4	2407.5
2566	1120.6	1368.0	2368.8
5267	1114.3	1362.9	2309.1
6971	1116.5	1372.4	2351.7
4660	1116.1	1353.6	2365.3
9062	1119.2	1342.5	2325.6
3794	1115.3	1404.0	2356.6
626	1113.7	1332.9	2322.4
7960	1114.2	1381.9	2325.3
683	1110.7	1284.9	2253.2
4127	1107.9	1355.1	2296.9
6374	1118.2	1377.7	2386.2
530	1113.1	1336.9	2303.7
7256	1118.4	1365.1	2313.1
1069	1112.6	1378.1	2332.1
1064	1109.4	1348.9	2352.4
1208	1118.1	1354.4	2340.8
8789	1114.3	1342.4	2333.7
9698	1118.2	1321.6	2329.9
3225	1119.4	1386.0	2431.7
3960	1115.5	1359.9	2325.4
2358	1111.7	1351.3	2318.5
6928	1107.3	1374.4	2292.2
5862	1118.1	1379.1	2378.7
2051	1113.1	1360.6	2366.7
4592	1115.8	1382.8	2435.5
3516	1105.0	1356.2	2256.2
3816	1129.5	1425.1	2445.2
3269	1111.6	1410.4	2356.8
2162	1122.5	1376.6	2389.3
9997	1113.5	1363.2	2308.4
5676	1121.4	1426.4	2426.4
9872	1120.9	1367.3	2339.0
3593	1116.9	1334.8	2271.7
1024	1104.6	1278.7	2259.7
2932	1120.3	1363.2	2309.9
621	1112.7	1338.2	2365.3
2157	1117.6	1396.9	2383.1
1177	1115.1	1360.1	2474.5
54	1107.9	1372.3	2315.6
831	1120.6	1352.9	2338.0
382	1110.1	1364.7	2319.4
7253	1114.2	1381.1	2348.8
5793	1112.6	1310.2	2314.3
8037	1120.5	1389.5	2357.3
6752	1109.0	1326.2	2283.0
2154	1114.0	1373.9	2340.4
2542	1111.3	1379.5	2372.0
5990	1113.4	1376.3	2357.5
2313	1109.8	1329.7	2280.6
233	1110.7	1336.6	2314.2
5703	1115.7	1379.2	2313.9
79	1116.5	1350.4	2386.2
9127	1113.9	1367.5	2291.3
3628	1117.6	1368.4	2310.0
9749	1119.4	1344.5	2338.9
1762	1114.1	1356.8	2325.9
1908	1116.3	1335.6	2341.4
4891	1106.0	1297.3	2246.4
6905	1121.2	1400.8	2393.4
5459	1118.8	1361.2	2401.5
2717	1115.4	1363.4	2313.2
2564	1110.7	1377.9	2333.7
4432	1102.2	1329.7	2252.8
4293	1113.4	1338.4	2272.2
2886	1112.7	1359.3	2317.0
8444	1121.5	1382.6	2396.7
7546	1120.6	1401.3	2553.1
1586	1109.3	1406.5	2404.6
7668	1115.5	1335.6	2292.7
4444	1119.9	1377.0	2382.0
1707	1121.5	1331.0	2346.1
721	1118.8	1384.6	2356.3
3238	1105.5	1321.0	2267.0
9866	1115.6	1362.0	2330.5
7321	1106.1	1332.2	2285.8
1499	1109.4	1346.6	2313.9
9717	1112.9	1364.2	2276.2
4831	1123.1	1315.4	2361.3
1681	1112.1	1345.9	2358.4
9448	1115.4	1367.5	2360.9
5720	1108.2	1332.8	2249.8
3212	1128.1	1432.7	2407.7
2297	1110.4	1367.3	2311.7
5940	1118.2	1368.7	2320.2
4666	1119.3	1378.8	2336.0
1867	1123.3	1354.0	2390.6
8325	1114.6	1344.0	2300.2
6321	1113.7	1322.6	2298.3
8818	1116.7	1368.1	2365.9
5948	1129.1	1390.8	2393.7
7603	1114.8	1356.2	2321.0
8579	1115.3	1359.9	2327.9
6872	1121.1	1382.1	2392.2
222	1123.6	1376.9	2372.6
5621	1113.1	1303.9	2272.4
5596	1116.2	1361.3	2325.8
4813	1114.9	1342.1	2334.6
8619	1112.0	1318.3	2353.8
9222	1108.6	1308.1	2263.1
6628	1131.2	1407.5	2471.5
5081	1123.3	1388.1	2354.6
846	1109.9	1342.4	2347.6
7669	1117.1	1365.2	2335.0
7866	1119.8	1351.6	2398.6
1993	1124.1	1407.9	2437.5
5946	1107.4	1310.9	2234.2
9729	1112.2	1302.0	2305.5
8080	1102.2	1349.8	2258.1
5790	1115.2	1305.9	2317.3
7184	1116.3	1347.8	2338.7
1511	1111.9	1358.6	2302.2
7804	1113.2	1357.2	2298.9
7060	1111.1	1344.0	2278.1
7503	1120.2	1403.6	2348.1
835	1122.9	1391.7	2385.0
7142	1122.4	1386.9	2443.9
6015	1109.1	1407.3	2382.0
4419	1121.9	1315.0	2299.7
4311	1109.6	1346.4	2260.4
3610	1112.9	1331.4	2313.0
4341	1116.9	1342.2	2339.7
8431	1122.7	1353.4	2346.0
4529	1114.5	1335.2	2302.0
2144	1110.7	1342.6	2290.9
3843	1109.5	1394.0	2317.6
8121	1110.3	1339.9	2268.7
4540	1112.7	1341.4	2284.2
5609	1115.5	1374.2	2335.0
5594	1124.4	1410.8	2422.7
3082	1112.8	1357.0	2316.8
1807	1109.4	1322.4	2264.5
4705	1116.0	1365.4	2304.6
9346	1116.8	1374.7	2377.8
3429	1112.4	1362.6	2341.7
8620	1108.7	1350.6	2247.0
9403	1117.5	1376.3	2330.8
4356	1115.8	1340.9	2342.6
3056	1122.1	1363.4	2353.0
4872	1115.1	1352.6	2308.1
7295	1120.8	1431.2	2448.2
6080	1112.6	1376.8	2442.2
2148	1107.9	1327.8	2272.1
3184	1122.4	1383.5	2396.4
1305	1118.1	1375.5	2422.2
7294	1117.1	1375.6	2368.4
9899	1109.5	1342.0	2272.7
3755	1114.7	1366.2	2342.0
3691	1119.6	1402.6	2446.5
2386	1112.1	1362.3	2315.3
9709	1121.2	1373.3	2361.9
4162	1125.7	1398.0	2420.0
6242	1100.4	1319.4	2263.5
7916	1114.4	1337.3	2349.5
8171	1124.3	1370.4	2366.3
650	1116.8	1373.2	2325.6
357	1115.6	1388.4	2396.1
3272	1109.2	1346.6	2299.4
4422	1112.1	1384.2	2388.6
6006	1116.5	1426.6	2448.7
6583	1115.4	1335.5	2316.0
9995	1118.4	1426.9	2440.7
3328	1120.3	1339.7	2359.5
2098	1108.0	1355.4	2422.0
5971	1109.9	1367.9	2328.0
8757	1109.6	1335.1	2337.6
9095	1112.2	1309.6	2302.9
1037	1120.4	1392.6	2366.7
8532	1121.1	1367.8	2347.0
5680	1123.0	1397.6	2379.6
1450	1115.6	1404.4	2421.3
3815	1114.4	1374.0	2317.8
3834	1115.4	1367.1	2374.0
3312	1117.5	1385.1	2341.8
1988	1117.0	1402.2	2378.8
8288	1126.2	1349.0	2375.7
6977	1105.2	1384.1	2301.7
1319	1115.5	1342.3	2311.0
946	1108.1	1323.1	2249.7
8375	1117.6	1345.9	2347.9
414	1109.6	1341.0	2277.3
2233	1112.1	1345.0	2310.9
830	1113.0	1329.1	2270.0
2810	1113.3	1373.7	2341.2
5672	1117.7	1400.4	2366.4
2945	1109.5	1330.5	2261.4
435	1123.0	1401.3	2370.7
5746	1110.6	1385.9	2351.8
2778	1127.7	1396.6	2388.0
9429	1114.6	1367.8	2296.7
1494	1120.4	1384.0	2380.6
7718	1116.9	1386.2	2362.1
4046	1111.2	1274.1	2235.3
9710	1115.7	1351.2	2327.3
8813	1123.0	1472.3	2494.1
1877	1107.4	1330.8	2247.3
3034	1114.8	1327.5	2300.0
396	1113.6	1337.7	2289.9
4359	1118.4	1433.5	2421.3
7713	1112.9	1370.2	2338.5
2053	1122.2	1393.2	2397.0
6347	1109.0	1325.5	2291.6
5246	1109.9	1350.0	2277.5
2061	1117.0	1318.0	2309.7
9901	1120.0	1436.5	2406.6
8236	1113.1	1321.6	2307.3
9966	1117.3	1437.9	2354.1
8192	1126.5	1394.0	2434.1
3513	1112.5	1409.3	2395.4
1039	1121.3	1374.2	2435.4
9522	1115.1	1350.8	2324.8
1683	1110.4	1325.5	2296.0
4596	1115.7	1395.6	2469.2
6574	1116.9	1373.9	2320.9
9850	1121.1	1354.2	2385.6
6468	1115.1	1314.9	2315.8
5620	1117.2	1380.5	2346.9
9906	1111.5	1360.1	2313.1
8919	1116.9	1339.2	2329.5
2463	1116.0	1373.9	2308.3
9798	1097.3	1292.8	2222.5
5750	1111.6	1344.3	2292.9
7575	1117.6	1379.2	2315.5
7742	1123.7	1438.4	2508.2
9811	1124.8	1379.7	2365.2
1291	1112.6	1367.0	2344.2
5480	1123.4	1348.5	2379.2
9701	1114.3	1324.5	2336.5
2178	1136.8	1420.0	2462.1
8163	1111.3	1325.2	2317.2
2022	1116.2	1331.5	2255.8
1447	1121.0	1346.9	2309.8
183	1115.8	1350.5	2354.8
9435	1108.2	1304.3	2285.1
6663	1114.9	1366.0	2329.6
1710	1114.6	1366.7	2342.7
5281	1111.4	1344.1	2271.9
9394	1113.3	1367.5	2335.6
6673	1117.5	1356.5	2271.3
4750	1126.7	1413.6	2449.5
3910	1120.7	1375.3	2426.5
3150	1118.1	1363.6	2314.7
3811	1122.2	1382.5	2394.7
9605	1114.2	1368.0	2281.6
2910	1116.3	1399.2	2339.2
9454	1128.0	1373.8	2357.0
2589	1112.2	1337.9	2278.9
8395	1120.9	1367.0	2324.5
4943	1111.2	1324.6	2302.5
5692	1116.4	1334.3	2298.2
6026	1121.3	1423.3	2446.9
3255	1116.4	1374.3	2343.8
7958	1117.7	1402.7	2408.4
6528	1118.0	1372.6	2385.5
8160	1120.2	1363.1	2372.9
5083	1120.3	1378.2	2382.4
2907	1108.2	1344.2	2321.7
2598	1123.9	1376.3	2384.1
5635	1112.8	1365.1	2291.9
7994	1111.9	1361.0	2372.3
8695	1106.2	1326.0	2279.4
4069	1119.8	1374.9	2366.3
865	1119.2	1386.3	2356.9
7681	1112.8	1376.9	2366.6
470	1110.8	1345.7	2274.6
5404	1120.6	1385.6	2332.0
9929	1115.0	1348.6	2324.9
1880	1118.4	1378.6	2324.8
8202	1112.2	1372.3	2291.5
739	1127.0	1342.7	2353.0
837	1104.0	1311.8	2218.3
1747	1105.7	1360.4	2292.0
7586	1118.0	1416.4	2357.1
7621	1114.1	1306.6	2301.0
3345	1119.3	1380.1	2350.9
9084	1119.6	1398.6	2411.2
8528	1119.1	1403.9	2403.1
531	1118.6	1390.0	2393.1
6991	1122.0	1434.3	2407.6
3110	1116.5	1394.9	2379.8
1165	1117.2	1422.7	2396.1
5256	1117.1	1368.2	2334.8
7527	1124.3	1393.7	2402.1
4918	1114.7	1359.4	2338.4
8390	1126.4	1375.6	2408.4
14	1118.6	1365.1	2335.1
6996	1115.0	1400.0	2400.3
7901	1125.4	1428.9	2437.4
3532	1109.5	1324.4	2236.9
2521	1122.0	1383.2	2402.4
4479	1125.8	1424.9	2480.8
5515	1118.7	1377.6	2348.2
4686	1110.6	1307.4	2252.6
1971	1119.8	1360.4	2503.4
9252	1112.1	1373.1	2384.6
652	1113.8	1347.6	2309.1
762	1112.4	1354.2	2289.5
3849	1116.0	1399.0	2422.2
6832	1114.0	1370.7	2377.9
2002	1116.3	1387.7	2383.3
1451	1104.4	1316.7	2251.5
6850	1106.2	1335.7	2271.9
8864	1115.6	1395.8	2354.1
4030	1119.6	1399.5	2370.6
1950	1109.2	1344.0	2296.3
102	1131.2	1397.4	2438.1
6139	1126.5	1359.6	2359.1
8290	1100.9	1299.9	2247.5
2030	1117.5	1390.8	2341.0
8092	1113.0	1350.6	2307.3
8215	1114.1	1363.4	2333.9
4557	1121.3	1387.1	2358.2
8188	1112.1	1342.0	2272.3
7715	1119.9	1396.6	2317.0
291	1113.4	1341.6	2304.3
1185	1113.7	1355.4	2301.0
8452	1122.5	1368.6	2399.3
8940	1121.7	1375.7	2392.0
4747	1115.6	1392.9	2358.9
948	1112.2	1363.0	2300.8
3765	1114.7	1382.4	2338.8
3290	1111.9	1383.7	2322.5
1843	1115.8	1348.5	2336.2
6	1117.9	1378.4	2362.7
6967	1114.9	1317.4	2277.2
5191	1115.4	1361.5	2336.2
8714	1112.0	1331.5	2314.9
7667	1106.8	1310.6	2253.9
4262	1109.4	1323.2	2258.1
1593	1114.0	1390.4	2402.5
3456	1118.1	1382.1	2323.7
4079	1114.6	1349.3	2294.8
7412	1121.8	1419.0	2387.2
1780	1116.6	1335.4	2349.7
1829	1121.8	1408.4	2407.4
4450	1112.0	1385.7	2359.3
5303	1116.7	1337.0	2332.7
8753	1111.9	1332.7	2324.9
7736	1113.6	1318.8	2286.8
4321	1119.1	1405.5	2404.2
4627	1119.9	1375.4	2396.9
8687	1114.0	1317.7	2248.4
4276	1123.2	1404.9	2474.5
4965	1111.3	1361.6	2329.3
2405	1118.8	1422.2	2408.5
6503	1118.0	1384.8	2302.3
7138	1115.1	1374.0	2305.3
5897	1111.9	1346.6	2291.7
5695	1116.7	1337.7	2285.0
5663	1109.9	1358.8	2390.1
4000	1118.8	1343.0	2318.1
7281	1108.1	1370.9	2313.1
8425	1126.5	1427.7	2421.8
8445	1114.4	1342.3	2278.6
6947	1119.9	1426.8	2399.4
2461	1126.7	1412.3	2476.5
4703	1120.7	1364.4	2353.8
1784	1116.0	1347.2	2345.8
6834	1120.1	1357.6	2346.2
6064	1120.6	1399.7	2415.4
5159	1122.5	1335.1	2349.7
8014	1114.1	1429.5	2537.3
2579	1113.1	1396.3	2383.1
5668	1116.9	1384.2	2428.8
9549	1112.2	1289.1	2311.5
6585	1106.4	1317.9	2263.5
4	1104.0	1326.4	2264.5
7415	1112.5	1390.9	2363.9
8451	1108.5	1300.0	2271.1
7232	1120.0	1364.5	2393.4
9627	1114.5	1356.3	2358.8
8888	1116.4	1375.5	2324.4
9351	1112.2	1335.5	2322.1
6111	1107.3	1303.0	2271.5
9993	1125.3	1374.4	2378.0
8113	1120.3	1391.3	2331.1
7746	1110.5	1329.5	2305.7
7691	1110.2	1301.0	2261.9
6851	1114.7	1382.6	2316.1
4650	1111.2	1370.4	2322.0
5502	1106.2	1307.0	2257.8
6531	1115.4	1354.8	2350.9
4782	1112.6	1368.2	2360.9
2205	1117.8	1423.5	2357.2
6987	1107.6	1360.4	2351.6
2896	1118.8	1392.4	2380.3
3256	1111.4	1359.3	2311.2
3208	1119.4	1374.8	2370.8
1353	1115.6	1401.5	2442.0
7379	1120.8	1424.8	2430.9
3020	1114.6	1340.9	2324.8
5113	1109.6	1318.3	2288.4
3654	1119.6	1396.9	2391.2
7679	1115.5	1325.2	2289.8
1103	1122.7	1373.3	2355.5
7174	1107.2	1323.8	2268.1
5564	1115.8	1392.9	2412.0
6906	1119.4	1412.0	2425.5
6826	1110.0	1382.2	2317.7
9882	1112.3	1365.8	2319.4
5658	1120.4	1354.4	2393.0
5607	1120.6	1375.9	2340.7
4979	1119.8	1353.7	2347.1
109	1110.1	1323.5	2305.1
5210	1120.3	1401.0	2404.2
201	1105.0	1336.9	2292.8
3609	1118.2	1401.5	2434.8
6168	1111.5	1348.6	2285.6
3237	1119.3	1313.7	2316.9
9914	1127.9	1417.8	2426.7
5679	1093.7	1272.5	2166.9
1702	1111.9	1356.6	2300.4
8052	1110.7	1358.6	2309.9
9141	1117.7	1400.8	2372.0
2467	1109.7	1353.2	2315.5
7595	1115.0	1346.4	2308.5
5010	1115.3	1357.8	2276.0
2510	1110.6	1363.4	2314.5
92	1122.0	1372.5	2355.2
1617	1123.2	1352.1	2379.3
7661	1119.4	1349.1	2381.1
4631	1127.8	1381.8	2440.0
1787	1113.6	1368.4	2346.0
5852	1109.1	1337.1	2313.9
7246	1108.9	1359.6	2311.1
3401	1106.8	1308.0	2228.9
2174	1108.3	1335.7	2290.8
6066	1104.4	1352.9	2262.6
8164	1109.9	1314.7	2314.1
4461	1109.6	1379.4	2311.1
4266	1116.6	1352.4	2325.5
8269	1122.1	1381.2	2427.7
184	1113.6	1328.5	2337.2
8524	1119.4	1352.6	2324.5
5067	1112.4	1335.9	2325.8
801	1119.3	1365.0	2405.8
5108	1111.9	1367.8	2368.9
7273	1122.2	1399.8	2412.3
1296	1123.3	1397.5	2363.7
1435	1122.9	1398.5	2400.3
9124	1113.0	1413.5	2406.8
8681	1108.6	1383.0	2283.9
217	1110.9	1389.5	2351.0
1369	1117.9	1415.8	2490.5
3936	1111.2	1331.1	2280.2
4649	1116.3	1386.5	2345.1
5130	1106.0	1312.8	2247.7
7998	1113.7	1351.8	2305.1
2953	1110.1	1373.9	2313.2
6424	1122.1	1440.6	2425.4
1196	1110.5	1306.2	2264.9
468	1124.4	1359.4	2371.9
5042	1116.5	1384.5	2358.0
9308	1121.1	1376.5	2414.6
9016	1105.7	1390.5	2365.9
179	1116.8	1359.5	2466.2
2936	1110.4	1376.2	2294.8
5986	1104.7	1298.7	2276.9
9960	1114.1	1346.1	2284.1
8831	1112.0	1406.0	2340.0
6764	1117.1	1365.7	2394.2
6903	1113.1	1308.3	2286.4
8319	1108.7	1352.8	2300.0
4094	1114.4	1352.3	2392.9
1153	1118.9	1394.9	2400.8
8510	1121.0	1373.1	2495.4
1241	1116.5	1385.7	2396.3
7974	1115.0	1339.2	2291.0
3465	1112.3	1389.7	2305.4
6586	1125.0	1424.1	2407.5
2076	1117.2	1386.4	2399.3
43	1116.0	1425.9	2567.6
8914	1119.5	1370.8	2344.7
7538	1114.8	1300.7	2320.8
7812	1118.6	1353.2	2326.8
8886	1110.5	1343.7	2317.7
8536	1111.1	1366.2	2305.3
8591	1127.2	1393.2	2383.7
9173	1112.1	1356.8	2307.1
2788	1116.9	1378.6	2318.8
7852	1118.0	1371.3	2413.5
6299	1112.9	1344.0	2275.4
8466	1110.7	1355.0	2348.8
8858	1119.0	1386.4	2430.6
196	1119.7	1380.9	2339.6
2044	1109.6	1344.0	2321.6
549	1116.1	1370.3	2310.9
5838	1110.3	1337.4	2286.0
2337	1120.9	1410.6	2391.2
8894	1123.0	1395.7	2389.9
1173	1112.2	1363.9	2365.6
5716	1128.2	1393.8	2504.2
9431	1122.5	1369.8	2492.2
4165	1117.3	1366.4	2329.9
1183	1120.7	1425.0	2437.3
6825	1116.0	1326.8	2344.0
3876	1109.1	1334.1	2286.8
4621	1114.2	1378.3	2333.2
6452	1118.7	1366.8	2354.8
4397	1116.1	1393.1	2389.9
3299	1119.9	1350.9	2345.7
7891	1115.7	1342.2	2308.9
431	1117.5	1395.3	2375.1
5701	1118.4	1327.7	2284.3
779	1109.3	1313.6	2261.1
3728	1116.9	1339.0	2327.0
1160	1115.7	1396.4	2375.6
1128	1115.4	1360.3	2286.8
2814	1121.4	1347.5	2390.7
5893	1118.3	1380.7	2392.3
7576	1109.7	1411.9	2380.9
3040	1122.4	1381.5	2367.9
908	1128.1	1381.6	2417.1
7634	1120.7	1373.7	2382.0
9272	1107.8	1340.9	2303.7
5387	1123.9	1353.0	2368.7
2629	1109.7	1355.6	2345.1
2606	1115.9	1386.0	2344.0
2811	1124.4	1394.4	2379.9
9768	1107.3	1318.0	2295.0
853	1114.1	1357.1	2305.6
3138	1120.3	1410.7	2435.0
6370	1112.6	1332.8	2303.9
5977	1120.2	1409.2	2382.9
4507	1118.7	1351.5	2344.0
6020	1116.5	1355.8	2429.9
8459	1112.0	1332.0	2284.4
5411	1125.5	1387.1	2369.9
9455	1129.0	1396.7	2426.8
7070	1110.8	1293.2	2223.5
6594	1113.6	1387.9	2350.7
6880	1113.4	1383.1	2369.4
6023	1118.6	1349.3	2362.3
229	1122.2	1361.2	2345.6
9153	1114.2	1385.8	2325.1
1498	1115.7	1342.6	2377.5
8146	1121.1	1373.0	2386.3
997	1122.5	1416.6	2392.2
8507	1110.2	1331.1	2301.1
1035	1114.9	1342.9	2291.0
9374	1105.0	1309.0	2256.8
8844	1112.4	1370.1	2396.3
5913	1119.2	1327.1	2308.6
1312	1113.2	1351.3	2362.5
1995	1116.1	1344.7	2336.3
250	1111.8	1318.9	2327.5
7342	1123.9	1411.3	2453.7
5670	1109.9	1373.3	2388.6
7696	1120.4	1403.8	2449.8
5008	1115.4	1355.7	2280.8
7643	1105.6	1328.6	2302.9
1553	1109.1	1345.9	2358.0
7902	1120.4	1368.3	2383.2
3750	1119.4	1385.9	2413.8
4778	1126.5	1419.1	2421.1
6102	1112.6	1368.3	2306.2
5660	1114.7	1380.3	2340.5
5732	1117.9	1336.5	2334.6
5178	1114.1	1328.0	2294.7
2827	1117.9	1375.5	2376.8
7617	1118.4	1331.6	2318.7
5127	1119.2	1347.1	2321.7
5396	1112.8	1327.3	2317.7
2593	1114.0	1364.7	2434.6
2747	1114.8	1334.4	2320.8
6699	1116.6	1311.7	2287.6
5405	1114.6	1368.4	2340.9
3719	1109.8	1337.1	2306.2
9707	1111.5	1320.9	2265.6
9350	1117.4	1388.1	2398.3
1763	1119.5	1390.5	2340.2
1056	1123.0	1404.2	2356.2
6997	1119.2	1389.2	2407.2
9437	1115.8	1398.0	2484.9
3418	1114.0	1373.2	2421.4
5152	1111.9	1331.0	2332.2
9182	1117.9	1361.3	2375.4
9360	1120.8	1349.4	2370.0
9601	1118.1	1370.4	2329.5
2471	1116.6	1366.7	2378.7
1815	1105.3	1363.7	2281.2
8315	1114.4	1358.6	2333.3
7602	1115.6	1331.4	2305.3
3705	1111.1	1377.8	2328.2
8688	1116.5	1383.9	2323.3
7076	1109.4	1331.6	2265.6
287	1115.4	1359.4	2328.6
9107	1124.1	1417.4	2422.0
1952	1129.8	1383.2	2420.9
7214	1117.4	1350.5	2369.1
9950	1114.0	1358.6	2343.2
5432	1110.8	1355.8	2295.4
6722	1114.7	1337.8	2328.1
6397	1117.4	1322.3	2309.3
8280	1117.1	1422.6	2369.5
2306	1116.0	1340.5	2298.2
6289	1115.4	1359.1	2331.5
628	1116.5	1371.3	2363.9
7588	1105.5	1326.1	2219.7
7499	1106.2	1332.9	2277.1
5933	1118.0	1342.2	2438.2
3745	1118.1	1443.0	2422.7
736	1115.9	1366.5	2377.3
2448	1124.6	1363.3	2350.1
5100	1105.9	1365.0	2299.0
7683	1117.0	1355.9	2364.6
7293	1119.5	1363.5	2393.3
4970	1119.3	1351.5	2350.3
4392	1129.8	1416.5	2478.3
4381	1113.7	1327.6	2303.5
6876	1108.8	1354.9	2344.0
5391	1114.1	1386.6	2361.6
8488	1108.4	1353.6	2354.1
7456	1113.3	1363.5	2456.3
1493	1118.2	1311.5	2325.2
2729	1117.9	1339.0	2308.5
8051	1118.1	1344.1	2317.0
7121	1113.4	1382.7	2330.1
5532	1119.0	1390.4	2328.6
3073	1115.0	1302.8	2313.1
232	1114.9	1316.6	2338.8
8383	1106.4	1349.3	2384.9
4668	1109.7	1339.6	2304.7
474	1114.0	1391.5	2334.9
6040	1117.0	1367.7	2359.2
5700	1121.1	1329.9	2313.8
9068	1120.1	1399.5	2376.0
7708	1123.0	1385.6	2373.7
3914	1118.0	1326.4	2300.7
7059	1120.2	1362.3	2417.3
4804	1120.9	1393.2	2382.4
8668	1107.4	1342.6	2355.1
5821	1119.6	1365.1	2299.5
3310	1110.0	1328.0	2312.3
9516	1106.6	1301.4	2252.1
5640	1111.2	1361.6	2305.1
9692	1127.7	1401.4	2416.2
9506	1120.4	1365.8	2341.8
5025	1116.9	1373.8	2346.7
4773	1117.2	1332.0	2322.1
6085	1120.9	1407.8	2388.6
6178	1113.2	1333.3	2296.9
6508	1112.4	1355.1	2345.3
3337	1114.2	1377.1	2352.9
2452	1116.6	1367.6	2319.6
264	1117.3	1365.9	2346.7
4473	1117.3	1377.4	2387.1
3578	1116.5	1411.4	2471.0
2739	1103.0	1339.4	2260.5
2982	1124.3	1337.0	2357.9
1816	1114.3	1363.7	2330.7
1097	1124.2	1407.8	2406.3
9035	1118.8	1383.7	2426.2
1017	1114.4	1349.4	2328.7
8047	1114.4	1351.4	2282.4
1220	1121.8	1382.2	2414.3
8498	1115.4	1387.1	2359.4
9915	1116.5	1394.0	2370.5
8945	1109.8	1357.1	2299.9
1703	1112.7	1354.9	2302.1
909	1123.1	1385.7	2633.4
5625	1121.4	1367.7	2320.2
3060	1111.9	1352.9	2271.8
4701	1123.0	1369.1	2365.2
9730	1116.0	1403.2	2417.6
3294	1118.7	1389.2	2355.8
7259	1118.7	1400.7	2448.9
1696	1110.4	1381.7	2333.9
7247	1116.8	1332.0	2307.2
4617	1113.9	1325.0	2253.6
4234	1109.5	1284.3	2226.3
447	1108.9	1320.5	2291.5
1919	1119.1	1381.3	2363.7
285	1112.8	1328.7	2298.2
97	1113.8	1344.3	2287.0
6276	1113.8	1382.6	2332.9
4350	1112.2	1353.0	2283.0
1731	1104.9	1328.3	2247.8
5450	1118.7	1347.8	2349.2
9608	1126.5	1391.9	2442.7
714	1123.8	1412.0	2390.9
4091	1105.7	1325.3	2271.0
7724	1111.8	1382.9	2369.8
1713	1117.2	1364.6	2446.1
4500	1113.2	1383.3	2382.6
641	1112.9	1370.8	2332.9
5576	1112.0	1327.6	2295.0
6893	1116.6	1367.2	2346.3
4656	1110.5	1339.2	2290.2
8217	1113.4	1409.2	2348.6
4066	1126.8	1379.5	2371.7
6215	1116.6	1337.1	2304.6
3717	1115.7	1419.5	2382.4
4732	1121.9	1408.6	2406.9
6712	1119.1	1338.7	2289.6
8769	1133.4	1436.7	2494.7
3298	1115.3	1359.0	2364.1
1944	1111.2	1344.5	2335.6
5259	1114.5	1325.1	2265.9
573	1122.4	1359.9	2341.5
1567	1120.7	1370.6	2419.6
9559	1113.6	1310.5	2292.4
9669	1111.7	1369.3	2354.8
5557	1114.5	1370.5	2322.6
6307	1111.6	1342.7	2371.2
8948	1115.2	1374.1	2370.3
322	1105.2	1293.9	2190.4
6672	1113.4	1355.7	2338.5
2166	1116.1	1400.3	2353.8
8234	1111.6	1349.9	2372.7
6016	1112.2	1345.9	2315.9
9505	1113.9	1356.3	2358.8
1042	1111.2	1368.6	2310.7
3534	1112.2	1364.2	2286.5
2238	1116.1	1386.5	2358.5
9702	1116.0	1307.3	2269.1
5944	1114.1	1375.9	2314.9
4699	1121.6	1356.1	2399.4
7162	1117.1	1370.1	2359.3
1887	1125.1	1404.2	2437.6
3189	1122.9	1395.3	2365.4
3803	1107.3	1325.3	2327.9
7044	1110.2	1343.3	2297.6
8987	1119.7	1364.3	2354.0
3922	1123.0	1365.0	2452.4
4186	1110.1	1365.8	2322.0
7112	1119.0	1382.5	2342.6
3179	1117.7	1369.5	2324.1
160	1111.1	1363.0	2328.6
4253	1110.0	1350.2	2298.7
3398	1118.8	1363.6	2370.6
5088	1114.7	1304.0	2279.5
9170	1117.0	1422.9	2412.5
8344	1124.5	1386.2	2410.0
5979	1112.4	1313.9	2286.3
667	1109.8	1379.0	2329.2
8905	1111.2	1352.6	2289.3
9274	1108.5	1346.9	2386.7
7851	1112.1	1390.7	2333.8
2716	1126.3	1381.8	2415.5
1576	1120.0	1421.1	2403.3
1674	1115.4	1374.1	2357.6
9747	1109.0	1371.8	2347.6
7635	1109.2	1381.7	2330.0
2397	1115.0	1385.4	2322.3
3869	1123.2	1377.7	2409.0
5629	1114.9	1355.6	2358.0
8690	1112.3	1330.8	2309.3
7973	1115.8	1346.6	2319.3
1688	1109.0	1346.3	2711.3
7542	1112.5	1344.5	2289.0
3132	1110.2	1326.7	2281.1
3480	1117.2	1390.2	2480.8
3126	1113.2	1382.9	2342.5
5560	1116.1	1380.7	2337.9
7794	1114.6	1390.0	2373.6
1258	1123.0	1412.0	2430.7
7625	1106.6	1356.2	2276.1
6899	1106.2	1343.4	2249.8
2975	1111.3	1334.2	2323.0
8326	1123.7	1404.0	2434.0
3854	1112.7	1356.5	2319.1
168	1117.3	1354.9	2300.6
6659	1113.1	1365.5	2319.0
4406	1119.2	1411.0	2374.9
6187	1123.0	1402.8	2436.0
