29685	1603.9	1810.8	14758.3
37862	1613.7	1912.7	15468.1
64765	1586.8	1817.4	14285.9
60682	1576.6	1740.0	14412.9
37308	1611.8	1881.4	15003.6
4283	1608.7	1884.2	14927.2
53002	1604.0	1789.8	14848.9
36306	1595.2	1805.1	14433.9
5896	1613.9	1846.4	14836.2
5882	1601.7	1818.3	14566.5
49620	1598.4	1786.1	14540.8
16111	1603.8	1782.4	14505.4
59078	1632.6	1933.6	15074.5
8445	1587.6	1777.6	14359.7
18540	1593.4	1770.0	14549.9
32256	1620.1	1936.0	15413.6
27011	1594.2	1846.6	14687.5
13575	1598.5	1818.8	14724.2
3398	1615.7	1856.0	14728.2
37217	1591.0	1828.4	14369.5
23501	1599.3	1842.9	14634.5
64002	1595.4	1779.6	14466.0
35445	1597.4	1876.7	14831.0
49311	1603.2	1831.9	14683.9
45005	1600.1	1864.4	14690.0
20589	1597.3	1815.7	14490.6
44046	1603.3	1793.4	14542.7
14096	1600.3	1865.0	14681.3
47366	1577.2	1798.0	14494.1
45674	1617.8	1870.8	14919.2
18311	1617.6	1879.7	14684.1
3266	1584.8	1799.0	14444.9
23619	1608.0	1881.9	14754.2
37612	1616.3	1877.6	14955.3
36273	1595.9	1871.6	14635.3
73	1601.6	1856.0	14881.6
445	1600.5	1855.3	14513.0
30824	1623.5	1885.4	15044.0
18677	1612.1	1887.1	14911.5
19318	1601.0	1814.4	14453.5
35895	1605.9	1869.8	14812.3
28238	1607.4	1881.5	15103.7
23615	1614.9	1867.6	14970.3
47052	1598.4	1853.8	14809.5
21533	1601.7	1855.7	14399.7
58333	1588.3	1766.7	14197.9
46220	1610.7	1869.1	14916.3
46372	1596.9	1788.4	14486.4
56602	1576.6	1805.2	14663.9
39756	1613.1	1863.8	14754.8
40846	1608.5	1811.6	14583.5
60141	1600.3	1817.0	14413.3
55119	1598.8	1781.3	14559.4
49701	1613.0	1837.8	14821.1
64295	1601.5	1810.6	14594.5
14345	1628.8	1948.8	15231.9
34412	1605.4	1860.4	14741.9
64680	1607.3	1874.2	14657.7
39280	1600.2	1816.7	14585.5
62896	1601.3	1801.0	14493.9
58271	1600.5	1855.3	14479.7
61923	1599.0	1843.8	14782.0
43272	1588.1	1837.1	14476.7
4359	1596.7	1815.3	14454.5
24464	1578.6	1838.7	14609.0
31392	1602.0	1841.3	14951.2
54789	1611.0	1815.1	14714.0
33488	1596.9	1808.4	14777.2
16024	1608.9	1889.8	14833.6
62277	1638.3	1817.3	14953.3
5435	1609.6	1859.8	14749.7
55490	1614.9	1882.6	14983.1
9196	1596.9	1816.1	14656.0
16926	1624.5	1870.0	14769.1
58901	1597.2	1777.7	14542.6
32689	1598.3	1846.8	14581.2
45685	1602.0	1880.8	14796.6
55187	1600.4	1795.7	14779.4
46575	1614.5	1885.5	15191.6
14967	1600.4	1861.1	14745.3
1192	1602.1	1852.2	14722.3
11743	1600.8	1884.0	15869.0
6810	1637.9	1887.6	14890.8
25036	1628.0	1893.1	14872.4
49220	1595.0	1815.5	14500.8
63299	1593.1	1871.7	14776.5
40501	1614.9	1886.5	15293.5
539	1613.9	1872.3	14743.8
35932	1612.5	1897.5	15448.4
56466	1582.0	1726.2	14395.6
53594	1600.9	1845.5	14720.6
39079	1621.9	1839.3	14768.9
61819	1597.2	1824.8	14537.9
47678	1607.2	1838.3	14728.5
2600	1593.6	1900.2	14757.0
7830	1600.3	1866.6	15187.2
29160	1604.1	1839.0	14908.0
35154	1607.5	1837.7	14562.7
45967	1604.4	1809.2	14599.4
2813	1617.2	1862.8	15092.4
4471	1577.5	1829.8	14462.0
48409	1580.5	1799.4	14490.5
59587	1620.5	1862.2	14874.8
54529	1629.6	1897.9	14997.2
42638	1608.9	1906.1	15173.6
18294	1622.5	1851.4	14980.8
20418	1593.7	1837.3	14623.5
48751	1589.3	1801.2	14434.7
37436	1584.0	1837.0	14659.0
31861	1598.8	1818.1	14830.3
25689	1578.1	1823.7	14667.1
11174	1600.7	1855.5	14442.7
4557	1602.8	1875.1	14532.4
40508	1607.8	1881.8	14821.9
6378	1619.5	1884.2	15294.3
21959	1605.5	1903.4	15188.9
24395	1611.1	1878.9	14722.7
3395	1588.0	1788.2	14259.4
41893	1633.4	1896.7	15233.7
56865	1613.1	1831.6	14527.5
28662	1596.7	1868.6	14580.0
20111	1602.6	1845.3	14619.2
52051	1614.0	1884.1	15011.0
41630	1603.2	1888.9	14862.8
1075	1607.5	1884.3	15263.7
16190	1604.0	1845.1	14602.7
13310	1621.6	1896.7	14935.0
19598	1589.7	1790.4	14567.6
53978	1624.5	1858.8	15042.7
52743	1603.2	1761.7	14614.5
27042	1624.2	1915.7	14954.9
38626	1618.5	1874.3	14811.1
40578	1587.4	1849.6	14492.2
55027	1602.0	1817.4	14710.1
24239	1614.8	1867.3	14837.7
20631	1612.9	1867.0	14901.4
62435	1623.6	1886.2	15038.2
5545	1619.0	1855.6	14776.4
11	1606.8	1806.9	14732.4
22180	1602.0	1865.0	14710.4
47705	1603.9	1868.9	14880.5
25353	1613.2	1857.0	15317.7
40104	1627.0	1876.5	15206.8
55229	1587.0	1825.2	14738.2
16813	1602.7	1860.6	14680.7
13930	1600.4	1825.8	14646.6
59195	1619.1	1849.8	14982.6
13013	1587.8	1789.8	14399.1
53463	1603.3	1813.4	14606.3
16064	1600.2	1882.5	14895.6
16793	1593.4	1824.3	14388.1
30542	1598.1	1822.0	14756.2
16106	1614.9	1856.7	14808.6
50331	1617.2	1870.8	14730.2
7522	1602.2	1853.8	14651.3
27161	1602.1	1882.1	14713.4
34758	1589.2	1847.8	14737.8
39306	1611.7	1842.8	14795.6
2718	1619.9	1859.1	14787.8
24009	1593.6	1804.6	14496.9
61981	1601.6	1828.2	14577.7
39009	1604.2	1841.5	14534.5
57817	1590.2	1848.5	14355.9
32935	1582.1	1772.5	14125.2
6381	1589.9	1858.3	14553.1
40071	1603.2	1886.6	14836.7
62340	1599.4	1847.7	14677.7
41127	1595.4	1839.8	14635.7
37255	1589.5	1832.4	14570.3
57862	1611.4	1827.0	14901.7
23570	1621.4	1929.1	15171.6
10580	1602.8	1891.4	14831.9
55056	1598.9	1819.9	14471.5
17662	1611.3	1843.5	15043.2
10094	1598.4	1847.7	14542.1
11828	1599.0	1817.6	14644.2
36946	1599.5	1879.1	14970.2
58310	1608.3	1805.9	14504.3
4760	1591.0	1845.8	14629.1
29034	1603.3	1853.0	14842.1
24601	1606.7	1832.5	14841.3
34453	1576.4	1826.9	14593.0
27925	1609.1	1835.6	14650.1
41695	1613.2	1909.0	14974.6
1199	1620.9	1897.2	15030.3
34313	1611.1	1890.2	14873.4
9039	1620.3	1858.1	14870.9
55611	1619.4	1847.5	14926.2
15703	1590.0	1815.4	14774.4
51562	1608.6	1865.2	14844.7
1193	1625.8	1914.2	15099.9
29022	1612.9	1828.0	14831.5
46106	1612.1	1853.4	14752.8
49597	1588.0	1753.1	14416.7
41623	1596.6	1834.5	14538.4
60980	1601.5	1800.2	14461.1
19707	1596.7	1802.2	14514.0
22885	1612.2	1843.5	14713.1
12500	1580.2	1807.0	14169.8
36784	1612.7	1878.6	14871.7
22158	1593.0	1823.9	14319.2
27024	1587.5	1838.5	14710.8
61920	1590.1	1828.8	14626.4
36720	1597.5	1837.5	14471.1
45651	1615.4	1861.1	14810.3
23061	1598.1	1834.6	14609.4
50588	1620.6	1865.8	14838.8
58081	1613.2	1859.8	14838.0
56854	1602.2	1856.7	14862.3
11471	1609.3	1854.5	14921.6
17868	1617.9	1822.3	14752.0
51696	1608.4	1836.1	14828.6
1279	1603.6	1864.9	15034.7
32459	1620.5	1854.5	14948.6
28036	1620.4	1858.9	14929.5
42605	1601.0	1827.0	14592.0
49713	1594.5	1757.1	14442.5
34458	1615.4	1934.4	15085.5
36557	1607.5	1825.1	14465.6
19112	1628.3	1920.1	15519.5
26341	1618.8	1915.4	14973.2
41227	1610.3	1884.3	15017.0
45188	1580.4	1864.5	14544.8
28430	1597.4	1799.5	14510.5
36309	1609.9	1828.5	14669.9
61867	1578.6	1795.4	14556.3
2441	1597.5	1823.3	14598.1
24126	1611.3	1893.2	14838.3
13122	1608.8	1927.0	15062.4
60091	1606.5	1798.3	14758.0
52787	1597.9	1867.0	14457.3
20584	1611.9	1855.8	14993.5
31895	1608.3	1833.6	14749.1
22717	1614.4	1929.8	14921.2
62014	1606.9	1813.3	14520.4
47210	1607.2	1887.5	14780.2
3269	1596.3	1824.8	14636.2
30445	1615.3	1883.7	14951.6
44803	1605.5	1823.7	14661.4
60912	1599.2	1831.5	14678.9
51252	1594.9	1811.5	14416.9
16746	1610.3	1845.5	14930.0
47767	1606.2	1878.7	15056.8
27008	1627.5	1909.4	15289.2
16534	1609.2	1940.3	15180.9
796	1611.7	1903.9	14756.7
48624	1602.6	1843.8	14710.1
54512	1591.0	1801.5	14648.4
7138	1604.1	1876.5	14573.0
42474	1617.9	1878.6	14867.1
61555	1602.2	1817.6	14657.1
27251	1614.3	1885.8	15171.9
27191	1606.5	1824.1	14946.7
31266	1603.0	1911.7	14934.0
5017	1604.1	1840.7	14775.0
4467	1608.8	1839.6	14814.5
13557	1590.8	1768.3	14374.0
61848	1611.6	1856.3	14872.2
40414	1614.7	1855.6	14953.9
33615	1582.9	1804.4	14211.9
7480	1601.8	1830.1	14443.6
7001	1607.2	1817.9	14755.1
18087	1610.6	1879.9	14779.3
27760	1599.8	1802.4	14533.6
64892	1604.2	1798.0	14518.3
25137	1614.2	1853.8	14830.4
11379	1595.0	1844.3	15388.1
17393	1616.1	1868.6	14736.0
31352	1605.5	1846.3	14839.1
53538	1608.1	1878.9	14760.8
34340	1622.4	1901.0	15116.4
61129	1617.8	1870.2	15131.8
4730	1586.4	1820.7	14417.8
62100	1587.0	1785.8	14538.0
17411	1620.1	1879.8	15076.9
60984	1608.5	1846.8	14703.0
13491	1606.4	1869.1	14709.7
53952	1609.5	1878.3	15024.1
8153	1608.3	1828.0	14640.4
37763	1610.6	1850.8	14822.6
38377	1596.5	1865.8	14653.4
36730	1602.5	1794.9	14328.8
47770	1597.8	1898.7	14960.5
34102	1593.0	1844.5	14451.5
55542	1590.1	1866.9	15000.7
47841	1600.5	1844.4	14730.3
38123	1630.4	1872.8	15073.5
8026	1598.9	1853.3	14490.6
46079	1597.3	1812.4	14542.0
56582	1611.4	1845.2	14581.6
3210	1588.7	1865.4	14570.9
35826	1590.5	1815.2	14668.1
19504	1619.9	1924.1	15281.6
30063	1614.0	1872.7	14940.5
21691	1615.8	1908.9	14863.0
40974	1613.3	1910.2	15138.2
37356	1617.5	1869.2	15030.0
28753	1585.9	1825.7	14774.2
24403	1574.2	1829.7	14212.5
29595	1607.8	1865.3	15018.5
58223	1594.3	1785.1	14357.7
37136	1589.8	1814.9	14496.6
35627	1598.4	1819.7	14580.7
35397	1607.9	1854.3	14984.0
20967	1609.1	1865.6	14958.8
47384	1602.9	1822.1	14735.5
41051	1603.2	1861.1	14840.1
21254	1583.9	1788.1	14298.8
41387	1592.0	1844.6	14534.4
6414	1587.2	1822.2	14390.7
55720	1608.1	1856.8	14778.8
24221	1584.2	1799.4	14447.7
5889	1617.7	1926.1	15754.0
38097	1599.4	1759.7	14478.5
9585	1590.8	1814.3	14425.8
34969	1606.1	1836.1	14715.7
47378	1618.9	1895.9	14827.9
29694	1634.9	1872.3	15199.6
21811	1602.8	1852.6	14826.4
2069	1623.6	1908.5	15008.4
30671	1592.8	1862.2	14855.3
2423	1594.9	1759.9	14323.7
10714	1627.6	1915.9	15311.1
24245	1593.5	1784.0	14266.6
10894	1597.5	1832.2	14593.6
41371	1617.8	1946.7	15369.3
1073	1607.6	1798.9	14537.4
52007	1584.3	1792.8	14430.8
47280	1584.2	1842.6	14409.7
40968	1600.0	1858.5	14799.1
16617	1612.6	1865.0	15159.9
48014	1600.4	1816.3	14500.0
33363	1587.2	1810.7	14408.7
39846	1604.5	1868.7	14833.8
49420	1628.7	1885.9	15216.0
9706	1572.9	1779.5	14523.5
37778	1609.7	1879.9	15090.7
47233	1596.1	1860.1	14794.9
56578	1587.3	1847.9	14367.1
494	1604.5	1904.0	15106.6
59093	1619.0	1856.9	14895.5
921	1604.1	1818.5	14485.0
56082	1594.5	1860.9	14663.9
35930	1620.1	1857.1	14926.3
48697	1610.5	1836.9	14556.1
9364	1595.6	1799.6	14416.2
58647	1610.9	1870.7	14866.9
38603	1606.2	1822.4	14614.1
27118	1591.8	1837.0	14475.7
54339	1616.7	1874.8	14941.1
44964	1592.6	1781.5	14334.8
50332	1623.1	1855.8	15240.7
27511	1599.8	1878.1	14781.2
50609	1599.1	1792.6	14448.8
51539	1601.5	1883.6	14943.7
28376	1621.0	1922.9	14921.6
59126	1603.5	1876.3	14955.4
59137	1600.3	1887.1	14903.4
15134	1593.0	1830.1	14402.8
35416	1597.7	1810.9	14484.5
21558	1612.1	1842.2	14672.2
20452	1608.8	1839.6	14827.0
59318	1619.7	1824.9	14950.2
45987	1601.5	1859.0	14744.3
32352	1606.8	1858.3	14845.0
1744	1595.3	1837.5	14563.2
22480	1617.8	1829.9	14820.2
33492	1602.1	1840.4	14520.4
27983	1614.0	1863.7	14850.0
14169	1598.9	1848.3	14736.9
16548	1617.7	1904.9	14914.4
54888	1606.5	1849.9	14902.1
56178	1596.2	1838.6	14714.5
58595	1616.9	1855.2	15091.8
13644	1612.3	1851.2	14836.8
13132	1621.0	1892.4	15149.5
42658	1611.6	1842.2	14786.5
61245	1594.7	1828.0	14626.3
52741	1616.1	1879.8	15090.5
51731	1585.4	1787.7	14460.4
56284	1637.5	1901.8	15109.5
875	1587.9	1832.7	14452.6
26719	1615.3	1853.2	15157.0
30501	1586.3	1812.8	14608.4
2822	1616.2	1906.7	14918.6
56632	1605.8	1801.8	14836.5
14447	1597.5	1773.6	14407.5
35695	1622.7	1872.4	15178.5
40964	1601.9	1900.8	15019.2
62347	1590.6	1783.4	14318.6
44934	1594.1	1840.1	14569.7
42614	1605.9	1857.6	14804.5
51117	1594.9	1809.0	14521.1
8112	1600.1	1864.4	14489.2
2741	1606.1	1856.1	14694.4
60715	1598.9	1846.6	14664.8
19739	1592.3	1860.4	15072.1
57525	1613.0	1867.4	15004.2
29640	1616.8	1842.4	14833.4
48157	1591.2	1767.7	14315.1
48565	1623.0	1901.9	15679.1
11050	1598.0	1845.2	15026.1
50997	1587.5	1785.0	14373.2
11574	1600.2	1800.1	14516.7
46030	1615.5	1827.1	14735.9
35260	1599.4	1799.4	14612.5
10040	1611.2	1886.3	14967.1
57342	1614.6	1881.7	14871.1
62798	1602.7	1907.3	15394.6
32571	1615.4	1876.5	14956.3
10230	1596.9	1823.8	14603.9
11189	1605.8	1869.8	14620.5
9751	1607.5	1860.3	14820.4
61426	1602.6	1813.5	14701.6
52332	1608.9	1853.6	14803.3
4899	1614.2	1909.4	14919.5
53948	1607.6	1834.9	15078.3
54146	1622.0	1899.1	14939.6
17312	1608.7	1901.2	15292.8
45030	1611.9	1855.4	14770.2
62559	1576.6	1773.0	14320.3
54521	1603.6	1904.5	15064.8
30367	1601.1	1866.8	14631.2
48013	1588.7	1816.4	14411.0
12581	1609.6	1856.8	15002.3
22164	1603.8	1829.2	14652.9
15717	1610.2	1835.3	14596.6
64357	1615.9	1869.6	15077.4
20811	1586.7	1765.4	14347.6
46520	1622.0	1874.4	15074.4
19448	1612.1	1870.5	14730.4
23655	1598.4	1827.1	14579.7
30697	1602.9	1837.0	14736.8
63994	1603.4	1844.4	14777.3
27482	1605.6	1868.0	15059.4
41216	1602.2	1902.3	14931.6
34987	1595.6	1893.3	14681.8
53903	1593.4	1847.6	14616.6
35698	1593.8	1821.5	14642.8
36747	1598.9	1808.9	14853.9
28695	1600.3	1775.4	14693.1
16632	1597.2	1749.9	14406.2
22962	1604.8	1906.2	14802.5
21095	1601.3	1829.0	14605.1
53283	1601.5	1803.2	14583.7
37562	1593.5	1819.6	14384.8
17866	1591.9	1805.6	14474.7
43538	1596.7	1831.9	14675.6
40111	1608.0	1848.1	14817.6
4694	1577.0	1754.5	14134.4
51175	1616.6	1852.8	14977.7
15086	1615.6	1872.0	14781.6
8702	1603.2	1849.4	14934.8
44777	1624.9	1942.0	15783.1
57713	1613.2	1863.0	15237.7
7273	1623.8	1898.4	15036.3
3498	1609.5	1869.3	14674.6
62240	1601.9	1820.1	14757.4
13249	1598.7	1806.9	14523.2
24844	1590.2	1809.8	14589.8
61060	1603.3	1834.1	15803.4
53502	1610.1	1892.6	14901.3
33537	1614.6	1829.3	14984.7
38654	1606.0	1922.8	14838.4
64131	1605.8	1820.7	14596.9
63123	1573.9	1784.1	14336.3
8303	1608.8	1858.1	15166.0
26318	1600.8	1823.0	14718.8
10116	1600.3	1882.7	14470.1
19944	1600.5	1873.1	14877.5
23862	1610.8	1817.2	14579.5
53136	1616.1	1857.4	14792.3
56658	1600.5	1856.2	14845.7
21406	1592.0	1881.0	14643.3
32706	1618.2	1868.3	14956.1
5998	1616.4	1827.8	14852.0
36288	1612.9	1863.2	15061.0
49434	1623.9	1839.0	14931.2
14801	1604.5	1872.2	14965.9
38329	1593.2	1854.4	14593.0
49501	1626.0	1910.1	14950.5
40067	1598.8	1810.9	14500.1
53009	1612.6	1891.3	15155.3
4679	1622.1	1878.8	15006.5
61578	1590.1	1830.5	14413.0
23612	1621.5	1880.9	15076.8
46993	1607.9	1859.0	14840.8
44402	1602.3	1846.7	14712.2
61609	1579.6	1800.1	14496.5
19345	1599.4	1866.8	15120.1
1086	1594.9	1812.1	14447.7
56156	1605.9	1821.8	14501.1
29144	1617.2	1937.9	15791.8
7588	1617.8	1921.4	14927.1
20160	1603.4	1858.1	14640.0
31709	1606.0	1845.7	14654.3
23852	1600.4	1880.5	14845.9
33587	1600.3	1869.0	14820.2
29352	1614.2	1858.0	14776.3
10123	1606.0	1838.0	14655.5
44857	1580.3	1858.6	14405.9
21280	1625.7	1864.2	14755.9
784	1602.5	1868.7	14971.1
64116	1618.5	1878.6	15119.6
46479	1613.2	1893.3	14691.1
63511	1579.9	1816.5	14607.3
59676	1605.4	1858.1	14808.6
27810	1596.1	1798.8	14401.5
4583	1590.6	1800.3	14461.2
14003	1584.4	1799.3	14486.2
31011	1619.0	1904.5	15184.4
21122	1587.8	1871.5	14702.2
23553	1605.7	1894.6	15083.8
4550	1598.8	1838.0	14611.1
59651	1606.2	1884.7	14955.6
15856	1586.0	1778.0	14450.2
4155	1603.1	1872.1	14667.2
47247	1568.9	1775.9	14266.4
39129	1583.8	1768.1	14650.2
36512	1602.3	1830.7	14803.4
13544	1605.5	1818.9	14690.1
47293	1586.5	1809.1	14398.7
43598	1608.2	1858.0	14800.7
59409	1593.2	1820.3	14810.3
18179	1601.1	1842.7	14647.3
54167	1603.3	1858.4	14975.9
52509	1592.5	1802.1	14361.2
63042	1593.5	1833.3	14726.1
53426	1586.2	1836.0	14617.0
2595	1604.0	1799.3	14440.8
23863	1604.5	1825.1	14802.0
741	1582.3	1798.0	14268.1
7392	1606.3	1898.0	15232.3
40749	1586.5	1828.2	14491.5
28305	1600.0	1882.3	14890.2
11347	1600.9	1873.3	15055.0
42980	1620.3	1869.6	14773.6
31903	1612.8	1835.4	14853.2
40327	1606.0	1887.6	15149.1
41397	1584.5	1794.5	14529.1
11285	1597.1	1808.2	14542.1
56784	1601.9	1806.5	15156.6
57927	1608.1	1842.9	14689.4
16113	1621.7	1889.1	14944.4
62183	1616.6	1867.4	15012.0
43655	1628.5	1891.8	15072.0
17671	1595.8	1830.5	14586.8
26694	1601.0	1862.6	15019.2
30613	1613.1	1824.1	14602.0
1064	1612.1	1891.0	15016.1
63599	1593.2	1826.4	14491.4
41970	1606.4	1896.7	15171.4
14114	1618.1	1862.0	14811.8
63341	1608.5	1827.2	14652.2
6356	1606.5	1828.0	14726.9
44058	1585.1	1806.8	14441.9
21849	1616.0	1822.0	14737.9
10207	1623.2	1889.9	15178.2
59113	1606.8	1853.4	14842.8
59056	1591.2	1838.8	14618.9
62745	1641.4	1908.9	15263.8
30221	1589.8	1821.7	14646.4
18246	1610.3	1846.5	14735.5
25472	1600.4	1875.3	14769.5
54951	1613.4	1843.7	14837.8
1783	1621.8	1905.5	15063.9
62380	1603.2	1812.3	14547.2
2421	1610.9	1911.2	15086.8
35820	1591.7	1839.8	14520.2
6652	1596.9	1875.5	14732.0
56283	1606.0	1837.6	14716.3
11443	1609.1	1849.4	14657.9
11353	1621.7	1895.6	14754.4
42577	1592.0	1851.0	14593.8
60458	1589.9	1835.4	14659.1
11020	1598.2	1805.5	14431.4
51616	1582.6	1824.2	14458.5
11244	1598.0	1880.0	14924.5
57557	1603.0	1813.9	14529.6
35084	1609.6	1882.3	14862.6
58877	1602.0	1856.5	14853.3
20049	1596.1	1843.9	14686.1
24027	1596.4	1799.7	14431.9
25242	1609.8	1894.7	15279.6
61656	1612.3	1865.9	14904.3
57482	1598.7	1846.1	14692.3
64954	1588.4	1762.0	14677.1
49222	1599.2	1852.7	14677.7
12899	1604.5	1847.0	14672.8
766	1567.2	1839.9	14216.2
8444	1605.6	1859.2	14456.0
26939	1591.1	1822.1	14401.0
18680	1604.2	1879.3	15015.0
49496	1602.7	1806.9	14536.0
11551	1609.4	1843.0	14664.6
20239	1606.9	1859.5	14950.4
49763	1581.4	1834.9	14664.2
25167	1609.7	1818.3	14775.9
55642	1609.5	1900.4	15061.8
25437	1594.7	1765.9	14363.5
55926	1610.7	1896.6	14890.6
48679	1591.8	1832.0	14513.3
27717	1619.5	1841.0	14791.8
60220	1594.5	1830.0	14772.1
17707	1611.6	1839.5	14878.4
14772	1602.8	1877.1	14759.4
43931	1593.2	1835.0	14572.9
16288	1615.2	1890.1	15115.7
46999	1613.9	1822.3	14762.2
55008	1590.7	1811.2	14517.5
52819	1600.8	1831.4	14624.9
37075	1604.1	1856.7	14933.4
32570	1599.4	1818.3	14585.6
52937	1617.3	1884.9	15108.7
9268	1600.5	1861.0	14835.9
2650	1609.9	1881.8	14713.7
36761	1605.4	1844.4	14540.1
50733	1625.3	1851.5	14845.9
21156	1596.5	1829.6	14663.1
35800	1598.1	1851.6	14811.3
23343	1586.7	1791.4	14244.1
8385	1613.3	1930.1	15062.2
54988	1622.1	1850.0	15255.9
30269	1606.7	1847.5	14638.6
793	1605.7	1847.2	14869.8
17984	1608.4	1893.9	14680.8
41692	1607.9	1854.8	14701.4
64361	1591.0	1773.7	14476.1
56514	1613.5	1856.4	14985.6
28605	1586.9	1834.2	14604.3
61634	1618.9	1857.8	14816.3
12177	1591.6	1845.3	14587.7
14106	1590.5	1802.2	14458.9
8049	1640.0	1952.9	15313.9
5151	1602.9	1826.3	14435.6
26769	1594.0	1843.5	14555.6
24719	1584.0	1809.2	14538.2
20454	1599.1	1807.2	14488.5
42217	1624.2	1900.9	14912.6
42386	1596.7	1838.7	14582.0
34425	1603.0	1894.4	14721.4
47127	1620.3	1886.0	14884.5
56331	1603.2	1823.2	14320.6
32498	1612.7	1898.3	15187.8
14979	1602.0	1814.5	14579.1
32499	1588.6	1837.9	14581.0
22902	1622.8	1850.8	14862.1
23097	1626.9	1922.7	15112.6
23152	1592.0	1790.1	14434.6
33484	1601.1	1835.5	14985.2
45178	1604.6	1816.8	14538.0
14458	1594.5	1826.1	14495.8
46862	1597.9	1804.6	14790.1
10083	1621.7	1884.5	14919.1
41562	1604.8	1891.9	14673.9
52918	1594.1	1829.9	14553.0
52715	1595.8	1805.4	14472.2
36900	1602.6	1834.0	14777.1
55657	1612.1	1869.8	14954.7
14484	1610.3	1848.1	14670.0
42401	1611.5	1874.2	15075.6
10710	1625.8	1886.9	15015.4
28333	1598.1	1847.0	14612.4
31267	1609.2	1914.0	15024.1
28086	1607.7	1816.6	14512.5
19282	1610.1	1878.4	14643.1
38614	1604.7	1833.3	14797.2
12611	1616.2	1834.1	14696.2
62602	1609.3	1874.8	15452.4
21907	1588.7	1800.9	14443.0
34009	1592.5	1833.9	14641.0
25165	1598.8	1792.6	14411.6
55636	1603.0	1788.7	14536.7
49977	1600.7	1807.6	14587.6
19582	1592.4	1830.4	14781.2
47601	1608.0	1848.2	14648.3
35255	1613.7	1847.5	14732.6
31442	1611.5	1881.5	14751.8
34265	1595.0	1841.7	14567.0
59916	1596.7	1858.8	14668.4
10751	1605.2	1847.4	14680.4
9425	1623.3	1906.2	15128.1
698	1600.0	1873.9	15033.5
5629	1593.2	1823.8	14539.3
15234	1615.3	1856.1	14750.0
33089	1605.2	1923.4	15247.0
23726	1601.0	1873.7	14694.2
4663	1597.8	1887.7	14657.3
4389	1631.7	1860.2	14819.4
47622	1608.8	1871.4	14821.3
60383	1610.5	1837.6	14703.0
23400	1623.1	1859.0	14906.6
14295	1598.8	1835.5	14737.4
56887	1611.3	1867.1	14929.5
39010	1601.2	1842.6	14869.8
15644	1618.2	1900.7	15076.2
8301	1600.6	1843.0	14807.1
9188	1586.3	1780.9	14667.8
44606	1605.9	1823.0	14665.1
32711	1593.5	1854.2	15052.7
50638	1602.3	1867.5	15001.5
59134	1603.4	1819.2	14518.7
37365	1617.6	1896.0	14945.4
36703	1622.7	1819.5	14674.2
11758	1597.1	1859.1	14576.8
4454	1594.3	1832.6	14509.4
8251	1622.4	1856.1	15003.9
29846	1617.1	1844.8	14882.9
58151	1601.9	1838.8	14726.1
47221	1613.4	1907.3	14826.4
36228	1598.0	1821.1	14634.1
23177	1598.4	1834.5	14697.0
46326	1616.6	1846.0	14687.9
14524	1602.3	1858.8	14740.2
43489	1603.0	1821.5	14578.2
49959	1608.6	1843.2	14922.2
29965	1628.9	1870.2	14904.2
13835	1610.3	1900.6	15148.9
50768	1618.5	1874.9	15096.4
55287	1588.8	1851.1	14717.9
43399	1627.5	1936.7	15200.4
42172	1628.2	1858.4	14956.7
37407	1612.0	1823.0	14594.3
54021	1609.9	1899.9	15203.9
39669	1612.0	1867.3	14857.2
17412	1592.6	1859.2	14655.8
25074	1604.5	1842.9	14715.2
35360	1597.5	1827.0	14444.7
10974	1600.7	1838.0	14783.7
58902	1602.1	1862.9	14942.1
44631	1604.6	1852.9	14741.8
14551	1585.6	1822.7	14454.0
32266	1611.3	1821.1	14937.3
526	1604.8	1886.6	14757.7
49305	1612.3	1854.3	14918.7
12014	1630.9	1916.4	15010.4
54166	1606.5	1867.7	14703.8
59296	1587.1	1807.7	14496.7
15195	1613.7	1903.0	15032.1
7227	1605.6	1810.2	14705.8
19977	1601.0	1823.5	14512.2
28734	1599.1	1882.2	14814.4
56057	1622.8	1868.3	14850.8
64352	1578.3	1753.8	14248.5
59119	1599.6	1839.2	14662.8
29570	1613.2	1869.1	14830.3
12487	1605.7	1859.8	14710.2
16316	1602.4	1889.6	14819.2
43023	1600.2	1852.2	14659.8
1373	1620.2	1885.6	14794.8
5217	1612.2	1825.1	14759.3
57604	1592.0	1785.1	14550.2
30941	1604.4	1878.5	15021.9
12747	1613.5	1920.9	14881.7
60001	1600.6	1837.7	14531.6
17713	1600.8	1832.3	14795.2
1791	1598.9	1865.5	14605.2
10541	1603.3	1851.1	14517.3
60397	1609.5	1848.0	15045.0
49562	1615.9	1881.0	14610.8
47521	1616.1	1944.6	15377.9
1067	1609.3	1870.5	14806.5
36713	1602.8	1813.8	14540.4
35209	1615.3	1887.6	15155.6
692	1598.4	1902.5	14674.9
54065	1619.9	1839.4	15004.1
57581	1606.8	1889.7	14881.6
17472	1581.8	1791.9	14316.4
9742	1599.8	1867.6	14904.0
21682	1617.3	1859.4	14984.2
38348	1603.9	1846.5	14911.3
51332	1609.9	1886.5	15155.8
5588	1626.1	1887.8	15002.4
60399	1597.6	1788.7	14509.1
50891	1618.6	1871.4	15022.4
25664	1590.2	1804.5	14518.1
48338	1599.6	1862.6	14817.6
18654	1599.6	1815.0	14470.2
359	1611.8	1906.5	14944.4
23000	1594.6	1822.8	14295.6
31901	1606.3	1838.3	14818.5
9487	1633.7	1896.3	14821.1
45667	1612.0	1829.7	14962.7
52385	1601.3	1855.8	14908.1
33406	1598.0	1884.2	14870.6
56509	1604.9	1866.3	14768.6
3080	1603.2	1837.0	14850.3
37415	1608.4	1850.7	14851.0
60549	1598.2	1824.5	14382.1
13625	1584.7	1820.9	14413.5
61103	1590.6	1830.9	14618.4
60597	1607.3	1904.5	14847.7
28879	1603.8	1839.4	14668.2
35477	1603.8	1828.3	14569.2
39002	1596.3	1875.3	14655.8
57493	1589.0	1832.7	14589.1
15458	1597.5	1832.3	14623.5
19236	1612.0	1833.0	15119.8
42927	1592.6	1847.6	14761.8
55924	1603.3	1820.9	14704.8
23264	1585.2	1791.9	14426.7
2179	1601.8	1867.1	14951.4
13464	1620.5	1839.3	14901.7
52139	1603.6	1798.9	14731.4
5011	1598.0	1838.5	14404.3
1475	1591.1	1789.6	14424.1
49430	1598.7	1821.7	14653.9
60269	1606.8	1868.2	14816.5
53259	1603.6	1827.1	15077.7
48539	1606.6	1891.2	14983.2
38487	1601.3	1844.8	14803.8
63057	1608.5	1856.5	14812.3
34755	1614.1	1875.1	15006.3
13991	1606.0	1884.5	14844.2
27144	1612.7	1849.7	14800.1
1618	1611.4	1866.6	14765.8
20373	1617.0	1854.1	14821.6
11326	1620.8	1949.9	15219.0
84	1620.9	1873.5	15035.5
41337	1605.8	1939.8	15452.7
39989	1582.7	1820.5	14660.4
35562	1590.0	1744.0	14178.7
22201	1580.2	1776.7	14476.6
9140	1585.3	1821.9	14432.1
29598	1595.4	1821.0	14594.8
57866	1626.8	1889.9	15018.7
36916	1606.1	1840.8	14552.5
45248	1598.2	1804.1	14516.0
50959	1616.4	1909.1	15649.0
15634	1587.5	1870.6	14643.3
51651	1604.6	1837.6	14570.1
40728	1624.2	1843.8	14725.0
1529	1615.7	1868.0	14991.7
62522	1596.0	1801.9	14622.3
62940	1613.4	1855.2	15055.4
17146	1596.8	1782.0	14645.8
45486	1611.8	1909.0	14980.5
44403	1613.0	1842.5	14643.8
48596	1614.8	1872.9	14694.3
29911	1606.8	1808.8	14528.7
16382	1607.8	1871.1	14694.7
7090	1615.1	1885.7	15191.6
63810	1602.0	1833.2	14546.8
31084	1597.3	1881.0	14764.3
51541	1590.6	1810.6	14486.6
58935	1615.5	1864.3	14788.3
39122	1595.7	1865.1	14931.8
18043	1608.2	1876.0	14608.9
54514	1595.0	1846.8	14558.7
13061	1595.7	1843.5	14514.4
39922	1607.4	1865.1	14800.6
43705	1595.4	1831.7	14586.8
46669	1626.5	1868.9	14885.3
38695	1587.9	1816.7	14248.4
60592	1601.1	1844.1	14662.5
50505	1618.7	1885.5	14931.4
25902	1595.2	1804.1	14464.9
44097	1620.2	1910.8	14892.8
42941	1611.7	1856.0	14632.8
33664	1619.5	1860.0	14934.2
53369	1611.7	1875.2	14921.2
58711	1600.2	1803.4	14681.7
60454	1604.4	1834.3	14992.7
44401	1594.0	1854.5	14747.8
23495	1623.5	1925.6	15172.8
58465	1599.5	1833.9	14666.1
27711	1605.8	1919.9	15131.3
40837	1622.1	1913.4	15654.7
39264	1613.7	1848.0	14854.9
12905	1612.3	1823.2	14609.0
34364	1611.6	1888.9	14959.4
7214	1610.6	1808.6	14703.5
27741	1589.8	1863.3	14637.4
15751	1612.4	1841.6	14798.3
986	1613.1	1865.5	14710.9
61571	1593.8	1795.3	14396.5
25646	1605.5	1834.1	14621.1
21358	1608.9	1852.7	14872.1
52710	1609.4	1824.8	14557.7
29874	1615.6	1867.3	14943.1
39789	1602.7	1875.0	14915.0
1088	1621.5	1866.7	14802.0
35407	1618.8	1879.0	14754.0
9862	1601.5	1820.4	14572.2
57597	1607.1	1790.4	14428.0
54424	1623.9	1880.2	15184.0
46847	1611.0	1840.4	14817.9
22722	1594.2	1838.4	14618.6
6496	1625.1	1854.8	14978.0
5299	1594.9	1809.5	14539.4
23013	1622.0	1865.9	14763.7
45707	1579.5	1808.9	14234.9
34053	1616.8	1871.8	15119.7
55075	1596.6	1829.7	14649.7
39467	1600.9	1836.9	14722.6
18055	1600.3	1883.3	14604.3
34195	1617.1	1837.1	15165.8
43768	1578.8	1730.1	14185.7
43830	1585.1	1820.3	14512.3
42144	1612.1	1852.2	14807.6
39153	1603.6	1847.0	14797.2
37433	1603.4	1876.2	14828.7
62890	1605.6	1844.3	14577.4
6960	1598.3	1828.1	14654.2
52367	1586.1	1826.9	14424.2
32581	1611.7	1837.5	14703.5
14176	1580.4	1873.2	14398.0
27299	1595.8	1812.0	14499.0
12148	1604.0	1854.9	14651.9
1074	1597.2	1866.4	14675.5
59597	1595.1	1784.5	14426.0
7461	1601.2	1859.9	14765.9
3325	1608.2	1879.3	15269.8
8331	1619.4	1941.4	15105.8
26648	1623.3	1852.5	14863.4
37759	1581.2	1835.8	14680.2
14047	1593.6	1862.8	14922.4
31871	1622.3	1809.5	14670.5
19693	1592.5	1811.0	14503.0
3162	1580.5	1811.7	14377.3
62720	1620.4	1881.7	15080.0
53398	1615.2	1850.3	14801.9
9532	1607.1	1844.4	14864.4
44441	1612.7	1869.9	14954.1
58352	1605.0	1856.6	14787.8
32179	1623.2	1884.8	15220.6
13163	1589.4	1794.1	14402.0
52316	1607.7	1772.3	14543.0
44719	1598.5	1803.0	14515.1
52354	1611.9	1831.5	14825.6
16520	1591.3	1825.4	14711.6
37090	1620.9	1819.8	14655.3
3071	1631.8	1917.8	15244.0
12057	1602.2	1872.5	14686.9
41376	1602.7	1910.7	14878.8
150	1587.6	1818.9	14651.0
13570	1611.3	1824.3	14636.3
56839	1606.4	1856.7	14637.4
15430	1605.7	1890.0	14762.1
35223	1600.4	1803.7	14564.3
38405	1605.9	1844.2	14605.4
24873	1614.3	1850.1	14863.7
33832	1607.7	1842.4	14660.4
60331	1600.9	1834.4	14947.8
54774	1625.4	1885.9	15337.1
5892	1585.8	1793.3	14401.3
6445	1628.1	1877.7	14811.0
5144	1589.9	1850.3	15001.8
13071	1604.4	1861.7	14861.1
5238	1588.0	1805.2	14506.3
46313	1604.3	1819.4	14677.4
43619	1585.7	1810.5	14658.6
44839	1610.0	1814.4	14781.2
36905	1580.5	1758.1	14399.4
63715	1614.5	1845.9	14713.1
56841	1595.6	1819.0	14585.1
63393	1610.3	1843.9	14791.2
53582	1593.2	1839.6	14583.1
29578	1613.2	1841.7	14687.9
61789	1619.0	1879.1	14892.3
17956	1601.2	1835.6	14696.9
34151	1611.1	1884.3	14789.9
38046	1583.3	1803.2	14376.4
10205	1619.8	1903.4	14948.6
31290	1612.3	1884.9	14843.3
62455	1600.2	1862.3	14600.8
52455	1623.4	1921.7	15201.6
53195	1592.9	1861.5	15020.5
42049	1612.6	1797.4	14664.1
18660	1611.0	1857.3	14814.0
27580	1601.6	1837.6	14750.2
41133	1622.2	1884.9	15004.4
46561	1607.2	1838.3	14654.4
14	1593.3	1826.8	14499.1
32389	1580.5	1788.5	14492.6
11767	1584.8	1824.5	14426.7
37990	1623.6	1886.5	15021.6
45614	1599.6	1814.9	14770.9
5468	1597.2	1824.3	14489.2
54746	1593.7	1811.1	14537.3
58975	1600.1	1884.9	14919.3
46048	1623.7	1871.3	15068.0
25063	1615.5	1878.6	15055.0
56327	1626.4	1860.1	14894.4
64399	1599.4	1877.0	14910.6
1737	1614.5	1856.9	14743.0
39709	1592.8	1860.9	14332.3
12444	1619.1	1805.8	14524.8
10787	1615.2	1885.8	14986.7
40037	1594.9	1817.0	14436.3
42975	1631.3	1842.9	15036.9
4325	1596.7	1801.8	14631.1
25247	1593.4	1833.9	14490.2
42096	1601.1	1849.6	14543.6
9695	1596.0	1791.3	14633.8
54825	1625.2	1888.8	15047.8
39338	1610.8	1881.1	14658.4
14766	1591.6	1820.4	14599.3
15631	1598.0	1860.4	14880.8
43438	1632.3	1877.4	15214.1
