40408	1829.1	2039.3	12327.0
20483	1828.5	2048.0	12248.3
37853	1835.3	2047.4	12530.7
5962	1838.4	2083.9	12328.3
10989	1830.4	2063.7	12423.5
19082	1839.2	2024.1	12451.0
19904	1838.4	2086.8	12578.8
54213	1835.4	2066.7	12461.2
22718	1851.7	2130.2	13298.0
49276	1834.7	2077.5	12363.6
38359	1848.7	2080.9	12507.6
12146	1832.6	1994.3	12108.4
62522	1839.8	2053.8	12539.5
2664	1825.6	2069.7	12402.8
28094	1839.7	2076.6	12495.6
27104	1836.3	2089.6	12578.6
42985	1834.2	2076.1	12559.5
25413	1832.4	2073.2	12483.0
41159	1830.3	2052.4	12292.0
44293	1848.1	2157.7	12746.6
14353	1837.7	2111.2	12517.1
41077	1841.2	2086.9	12519.2
1377	1850.7	2125.4	12796.2
39037	1834.6	2075.9	12432.8
58003	1843.0	2097.4	12573.0
41293	1852.7	2081.0	12945.3
7889	1833.8	2136.4	12698.2
22128	1835.5	2081.5	12494.7
55087	1844.6	2114.6	12632.2
26850	1830.6	2074.7	12349.3
61175	1834.4	2091.3	12477.0
57762	1826.4	2049.5	12226.6
11959	1827.6	2001.2	12032.9
44457	1822.9	2054.4	12150.1
52218	1826.0	2016.3	12088.9
51937	1834.0	2081.4	12366.8
41935	1833.7	2067.5	12620.5
7763	1852.0	2161.5	12816.8
40056	1832.1	2114.5	12278.9
12913	1826.9	2081.5	12641.8
44445	1834.0	2074.1	12431.0
51453	1832.5	2077.4	12326.1
48213	1832.1	2070.8	12262.1
56875	1840.2	2087.6	12473.2
13189	1831.5	2092.4	12346.2
3483	1829.4	2094.1	12423.2
61367	1844.2	2130.3	12821.1
851	1843.0	2083.9	12636.2
24279	1832.7	2074.3	12533.5
46431	1826.8	2050.9	12159.9
13772	1840.6	2041.6	12415.8
13857	1852.0	2122.6	12769.5
32959	1838.8	2094.9	12473.2
26219	1831.4	2092.3	12273.1
53076	1833.2	2060.5	12201.9
21440	1828.4	2073.3	12554.7
25900	1832.1	2072.2	12328.6
7154	1818.6	2046.0	12065.6
64932	1829.9	2106.3	12463.0
8810	1842.8	2180.2	12757.2
15065	1830.2	2075.1	12355.0
31402	1817.2	2037.2	12257.9
9727	1843.4	2085.4	12474.4
11601	1849.8	2093.9	12742.1
48604	1841.7	2144.2	12876.2
52232	1834.1	2083.8	12650.2
58935	1831.8	2099.6	12295.6
62919	1835.9	2074.0	12610.8
64890	1849.6	2079.3	12715.6
37975	1830.8	2083.5	12697.0
46679	1836.8	2106.6	12560.9
33873	1837.5	2081.7	12639.4
48898	1828.9	2092.3	12394.3
19605	1832.3	2058.3	12294.6
52849	1829.7	2102.1	12592.9
28726	1840.7	2065.2	12380.2
62578	1850.8	2153.7	12808.4
32271	1835.1	2092.6	12473.5
18311	1853.4	2110.0	12806.4
61533	1850.4	2136.4	12737.8
3684	1833.7	2054.4	12377.1
62857	1847.3	2050.0	12541.4
10011	1816.6	2033.6	11934.8
47106	1824.2	2050.2	12177.9
16330	1836.2	2107.5	12356.0
39364	1827.8	2069.2	12404.4
59299	1844.8	2139.7	12496.4
21889	1832.4	2087.9	12585.5
40051	1829.5	2052.2	12175.3
50980	1846.6	2115.2	12805.9
57743	1827.5	2088.8	12241.9
3788	1841.7	2122.2	12829.7
41840	1838.7	2101.0	12453.8
20343	1837.2	2087.7	12570.0
28796	1837.2	2108.0	12374.9
34693	1830.1	2096.1	12482.8
2801	1847.3	2103.3	12499.7
46672	1826.8	2057.4	12133.5
19440	1835.9	2061.7	12259.7
60262	1834.6	2055.1	12266.2
1309	1830.2	2080.1	12232.0
60050	1837.3	2102.3	12332.9
16721	1827.0	2095.3	12426.5
34966	1854.5	2159.3	12793.4
22765	1842.5	2089.9	12616.9
49445	1833.5	2057.4	12213.1
24104	1832.4	2084.6	12355.6
58438	1838.3	2074.6	12581.6
30202	1840.1	2045.7	12446.2
1939	1834.6	2041.8	12347.2
48372	1824.8	2064.0	12369.3
41266	1833.8	2044.2	12378.2
64155	1827.8	2092.8	12452.6
24759	1829.7	2090.0	12359.4
34415	1844.5	2053.7	12380.1
10025	1846.4	2109.5	12707.5
62074	1830.5	2044.7	12350.6
20409	1829.6	2087.5	12242.5
45826	1833.8	2032.0	12274.6
9130	1833.2	2077.2	12617.0
34155	1841.9	2084.3	12594.1
25499	1836.2	2086.7	12593.4
28564	1845.5	2109.7	12573.6
54723	1837.0	2117.0	12542.1
5075	1833.7	2112.1	12549.1
38983	1833.6	2059.3	12426.2
27811	1822.7	2093.8	12376.8
52554	1828.4	2099.4	12471.0
16505	1833.9	2068.2	12294.4
12079	1818.6	2036.3	12069.2
34028	1827.0	2096.8	12389.3
60357	1835.4	2080.3	12396.1
47630	1831.9	2016.6	12379.3
46702	1824.8	2023.1	12159.3
3013	1835.2	2076.0	12367.1
34178	1836.6	2065.7	12324.4
44254	1828.0	2068.0	12386.8
43405	1832.4	2149.4	12558.2
24738	1824.3	2040.4	12100.9
37960	1830.5	2137.5	12499.8
64717	1822.9	2054.0	12223.4
23550	1839.3	2077.6	12471.1
19194	1827.1	2042.8	12198.3
42454	1833.6	2018.9	12222.2
5540	1841.3	2151.0	12541.6
28679	1827.6	2034.3	12093.4
14937	1832.1	2038.8	12255.9
27536	1845.9	2098.0	12684.1
41566	1822.9	2084.7	12415.7
54048	1832.6	2099.6	12284.0
42724	1829.1	2041.8	12149.1
19482	1831.0	2052.8	12295.0
34856	1825.7	2038.8	12321.8
62478	1843.0	2108.8	12658.1
13396	1826.3	2043.4	12092.2
18864	1836.5	2071.2	12369.9
52056	1822.2	2015.8	12175.7
20595	1835.3	2034.0	12278.6
17722	1834.4	2074.5	12578.2
62931	1843.1	2095.6	12632.9
4086	1840.2	2093.3	12439.4
28878	1843.7	2094.7	12496.1
21804	1837.5	2041.1	12450.7
42211	1834.1	2032.7	12202.7
52505	1832.1	2086.0	12402.8
40223	1841.5	2056.1	12415.6
33820	1826.1	2004.3	12019.6
36928	1840.6	2114.8	12733.1
51745	1836.6	2082.5	12829.0
20569	1825.8	2056.0	12369.7
22506	1838.4	2113.3	12559.6
5594	1843.5	2125.1	12747.3
64500	1845.7	2128.0	13122.6
59282	1841.1	2110.6	12695.4
32939	1843.9	2096.5	12753.1
39271	1849.3	2099.4	12718.9
50188	1829.8	2111.0	12246.7
47310	1820.0	2034.8	12158.6
14801	1833.5	2025.9	12283.5
492	1839.6	2115.9	12606.6
46617	1843.6	2078.3	12632.1
43888	1834.3	2111.0	12379.6
49675	1834.2	2080.3	12431.2
21689	1843.9	2077.9	12499.9
54818	1839.0	2024.1	12251.0
9698	1842.7	2025.6	12435.7
9967	1840.4	2102.3	12732.0
23273	1824.0	2009.9	12252.7
45515	1835.6	2075.4	12238.6
30393	1832.6	2029.6	12316.4
29577	1839.9	2083.7	12447.0
25156	1831.2	2067.9	12209.4
52206	1846.4	2060.6	12458.8
60596	1831.6	2038.6	12301.2
33112	1829.2	2091.9	12634.3
35869	1836.9	2095.2	12388.9
51545	1837.7	2098.6	12650.8
44358	1830.9	2051.3	12179.3
20491	1815.9	2032.0	12259.4
19522	1831.6	2069.3	12737.0
59459	1842.3	2065.6	12458.8
16487	1836.8	2050.5	12465.6
3586	1838.2	2078.8	12676.7
56464	1841.4	2034.0	12502.1
64728	1848.1	2122.3	12691.1
44594	1849.5	2072.3	12655.8
36273	1818.1	2001.4	12164.2
53788	1826.3	2023.0	12432.9
26654	1841.7	2063.7	12518.4
439	1823.1	2072.5	12181.6
56796	1810.5	1990.1	11838.3
4781	1842.2	2127.7	12568.7
21722	1836.3	2069.8	12715.7
32275	1841.8	2144.8	12886.9
1194	1845.5	2150.8	12817.7
33966	1830.9	2096.4	12455.7
41075	1830.4	2063.3	12181.2
54585	1838.7	2092.6	12464.7
19769	1841.7	2083.8	12353.1
2481	1840.1	2057.0	12432.0
54367	1829.8	2062.8	12184.9
42785	1842.4	2039.8	12380.4
30150	1839.9	2156.7	13163.4
40129	1839.7	2081.2	12411.0
18664	1833.2	2045.2	12155.7
41171	1825.4	2075.0	12497.6
56199	1834.7	2070.9	12581.2
19614	1834.9	2083.8	12394.7
44107	1824.7	2024.6	12061.5
28465	1848.6	2095.9	12453.9
47117	1815.4	2034.0	12165.9
3099	1838.5	2044.1	12440.3
9017	1836.7	2050.9	12329.3
40812	1829.9	2043.6	12651.0
11107	1840.0	2070.6	12406.4
15695	1835.4	2066.7	12441.1
33609	1831.2	2076.8	12431.5
44913	1837.4	2080.4	12618.1
29574	1833.3	2022.2	12168.6
58779	1824.2	2005.1	12084.4
23826	1836.2	2094.9	12775.3
96	1814.8	2005.3	11970.0
51463	1840.1	2090.1	12528.7
3168	1818.2	2044.4	12049.0
26021	1849.1	2154.7	12674.8
40932	1841.3	2127.8	13080.0
2136	1840.9	2121.6	12638.6
46783	1843.5	2098.1	12600.0
5703	1842.3	2103.1	12491.4
5666	1816.9	1986.1	11846.2
6613	1827.7	2066.5	12323.1
56957	1840.7	2091.2	12615.5
62996	1835.9	2045.8	12431.6
20001	1843.3	2096.1	12589.3
24876	1817.0	1967.8	11936.5
14229	1833.0	2153.5	13070.9
44591	1830.1	2109.6	12418.3
37503	1827.6	2065.5	12322.3
12177	1835.4	2073.9	12514.0
29058	1822.6	2059.4	12274.5
21902	1836.1	2115.7	12549.2
23898	1829.8	2076.0	12322.1
20257	1836.6	2090.7	12380.1
12893	1836.4	2048.7	12208.5
64981	1841.7	2097.3	12733.9
36250	1837.2	2096.1	12590.9
64150	1847.5	2114.7	12949.6
22388	1837.0	2047.9	12681.8
5299	1825.0	2060.6	12290.0
17984	1839.1	2089.5	12619.6
2607	1844.8	2064.1	12628.6
12825	1827.1	2024.7	12185.6
6299	1831.6	2074.4	12222.2
52852	1824.9	2059.4	12314.4
3986	1841.7	2096.6	12364.9
988	1838.4	2101.9	12592.7
46721	1822.1	2016.5	12080.1
36996	1837.6	2111.9	12701.7
51935	1845.6	2069.8	12703.4
43380	1836.8	2045.5	12412.3
12764	1821.9	2083.2	12279.6
15338	1828.7	2025.0	12416.2
38300	1833.1	2074.2	12396.8
13805	1844.1	2110.5	12664.2
40704	1843.5	2091.4	12594.4
36380	1836.5	2138.7	12681.2
61471	1844.3	2086.3	12630.1
59187	1832.2	2028.5	12305.1
22547	1838.5	2122.3	12641.7
63328	1844.8	2110.9	12596.6
10103	1830.8	2082.5	12329.3
11068	1831.1	2073.5	12431.4
30951	1835.7	2098.4	12748.3
44374	1832.4	2083.4	12552.5
34729	1834.3	2121.6	12473.5
16446	1838.2	2125.7	12580.1
15419	1839.0	2084.8	12663.2
27874	1832.3	2083.4	12491.0
26945	1820.5	2030.0	12192.1
17559	1838.9	2064.6	12506.7
54624	1836.8	2116.9	12664.6
48634	1833.7	2080.2	12321.2
8870	1841.3	2120.3	12623.1
49444	1835.4	2052.0	12319.7
27930	1846.1	2071.9	12533.5
9665	1850.3	2097.6	12849.0
3078	1844.3	2095.2	12451.2
19871	1834.1	2050.9	12256.4
64107	1833.9	2065.1	12329.7
47123	1847.6	2100.4	12597.3
8250	1817.7	2026.3	12123.3
63113	1851.4	2128.4	12783.5
30492	1838.7	2077.5	12634.9
9448	1830.3	2059.6	12496.5
61316	1832.7	2055.3	12359.7
36417	1840.0	2064.4	12444.5
19661	1838.3	2080.6	12697.7
13547	1839.9	2061.9	12455.4
37878	1832.4	2043.9	12480.6
29366	1849.8	2130.5	12855.4
10660	1834.5	2090.7	12286.4
53808	1835.0	2146.8	12689.5
40417	1839.5	2071.0	12472.3
57101	1817.7	2003.6	11918.2
37921	1846.9	2106.7	12540.3
48981	1836.7	2072.0	12652.1
55500	1828.6	2072.9	12378.0
44087	1831.1	2073.0	12443.1
29827	1835.1	2124.6	12494.8
35722	1823.1	2028.9	12077.0
35553	1841.7	2083.9	12473.7
30308	1837.0	2079.3	12345.4
55766	1827.6	2082.3	12492.5
59798	1856.0	2150.9	13174.4
42447	1852.0	2109.1	12555.0
32093	1824.4	2054.0	12232.2
3751	1840.8	2066.9	12487.1
49401	1835.6	2065.7	12557.8
50721	1836.7	2090.1	12845.6
11410	1843.6	2142.4	12665.2
37870	1832.4	2038.8	12231.9
63191	1814.9	2064.9	12066.0
52149	1828.1	2019.4	12229.7
36813	1837.1	2099.5	12498.9
46145	1821.3	2016.4	12647.1
8157	1845.2	2104.9	12593.8
50297	1847.7	2108.3	12836.0
45315	1833.3	2057.1	12242.8
48278	1852.1	2122.9	12778.2
3609	1835.2	2118.4	12813.4
45859	1837.4	2040.1	12385.4
38304	1830.3	2053.3	12477.4
27608	1832.5	2068.7	12310.2
26877	1826.5	2017.7	12376.4
22179	1846.2	2071.5	12533.8
27076	1822.8	2028.8	12137.4
54488	1842.4	2062.4	12525.9
28329	1826.6	2040.8	12405.3
12338	1841.3	2036.9	12529.9
23722	1843.2	2107.7	12625.8
52404	1832.5	2031.6	12248.1
28386	1822.3	2062.0	12241.2
35555	1842.6	2038.4	12423.8
35448	1820.8	2029.5	12170.5
18600	1833.0	2092.9	12384.4
10041	1843.5	2125.1	13074.1
29481	1845.2	2104.5	12588.0
60612	1830.2	2051.4	12242.6
20908	1822.7	2046.6	12233.9
55742	1849.9	2114.6	12890.9
60998	1829.6	2066.6	12499.2
27120	1824.2	2065.2	12463.6
18393	1836.8	2105.5	12601.7
30579	1847.8	2093.5	12642.5
46845	1834.0	2075.1	12591.9
38681	1842.0	2106.4	12883.9
12280	1842.0	2080.3	12631.5
19232	1822.9	2027.8	12057.2
6607	1833.0	2070.5	12501.5
46831	1832.4	2034.9	12231.6
64325	1833.3	2079.6	12453.1
23047	1840.7	2130.7	12922.4
22615	1831.8	2055.5	12577.4
13841	1848.6	2088.5	12815.0
63048	1838.1	2099.9	12533.4
25770	1847.0	2139.3	12774.3
39748	1832.3	2058.9	12205.6
50995	1833.5	2087.7	12471.1
52710	1831.2	2086.9	12678.8
2145	1840.0	2073.3	12629.8
28223	1829.1	2076.1	12305.4
19768	1829.0	2096.9	12214.8
27496	1834.0	2085.3	12729.1
38142	1822.3	2058.5	12328.7
42019	1838.9	2031.7	12341.4
64967	1828.4	2001.8	12241.7
20124	1834.8	2047.5	12306.1
11846	1829.6	2047.7	12166.1
37896	1823.4	1996.8	12032.4
56643	1834.4	2119.7	12689.2
58913	1846.2	2010.4	12327.5
4681	1833.7	2072.9	12421.6
55120	1834.0	2052.1	12349.9
35922	1834.0	2073.4	12340.5
7448	1815.4	2053.6	12043.1
23365	1836.6	2052.5	12496.2
23491	1849.9	2169.9	12740.0
19968	1831.9	2054.7	12348.8
11052	1846.1	2110.4	12582.7
53472	1826.0	2032.2	12349.9
44641	1828.8	2085.1	12327.7
6533	1835.7	2088.1	12590.5
4015	1838.0	2113.9	12235.9
54054	1835.5	2056.7	12223.7
414	1826.2	2048.4	12263.5
12667	1838.6	2097.5	12511.7
3210	1836.1	2109.7	12859.2
16549	1842.1	2133.4	12644.4
35831	1852.8	2132.8	12792.3
17451	1827.3	2051.3	12405.6
523	1829.3	2050.6	12258.9
36321	1833.0	2098.2	12469.6
16308	1839.4	2075.6	12523.7
61156	1824.4	2039.0	12129.2
7644	1851.7	2106.6	12550.1
49611	1840.4	2056.3	12261.7
24848	1841.0	2132.7	12525.3
63045	1835.4	2076.5	12377.5
56993	1857.3	2132.3	12714.2
10198	1832.6	2074.4	12357.7
17999	1831.2	2064.7	12444.1
19982	1829.2	2065.7	12289.1
26938	1841.9	2051.7	12466.0
49566	1836.5	2062.7	12516.0
11364	1827.8	2124.0	12454.6
40345	1836.9	2097.4	12537.2
32908	1832.2	2077.8	12492.5
11407	1837.3	2119.6	12661.4
64332	1843.7	2148.9	12684.4
53090	1840.7	2080.2	12479.2
64774	1830.7	2039.1	12405.7
52790	1823.8	2075.5	12318.3
21188	1822.7	2031.3	12157.1
4470	1832.1	2082.0	12447.8
61771	1838.4	2070.0	12396.4
8814	1843.6	2103.3	12482.3
28490	1851.1	2090.7	12789.6
41853	1844.6	2076.4	12722.1
63992	1827.5	2034.4	12295.0
41129	1839.8	2076.2	12433.2
35397	1849.0	2061.7	12663.6
64368	1838.7	2076.5	12292.0
57693	1833.5	2065.4	12384.9
14048	1833.1	2046.3	12386.0
63640	1845.6	2115.9	12737.2
36265	1820.7	2025.7	12094.5
48601	1845.5	2113.7	12806.6
49728	1834.0	2041.5	12519.3
63728	1837.2	2058.9	12389.7
6092	1850.2	2118.2	12671.4
34423	1834.8	2072.6	12264.6
62979	1830.1	2066.3	12303.1
12075	1832.7	2063.9	12380.1
52574	1845.2	2129.0	12782.8
11010	1843.7	2143.6	12813.6
7114	1821.8	2041.3	12172.1
20597	1835.7	2080.9	12570.8
61179	1847.3	2085.9	12743.7
42412	1854.9	2144.4	13423.5
8871	1830.8	2089.3	12280.3
33047	1816.8	2019.2	11957.0
60897	1836.6	2045.7	12367.5
42472	1832.8	2095.8	12570.3
29444	1846.1	2073.1	12628.1
23751	1823.5	2063.1	12230.1
18596	1836.4	2033.7	12099.0
23070	1865.3	2154.5	13373.6
62326	1833.7	2051.4	12428.6
16958	1827.8	2039.8	12357.6
61301	1823.8	2078.5	12507.8
14776	1833.5	2091.7	12638.1
54127	1840.4	2127.0	12768.1
30721	1835.0	2067.6	12439.2
35796	1841.3	2104.2	12600.2
38060	1838.8	2104.8	12475.3
19269	1840.2	2071.2	12451.6
51156	1824.8	2061.7	12227.9
41457	1827.6	2010.5	12220.1
52524	1834.9	2107.8	12488.3
31654	1834.3	2088.3	12993.8
16891	1836.5	2134.4	12578.9
14790	1815.2	2055.5	12514.7
35389	1854.0	2081.9	12855.7
51393	1833.7	2125.9	12650.7
56149	1840.0	2149.8	12546.5
24755	1825.7	2090.4	12437.9
3005	1833.6	2063.2	12493.1
49260	1829.2	2075.0	12160.1
32966	1834.7	2047.8	12473.7
33803	1838.7	2052.2	12516.9
64519	1842.8	2024.6	12345.9
9870	1836.4	2087.0	12442.9
52793	1830.3	2083.7	12326.3
2107	1836.6	2072.8	12314.8
2772	1845.6	2086.8	12683.2
8941	1821.0	2027.9	12290.2
48606	1823.9	2059.3	12181.9
48843	1823.1	2019.5	12153.2
19787	1833.8	2114.1	12447.3
58778	1839.3	2101.0	12553.8
55002	1836.8	2020.1	12150.7
653	1844.8	2110.5	12491.7
44551	1827.7	2097.3	12536.2
18171	1830.5	2077.1	12292.5
4945	1830.1	2046.6	12155.2
32749	1855.5	2169.5	12808.9
48191	1831.1	2056.6	12265.1
30444	1835.3	2056.4	12399.8
54052	1851.3	2154.3	12857.6
26425	1847.9	2081.5	12486.1
44574	1832.4	2052.1	12285.0
50725	1854.7	2150.0	13112.6
21004	1836.7	2062.8	12426.9
14120	1842.6	2095.3	12639.1
27439	1841.6	2090.0	12515.0
34486	1831.6	2054.6	12209.0
28842	1834.4	2083.3	12660.0
10360	1841.2	2096.0	12788.6
59910	1830.6	2031.7	12304.7
1366	1829.8	2053.0	12502.4
2113	1838.9	2099.0	12489.9
23122	1838.3	2097.9	12812.1
43435	1828.4	2080.0	12510.7
10542	1844.1	2150.4	12618.8
6785	1838.4	2099.8	12553.9
43550	1837.0	2075.8	12896.0
57263	1831.1	2059.4	12336.9
24337	1840.6	2056.9	12590.0
10163	1838.4	2050.0	12355.8
14833	1848.6	2161.4	12890.9
38694	1833.6	2054.6	12402.0
53351	1827.0	2032.9	12301.5
10687	1830.1	2066.9	12270.1
52001	1847.1	2050.6	12362.6
52835	1841.5	2069.6	12730.0
27899	1833.7	2070.7	12241.9
52651	1830.6	2068.9	12497.9
49424	1834.6	2034.2	12203.6
9824	1833.9	2052.3	12309.9
4891	1825.3	2022.2	12107.9
54442	1835.5	2037.4	12289.6
57772	1846.6	2126.0	12646.3
29172	1832.5	2036.9	12388.5
3248	1835.7	2035.7	12505.0
22465	1837.9	2042.9	12314.5
19220	1840.3	2113.3	12572.8
9344	1835.1	2121.8	12519.3
17675	1844.4	2160.7	12912.5
44301	1837.4	2030.2	12145.6
32177	1833.2	2050.6	12340.8
56227	1843.9	2094.9	12557.4
49074	1832.1	2095.1	12364.6
25827	1832.1	2106.4	12642.9
7602	1829.3	2048.9	12245.9
20317	1835.1	2090.2	12576.2
24566	1835.8	2055.4	12347.7
47324	1835.6	2045.0	12081.5
8855	1853.3	2153.6	12789.0
9188	1837.0	2127.3	12610.5
27087	1833.6	2048.8	12351.2
32911	1835.3	2119.1	12348.3
56479	1824.5	2042.3	12157.1
49530	1835.3	2094.4	12355.3
26190	1839.8	2060.3	12375.2
28280	1826.3	2016.9	12017.5
56030	1825.3	2024.6	12098.0
25876	1843.0	2118.6	12512.8
30583	1830.2	2034.9	12449.0
13071	1820.6	2039.4	12288.9
41092	1846.7	2141.7	12650.4
45433	1834.9	2074.6	12466.4
36940	1830.8	2041.8	12237.4
35560	1836.8	2050.5	12397.8
35336	1837.1	2045.2	12370.7
23953	1839.4	2086.0	12579.6
46401	1838.8	2036.0	12419.8
54224	1842.3	2122.0	12733.4
54364	1844.5	2049.0	12504.9
44112	1831.3	2099.6	12500.4
13403	1827.8	2057.7	12232.5
28746	1833.0	2031.0	12228.7
8760	1838.9	2131.5	12574.7
43328	1856.3	2121.8	12826.8
38054	1825.7	2003.9	12234.3
31853	1839.2	2070.6	12309.0
51404	1834.2	2023.3	12348.3
14177	1828.9	2085.4	12314.5
35335	1826.3	2058.9	12194.4
61915	1835.0	2032.2	12754.8
41610	1824.1	2027.5	12074.5
8091	1829.4	2050.3	12476.8
47289	1830.0	2091.1	12295.0
54387	1848.0	2058.5	12481.9
46034	1854.7	2126.2	12795.1
62446	1826.1	2042.9	12328.2
57382	1828.0	2033.3	12254.1
60551	1839.0	2093.2	12433.5
38346	1828.4	2088.6	12392.4
64955	1830.0	2042.2	12275.8
52062	1847.5	2073.5	12864.0
49545	1822.1	2056.2	12466.3
49165	1833.1	2049.1	12468.2
43407	1826.9	2019.5	12290.0
28306	1831.7	2085.1	12282.3
34150	1826.4	2058.8	12101.8
41207	1832.8	2061.1	12365.1
29199	1844.4	2092.5	12588.4
11514	1840.8	2085.7	12559.8
44327	1838.8	2017.3	12517.7
16251	1831.4	2068.3	12343.3
18714	1824.0	2048.4	12090.4
18379	1836.0	2092.4	12408.5
5643	1832.7	2042.5	12437.5
47005	1828.7	2050.9	12240.4
17080	1834.2	2068.7	12343.1
31445	1849.6	2130.3	12840.7
21425	1838.3	2043.7	12228.0
49064	1846.4	2097.4	12628.3
3897	1837.6	2104.2	12695.4
45592	1825.4	2106.5	12275.5
34531	1860.6	2187.2	13144.4
43747	1847.1	2035.7	12375.8
43196	1839.5	2103.0	12511.7
64193	1832.1	2035.5	12133.2
35163	1831.8	2109.0	12315.2
34811	1834.4	2098.7	12449.2
30489	1841.3	2036.2	12447.6
52430	1826.2	2041.6	12385.9
32071	1828.5	2052.8	12248.9
14556	1835.8	2128.1	12828.6
21055	1838.0	2099.1	12564.5
38651	1841.0	2085.4	12627.7
18492	1821.7	2101.1	12232.4
64413	1837.8	2114.3	12871.0
35280	1820.8	2074.5	12188.2
7921	1837.9	2121.5	12507.6
51604	1839.0	2138.4	12728.8
59092	1824.5	2057.6	12355.1
13169	1815.6	2007.0	11901.3
48456	1841.6	2126.8	12657.8
30659	1830.4	2079.9	12604.9
13452	1832.3	2115.4	12562.3
40662	1840.4	2048.5	12362.8
7294	1840.5	2089.5	12543.9
72	1835.8	2090.1	12353.7
28036	1847.7	2078.9	12765.9
8450	1828.1	2101.3	12206.9
36437	1827.9	2040.7	12096.1
46032	1834.6	2071.4	12430.8
19546	1840.8	2069.5	12682.8
11094	1840.8	2173.1	12587.7
37903	1837.2	2069.0	12327.0
52355	1837.4	2040.6	12305.5
26836	1834.1	2126.6	12659.6
25488	1822.3	2061.2	12182.6
53072	1853.0	2123.1	12751.5
54375	1834.1	2062.4	12478.3
54828	1835.6	2042.5	12348.8
30997	1838.8	2099.4	12405.7
1579	1840.7	2139.6	13097.9
31270	1826.0	2060.3	12360.3
46199	1827.7	2071.8	12371.7
4975	1845.7	2090.5	12552.4
5933	1849.7	2116.4	12904.7
58960	1832.9	2067.2	12690.8
55903	1847.8	2092.7	12628.4
54153	1837.8	2085.4	12474.3
5457	1850.6	2116.7	12740.0
23161	1850.9	2126.9	12781.9
28080	1830.6	2108.8	12516.3
31393	1838.3	2080.9	12521.6
51187	1845.5	2096.9	12580.8
16362	1838.5	2091.9	12563.9
40317	1853.9	2102.3	12920.2
4224	1835.9	2058.6	12274.3
41965	1821.3	2017.4	12135.7
30766	1837.3	2076.9	12444.0
60224	1831.8	2054.3	12141.3
58208	1856.5	2150.6	12877.3
55829	1824.7	2060.4	12320.7
16208	1832.5	2044.8	12267.2
37275	1825.3	2040.8	12315.4
64724	1838.0	2064.0	12267.1
56929	1815.8	1990.7	12022.7
42644	1845.9	2138.4	12967.9
43603	1831.1	2049.1	12258.0
53385	1834.9	2036.9	12310.6
24183	1838.8	2051.3	12524.1
3850	1840.5	2128.5	12817.6
54701	1839.6	2122.7	13052.5
4441	1840.0	2056.9	12418.4
50993	1825.7	2058.2	12202.5
19815	1833.2	2037.9	12330.2
41395	1842.2	2076.1	12335.2
10195	1830.9	2066.2	12510.2
56385	1827.8	2047.1	12231.1
57492	1829.6	2080.2	12581.2
47970	1836.7	2092.8	12544.4
49865	1824.9	2035.9	12311.6
57298	1831.2	2113.0	12450.2
54870	1837.7	2066.6	12411.2
55250	1830.6	2038.6	12798.8
59279	1839.2	2094.2	12524.2
15082	1838.4	2072.9	12333.1
50135	1842.9	2118.1	12672.7
39379	1830.6	2068.7	12555.6
54379	1844.2	2097.0	12599.8
57092	1859.2	2149.3	13525.8
50902	1829.9	2120.9	12612.1
9897	1825.4	2091.2	12539.7
3942	1828.6	1986.0	12127.2
36169	1821.2	2072.5	12170.2
11913	1852.9	2120.7	12786.3
57343	1818.8	1997.2	12001.3
3836	1826.9	2055.2	12126.5
35312	1847.3	2099.1	12749.4
61057	1839.4	2060.1	12537.5
24561	1840.9	2023.4	12260.2
3888	1833.0	2087.9	12461.5
42992	1819.2	2034.7	11932.5
22544	1844.1	2136.6	12473.3
27707	1830.3	2086.5	12341.6
40400	1816.0	2045.8	12021.2
26143	1835.9	2063.6	12357.4
18525	1828.8	2065.6	12241.9
50377	1837.5	2082.8	12500.0
18719	1834.2	2026.1	12298.0
35177	1846.9	2099.8	12511.5
1027	1844.0	2087.4	12489.9
21479	1832.0	2035.2	12213.6
3660	1833.3	2094.3	12484.1
3432	1844.0	2101.4	12866.4
15129	1820.3	2017.3	12297.1
36498	1832.1	2016.9	12204.6
48177	1839.6	2101.1	12615.5
16684	1825.9	2037.1	12335.1
1876	1846.1	2077.7	12456.3
48572	1843.5	2087.5	12574.3
59946	1833.2	2066.5	12508.1
32965	1828.2	2069.5	12149.2
13804	1832.3	2048.4	12264.4
13638	1835.6	2062.1	12283.1
15062	1845.7	2116.4	12560.7
63393	1843.4	2100.2	12600.2
1448	1843.7	2078.7	12567.7
17317	1840.6	2148.4	12646.3
39777	1830.4	2062.8	12377.5
37043	1828.4	2066.0	12265.8
26818	1833.1	2081.0	12544.9
37337	1840.0	2083.2	12527.5
54290	1831.2	2067.2	12398.9
33098	1822.8	2109.0	12316.3
61214	1840.6	2080.7	12616.2
44629	1834.0	2064.7	12396.6
41317	1846.3	2100.3	12832.3
43304	1843.7	2099.5	12597.9
37335	1829.3	2006.6	12013.0
26657	1845.3	2095.6	12489.7
59109	1842.1	2084.8	12592.5
5847	1832.2	2102.3	12332.4
52103	1840.7	2051.6	12487.5
2347	1825.4	2057.6	12180.0
54612	1836.9	2037.3	12242.8
2597	1833.8	2086.4	12363.6
60645	1828.8	2021.7	12093.1
251	1814.2	1985.2	11884.8
36546	1829.7	2047.5	12171.6
4507	1845.7	2076.7	12454.2
9257	1843.4	2149.8	12720.3
3771	1833.4	2119.6	12612.1
46486	1820.1	2065.0	12356.2
34839	1808.9	1991.9	11960.2
48949	1831.2	2089.1	12397.6
30221	1832.2	2099.1	12350.9
48577	1837.7	2051.4	12440.5
6141	1839.8	2112.1	12893.5
50379	1828.1	2047.1	12264.2
21441	1852.8	2123.1	12962.9
28605	1842.4	2128.5	12858.0
37827	1833.6	2084.1	12574.0
34749	1829.2	2052.1	12363.0
35244	1825.9	2024.4	12112.0
31376	1839.0	2098.3	12487.9
14980	1836.2	2045.4	12244.6
48381	1842.3	2041.5	12398.2
31013	1823.0	2042.3	12213.5
32887	1849.0	2062.8	12671.8
13329	1842.2	2085.0	12480.1
14399	1827.5	2060.7	12283.9
41973	1835.5	2085.9	12431.1
32935	1833.8	2029.0	12210.2
21169	1839.6	2057.5	12556.6
62957	1833.5	2056.2	12429.7
60469	1837.8	2048.8	12283.6
7503	1835.9	2142.1	12410.8
2560	1842.3	2104.1	12552.2
44036	1826.0	2059.2	12234.8
61071	1838.8	2107.9	12719.9
19040	1825.0	2034.9	12217.2
31142	1850.0	2078.7	12900.8
59292	1823.0	2030.0	12004.3
60535	1841.9	2034.8	12542.7
62217	1843.5	2083.9	12470.7
12398	1823.6	2062.7	12238.0
7809	1833.1	2038.7	12366.7
53231	1836.2	2096.7	12717.6
48243	1822.9	2063.0	12305.7
21008	1836.4	2073.6	12559.4
55834	1820.9	2060.3	12249.5
44560	1828.4	2051.6	12266.7
58900	1845.3	2081.5	12420.5
58758	1822.4	2018.6	12249.8
8728	1836.8	2081.5	12457.2
45522	1844.2	2111.3	12662.3
64655	1829.5	2044.5	12399.2
33055	1838.3	2055.5	12264.8
42071	1833.8	2073.4	12290.9
39799	1825.1	2053.5	12076.5
52967	1822.4	2049.4	12285.0
11168	1827.0	2021.7	12167.6
39035	1834.5	2078.1	12468.4
2735	1820.3	2058.2	12514.2
48124	1839.5	2074.6	12394.1
47494	1839.2	2121.1	13928.7
36529	1831.8	2066.3	12530.3
21214	1837.2	2056.8	12294.5
18290	1831.9	2065.2	12120.4
12121	1826.5	2052.4	12402.0
30685	1837.0	2135.6	12576.8
48772	1834.5	2040.5	12351.9
46039	1833.5	2075.8	12541.5
29765	1848.9	2129.9	12610.9
25713	1836.9	2163.7	12577.3
25637	1842.5	2072.8	12609.9
43113	1830.2	2025.8	12248.6
32702	1824.3	2102.1	13236.8
54408	1836.2	2068.9	12647.2
47170	1832.8	2084.1	12436.8
5374	1848.2	2096.5	12615.8
14030	1845.7	2089.8	12627.9
51341	1825.0	2081.0	12378.4
44814	1838.0	2066.2	12296.1
33674	1833.1	2094.4	12364.8
16423	1826.1	2037.8	12411.1
5778	1844.8	2124.2	13110.9
53663	1842.3	2092.9	12788.0
27599	1835.1	2023.7	12254.0
22277	1837.5	2047.8	12308.7
37222	1819.8	2026.9	12086.0
34832	1838.5	2069.1	12525.0
58463	1835.1	2059.5	12511.2
48914	1835.8	2079.3	12348.9
22290	1836.7	2095.3	12547.7
197	1816.4	2078.1	12104.5
28529	1838.1	2045.8	12388.5
55654	1844.0	2131.5	12699.7
35657	1842.3	2093.6	12667.6
18025	1842.6	2098.4	12412.4
61601	1841.6	2061.6	12537.8
34377	1840.3	2116.5	12700.1
62841	1844.4	2052.1	12406.8
61535	1843.8	2100.0	12668.5
30052	1819.5	1974.6	11891.5
28278	1838.7	2091.1	12605.9
37495	1824.7	2052.0	12181.8
393	1836.6	2117.0	12742.4
40458	1838.1	2092.3	12415.6
18174	1833.1	2097.6	13230.8
11942	1833.0	2039.5	12330.8
64980	1841.7	2068.8	12558.6
26142	1842.4	2041.3	12569.4
19850	1843.0	2098.8	12526.4
13944	1850.4	2139.3	12938.9
15649	1816.4	2019.9	12088.5
7442	1841.4	2116.5	12420.6
2377	1831.4	2083.2	12390.0
58212	1828.9	2010.3	12153.7
1804	1835.4	2084.5	12830.8
51265	1838.4	2075.9	12544.3
3222	1838.4	2028.1	12266.8
54433	1832.8	2038.5	12365.2
64408	1843.3	2092.7	12754.0
57578	1835.6	2067.8	12371.7
6600	1832.0	2080.0	12330.2
1005	1840.5	2108.7	12595.6
34198	1842.0	2069.8	12702.9
16137	1844.9	2097.0	12670.3
27688	1829.5	2068.2	12212.3
63104	1829.1	2047.5	12358.5
17771	1841.1	2077.1	12493.5
45694	1842.4	2117.8	12683.5
6507	1841.5	2163.2	12894.1
45609	1828.6	2017.0	12643.8
27074	1838.6	2155.7	12752.1
24372	1836.6	2065.1	12287.3
40860	1827.6	2049.9	12295.5
8047	1830.6	2063.2	12187.5
34717	1838.8	2068.2	12400.7
45285	1828.8	2020.0	12137.2
38750	1832.5	2076.3	12474.9
25167	1840.2	2133.2	12609.5
6695	1843.8	2075.0	12405.1
32915	1834.6	2106.9	12683.8
62235	1829.6	2048.9	12367.5
49852	1844.4	2145.9	12825.7
23323	1826.1	2072.8	12379.2
48947	1845.3	2102.4	12967.9
6539	1841.2	2123.5	12575.8
26196	1837.6	2051.3	12630.6
37964	1822.6	2019.7	12125.1
33781	1833.3	2054.0	12304.8
43074	1842.3	2079.3	12520.9
27281	1844.3	2073.0	12661.2
52418	1837.4	2080.1	12419.8
23111	1842.3	2095.0	12612.2
38276	1833.3	2084.6	12243.4
20634	1834.0	2067.3	12382.8
27803	1815.5	2073.3	12390.0
41783	1842.9	2098.5	12512.0
56308	1843.9	2086.5	12553.6
17657	1839.5	2095.8	12483.6
8088	1820.3	2067.1	12056.4
31509	1828.6	2043.6	12531.9
254	1834.2	2078.2	12340.1
5408	1843.4	2114.1	12620.9
61884	1835.7	2078.6	13517.1
62661	1840.5	2082.6	12399.6
33596	1846.5	2157.4	12687.9
38899	1843.1	2096.3	12779.2
57563	1837.0	2069.6	12436.1
38990	1848.3	2104.0	13132.5
41469	1838.1	2095.4	12817.1
9601	1836.0	2069.7	12283.3
52516	1835.3	2013.3	12356.8
36820	1836.9	2083.8	12455.7
61500	1832.8	2053.9	12136.6
1630	1827.3	2054.5	12424.2
19257	1830.9	2091.4	12398.0
10079	1823.4	2056.7	12251.0
62893	1832.0	2015.2	12110.8
36296	1836.7	2085.7	12531.3
27484	1847.6	2075.7	12507.3
44916	1832.2	2109.4	12533.4
7567	1837.0	2109.7	12541.9
16784	1855.4	2194.2	13511.1
21122	1830.6	2060.8	12108.8
44073	1825.5	2063.6	12154.1
57826	1833.7	2057.4	12295.0
21957	1833.6	2065.9	12531.4
23821	1834.7	2104.3	12510.4
44542	1837.3	2096.8	12517.8
16678	1836.5	2024.6	12279.9
16380	1838.8	2117.1	12551.2
24278	1832.9	2055.7	12201.5
18218	1837.7	2071.4	12349.4
30190	1844.3	2104.2	12747.8
59121	1812.1	2009.1	12029.1
53262	1841.5	2051.5	12420.6
743	1842.1	2100.8	12549.3
54536	1834.6	2044.5	12498.0
57242	1831.4	2057.8	12361.8
59856	1842.5	2099.8	12685.0
49759	1840.7	2101.3	12407.9
13336	1847.2	2079.5	12429.5
5250	1837.8	2119.4	12517.9
5940	1837.1	2080.1	12444.7
63211	1832.6	2088.3	12398.9
48219	1827.0	2064.0	12235.0
11048	1849.0	2095.7	12628.9
21491	1840.3	2089.9	12415.7
33978	1846.5	2122.5	12521.8
55706	1826.7	2077.7	12400.8
50611	1845.6	2130.8	12941.9
5993	1841.0	2081.7	12541.8
47547	1828.0	2034.7	12127.5
16237	1839.6	2064.6	12556.6
18700	1835.4	2073.5	12377.1
16184	1823.3	2069.6	12064.2
33464	1819.3	2046.8	12172.1
49329	1843.2	2092.1	12577.4
2900	1842.2	2084.7	12477.0
48126	1834.7	2086.0	12599.0
42971	1825.6	2045.7	12283.3
713	1836.6	2090.0	12383.9
53106	1833.9	2089.4	12615.4
21322	1823.3	2041.0	12164.3
50708	1839.2	2083.4	12431.2
41249	1830.4	2101.8	12573.0
25234	1836.9	2066.8	12268.7
37890	1825.2	2071.2	12316.0
