21572	1498.3	1820.2	8734.6
35599	1477.4	1752.8	8298.7
31266	1478.1	1762.1	8198.9
40977	1477.0	1687.9	8148.4
46318	1479.2	1731.9	8137.9
46051	1464.4	1697.2	7896.5
48266	1468.3	1657.7	7920.2
45870	1466.0	1671.7	7933.0
9675	1467.3	1663.4	7855.8
44145	1462.9	1685.8	7915.9
24047	1471.2	1753.8	8132.2
45854	1482.6	1749.9	8284.0
18870	1457.4	1686.3	7753.8
21521	1481.7	1752.2	8978.7
26101	1484.5	1725.3	8318.1
14238	1489.5	1779.0	8554.1
23302	1479.1	1721.4	8162.1
26051	1475.6	1697.8	8111.5
21204	1489.2	1772.0	8473.0
9791	1474.2	1724.7	8082.1
49540	1465.9	1686.4	7973.8
41384	1474.6	1707.4	8051.6
46634	1470.2	1697.2	7983.6
31257	1480.0	1749.2	8379.0
9232	1486.4	1773.4	8337.4
26638	1474.1	1736.0	8309.7
45597	1482.0	1777.4	8282.5
37566	1461.3	1638.2	7806.9
23352	1483.5	1757.4	8365.6
7576	1489.1	1731.3	8282.0
12584	1469.1	1775.1	8223.0
6561	1470.3	1755.2	8100.0
44930	1478.9	1678.5	7950.8
13024	1477.2	1746.1	8089.6
20302	1471.0	1725.1	8145.9
19446	1470.8	1663.4	7939.8
17590	1464.4	1730.8	8007.7
38513	1476.6	1719.5	8176.2
44232	1480.2	1753.8	8378.5
29343	1464.2	1658.5	7969.4
13808	1470.3	1735.4	8093.7
46275	1480.2	1733.1	8146.5
25992	1468.5	1732.9	7949.6
20770	1482.5	1787.3	8453.4
48860	1482.2	1748.0	8178.4
10523	1466.3	1716.2	7979.2
40557	1471.6	1729.6	8167.6
9935	1477.9	1718.4	8235.2
18498	1460.4	1692.1	7896.7
43946	1470.1	1683.2	8057.1
43061	1474.3	1721.5	8192.7
5374	1468.6	1695.4	7941.5
28053	1472.1	1715.9	8082.0
27174	1474.8	1742.2	8122.4
18911	1477.1	1741.2	8295.7
23767	1475.3	1708.9	7994.9
6272	1472.4	1672.0	8076.7
27409	1476.5	1739.2	8544.1
9803	1473.1	1734.6	8172.5
37141	1468.2	1703.5	8048.5
31827	1484.8	1760.6	8401.0
15187	1470.5	1734.8	8142.5
45287	1486.8	1749.5	8406.5
28182	1473.9	1717.0	8282.9
15134	1472.7	1726.0	8041.3
4884	1469.7	1691.3	7942.7
31601	1491.2	1738.8	8280.4
9915	1472.8	1761.7	8207.2
25957	1474.4	1737.5	8069.2
9355	1473.3	1730.5	8257.9
35894	1477.3	1715.3	8190.1
31807	1473.8	1670.9	7997.6
21223	1480.0	1748.5	8042.1
22498	1474.8	1696.8	8024.1
34754	1476.9	1697.4	8100.3
39035	1472.6	1725.8	8338.1
21509	1482.0	1787.2	8754.6
15845	1474.2	1729.8	8157.8
28246	1481.1	1730.3	8327.1
35016	1473.2	1708.3	8053.8
43677	1478.8	1753.9	8358.4
18587	1474.3	1673.6	7839.5
28602	1470.9	1741.1	8129.4
15436	1484.5	1766.1	8175.4
1473	1465.7	1665.2	7872.7
31355	1475.7	1765.6	8321.5
4716	1473.1	1700.1	8008.2
4033	1482.8	1739.1	8180.0
29698	1476.1	1696.9	8014.3
25795	1476.2	1703.5	8133.2
17436	1470.8	1727.5	8108.0
12588	1467.4	1728.1	8202.9
5992	1468.6	1663.7	7855.8
16620	1462.7	1693.2	8042.1
2956	1470.1	1750.9	8145.7
43362	1481.1	1717.0	8015.0
15228	1469.3	1745.4	8050.5
15530	1457.1	1662.8	7684.4
39631	1462.5	1649.8	7866.8
8069	1473.5	1705.2	8028.7
9975	1471.4	1694.7	8174.4
32010	1471.3	1675.5	7918.4
31987	1488.3	1737.2	8329.6
6295	1474.6	1706.7	8082.3
45835	1473.1	1745.6	8099.5
34293	1459.2	1647.2	7725.0
40786	1467.8	1706.3	8104.1
4297	1487.1	1785.8	8461.9
38419	1466.2	1736.4	7980.0
47198	1475.5	1757.8	8256.3
14331	1469.4	1692.1	7995.7
45228	1466.7	1653.3	7844.2
15909	1480.8	1753.1	8367.1
22385	1480.3	1742.5	8106.5
44654	1466.2	1682.5	7860.8
47241	1464.8	1629.9	7793.2
1933	1473.6	1716.2	8162.0
2160	1477.8	1756.5	8177.1
8181	1470.6	1731.7	8393.9
28840	1480.0	1716.0	8210.6
23113	1476.4	1738.7	8329.4
5778	1460.6	1682.3	7831.8
14883	1478.0	1714.6	8158.8
38794	1475.2	1740.5	8090.8
3016	1474.4	1762.4	8579.8
44338	1475.7	1713.6	8265.1
37390	1480.7	1730.6	8267.0
13795	1477.9	1703.0	8049.0
28460	1484.4	1752.6	8272.8
41054	1464.2	1708.2	7985.0
9824	1482.9	1760.3	8192.7
1503	1474.2	1731.3	8329.7
21663	1471.7	1737.9	8266.6
12291	1470.7	1762.6	8316.6
23087	1471.4	1733.9	8372.1
10457	1457.0	1718.1	7861.0
47178	1472.5	1744.0	8154.3
25187	1467.3	1656.5	7880.9
7723	1482.8	1798.9	8391.7
48402	1466.3	1739.6	8062.7
26002	1477.9	1742.5	8145.5
36379	1473.2	1738.7	8135.4
41776	1473.8	1695.6	7968.8
37881	1465.5	1689.9	7988.1
20540	1479.4	1724.6	8100.0
30701	1468.8	1708.6	7974.3
41431	1463.9	1674.4	7960.4
10547	1465.6	1661.1	7863.3
13306	1477.5	1709.5	8102.3
28159	1467.9	1732.2	8115.4
30787	1479.5	1742.5	8265.8
48747	1473.7	1660.4	8059.1
10904	1488.0	1732.0	8362.2
47374	1480.2	1738.3	8473.4
20240	1479.3	1726.5	8388.9
2088	1463.6	1741.1	8203.1
47896	1476.1	1688.5	8013.8
18341	1462.2	1665.9	7876.1
10880	1479.2	1716.0	8038.7
20496	1473.6	1740.2	8396.6
5092	1481.6	1711.0	8140.8
25813	1470.3	1711.7	8037.3
31192	1469.1	1681.9	7850.1
18806	1475.0	1741.6	8276.8
37077	1492.2	1804.3	8411.4
8299	1478.7	1730.9	8774.1
33925	1476.2	1740.8	8515.9
7953	1463.3	1737.0	7992.6
4978	1468.2	1670.0	7849.0
18190	1470.7	1684.0	7980.1
42890	1464.6	1715.1	8366.9
17270	1484.6	1771.6	8326.4
10281	1470.0	1741.9	8058.5
10110	1472.2	1728.5	8102.0
191	1471.4	1694.4	7991.4
44001	1473.7	1670.3	7913.2
8273	1485.4	1754.6	8207.8
17843	1482.5	1698.2	8164.1
13257	1482.0	1649.2	8021.4
14710	1469.8	1717.4	9066.1
574	1482.7	1758.4	8505.7
33994	1486.6	1758.0	8651.5
48475	1469.2	1709.3	8124.0
11172	1483.0	1778.4	8423.2
7196	1480.9	1713.5	8216.3
41308	1484.0	1763.9	8451.7
34952	1482.9	1741.6	8217.5
18813	1467.8	1738.3	8174.5
31090	1483.0	1740.1	8243.7
46018	1462.3	1684.3	7948.8
13356	1466.9	1683.7	8130.5
38147	1480.1	1733.4	8354.6
16103	1473.6	1741.6	8116.7
21735	1461.8	1690.5	8311.0
6143	1482.6	1749.4	8355.0
38143	1477.2	1747.0	8343.6
18798	1479.0	1697.0	8096.3
42560	1461.8	1659.1	7917.2
17683	1467.5	1654.6	7976.8
4976	1477.6	1662.7	8020.8
21919	1473.4	1719.6	8092.0
11658	1473.8	1714.7	8272.2
36666	1462.7	1699.3	7960.7
39298	1476.0	1710.9	8356.6
10360	1466.6	1690.8	8011.6
5550	1465.8	1753.4	8055.3
43721	1475.4	1731.4	8225.2
47272	1478.2	1713.2	8020.3
42428	1482.1	1717.9	8299.6
38822	1483.8	1771.2	8245.0
8717	1463.4	1692.3	7858.2
13618	1480.6	1728.3	8127.7
21520	1475.8	1730.5	8166.6
8976	1479.4	1707.6	8094.6
25916	1474.2	1700.2	8093.7
12184	1477.0	1721.1	7995.0
31922	1471.8	1686.5	8051.1
26060	1469.1	1652.4	8086.7
33403	1476.7	1742.9	8289.8
14871	1484.3	1775.8	8319.3
45396	1460.0	1679.0	7898.7
16052	1483.0	1751.6	8319.1
20152	1478.3	1730.9	8285.2
16755	1474.0	1699.5	7979.7
9612	1480.0	1701.6	8002.6
38963	1472.6	1705.6	7986.3
46452	1474.3	1705.2	8002.0
35579	1470.4	1685.9	8028.2
36545	1470.6	1681.6	7983.9
20703	1478.7	1719.0	8291.7
8435	1481.5	1736.8	8302.2
14029	1472.6	1693.8	8073.5
25656	1468.0	1726.1	7991.6
19040	1478.5	1729.8	8285.0
9646	1468.7	1719.1	8084.8
10109	1485.0	1757.2	8419.0
2423	1475.0	1733.4	8050.4
12523	1467.9	1695.0	8105.3
38004	1475.9	1686.7	8078.9
14464	1471.1	1662.2	7959.4
25708	1473.1	1746.5	8157.1
2619	1465.0	1704.2	8069.1
26839	1485.3	1677.6	8036.6
15404	1475.7	1711.6	8007.1
10699	1472.3	1694.7	8123.1
46653	1466.8	1693.3	8154.4
8504	1473.3	1716.4	8209.4
38282	1466.3	1725.4	8029.8
13603	1473.3	1701.4	7983.4
5918	1477.1	1725.4	8093.6
10962	1473.0	1731.6	8130.7
45022	1493.1	1795.3	8661.3
21771	1465.2	1677.0	8021.1
46957	1481.7	1726.7	8221.4
17132	1478.0	1713.8	8271.1
9395	1472.2	1703.6	8033.9
38775	1462.9	1678.8	7992.9
9301	1485.7	1739.3	8287.6
9012	1489.5	1747.9	8263.6
48904	1464.1	1768.7	8228.9
3074	1467.6	1728.9	8041.3
47393	1476.1	1735.0	8104.4
30666	1473.3	1677.6	7933.7
14460	1467.0	1662.2	7931.9
39323	1477.5	1743.4	8240.9
8679	1476.0	1739.7	8124.9
10062	1481.8	1758.2	8339.2
38718	1472.7	1772.8	8351.8
2853	1489.1	1752.3	8144.4
10794	1471.3	1764.6	8144.2
35793	1469.2	1738.6	8196.4
46385	1471.8	1737.6	8224.3
13624	1477.6	1681.0	8036.2
3066	1471.4	1740.0	8075.6
3805	1477.6	1721.5	8152.8
35420	1463.5	1731.6	7994.3
259	1474.6	1698.9	8014.2
14898	1472.1	1750.4	8173.9
37570	1478.4	1769.5	8217.7
44946	1480.9	1772.6	8275.4
26840	1471.8	1712.1	8089.4
36328	1470.2	1713.0	8057.8
36015	1485.9	1727.8	8023.9
13477	1480.6	1763.2	8203.2
4591	1470.2	1719.0	8025.3
25472	1467.9	1689.1	7918.6
37241	1476.8	1708.1	8101.5
6839	1468.0	1673.1	7921.1
7506	1480.9	1754.6	8157.9
42668	1469.9	1770.7	8096.3
49914	1481.5	1690.4	8223.5
42943	1458.5	1663.8	7717.5
4167	1468.9	1714.1	7911.9
39297	1476.0	1755.7	8257.5
38353	1475.0	1718.4	8181.1
19423	1473.6	1687.6	8025.9
21502	1475.6	1725.4	7998.8
40794	1469.4	1689.6	8008.3
38075	1466.3	1714.7	7952.9
2578	1465.8	1705.9	7988.7
35341	1479.7	1713.0	8272.8
28056	1484.4	1731.3	8210.8
3148	1464.2	1707.4	8002.5
34611	1477.3	1735.7	8086.7
21227	1493.3	1788.4	8684.9
27537	1487.6	1751.2	8654.5
5979	1475.4	1768.4	8221.0
34247	1462.8	1667.5	7740.1
36638	1473.4	1668.2	8224.7
49176	1477.7	1743.8	8295.9
47502	1481.3	1752.9	8267.9
22991	1483.1	1737.3	8481.8
24153	1473.3	1700.7	8369.8
16086	1471.4	1728.4	8125.8
36680	1464.7	1741.5	8195.5
15008	1475.6	1735.9	8111.7
24058	1460.8	1625.7	7742.4
8372	1477.2	1733.8	8131.7
43163	1485.1	1711.8	8224.1
44591	1482.0	1744.6	8392.8
95	1487.2	1764.5	8401.6
10802	1476.2	1694.0	8063.4
25385	1453.9	1672.1	7655.9
35686	1478.2	1765.8	8558.9
31134	1468.3	1674.6	7836.2
36942	1475.4	1675.1	8032.6
27982	1470.0	1690.7	8191.9
2650	1465.6	1723.7	8116.1
13935	1487.9	1759.1	8521.6
42234	1461.6	1655.8	7855.8
35485	1479.8	1712.8	8121.8
26535	1479.2	1768.1	8324.6
25918	1476.2	1694.1	8008.1
13136	1476.9	1765.7	8180.1
21315	1488.4	1783.3	8598.2
12050	1463.6	1722.1	7951.3
72	1463.9	1694.9	7878.2
26366	1476.4	1662.3	8024.7
28421	1473.2	1726.2	8111.5
27805	1473.3	1685.7	7838.3
47571	1481.4	1709.6	8136.9
19577	1471.3	1688.2	7980.1
48732	1457.6	1670.3	7813.0
41840	1471.9	1713.3	8183.9
18900	1480.3	1745.8	8075.2
44677	1474.5	1658.9	8116.4
2968	1470.2	1693.3	8114.3
18952	1479.0	1737.7	8316.9
1894	1462.6	1657.3	7815.3
45420	1480.0	1774.4	8396.8
47760	1479.3	1735.1	8158.9
4135	1487.4	1743.5	8480.6
45439	1462.6	1641.9	7852.1
33900	1473.8	1679.4	7973.6
48795	1486.5	1721.5	8349.0
38703	1474.6	1745.2	8208.3
29079	1458.1	1712.8	7938.1
35861	1465.7	1690.2	8249.7
8996	1479.6	1715.9	8432.2
49138	1473.2	1691.3	8021.7
14762	1461.9	1680.7	7919.8
6900	1473.8	1729.6	8118.8
17024	1471.7	1673.7	7981.6
3594	1482.5	1701.3	8221.2
9122	1477.5	1727.8	8188.0
9697	1460.2	1749.7	7967.6
12064	1464.7	1678.7	7868.3
47982	1481.5	1778.5	8268.0
26542	1482.9	1777.2	8594.7
29245	1470.2	1714.6	8006.9
15079	1484.4	1719.1	8242.3
43909	1478.8	1757.5	8271.9
35971	1481.3	1755.6	8158.1
12885	1476.7	1745.8	8168.3
4597	1462.9	1663.6	7836.0
6991	1484.4	1748.1	8206.7
48049	1489.4	1740.6	8280.7
14456	1475.9	1741.4	8238.2
47125	1462.4	1696.7	7884.4
11107	1466.5	1644.7	7959.1
15248	1477.6	1750.1	8180.1
358	1476.6	1718.9	8152.9
22109	1472.0	1686.8	7958.0
3734	1465.2	1734.2	8216.3
11972	1483.8	1800.3	8332.7
37627	1469.0	1697.1	7968.8
17551	1473.9	1672.7	8013.8
6405	1466.1	1712.1	8885.9
4048	1490.5	1770.2	8269.2
19322	1480.4	1710.5	8136.4
4515	1470.3	1686.5	7976.9
28412	1498.6	1784.1	8662.8
17939	1473.1	1698.7	8101.8
32368	1467.3	1695.2	8076.5
8928	1467.6	1681.9	7985.1
8416	1487.1	1791.6	8337.1
27751	1467.9	1738.1	8047.2
28323	1481.7	1703.6	7919.2
30112	1464.4	1718.3	8021.9
23892	1467.7	1684.0	8006.0
5890	1461.1	1649.5	7662.0
10726	1470.4	1671.5	7999.4
38182	1475.4	1759.7	8250.3
37306	1471.7	1707.8	8100.4
15139	1486.2	1759.4	8633.4
17914	1478.8	1735.7	8196.4
3250	1468.6	1731.5	8030.2
28353	1480.7	1736.2	8288.5
12666	1483.7	1741.8	8289.5
8489	1474.2	1749.0	8142.6
1561	1481.7	1735.9	8219.2
1519	1481.5	1698.2	8099.2
4124	1485.7	1793.8	8587.4
38365	1471.9	1692.0	8031.5
21209	1479.3	1719.7	8224.3
20937	1467.5	1721.0	7933.5
38013	1462.1	1693.8	7922.6
18336	1486.9	1722.9	8215.1
12818	1475.8	1736.8	8305.3
10117	1476.9	1738.0	8163.9
37665	1470.6	1694.8	8103.7
8923	1475.0	1683.7	7982.5
24593	1467.7	1745.3	8253.2
45658	1477.5	1715.1	8415.5
41583	1464.0	1680.4	7980.5
30069	1465.8	1678.2	7875.1
9317	1480.3	1743.6	8320.9
37174	1474.1	1753.6	8185.1
27403	1464.1	1731.6	7932.5
10689	1472.0	1714.1	8021.4
35572	1465.0	1727.2	8081.0
17395	1468.1	1740.1	8154.4
14087	1472.3	1723.5	8250.4
11094	1466.3	1680.1	7992.6
5684	1487.4	1773.4	8525.2
23827	1462.8	1691.5	7985.5
46971	1480.1	1787.9	8302.5
37154	1470.1	1720.9	7987.5
43394	1470.3	1664.3	7903.4
45915	1471.6	1700.3	7982.6
1971	1472.5	1754.9	8255.0
21781	1463.4	1699.6	7809.4
32213	1467.3	1704.9	7870.6
15939	1467.4	1655.6	7765.8
36008	1488.4	1749.7	8294.0
25496	1461.0	1629.3	7712.4
14181	1471.5	1710.8	8054.7
9466	1474.8	1721.4	8126.5
420	1474.5	1693.7	7981.5
24249	1485.6	1762.1	8454.1
1764	1476.0	1748.2	8386.2
36285	1476.3	1736.4	8277.6
45564	1472.7	1707.6	7937.5
8268	1469.3	1718.0	8095.7
24724	1472.8	1719.5	8029.7
292	1467.0	1711.4	7928.7
38694	1472.8	1685.1	8140.2
20372	1468.9	1701.6	7939.9
5031	1472.5	1715.5	7959.1
30520	1479.3	1757.1	8189.4
20637	1471.3	1704.1	8063.3
31038	1480.8	1746.4	8141.6
3995	1469.1	1692.9	8108.0
16046	1461.3	1690.8	7827.9
28770	1474.4	1709.3	8411.1
188	1461.7	1700.8	7825.5
35357	1470.1	1698.8	7931.5
10359	1475.0	1757.2	8289.0
22628	1463.7	1652.8	7841.2
5059	1474.3	1708.6	8042.3
29282	1475.1	1719.8	8303.3
10150	1471.9	1709.6	7937.1
45069	1470.1	1707.6	8156.3
33399	1478.9	1761.9	8770.5
5174	1472.5	1727.6	7998.2
26948	1462.0	1692.2	7916.5
48638	1463.9	1678.3	7772.7
30142	1461.3	1638.9	7802.1
675	1466.6	1673.4	8133.1
37520	1478.9	1702.5	8100.8
39596	1474.6	1692.9	8057.1
42572	1496.6	1782.2	8581.4
46280	1473.1	1752.9	8053.8
6352	1463.9	1696.5	7790.2
29853	1474.8	1656.0	7978.9
8621	1481.3	1713.4	8182.8
7934	1480.7	1698.6	8132.6
38477	1469.3	1708.4	7904.9
35421	1484.9	1740.5	8666.5
25630	1462.7	1651.7	7848.3
33958	1469.2	1719.8	8200.0
32357	1465.8	1651.7	7974.6
38163	1478.2	1706.5	8139.2
26614	1477.8	1700.4	8126.4
47978	1462.1	1693.7	8188.5
11973	1468.0	1743.8	7980.4
36443	1477.2	1708.0	8059.5
44285	1469.3	1670.1	7965.3
42176	1469.6	1678.3	7830.9
13163	1477.7	1773.8	8286.2
28237	1470.1	1668.5	7910.6
19036	1483.6	1725.2	8248.6
45386	1473.6	1704.3	8193.2
27534	1464.8	1663.8	7930.7
7842	1466.0	1724.3	8037.8
19062	1483.0	1780.1	8448.5
46690	1484.5	1764.6	8216.4
575	1465.4	1690.7	7870.0
6516	1462.0	1754.5	7986.7
11589	1467.8	1683.3	7967.0
36785	1455.4	1668.0	7715.6
27591	1463.7	1668.2	7735.3
39494	1457.9	1651.5	7636.0
49953	1474.1	1707.3	8112.1
49777	1460.6	1681.5	7942.5
14025	1473.3	1766.0	8271.2
21593	1490.2	1776.3	8326.0
35549	1466.3	1682.3	7881.5
49630	1468.9	1706.6	7997.8
9634	1464.9	1696.6	7963.5
45926	1473.4	1732.7	8163.2
32404	1473.9	1743.1	8148.2
4330	1489.0	1771.3	8383.6
3683	1467.2	1714.7	7918.4
23684	1464.9	1705.1	7972.0
9417	1483.7	1788.7	8208.3
11378	1473.0	1764.7	8116.7
261	1469.9	1686.2	8060.4
3463	1479.9	1759.4	8196.5
39015	1491.7	1713.1	8187.7
1324	1472.9	1722.0	7990.4
5230	1489.2	1804.3	8607.8
42552	1472.6	1713.1	7948.9
8904	1467.1	1714.7	7863.3
16649	1455.4	1690.9	7826.9
7141	1470.1	1720.3	8027.7
1374	1467.3	1732.3	8053.3
7278	1476.1	1708.4	8096.4
25912	1479.0	1689.9	8037.1
45300	1476.5	1737.1	8125.8
42271	1477.5	1723.6	8167.3
46618	1474.5	1693.1	8073.7
42835	1476.3	1652.8	7936.6
3895	1458.2	1665.5	7858.9
9954	1486.3	1770.9	8358.8
36118	1475.7	1722.2	8136.7
17479	1485.9	1741.6	8144.7
45034	1477.6	1734.6	8072.4
34254	1466.2	1692.2	8182.4
3824	1475.9	1711.7	8047.5
48750	1462.1	1660.7	7683.8
21484	1470.1	1728.4	8082.4
44528	1472.3	1709.5	7870.1
29582	1469.0	1710.3	8010.8
44130	1490.3	1725.0	8482.2
1887	1476.4	1688.2	8025.1
5516	1469.4	1678.6	8111.1
37075	1461.9	1668.1	7860.8
38729	1471.9	1732.6	8407.5
48135	1466.5	1698.4	7982.4
48072	1466.1	1707.8	7906.5
2087	1490.2	1803.5	8326.5
33893	1483.9	1720.2	8136.2
48727	1476.5	1767.7	8144.4
49674	1474.6	1672.8	8018.0
7579	1460.9	1688.2	7767.6
17662	1470.3	1741.6	8395.2
35573	1469.6	1693.7	7945.1
30873	1465.2	1706.5	7868.4
29657	1467.6	1672.6	7884.5
8807	1473.0	1690.5	7894.0
12275	1468.3	1749.2	8218.6
16660	1471.9	1729.5	8022.8
40931	1471.5	1691.0	8008.2
5706	1460.2	1640.2	7758.2
13777	1469.2	1735.1	8111.9
40417	1465.8	1679.5	7919.8
47518	1489.1	1808.8	8695.6
31817	1470.5	1743.9	8181.0
31510	1477.5	1690.2	7986.1
21722	1475.3	1685.1	8224.9
45126	1472.8	1706.5	8310.9
43605	1483.9	1754.7	8208.5
3588	1469.2	1720.6	8093.2
33169	1470.7	1691.5	8117.9
7973	1473.6	1710.8	8165.1
6018	1472.4	1693.3	7992.2
39670	1468.8	1660.2	7978.4
14606	1472.6	1665.0	7938.3
12898	1467.4	1701.5	7906.5
23112	1477.6	1793.3	8341.9
45691	1466.8	1713.5	8004.3
8274	1470.4	1701.5	7947.3
20744	1478.9	1754.8	8248.1
33728	1470.5	1723.9	8127.5
29692	1474.9	1695.2	7999.1
33878	1490.0	1805.6	8513.0
34171	1471.5	1711.3	8045.4
16781	1472.4	1688.2	7858.7
25692	1481.7	1791.8	8143.3
20221	1479.0	1719.0	8115.4
25944	1463.8	1710.0	7972.9
16910	1485.3	1742.4	8267.0
4438	1473.1	1701.3	8017.0
41719	1464.5	1642.9	7921.5
45049	1485.9	1768.2	8438.0
43753	1463.3	1722.5	7918.7
7411	1486.3	1775.9	8269.2
49322	1461.5	1670.3	7836.7
47883	1472.0	1698.3	8063.3
32124	1469.2	1736.7	8361.6
47623	1474.9	1730.2	8141.9
12658	1477.9	1745.7	8213.4
49253	1476.2	1746.1	8243.4
42434	1483.7	1734.7	8216.1
26540	1468.5	1656.8	7879.3
3220	1457.6	1662.9	7724.2
32218	1473.2	1723.8	8167.4
37541	1479.7	1708.9	8184.1
36385	1475.3	1710.2	8032.6
43452	1470.9	1736.3	8117.3
18633	1454.5	1602.2	7598.2
33961	1478.2	1720.6	8109.5
9488	1473.8	1694.1	8035.5
21569	1486.2	1823.4	8645.1
5666	1483.8	1777.6	8197.7
44063	1477.1	1755.3	8228.8
46023	1476.7	1717.1	8230.6
24069	1466.8	1710.6	7911.1
42591	1475.5	1766.1	8156.9
40051	1473.4	1737.7	7939.8
28487	1467.3	1687.8	8022.1
8140	1462.1	1721.5	8133.0
43699	1469.3	1715.2	8103.2
33685	1478.2	1725.2	8292.5
14682	1475.3	1648.6	7977.9
7608	1473.0	1717.4	8042.7
15792	1487.0	1714.5	8350.3
41870	1483.1	1695.3	8207.5
36915	1487.2	1737.9	8517.7
31961	1461.9	1672.2	7772.3
29409	1465.7	1708.6	8063.7
11124	1489.6	1763.7	8341.1
27833	1483.8	1757.0	8295.9
13259	1468.3	1700.9	8035.9
41304	1468.6	1690.7	7993.7
23151	1471.2	1663.6	8021.1
43024	1469.6	1691.0	7973.7
2080	1468.7	1694.1	7948.6
23770	1467.9	1669.7	7877.5
11392	1475.7	1751.4	8140.4
22161	1474.0	1700.5	8058.2
31463	1482.5	1698.3	8196.1
2505	1480.3	1664.2	8080.2
41194	1475.4	1713.3	8342.8
20998	1468.2	1742.0	8169.1
15597	1483.5	1785.9	8404.9
20633	1466.6	1706.0	8358.5
23931	1471.3	1678.3	7972.7
13408	1476.1	1700.4	8144.6
4555	1485.2	1735.5	8466.1
36351	1469.8	1736.8	8111.3
47210	1476.1	1680.2	8102.4
9128	1460.5	1616.4	7659.7
24558	1478.8	1698.1	8177.1
27769	1454.9	1650.0	7693.0
13550	1460.4	1690.7	7798.5
37146	1489.4	1763.7	8393.6
47318	1467.9	1652.0	7875.2
37169	1464.3	1671.9	7875.3
24240	1495.2	1804.2	8616.2
24261	1464.3	1687.8	7998.7
2901	1473.5	1709.7	8116.6
9051	1469.5	1723.9	8072.9
42952	1460.8	1679.4	7869.2
26320	1472.5	1696.3	8156.4
48241	1464.7	1712.5	8027.6
2027	1476.2	1761.3	8319.3
12782	1475.6	1726.8	8622.5
8102	1479.5	1732.4	8283.6
49913	1479.4	1783.3	8386.5
16899	1488.5	1770.9	8573.7
10012	1476.4	1729.3	8145.4
29433	1470.2	1689.5	7885.3
41977	1482.4	1720.3	8128.5
32708	1464.3	1743.8	8266.5
23874	1470.0	1746.3	8124.5
12167	1471.7	1736.9	7908.5
3289	1473.9	1726.3	8182.9
39162	1470.3	1705.4	8048.4
19782	1471.6	1732.6	8083.8
46166	1482.2	1764.9	8642.6
18435	1481.4	1714.3	8134.1
18075	1472.2	1728.5	8016.8
22832	1465.8	1665.3	7926.8
24692	1468.8	1732.2	8102.9
19986	1474.3	1688.8	8009.3
28306	1477.7	1717.7	8129.4
39478	1470.6	1694.2	7994.1
39224	1482.3	1699.7	8059.4
11865	1468.2	1711.1	7957.7
8888	1480.1	1751.0	8473.0
28131	1468.1	1667.4	7819.4
23820	1466.6	1723.0	7992.0
8974	1477.4	1738.8	8195.6
12952	1469.0	1701.1	8145.8
9280	1468.9	1716.6	8048.9
7020	1478.6	1756.9	8431.4
10398	1471.2	1693.4	8126.9
40841	1474.0	1679.5	7980.3
24639	1475.4	1722.6	8111.2
37316	1455.0	1662.5	7744.8
10477	1477.0	1743.6	8213.4
24921	1472.4	1703.5	8063.4
39634	1485.8	1782.6	8358.8
22759	1489.1	1750.0	8406.8
49641	1477.0	1732.7	8150.8
26968	1470.6	1708.8	8077.4
42877	1464.1	1666.4	7820.9
13535	1454.9	1675.5	7783.5
31	1471.8	1744.9	8106.9
47003	1479.5	1739.7	8276.1
1740	1474.1	1727.3	8215.8
20377	1471.6	1701.8	8082.7
29581	1466.4	1669.7	7863.7
31275	1469.2	1681.9	8061.3
38762	1461.9	1690.5	7871.2
33289	1478.9	1715.7	8039.7
26692	1469.2	1736.9	8109.7
18405	1463.5	1687.1	7885.1
37172	1465.4	1692.8	8121.0
24732	1479.8	1788.8	8341.7
30680	1465.1	1681.9	7835.7
1709	1476.0	1707.2	7919.3
26429	1476.9	1727.0	8555.3
31211	1480.2	1747.9	8243.1
22727	1479.2	1729.5	8093.3
34093	1481.8	1779.6	8283.0
35721	1475.9	1709.6	8114.1
27384	1472.5	1691.5	7975.1
21950	1478.3	1769.0	8454.2
25226	1470.3	1695.9	8060.5
4068	1477.7	1747.5	8335.0
18119	1472.3	1706.6	8056.1
28650	1474.4	1748.0	8236.9
4100	1466.1	1688.1	8024.7
27704	1473.7	1745.0	8046.1
7760	1474.8	1741.8	8246.4
43201	1479.5	1715.6	8073.1
10531	1481.8	1741.1	8249.4
43740	1472.8	1733.0	7991.4
26997	1480.7	1793.3	8295.0
6691	1483.8	1764.3	8592.5
14480	1482.0	1682.6	8173.9
9155	1456.3	1662.8	7782.6
18286	1486.5	1748.6	8284.9
40925	1472.8	1693.8	8117.1
24964	1474.1	1698.0	8066.6
29903	1473.8	1714.0	8001.8
31376	1476.8	1743.1	8205.1
28599	1473.4	1739.2	8202.5
26665	1474.6	1734.9	8120.8
27285	1463.4	1679.6	7885.9
1326	1482.6	1759.7	8402.2
21743	1471.9	1714.7	8074.8
44251	1470.3	1746.7	8047.6
948	1474.3	1741.6	8124.8
43612	1482.2	1725.3	8284.2
2174	1472.0	1715.0	8051.0
18605	1471.0	1673.7	8063.7
23558	1473.3	1761.2	8148.6
15328	1470.0	1717.4	8050.3
38999	1466.5	1728.8	8172.2
39466	1470.5	1700.7	8070.1
41429	1477.4	1732.5	8211.6
6419	1482.2	1762.4	8350.1
32482	1472.1	1739.6	8064.0
49392	1479.5	1690.0	8262.8
47586	1477.0	1731.6	8131.3
47093	1470.0	1685.2	8038.6
28000	1460.9	1699.2	7891.3
15126	1479.6	1743.1	8343.2
23536	1474.6	1686.2	8014.0
41539	1488.4	1756.1	8452.1
3947	1487.3	1768.2	9205.1
3714	1480.7	1696.4	8298.7
40176	1486.2	1725.2	8240.6
49518	1464.5	1682.4	8008.9
14834	1472.2	1729.1	8166.7
42106	1487.0	1760.7	8335.2
26442	1473.2	1684.1	7969.0
19276	1476.1	1775.2	8273.0
38370	1469.5	1688.4	8065.2
33341	1489.6	1710.4	8114.5
1059	1478.1	1756.5	8347.7
10191	1491.5	1753.6	9016.8
19731	1472.5	1670.8	7925.6
39598	1479.8	1690.8	8138.3
31560	1464.9	1688.2	7810.0
43141	1474.7	1694.8	8079.1
8912	1457.4	1658.0	7742.5
41958	1478.6	1723.6	8126.5
774	1484.0	1752.5	8225.1
25133	1461.8	1648.8	7686.2
46249	1472.1	1707.0	7955.0
26984	1476.6	1706.2	8340.7
29094	1468.6	1683.4	7993.8
9166	1488.4	1741.1	8404.7
34860	1470.4	1677.3	7929.4
16120	1484.5	1783.8	8299.1
3880	1475.6	1778.5	8254.9
13635	1470.7	1704.1	7957.9
5735	1478.7	1781.6	8262.8
29397	1479.3	1713.4	8223.9
19813	1467.1	1649.0	7812.1
24664	1482.6	1764.1	8153.4
3441	1474.0	1708.8	7913.6
4138	1457.7	1664.5	7836.3
15317	1473.8	1705.4	8029.1
13407	1463.1	1717.4	7865.3
18380	1470.5	1753.6	8090.6
8190	1465.5	1737.0	8049.9
16562	1456.4	1677.9	7790.0
48476	1476.2	1725.9	8392.8
46096	1469.8	1713.6	7983.9
47493	1453.6	1675.6	7792.0
26813	1478.7	1769.4	8205.1
21935	1472.9	1709.0	8094.7
48906	1467.2	1731.5	8031.5
29318	1477.8	1707.7	8104.9
38987	1462.5	1709.3	7938.8
38287	1469.5	1728.0	8053.8
41087	1461.0	1653.7	7858.5
19653	1478.1	1709.5	8364.1
6720	1474.6	1725.9	8082.2
35930	1461.0	1694.8	7989.6
48900	1474.1	1752.9	8445.6
31428	1469.1	1662.1	7984.9
29392	1474.4	1741.3	8096.8
30855	1468.0	1688.2	7977.0
2985	1476.7	1701.9	8033.6
9938	1489.4	1739.2	8290.4
40642	1464.6	1705.3	8021.6
16343	1461.8	1715.4	8049.7
42731	1476.7	1707.3	8081.2
29191	1473.5	1671.3	7935.3
23988	1468.5	1718.3	8088.5
16627	1474.4	1669.8	8015.6
29934	1467.9	1727.6	8041.6
20052	1460.1	1680.0	7845.1
22354	1476.7	1712.5	8092.6
16971	1475.0	1686.4	8046.6
38244	1469.6	1700.2	7986.2
33267	1471.3	1713.6	7928.9
17769	1486.9	1759.6	8312.5
8966	1466.4	1679.0	8032.7
40978	1472.8	1694.4	8056.9
23507	1468.4	1688.9	7986.8
28275	1487.0	1758.2	8268.1
9474	1468.3	1730.7	8029.8
23942	1471.4	1655.9	7944.3
35770	1478.3	1741.5	8224.8
44114	1484.1	1739.7	8496.1
9118	1469.6	1720.8	7971.9
49676	1468.3	1708.3	7884.4
34374	1477.7	1744.7	8184.8
1173	1471.9	1692.2	8017.7
46543	1472.7	1699.3	8213.7
4368	1467.4	1712.0	7967.2
10868	1475.1	1692.3	8030.5
18105	1480.6	1743.8	8114.5
49270	1472.6	1704.9	8011.1
46266	1467.1	1746.2	8088.4
9605	1472.0	1746.7	8094.1
40237	1471.3	1717.5	8146.8
35831	1471.4	1686.5	8022.1
12129	1473.8	1729.1	8201.0
36939	1482.9	1673.2	8080.1
15756	1475.2	1747.2	8348.7
7362	1475.5	1694.3	8051.4
49194	1471.1	1685.8	7900.8
32380	1474.8	1724.5	8128.4
11882	1487.1	1754.5	8265.7
35687	1472.9	1736.0	8102.9
45553	1469.6	1705.4	8056.8
20430	1480.0	1742.2	8342.0
48657	1475.0	1685.2	7979.9
41174	1468.3	1696.2	7938.3
49128	1483.7	1746.1	8210.2
27250	1468.6	1744.1	8175.6
10389	1482.0	1738.9	8289.4
24155	1473.9	1728.4	8254.4
25137	1467.2	1731.8	8007.0
10168	1473.8	1686.8	8003.7
41518	1475.0	1707.1	8125.2
19173	1481.8	1790.5	8352.9
26780	1462.8	1660.0	7794.9
478	1475.3	1743.5	8043.8
47915	1481.7	1757.8	8345.2
18424	1478.5	1783.6	8294.4
19414	1464.5	1653.1	7794.6
17838	1466.6	1674.9	8031.2
36450	1473.5	1745.3	8406.1
44346	1472.1	1738.5	8022.4
2099	1472.8	1700.4	8188.9
21849	1462.3	1659.2	7829.7
20988	1465.4	1738.4	8041.0
2364	1462.9	1706.1	7837.7
445	1475.1	1701.9	8093.4
31259	1461.0	1656.9	7981.7
39608	1483.0	1748.7	8339.8
7631	1470.9	1708.9	8618.6
38009	1475.9	1719.2	8248.3
12714	1455.5	1653.5	7859.1
9398	1465.3	1681.8	7939.0
42869	1470.6	1684.7	7926.8
30309	1477.8	1703.8	8104.0
14801	1474.5	1748.6	8082.4
32986	1484.6	1721.0	8205.1
44240	1471.8	1700.7	7964.7
34652	1481.5	1741.4	8247.4
36897	1479.6	1710.7	8140.5
22507	1468.2	1718.4	8222.3
48345	1476.0	1700.8	8126.7
29443	1474.8	1708.5	8130.4
62	1482.3	1782.5	8327.2
8973	1479.0	1715.2	7997.9
30237	1458.7	1679.5	7849.2
22783	1483.4	1746.1	8152.2
42058	1464.9	1680.2	7850.9
27063	1476.9	1704.0	8108.6
841	1467.7	1745.5	8118.4
24926	1489.2	1734.3	8357.5
20215	1483.5	1727.3	8252.8
1001	1474.3	1743.4	8080.9
11731	1463.7	1714.3	8001.7
6529	1480.5	1763.1	8520.5
31080	1483.0	1757.4	8361.2
4747	1467.3	1665.9	8020.5
37213	1462.0	1691.4	7766.7
6442	1482.0	1730.1	8165.7
39869	1464.9	1634.2	7906.9
35609	1460.0	1672.4	7812.0
9153	1466.2	1705.0	7872.1
4783	1474.5	1730.4	7972.7
29981	1482.0	1744.4	8183.8
35380	1491.8	1742.4	8365.7
30103	1476.2	1710.5	8084.2
6552	1492.9	1849.7	8525.4
3381	1478.5	1747.2	8248.2
33909	1481.0	1713.4	8202.3
25612	1484.1	1703.9	8235.7
15572	1486.0	1740.3	8242.6
24147	1471.9	1761.1	8214.6
29071	1468.2	1710.8	8022.1
9629	1482.3	1777.6	8492.5
20050	1476.1	1747.1	8149.1
21868	1480.4	1744.4	8031.2
11229	1470.7	1732.8	8016.0
15059	1474.2	1749.7	8199.3
42766	1482.8	1722.6	8005.2
2046	1486.6	1756.3	8361.4
17341	1469.1	1713.4	7981.2
42609	1466.8	1658.1	8024.5
46604	1478.6	1773.1	8758.9
34010	1469.4	1708.1	8067.1
7829	1474.0	1699.3	7998.8
26699	1480.5	1735.6	8260.2
49230	1473.3	1645.9	7921.5
18614	1471.1	1733.3	8277.4
27691	1477.3	1726.6	8225.4
3089	1461.3	1698.7	7848.7
30173	1462.8	1699.8	7880.5
11259	1485.6	1802.4	8360.6
23643	1455.7	1651.5	7785.1
10790	1473.3	1820.9	8445.2
33918	1478.3	1767.4	8278.0
32057	1462.5	1742.2	8091.6
20940	1463.2	1685.1	7903.0
27267	1462.2	1686.0	8010.1
3713	1467.4	1685.5	7871.5
38188	1474.9	1751.3	8094.7
26853	1483.3	1716.7	8198.2
46608	1480.6	1724.1	8273.0
47849	1470.3	1717.1	7914.0
25332	1477.5	1726.0	8091.0
1932	1477.0	1716.3	8046.9
16039	1482.5	1725.6	8134.8
20399	1480.6	1738.4	8158.5
28243	1459.8	1653.1	7769.4
47744	1476.0	1707.8	8307.7
462	1479.2	1745.2	8252.5
44883	1486.0	1738.3	8433.3
13026	1473.4	1795.0	8482.7
27589	1463.5	1652.3	7796.7
15765	1478.8	1749.0	8205.9
27096	1474.1	1734.7	8653.8
23737	1474.7	1731.1	8074.1
32015	1472.5	1719.3	8293.8
47625	1478.3	1733.6	8479.2
