24866	1385.4	1575.2	7049.3
12605	1375.7	1583.9	7269.7
23294	1395.2	1680.5	7542.0
3670	1394.4	1644.3	7095.7
6764	1386.3	1632.0	7233.7
11744	1390.5	1613.7	7150.9
12250	1395.4	1660.9	7350.7
33362	1381.1	1641.0	7153.7
13982	1379.1	1562.9	6856.9
30324	1384.3	1625.0	7172.6
23607	1385.5	1579.8	7133.9
7478	1399.2	1695.3	7274.1
38475	1389.3	1637.3	7211.7
1644	1387.2	1613.2	7061.4
17291	1382.6	1637.7	7173.1
16682	1381.2	1603.5	7146.2
26454	1390.5	1679.2	7317.8
15643	1381.7	1641.7	7226.1
25331	1387.6	1636.9	7158.3
27259	1378.6	1638.9	7167.6
8838	1389.9	1691.0	7351.3
25281	1392.3	1622.1	7142.9
855	1382.0	1625.3	7118.1
24026	1384.9	1641.2	7051.6
35695	1387.9	1653.7	7586.4
25414	1374.3	1588.2	6955.9
4864	1390.5	1633.8	7210.5
13624	1378.3	1552.8	6920.0
33901	1388.6	1712.9	7337.1
16529	1392.7	1667.6	7371.3
37647	1386.6	1647.2	7153.5
35547	1396.2	1663.9	7243.7
7369	1397.5	1693.4	7397.7
27362	1391.9	1636.0	7294.2
32136	1390.9	1628.8	7286.6
31964	1391.6	1635.1	7129.4
25811	1382.2	1639.8	6978.5
4790	1392.1	1665.3	7217.9
24656	1377.5	1622.0	7046.6
7958	1382.6	1663.8	7265.0
27355	1387.6	1598.1	7205.5
31666	1382.3	1593.6	6929.1
29673	1377.7	1671.0	7208.5
35002	1393.5	1659.5	7357.4
8130	1394.2	1648.7	7131.3
2160	1383.9	1617.0	6956.9
37765	1377.5	1634.0	7058.4
541	1385.3	1641.3	7088.4
14952	1387.7	1688.2	7312.5
28578	1384.8	1610.9	7086.9
8490	1378.5	1615.5	7015.0
8543	1398.1	1709.5	7387.8
20292	1389.7	1600.7	7169.8
16147	1385.8	1613.2	7101.6
32666	1395.1	1640.9	7228.1
13208	1370.9	1530.2	6837.1
15951	1382.2	1593.5	6896.9
4422	1379.2	1654.3	7286.7
39958	1373.0	1577.3	7005.5
5441	1389.7	1646.2	7056.5
9288	1385.6	1579.2	6956.0
19336	1379.0	1623.8	6945.5
6006	1387.7	1704.4	7414.4
7159	1398.2	1679.4	7305.2
29916	1365.5	1617.1	6876.2
32147	1372.7	1590.2	6942.2
36270	1388.9	1637.2	7144.7
38720	1380.0	1606.3	7111.7
39932	1385.9	1628.4	7092.6
23380	1378.9	1644.5	7062.1
28733	1388.4	1606.4	7112.5
20858	1389.3	1613.3	7133.6
30098	1394.4	1614.1	7126.4
12084	1396.8	1681.2	7250.0
32527	1386.4	1603.7	7287.1
17693	1391.4	1662.3	7272.1
38510	1387.2	1635.1	7141.1
19874	1379.1	1575.5	6931.8
11290	1389.6	1627.2	7307.9
37868	1402.3	1690.7	7693.5
2296	1388.2	1616.1	7157.6
38682	1395.0	1610.7	7114.1
6187	1392.3	1658.4	7341.5
28997	1386.6	1645.2	7147.9
10073	1379.0	1631.6	7133.4
24237	1385.4	1615.4	7135.7
36495	1384.4	1604.2	7046.6
13492	1380.3	1663.8	7110.8
24660	1384.4	1626.1	7084.3
31380	1383.1	1620.5	7158.0
35538	1398.9	1658.5	7290.2
2364	1410.1	1700.4	7353.4
25760	1397.4	1694.1	7497.6
12543	1376.8	1614.3	7205.8
17740	1381.3	1631.0	7049.5
21366	1380.7	1602.5	6992.9
1759	1380.6	1654.2	7050.8
28732	1390.2	1671.8	7236.5
11989	1384.7	1625.2	7312.2
37087	1393.9	1621.9	7202.4
843	1393.8	1694.6	7468.4
36957	1393.0	1641.5	7304.7
10319	1380.0	1606.1	7110.2
21536	1384.3	1634.9	7083.8
14035	1375.3	1585.3	6984.9
30437	1386.4	1657.0	7164.4
14859	1385.5	1651.6	7090.4
35966	1393.5	1658.9	7167.1
18608	1379.6	1643.6	7045.4
1234	1383.4	1648.2	7226.0
29778	1385.8	1642.0	7224.5
25410	1387.5	1620.3	7130.7
39480	1388.8	1583.6	7278.4
15263	1369.9	1591.1	6868.5
21199	1385.0	1625.4	7086.2
6207	1385.7	1626.2	7629.3
38201	1382.9	1641.4	7297.0
12590	1391.3	1611.8	7107.2
28214	1384.8	1641.7	7143.4
5658	1393.9	1614.5	7231.2
21040	1383.3	1593.1	7046.4
15720	1384.4	1594.7	7104.7
17604	1395.8	1625.1	7176.6
33683	1398.9	1616.5	7249.3
3167	1386.8	1613.6	7042.0
24009	1388.8	1622.0	7130.1
17142	1392.5	1698.6	7238.0
32350	1385.7	1607.5	7148.1
10194	1393.3	1671.2	7783.3
7474	1387.4	1656.8	7262.5
20964	1387.2	1609.8	7072.5
37146	1380.2	1616.0	6982.1
29324	1389.4	1663.7	7444.0
28754	1388.4	1635.4	7122.6
1903	1376.1	1563.4	6927.0
21057	1378.2	1541.3	6878.0
27250	1375.1	1622.8	7041.9
26728	1388.4	1652.5	7400.2
15256	1385.5	1633.8	7146.5
23382	1376.5	1624.2	6978.1
39826	1388.7	1633.7	7120.8
14527	1386.1	1632.1	7062.0
11850	1389.7	1633.2	7105.7
26144	1389.1	1627.6	7140.3
3460	1379.5	1621.5	6946.0
17680	1393.3	1581.0	7049.0
9235	1382.5	1691.5	7220.8
16978	1385.4	1609.5	7108.1
25599	1386.2	1588.8	7022.6
33270	1389.7	1662.4	7324.5
26311	1376.4	1623.1	7106.8
12030	1390.7	1651.2	7566.1
21477	1373.5	1622.4	6985.1
38450	1386.0	1651.1	7278.1
8290	1366.5	1563.1	6844.6
11651	1372.3	1605.2	6918.5
32046	1386.4	1637.6	7163.1
12715	1378.7	1620.9	7159.5
10950	1381.2	1630.3	7043.3
38729	1394.0	1585.5	7059.4
2572	1395.6	1612.0	7130.9
17806	1394.4	1648.0	7167.6
13459	1383.6	1672.2	7305.7
25998	1387.2	1630.8	7100.4
32323	1383.9	1665.3	7194.9
24777	1390.5	1596.6	7134.5
20843	1363.7	1578.6	6884.9
22752	1376.3	1589.4	6988.9
31856	1393.9	1617.8	7227.7
12702	1383.4	1585.1	7042.2
13893	1392.4	1624.2	7113.6
3502	1383.2	1678.4	7221.4
39693	1377.4	1594.5	7218.2
36487	1378.5	1603.6	7081.7
20303	1393.7	1637.0	7208.1
24193	1389.9	1660.4	7211.2
30900	1392.1	1635.1	7177.3
29133	1376.1	1642.6	7101.7
9161	1404.6	1680.7	7342.8
371	1387.2	1658.1	7074.0
28707	1381.7	1642.8	7029.3
27030	1375.6	1579.2	7198.3
30586	1384.7	1597.4	7035.0
13394	1395.9	1635.9	7171.6
33745	1390.2	1599.0	7022.6
6028	1376.3	1638.1	7213.4
6194	1386.2	1593.4	6992.0
14368	1382.7	1614.0	7017.7
28031	1384.6	1623.8	7143.7
18742	1378.0	1606.4	6970.7
18241	1385.6	1599.6	7017.8
15526	1391.3	1625.8	7259.1
32141	1380.1	1617.4	6989.7
37295	1382.9	1645.7	7270.8
20413	1381.2	1597.8	7005.7
22106	1389.0	1662.3	7345.5
31735	1379.7	1580.0	6984.1
27321	1388.6	1637.6	7184.5
12662	1395.9	1686.0	7293.4
12067	1386.1	1622.2	7116.5
36596	1381.6	1667.0	7101.0
10204	1384.1	1622.6	6991.6
2280	1372.8	1580.8	6854.5
34757	1386.6	1570.0	6998.6
39833	1374.2	1609.3	7015.0
27467	1393.1	1664.8	7260.9
22357	1382.7	1602.7	7032.7
33114	1396.6	1723.0	7482.1
16449	1378.8	1643.6	7275.3
350	1384.2	1661.4	7261.0
34961	1397.0	1634.5	7278.8
3018	1393.6	1658.5	7253.3
13422	1384.4	1636.1	7093.1
19903	1386.6	1615.0	7178.1
816	1394.4	1653.1	7116.2
20941	1366.3	1565.9	6911.2
25307	1380.2	1583.2	6952.1
33604	1390.3	1618.3	7395.5
12224	1381.8	1576.6	7021.8
1608	1382.2	1659.2	7320.8
33470	1376.7	1553.5	6847.2
26358	1379.1	1631.0	7246.3
18600	1388.1	1629.5	7069.9
24727	1389.3	1654.6	7214.2
11547	1381.5	1701.6	7435.8
25368	1388.1	1620.5	7112.1
34596	1380.9	1572.9	6944.5
12131	1378.6	1632.1	7001.7
27171	1380.1	1611.3	6947.8
17566	1384.5	1642.6	7198.3
29019	1380.0	1653.0	7152.0
1992	1374.9	1566.8	6938.6
5626	1384.9	1564.4	7012.7
25148	1373.5	1581.7	6974.3
6909	1389.4	1636.0	7169.2
9727	1390.4	1639.0	7124.6
20726	1382.5	1563.4	6975.5
27667	1384.7	1583.1	7001.2
18249	1379.9	1607.5	6993.6
36180	1384.3	1664.5	7332.9
14721	1376.6	1626.3	7048.0
1812	1378.8	1623.0	7103.4
31689	1374.3	1631.8	6966.3
2038	1366.9	1626.0	7024.2
16069	1381.5	1622.8	7030.8
25224	1378.6	1616.7	6969.4
1406	1397.3	1670.2	7211.7
28816	1390.3	1619.6	7266.8
3596	1388.6	1631.3	6941.6
3575	1382.2	1609.6	7205.5
4156	1400.6	1643.4	7334.3
35062	1387.2	1655.9	7375.9
38770	1388.7	1626.6	7211.4
12376	1389.0	1663.0	7148.0
15369	1391.7	1637.5	7121.1
8833	1381.3	1626.1	7233.6
27471	1382.0	1658.5	7078.7
23120	1388.7	1613.1	7066.9
7574	1372.0	1588.7	6989.5
17937	1380.7	1607.7	7024.8
13544	1367.0	1588.2	6889.1
14770	1379.9	1590.4	7027.0
12535	1376.7	1626.5	6883.8
8015	1396.5	1603.2	7104.1
39988	1384.9	1610.0	7168.9
22353	1370.1	1546.2	6816.8
39478	1388.1	1620.0	7077.0
13845	1387.9	1667.5	7182.8
3356	1379.0	1614.5	7028.6
11142	1395.7	1639.3	7162.2
1704	1382.4	1608.5	6981.0
7976	1380.0	1610.8	7021.7
3971	1388.5	1627.5	7050.6
32544	1385.6	1670.4	7150.3
2552	1377.5	1628.0	7028.3
712	1384.2	1664.0	7350.7
28781	1382.2	1604.7	6998.1
22813	1379.8	1637.6	7126.0
31982	1386.3	1659.7	7171.4
26731	1383.5	1609.4	7133.9
7941	1384.3	1627.4	7109.2
9521	1383.3	1625.0	6979.7
23614	1376.2	1615.8	6981.9
8581	1380.2	1617.5	7097.4
25089	1383.4	1622.8	7193.1
22436	1380.3	1609.6	7051.9
37834	1400.0	1690.6	7300.2
36433	1378.2	1544.4	6848.7
13948	1381.2	1604.7	7008.5
38974	1383.3	1615.4	7097.6
6312	1387.3	1656.5	7167.7
6904	1396.1	1712.1	7287.6
19106	1381.1	1626.1	7046.6
27343	1374.3	1614.6	6901.2
21424	1387.1	1651.1	7170.8
10206	1383.4	1671.2	7136.6
9576	1381.6	1561.8	7066.8
17219	1393.7	1687.5	7423.9
16649	1394.9	1626.7	7181.0
10889	1394.9	1617.6	7109.4
33633	1395.8	1641.6	7255.0
29958	1381.4	1616.8	6989.1
5559	1379.2	1685.6	7116.4
30455	1382.2	1605.9	6938.5
17255	1390.9	1624.4	7257.6
6048	1398.0	1687.1	7423.3
2007	1392.7	1610.8	7044.4
12310	1379.9	1614.1	7041.8
39452	1380.1	1584.7	6922.9
29031	1383.4	1582.4	6935.2
5182	1381.6	1650.3	7179.8
38842	1400.5	1672.6	7345.0
18828	1390.5	1670.5	7325.9
5918	1387.6	1645.6	7413.8
37739	1394.7	1641.5	7352.3
22464	1384.5	1598.8	7193.2
12184	1384.3	1683.7	7142.0
8434	1403.5	1665.8	7361.2
23361	1399.4	1684.8	7421.4
18139	1385.3	1629.3	7078.1
6663	1383.9	1639.2	7104.7
33134	1380.9	1670.5	7014.8
24919	1386.1	1624.9	7163.1
35154	1386.1	1564.7	6995.7
23388	1378.9	1623.8	7190.7
30173	1387.4	1625.8	7078.9
34172	1385.2	1642.7	7308.0
228	1389.5	1642.8	7061.9
18423	1369.2	1572.1	6806.9
22040	1389.1	1607.6	7056.7
21937	1381.8	1624.3	7174.5
18719	1383.8	1574.9	7028.9
34336	1387.7	1665.8	7202.5
36809	1379.5	1604.1	7022.1
26166	1393.9	1622.8	7084.4
19815	1391.4	1604.5	7098.0
2431	1374.9	1686.0	7140.1
30432	1386.3	1656.8	7332.3
31241	1385.1	1632.5	7099.1
7130	1381.2	1613.1	7064.2
23360	1376.6	1578.0	6797.4
38890	1389.8	1632.0	7188.5
32118	1390.3	1647.8	7155.3
22712	1387.6	1636.6	7142.7
28435	1388.1	1699.1	7265.8
5136	1385.9	1656.8	7108.0
30982	1395.2	1615.7	7200.9
27926	1382.7	1583.8	7218.2
29744	1394.2	1684.5	7195.4
2348	1379.3	1624.9	7230.9
28261	1386.4	1629.6	7017.7
23627	1379.9	1613.7	7051.1
17068	1387.0	1630.5	7195.2
16619	1383.6	1581.5	7075.8
13739	1393.0	1616.4	7154.9
16742	1388.0	1669.3	7204.1
33553	1380.4	1595.6	6926.6
17511	1394.5	1622.4	7127.1
7705	1394.2	1650.4	7271.8
14686	1379.2	1615.3	7037.8
32275	1391.5	1645.3	7342.6
17547	1379.4	1627.4	7050.0
21943	1385.9	1636.0	7057.0
21878	1383.4	1593.6	6931.3
11546	1372.3	1619.3	6938.0
6298	1378.4	1606.9	7019.7
18219	1386.1	1642.1	7171.0
37309	1383.1	1617.2	7019.2
12963	1384.0	1623.1	7113.6
34323	1394.3	1664.3	7327.3
37546	1396.0	1678.8	7443.2
16773	1393.3	1685.4	7303.2
11421	1387.4	1665.8	7287.9
18894	1391.5	1606.4	7222.6
28868	1374.5	1595.0	7047.2
23862	1387.9	1665.3	7298.3
7674	1392.6	1662.8	7143.5
11937	1369.1	1577.3	6743.1
4197	1385.8	1640.3	7065.9
28860	1382.0	1623.3	6981.6
39586	1386.6	1635.8	7023.1
14278	1387.4	1607.1	7133.8
14013	1378.6	1613.5	7213.5
8634	1380.5	1610.3	7013.8
38803	1396.4	1677.5	7130.5
15948	1382.9	1583.1	6856.1
24518	1375.1	1625.9	7030.9
31414	1378.3	1603.4	6978.7
32465	1391.9	1634.7	7181.4
1465	1400.9	1655.4	7590.8
17453	1401.0	1689.1	7395.7
12270	1396.2	1691.9	7322.0
17008	1389.5	1583.9	7073.5
23535	1391.7	1632.9	7139.3
25911	1387.9	1627.3	7013.7
39980	1392.3	1663.1	7132.2
12490	1384.4	1655.1	7339.7
7415	1382.0	1645.7	7210.7
23385	1398.8	1694.4	7633.8
34877	1390.4	1641.1	7325.7
36269	1389.6	1587.1	7059.0
3025	1385.6	1695.1	7472.0
33944	1385.6	1662.0	7217.4
22175	1377.5	1623.1	7060.7
4721	1377.8	1615.8	7107.9
14479	1378.7	1635.8	6979.7
14556	1389.0	1665.8	7384.2
12397	1377.0	1582.3	6895.3
6932	1384.7	1622.0	7017.3
32934	1378.7	1588.8	6880.8
27521	1377.0	1617.2	7101.6
4163	1395.7	1656.6	7305.9
2620	1381.7	1606.6	7094.0
33291	1384.8	1600.9	7083.5
414	1378.2	1609.7	7023.8
7924	1387.4	1691.7	7177.9
2128	1386.6	1633.3	7144.7
10304	1402.9	1673.1	7534.9
22122	1390.3	1610.7	7128.2
10857	1375.7	1588.9	6890.5
483	1395.2	1637.8	7132.2
22423	1399.2	1628.9	7204.2
10158	1377.1	1602.2	7036.3
37644	1408.7	1761.8	8466.6
4849	1393.6	1677.8	7126.4
30569	1381.8	1651.4	7056.5
15393	1393.4	1659.7	7379.3
38802	1380.8	1592.7	7091.6
35093	1381.9	1605.0	7062.8
6415	1387.2	1638.1	7090.1
11197	1389.7	1619.4	7247.7
12412	1383.8	1704.8	7462.0
16675	1381.6	1588.8	7120.8
30542	1384.9	1648.4	7097.0
7132	1379.5	1598.3	7108.4
24891	1386.0	1649.0	7242.3
20334	1403.5	1713.1	7428.9
63	1384.1	1653.2	7316.1
39591	1384.1	1604.1	6975.4
32701	1381.0	1672.1	7214.9
39861	1375.5	1592.3	6863.9
32518	1367.7	1586.7	6866.7
13154	1386.5	1690.5	7260.7
2910	1379.1	1650.8	7041.0
38021	1385.6	1595.0	7071.1
5573	1382.5	1610.5	6940.7
17629	1383.0	1575.9	6993.5
25817	1396.5	1613.9	7090.7
39382	1382.7	1598.1	7097.7
25374	1389.6	1617.3	7221.6
21862	1388.1	1670.3	7288.5
39613	1400.6	1653.1	7259.5
35523	1398.9	1644.0	7352.2
8782	1398.1	1635.6	7312.5
39166	1391.5	1604.4	7278.8
22395	1379.1	1581.1	6896.3
29953	1398.7	1661.2	7406.2
30643	1377.0	1580.4	6990.6
39220	1382.6	1614.5	7079.1
3910	1392.9	1639.1	7377.0
21267	1388.5	1622.0	7146.7
38762	1380.7	1598.0	7109.9
7577	1381.6	1590.3	6905.2
32388	1377.5	1600.0	6987.7
6925	1399.5	1686.3	7598.2
4538	1373.6	1566.5	7050.3
12798	1383.2	1638.9	7087.2
37659	1376.3	1580.5	6873.3
26163	1394.0	1668.1	7250.7
5616	1381.6	1598.4	7047.0
20426	1383.5	1608.7	7271.7
37486	1382.3	1607.5	7006.7
26200	1382.8	1642.3	7201.9
366	1388.2	1601.0	7000.3
14732	1392.6	1656.2	7242.2
11575	1383.2	1659.2	7231.7
14316	1383.7	1649.6	7207.9
38362	1382.0	1589.2	7222.0
10573	1381.6	1599.2	6835.5
37734	1390.8	1643.6	7257.1
9237	1382.1	1598.8	7014.4
33340	1376.3	1608.0	6897.7
19004	1397.5	1624.6	7495.1
22112	1393.9	1704.1	7237.3
23499	1371.6	1629.6	6938.6
11990	1383.8	1628.3	7019.4
31521	1381.6	1624.0	7056.3
25580	1394.8	1626.2	7267.4
32359	1374.6	1623.7	7062.4
19576	1397.0	1660.3	7360.3
10535	1392.6	1596.2	7080.6
9249	1381.1	1627.8	7117.6
21865	1386.6	1652.7	7145.2
41	1381.8	1616.7	7078.2
34579	1399.6	1683.3	7354.3
15352	1369.0	1578.7	6969.7
2033	1386.3	1657.5	7244.7
30361	1396.0	1633.1	7169.7
20382	1385.6	1613.3	7222.0
20894	1388.7	1647.1	7082.2
39705	1377.0	1587.0	6968.9
6238	1399.7	1712.9	7432.8
32524	1384.9	1643.9	7092.0
1485	1395.0	1624.5	7156.2
1892	1385.1	1604.5	7149.0
5671	1378.6	1588.9	6992.3
29961	1394.5	1655.1	7247.9
30106	1381.5	1684.6	7182.2
12313	1383.6	1619.6	7044.1
36190	1381.1	1636.2	7087.9
33878	1388.1	1606.5	7111.5
598	1377.0	1593.2	7006.2
27478	1384.6	1665.0	7135.1
11325	1390.7	1602.5	7380.7
3227	1390.7	1612.7	7197.3
20252	1389.3	1605.3	7153.5
29707	1389.2	1623.1	7126.8
18841	1385.2	1637.8	7092.8
33296	1385.1	1655.5	7282.2
16381	1406.3	1641.0	7456.9
27493	1377.7	1632.4	7020.4
31259	1387.1	1654.4	7136.5
13062	1376.3	1618.0	7012.8
8848	1386.5	1639.7	7068.4
17002	1377.8	1654.7	6991.2
21317	1390.6	1637.9	7514.6
17862	1393.2	1634.1	7160.8
6547	1394.3	1623.1	7231.0
36884	1375.2	1641.6	7099.0
1041	1391.4	1644.4	7018.4
1499	1381.5	1623.8	7089.8
14361	1379.1	1635.1	6972.7
26797	1389.2	1674.0	7288.3
6661	1381.1	1613.3	7117.2
4361	1374.0	1626.1	7071.1
26868	1383.5	1586.5	6982.7
35264	1382.2	1600.5	7047.0
15107	1377.1	1558.4	6929.7
6430	1384.5	1610.5	6988.2
9289	1381.6	1580.8	7035.4
23896	1383.9	1661.9	7110.2
32869	1403.2	1652.8	7665.8
6752	1379.5	1606.0	6962.9
32043	1381.9	1563.3	7013.0
32553	1386.3	1614.0	7065.4
17289	1386.2	1635.0	7066.1
32440	1384.0	1588.7	6990.3
30466	1393.3	1664.2	7453.6
6226	1390.0	1634.3	7451.0
3207	1387.9	1625.2	7227.5
33537	1375.7	1615.5	7013.6
35575	1387.2	1668.5	7329.8
18070	1388.9	1620.9	7121.6
2203	1389.2	1672.5	7359.9
13965	1387.0	1620.0	7080.5
11979	1388.0	1682.3	7237.8
5934	1394.5	1636.9	7126.8
11034	1390.5	1636.4	7177.5
27331	1376.7	1567.9	6895.7
19910	1382.5	1590.7	7137.1
34630	1392.2	1709.5	7388.3
30253	1388.7	1649.6	7191.0
16025	1385.1	1666.1	7285.9
4871	1374.7	1577.6	6951.4
12653	1381.7	1620.4	7091.7
15253	1386.5	1683.4	7381.9
29182	1394.6	1637.2	7123.4
5639	1382.4	1616.1	7184.0
5843	1400.5	1605.0	7302.7
16797	1385.8	1613.3	7017.4
20362	1377.3	1656.0	7106.5
34785	1389.9	1657.1	7156.5
30532	1393.3	1673.5	7261.1
16249	1394.4	1669.0	7194.0
17529	1386.7	1598.6	7062.1
34511	1385.7	1607.4	7128.3
16058	1386.3	1632.7	7139.2
18938	1389.2	1653.0	7408.4
8223	1386.6	1665.9	7477.7
25370	1385.3	1635.4	7089.1
28026	1396.1	1652.7	7357.7
22830	1387.0	1668.3	7242.2
21985	1394.5	1675.2	7277.7
21848	1383.0	1584.2	7160.2
14883	1381.4	1609.7	7000.2
28619	1390.1	1651.1	7327.6
33406	1398.9	1677.0	7386.0
33492	1394.5	1685.4	7437.3
27219	1379.8	1639.5	7074.9
8429	1372.5	1556.6	6886.5
17818	1394.7	1594.2	7162.5
5589	1383.2	1629.4	7276.6
26740	1395.9	1688.0	7372.1
23513	1386.5	1619.3	7231.3
19719	1395.4	1674.8	7236.8
31681	1394.9	1633.8	7248.1
8905	1379.5	1616.7	6970.2
21850	1390.2	1662.1	7096.8
38112	1397.6	1663.6	7289.2
25689	1380.4	1574.9	6988.2
5183	1386.0	1638.3	7064.2
29164	1370.3	1607.9	6986.7
33507	1388.0	1584.3	7099.9
28396	1387.7	1611.4	7140.8
38438	1392.2	1636.6	7243.2
35339	1383.3	1582.2	6980.0
37278	1394.6	1656.6	7340.3
23694	1383.7	1609.6	7078.0
39972	1373.9	1614.2	6960.7
32085	1398.6	1674.9	7459.0
30545	1371.3	1629.7	7202.4
30313	1383.1	1643.6	7144.1
26791	1378.4	1593.3	6954.5
17554	1382.0	1610.3	7071.3
21128	1380.3	1658.9	7104.3
25446	1387.0	1608.0	7002.2
18100	1383.6	1590.8	7014.6
7282	1369.8	1608.6	6951.8
27354	1389.4	1700.0	7407.5
10181	1383.3	1607.9	7052.5
11688	1380.8	1630.0	7177.2
11483	1379.2	1613.4	6958.3
3693	1390.0	1663.7	7319.2
28993	1391.0	1671.9	7268.9
10689	1395.1	1596.0	7108.0
19476	1386.8	1669.9	7168.4
13347	1390.3	1629.6	7187.7
561	1396.7	1668.3	7399.1
2627	1393.9	1611.0	7261.4
28130	1382.4	1602.6	7131.4
21364	1390.8	1627.7	7228.1
27001	1392.2	1592.6	7074.4
26664	1380.1	1626.0	7041.4
39506	1382.7	1657.6	7221.9
21751	1395.4	1643.4	7276.2
21537	1394.9	1682.4	7386.0
18893	1382.1	1644.9	7172.7
32312	1379.2	1616.3	7048.6
19862	1374.3	1581.6	7057.1
9150	1393.0	1668.8	7334.3
13125	1383.8	1645.6	7177.3
23886	1388.1	1606.4	7184.9
11558	1387.3	1659.5	7198.9
39641	1388.2	1648.4	7205.2
21825	1383.2	1634.1	7074.8
5095	1388.8	1648.6	7073.0
31808	1386.6	1678.0	7361.7
36387	1380.3	1580.3	6922.1
8305	1379.3	1613.3	6880.9
29883	1383.4	1635.4	7237.6
19001	1385.3	1612.1	7047.9
8478	1380.6	1614.3	7109.3
25118	1396.3	1650.5	7223.3
4714	1387.2	1665.6	7070.9
30154	1386.5	1646.1	7169.9
17398	1388.0	1635.5	7170.3
5422	1391.7	1680.6	7193.8
22535	1388.2	1628.6	7206.1
28402	1402.8	1704.0	7448.3
12207	1386.4	1673.3	7161.8
7039	1382.1	1637.3	7157.2
23432	1388.7	1606.2	7151.9
32268	1394.0	1687.2	7330.1
16665	1384.7	1653.1	7232.4
15842	1390.5	1632.7	7044.8
32707	1398.1	1620.3	7214.0
33504	1379.4	1612.0	7023.2
33781	1380.5	1576.7	7007.4
19211	1387.7	1627.5	7172.4
1225	1395.0	1648.5	7634.8
19378	1376.5	1587.2	6920.2
28505	1384.6	1630.3	7269.0
3303	1393.4	1655.9	7212.8
3888	1390.6	1654.7	7184.6
36307	1385.9	1654.4	7212.1
34438	1383.7	1615.8	7272.6
33369	1385.3	1590.6	7015.3
3599	1400.2	1660.9	7162.6
14422	1389.2	1605.8	7128.4
17430	1376.7	1570.5	7029.2
19455	1383.5	1596.5	6955.7
31556	1388.4	1641.4	7127.7
10267	1375.7	1615.7	7020.3
24911	1379.7	1617.2	6988.7
2848	1381.0	1626.8	7153.0
25919	1386.4	1588.2	7036.1
19073	1392.3	1669.0	7266.5
37080	1385.7	1629.0	7154.2
35848	1377.0	1593.9	6971.8
34394	1399.0	1670.8	7258.4
10175	1392.0	1632.1	7126.0
23053	1371.6	1600.1	6848.1
39831	1386.2	1596.1	7212.2
35067	1376.8	1633.2	7083.8
26335	1383.8	1625.6	7128.1
26921	1387.2	1618.9	7232.6
32900	1389.8	1642.9	7455.2
15052	1388.1	1645.8	7171.5
2624	1382.4	1678.8	7230.7
33705	1399.8	1672.3	7184.3
2986	1387.3	1656.2	7393.0
31439	1381.0	1661.1	7201.5
12383	1369.8	1561.7	6879.7
25573	1384.8	1650.6	7230.9
6504	1388.6	1624.7	7114.5
34734	1385.0	1623.3	7208.5
35411	1385.1	1635.9	7232.6
29592	1386.1	1629.9	7089.7
30750	1375.4	1608.4	7070.6
35293	1387.4	1649.8	7618.2
33809	1382.7	1659.8	7337.2
34041	1380.0	1590.4	6943.7
36503	1386.1	1643.4	7204.0
9494	1389.6	1620.6	7094.4
30915	1380.7	1575.4	7034.2
24343	1391.0	1640.9	7207.5
33509	1384.7	1650.3	7198.7
35167	1388.5	1576.4	7215.5
31384	1383.2	1606.9	7136.2
6327	1392.4	1629.6	7236.2
2688	1374.3	1643.2	6948.5
22382	1374.1	1578.5	6923.3
7561	1395.9	1708.2	7362.3
35321	1366.9	1578.3	6862.2
2625	1381.7	1651.6	7147.8
21859	1388.7	1615.3	7102.8
37590	1384.7	1582.1	7028.2
15290	1388.6	1642.6	7173.0
2659	1375.7	1661.0	7139.7
26553	1384.2	1596.3	7103.9
14058	1393.3	1654.0	7196.6
17213	1388.3	1608.0	7034.5
24969	1376.7	1622.7	6994.7
16258	1379.5	1652.0	7178.5
11604	1392.1	1663.2	7184.8
31065	1393.8	1640.6	7750.7
11723	1389.6	1584.5	7004.2
21779	1388.0	1649.4	7174.5
914	1382.6	1662.1	7116.7
13410	1381.3	1627.7	7065.7
2524	1376.0	1575.6	6896.4
2385	1394.7	1665.3	7276.4
9531	1378.2	1602.4	6968.2
22587	1386.4	1623.7	7013.8
29722	1388.5	1614.3	7322.5
10482	1382.0	1650.1	7098.8
1436	1393.3	1671.9	7144.7
29964	1385.8	1654.2	7214.2
36913	1394.3	1650.1	7464.0
20430	1383.0	1602.4	6978.4
8725	1380.8	1582.5	6998.0
8623	1379.3	1604.6	7026.1
713	1393.3	1639.9	7149.7
39018	1378.2	1640.7	7215.4
1178	1396.4	1655.3	7525.2
10872	1401.4	1680.1	7382.2
24592	1368.8	1584.0	6891.0
22922	1400.0	1627.2	7170.9
16677	1372.4	1583.5	6920.9
23102	1373.1	1642.3	6893.4
33458	1376.2	1604.3	6912.1
20513	1378.3	1559.4	6921.7
37687	1391.2	1649.8	7251.7
27557	1384.5	1664.2	7335.6
25534	1383.3	1569.6	6949.8
26748	1385.1	1642.9	7335.0
759	1373.6	1664.7	7097.8
16580	1383.0	1584.7	6872.7
36402	1380.1	1554.5	6828.6
3870	1386.3	1639.1	7191.8
32123	1383.0	1615.2	7084.4
1733	1390.0	1656.9	7202.5
33655	1379.6	1615.6	7175.9
1887	1394.3	1666.0	7340.2
37340	1390.9	1694.9	7315.1
35088	1376.8	1596.1	6747.0
22622	1386.2	1634.0	7168.9
3055	1392.6	1606.5	7102.7
5956	1391.3	1626.9	7193.9
2606	1380.4	1644.6	7123.5
28693	1374.7	1608.9	7063.4
21580	1386.2	1585.8	6984.7
30198	1383.2	1613.9	7093.7
18760	1382.0	1613.9	6991.3
29970	1390.6	1640.9	7388.7
4056	1376.6	1631.3	7110.6
31071	1395.8	1636.6	7319.5
13400	1396.9	1635.7	7283.0
17775	1390.3	1694.3	7280.5
23406	1398.5	1645.2	7239.6
21527	1384.4	1636.0	7044.5
21829	1389.3	1662.3	7159.3
19468	1381.9	1633.6	7226.4
9456	1393.3	1626.4	7289.0
29852	1389.7	1649.1	7196.0
19246	1396.8	1627.2	7170.5
20391	1387.5	1639.0	7160.9
8449	1383.3	1627.5	7161.8
9102	1391.0	1651.5	7143.2
25940	1390.8	1635.3	7009.0
20421	1378.6	1601.8	6981.8
13237	1380.1	1616.7	6977.5
38752	1380.1	1645.3	7086.5
37233	1391.6	1673.4	7291.2
4894	1393.0	1638.2	7116.4
1876	1392.7	1596.4	7114.0
27200	1391.2	1639.7	7101.2
37601	1376.0	1617.5	7015.3
11939	1386.8	1662.1	7152.3
19328	1385.6	1619.2	7210.8
36515	1384.5	1603.5	7123.4
37274	1393.9	1599.4	7255.3
38301	1389.8	1650.7	7207.6
7885	1376.2	1634.6	7063.6
5084	1378.8	1615.8	6985.7
32815	1394.9	1613.9	7224.0
29770	1385.1	1661.0	7201.2
13143	1394.9	1711.1	7652.2
34404	1370.8	1540.4	6777.0
27522	1384.0	1589.6	6918.8
36276	1384.9	1618.2	7125.0
509	1373.6	1609.0	6921.4
5648	1381.3	1588.6	6988.5
28109	1384.2	1645.9	7169.7
39789	1378.1	1591.7	6907.4
20499	1379.5	1595.2	7002.3
26003	1388.7	1592.0	7038.7
24616	1383.6	1607.0	7035.4
32655	1380.9	1606.9	7128.8
7140	1377.3	1615.2	7070.4
24150	1382.4	1631.3	7032.0
1993	1397.9	1668.7	7293.9
29699	1378.8	1636.3	7097.1
29314	1383.9	1611.1	7048.3
22621	1375.7	1615.0	6911.6
13274	1388.9	1638.4	7074.1
11489	1395.8	1647.9	7221.6
7724	1379.1	1640.3	7179.7
19055	1382.9	1619.4	7025.7
30095	1386.0	1612.0	7063.4
28427	1372.1	1595.3	6997.4
18494	1390.7	1629.4	7285.4
16022	1380.2	1597.6	7028.3
15975	1380.4	1634.0	7141.0
26641	1375.2	1556.5	7013.3
20288	1389.6	1618.0	7167.9
33536	1391.5	1656.8	7385.1
29118	1381.9	1615.5	6969.1
3610	1384.4	1599.8	7111.2
8893	1392.9	1608.3	7155.0
31664	1387.1	1651.0	7096.3
27681	1388.9	1615.2	7256.9
20882	1400.9	1684.4	7871.1
10355	1389.8	1624.2	7237.8
3859	1373.9	1624.9	7036.4
33081	1375.3	1629.6	7084.9
17176	1386.5	1649.3	7111.0
13928	1392.3	1660.4	7203.5
23048	1396.9	1656.1	7237.7
21590	1390.8	1619.5	7265.7
36011	1407.7	1632.4	7210.3
30184	1392.4	1667.3	7443.5
13937	1389.5	1641.0	7226.0
27404	1378.4	1618.9	7226.3
17745	1382.3	1640.9	7088.0
34297	1380.0	1613.2	6978.6
22095	1381.4	1595.8	7093.0
11336	1394.9	1647.7	7091.3
37926	1391.1	1721.3	7289.5
21315	1387.9	1631.2	7371.0
81	1378.2	1615.2	6923.7
37885	1377.4	1566.9	6959.1
18676	1392.6	1658.0	7147.5
17594	1385.6	1637.6	7174.3
23218	1388.1	1631.2	7092.9
23612	1388.1	1597.6	7346.2
25026	1378.1	1643.5	7087.8
11430	1384.1	1589.9	6989.3
7628	1387.3	1688.6	7319.0
264	1389.4	1637.9	7108.5
16293	1387.3	1609.8	7071.6
12454	1385.8	1631.6	7084.8
8851	1388.6	1619.2	7069.8
9891	1398.5	1702.7	7341.8
4885	1376.5	1633.3	7230.9
1795	1381.7	1600.9	7023.9
35859	1378.3	1607.9	7067.4
1446	1389.9	1652.5	7239.4
31621	1384.4	1592.9	6993.9
2312	1392.8	1664.9	7475.5
356	1377.9	1582.1	7004.2
39639	1374.0	1602.5	6969.6
35472	1373.7	1557.8	6893.7
4374	1388.8	1667.7	7158.5
962	1391.9	1655.9	7344.7
21210	1375.6	1594.8	6872.5
10193	1374.0	1606.3	6971.2
17240	1384.9	1646.0	7167.1
38843	1387.6	1643.1	7148.5
11191	1391.8	1642.8	7153.1
28223	1372.6	1585.8	6966.9
4320	1390.0	1647.9	7319.4
28172	1376.9	1695.9	7022.5
16866	1382.8	1635.6	7196.9
15218	1388.2	1625.8	7354.6
25275	1381.5	1587.4	6979.5
5262	1378.8	1576.8	6885.4
21529	1388.7	1627.2	7120.9
27975	1378.9	1618.5	7019.6
23989	1387.1	1637.7	7155.4
15705	1391.1	1676.2	7442.6
4439	1385.5	1638.0	7181.6
20431	1402.1	1632.6	7230.3
38314	1389.8	1643.8	7257.1
30761	1382.4	1575.5	6994.4
14581	1374.7	1608.3	6958.6
30209	1384.8	1635.3	7137.2
4346	1387.4	1607.5	7053.6
16334	1387.0	1644.6	7283.0
23511	1383.2	1654.8	7193.6
20961	1374.0	1557.5	6798.6
26628	1388.4	1649.9	7260.9
16997	1387.2	1600.3	6943.9
32327	1381.1	1613.7	6942.3
14454	1393.6	1599.1	6980.5
23703	1392.6	1644.6	7304.6
12944	1373.1	1584.1	6863.8
17316	1381.1	1617.3	7132.4
25842	1390.6	1679.4	7181.5
34700	1389.6	1639.0	7220.0
11130	1385.2	1620.0	7178.4
5295	1372.6	1570.6	6785.5
19578	1378.1	1617.6	7024.0
15533	1378.2	1574.8	6907.0
3662	1393.8	1648.2	7182.1
38100	1391.2	1650.1	7297.8
38574	1383.5	1593.1	7076.7
20851	1386.3	1622.3	7210.3
24085	1375.6	1610.4	6981.7
35465	1408.0	1700.2	7463.5
24140	1392.2	1641.4	7300.2
25652	1372.9	1592.3	6936.7
6222	1381.9	1609.2	7069.2
463	1400.2	1659.0	7350.2
22818	1390.0	1655.2	7316.4
37866	1395.4	1657.5	7217.9
1363	1380.2	1605.2	7096.5
12110	1381.2	1589.7	7009.3
6515	1383.0	1644.9	7080.6
38715	1383.7	1607.6	7080.9
22500	1368.9	1546.1	6828.6
17127	1392.1	1619.2	7209.5
27755	1388.2	1639.5	7332.3
4985	1395.7	1604.0	7088.1
10605	1388.1	1626.8	7080.6
13250	1379.1	1610.1	7022.2
27242	1374.1	1588.6	7122.5
35626	1394.5	1644.9	7199.5
13759	1379.2	1603.6	6991.6
14896	1397.4	1682.8	7383.4
27528	1387.7	1683.5	7139.2
10542	1391.4	1691.2	7205.9
10361	1392.6	1599.3	7030.9
15176	1399.7	1655.8	7571.9
11482	1393.1	1607.2	7091.1
18780	1382.4	1641.8	7144.4
36416	1386.7	1651.7	7290.0
32845	1386.6	1640.1	7095.5
22626	1387.9	1570.0	7099.1
33622	1379.0	1544.2	6899.0
35271	1383.7	1645.9	7163.0
36864	1387.4	1601.2	7089.4
30709	1383.6	1677.0	7340.6
8508	1398.7	1669.0	7445.0
3580	1375.0	1617.0	7068.3
4001	1370.7	1591.4	6939.6
38910	1377.6	1634.2	6977.8
29771	1374.3	1560.1	6831.5
7115	1388.4	1631.0	7130.2
13481	1390.1	1677.2	7165.7
21092	1388.7	1625.6	7140.0
34335	1392.8	1631.1	7145.9
31230	1381.0	1581.2	6911.0
4036	1383.0	1567.0	6976.5
29363	1376.6	1568.7	7019.1
10280	1396.9	1664.3	7702.2
11782	1391.2	1635.9	7326.0
10249	1375.1	1602.3	6984.1
20780	1374.6	1597.0	7059.7
30450	1377.7	1640.4	7108.8
2154	1385.7	1647.3	7197.9
29716	1388.0	1632.8	7182.8
26575	1390.8	1663.1	7362.3
9579	1384.0	1661.3	7175.0
32751	1384.5	1686.0	7319.3
13382	1396.4	1663.5	7431.7
31290	1393.8	1644.4	7276.4
25526	1378.1	1570.7	7015.0
15767	1395.1	1709.8	7420.3
23480	1395.8	1691.9	7358.8
