2675	1428.2	1694.4	5542.9
567	1434.4	1692.5	5664.5
9540	1424.7	1607.7	5371.4
15195	1429.3	1693.7	5596.5
11782	1425.7	1690.6	5578.9
17778	1433.8	1672.1	5550.2
6293	1435.4	1631.8	5580.7
15940	1434.8	1682.6	5732.6
13979	1438.3	1738.3	5689.7
17998	1427.6	1652.4	5502.6
11078	1430.9	1696.3	5713.0
23319	1438.4	1732.1	5635.4
21019	1438.2	1678.3	5589.7
5538	1421.9	1687.8	5432.6
4098	1429.4	1649.6	5448.5
22582	1436.5	1673.7	5643.6
8776	1433.4	1681.0	5566.3
7461	1428.1	1635.8	5559.8
5775	1428.7	1632.4	5442.7
18165	1425.2	1666.0	5522.2
14272	1439.8	1734.7	5918.6
5424	1444.2	1757.8	5959.3
16735	1435.3	1690.6	5615.3
21659	1431.2	1633.7	5555.3
10724	1438.5	1676.7	5552.5
2591	1445.4	1694.7	5687.8
12485	1424.4	1631.6	5473.8
18648	1422.6	1638.1	5405.3
5317	1419.5	1610.9	5388.6
11934	1448.8	1751.6	5903.2
10954	1423.5	1622.0	5409.1
4548	1422.8	1680.6	5616.1
16375	1439.5	1742.4	5709.6
10933	1435.2	1650.0	5732.7
22095	1429.0	1662.4	5460.2
4756	1439.9	1678.0	5638.6
6830	1424.5	1675.0	5490.8
14282	1435.7	1676.1	5649.9
10870	1435.7	1682.8	5539.8
7280	1432.4	1688.1	5550.8
3952	1429.6	1644.0	5535.9
24275	1451.7	1736.4	5869.8
10973	1432.1	1676.7	5570.0
19190	1440.3	1713.6	5680.9
22338	1439.1	1680.2	5640.7
16764	1438.4	1666.4	5707.1
945	1431.4	1666.9	5538.8
13966	1439.3	1704.2	5770.5
903	1421.4	1644.7	5414.1
21524	1432.1	1658.4	5560.0
4382	1431.6	1641.8	5470.5
12466	1426.6	1679.0	5555.0
19634	1431.1	1685.6	5752.5
20078	1425.1	1711.4	5599.1
16515	1439.1	1711.9	5633.9
15680	1426.3	1652.1	5410.5
1936	1426.2	1631.7	5420.7
24845	1429.6	1672.6	5532.7
24425	1437.0	1680.5	5709.8
8902	1441.9	1731.9	5732.3
17794	1445.0	1741.3	5774.8
6036	1424.2	1664.2	5518.9
10257	1430.8	1691.7	5554.3
15972	1422.1	1609.4	5472.3
6114	1439.0	1659.1	5517.0
10070	1423.3	1652.9	5464.5
12620	1434.6	1656.0	5596.2
17862	1433.0	1698.8	5660.6
6800	1419.5	1606.5	5355.7
11077	1436.8	1643.2	5541.4
14738	1433.5	1712.7	5618.5
13190	1445.8	1741.8	5649.6
3626	1431.8	1650.2	5410.5
18412	1438.4	1691.4	5553.6
5815	1426.9	1633.7	5516.9
18497	1418.4	1671.3	5450.2
19546	1441.6	1672.7	5611.3
19698	1444.0	1727.0	5789.8
23286	1422.4	1672.9	5457.4
6424	1436.3	1698.7	5667.2
23164	1433.4	1677.1	5621.0
11338	1437.8	1721.6	5719.3
2805	1428.4	1662.4	5536.1
2745	1434.7	1690.0	5541.2
17152	1435.5	1682.0	5571.1
13355	1429.6	1618.2	5408.5
14404	1424.8	1680.6	5500.1
20575	1424.4	1615.3	5435.2
20109	1439.5	1696.1	5706.6
2200	1442.9	1693.5	5559.6
24182	1427.2	1643.6	5494.5
12956	1438.0	1696.2	5680.5
11333	1428.0	1667.1	5505.1
19602	1428.3	1653.6	5503.4
1772	1430.3	1692.7	5597.7
13583	1445.2	1693.8	5939.0
10296	1436.4	1680.2	5644.6
590	1435.3	1713.7	5631.0
21756	1445.8	1735.9	5766.7
6941	1431.7	1701.3	5564.3
24708	1443.3	1704.2	5819.9
7471	1441.3	1719.6	5668.1
5618	1442.6	1663.8	5582.7
20276	1428.4	1639.8	5968.7
22462	1438.1	1687.3	5720.6
3151	1426.5	1664.0	5568.9
24952	1429.7	1639.9	5511.5
1290	1437.9	1701.9	5712.6
20233	1420.8	1600.5	5351.5
12586	1430.4	1739.2	5621.7
10585	1422.1	1619.9	5435.5
8970	1413.5	1671.2	5325.8
1840	1434.1	1690.2	5610.8
9925	1439.6	1681.1	5589.5
17744	1421.6	1652.5	5483.9
4891	1424.4	1675.0	5745.4
16612	1431.7	1644.7	5564.6
5678	1428.0	1688.2	5531.9
5696	1430.9	1695.2	5551.9
15764	1421.9	1633.8	5511.7
11289	1429.5	1683.8	5551.3
1707	1424.3	1647.6	5470.2
12958	1435.4	1682.0	5561.9
2243	1421.5	1646.4	5433.9
20174	1435.2	1676.9	5538.7
22833	1439.3	1703.0	6109.8
6401	1440.1	1667.6	5604.5
4596	1418.4	1627.7	5423.9
13466	1423.4	1688.7	5474.6
5181	1433.4	1675.7	5529.3
19259	1446.5	1721.6	5722.9
17124	1424.7	1666.2	5574.8
19541	1433.7	1740.9	5885.2
13602	1429.7	1710.1	5507.1
23739	1433.8	1687.6	5600.6
8138	1424.2	1688.6	5694.8
5216	1441.3	1654.8	5629.9
12734	1436.5	1645.7	5685.5
8613	1422.0	1679.5	5415.2
17945	1429.9	1642.7	5518.4
14102	1432.8	1671.9	5640.4
12705	1417.9	1635.3	5466.9
4624	1444.3	1729.6	5743.4
11260	1440.9	1714.2	5787.2
3705	1430.0	1666.8	5569.8
11098	1440.0	1719.7	5808.8
2369	1426.4	1652.0	5452.1
24064	1425.4	1634.7	5612.8
2908	1424.9	1642.7	5437.0
4119	1432.1	1690.2	5494.5
4427	1430.8	1622.2	5453.9
16846	1430.4	1622.5	5501.2
5590	1433.1	1648.1	5497.0
10650	1430.6	1632.6	5514.9
7131	1428.5	1699.6	5545.2
8557	1437.2	1688.9	5689.1
5779	1426.7	1644.0	5506.3
348	1440.6	1685.1	5569.3
8085	1428.2	1663.6	5514.2
6326	1441.1	1721.7	5808.9
20922	1440.4	1714.3	5729.5
9343	1429.7	1692.9	5655.5
22331	1431.6	1667.9	5544.5
5877	1433.3	1621.9	5605.3
9599	1440.9	1692.4	5624.2
10415	1434.6	1722.9	5676.5
5123	1420.7	1627.8	5405.0
1483	1431.3	1660.0	5507.8
13260	1432.5	1658.2	5494.4
4725	1440.7	1712.7	5733.0
19049	1436.6	1687.2	5703.8
23380	1430.2	1685.8	5592.7
22762	1428.7	1683.0	5571.2
14768	1430.2	1688.2	5544.6
5027	1429.9	1636.1	5388.7
11422	1435.9	1682.5	5534.9
22113	1428.1	1676.4	5485.0
2578	1423.6	1641.1	5508.5
19018	1427.3	1695.5	5567.1
2715	1439.0	1711.5	5713.3
7849	1441.0	1683.1	5567.9
17343	1431.2	1652.6	5521.3
19159	1426.4	1656.9	5541.9
8428	1431.1	1676.8	5565.3
24087	1422.0	1633.9	5529.4
1144	1427.9	1700.0	5580.0
12404	1427.4	1630.3	5492.1
17054	1437.5	1735.4	5779.5
24393	1434.0	1695.9	5594.9
8677	1430.9	1630.4	5552.2
23201	1446.0	1720.1	5719.4
4021	1430.8	1654.8	5554.9
10528	1440.0	1670.7	5578.9
22609	1441.4	1743.4	5807.0
6169	1433.2	1658.5	5597.0
12676	1426.8	1653.0	5566.1
18775	1429.5	1668.2	5508.0
2098	1436.1	1682.7	5509.6
10742	1434.7	1697.6	5647.6
1813	1433.8	1685.5	5629.4
3521	1430.6	1698.4	5536.7
7949	1436.1	1722.0	6153.8
19956	1435.1	1674.0	5661.1
23312	1425.8	1631.8	5467.4
8090	1431.1	1686.3	5657.5
8668	1454.5	1690.7	5786.1
12252	1440.7	1653.8	5584.7
11100	1433.6	1679.6	5567.3
5214	1441.4	1667.3	5582.7
6914	1432.9	1717.5	5656.8
21669	1428.2	1661.3	5495.8
13877	1439.3	1652.7	5593.2
2972	1420.8	1628.1	5437.4
654	1426.0	1696.8	5815.8
4860	1431.6	1672.3	5528.8
14601	1438.8	1710.0	5585.9
13119	1438.1	1721.2	5651.7
15029	1433.3	1644.7	5540.3
16472	1433.7	1694.7	5651.2
14007	1441.2	1789.3	5878.4
738	1432.5	1640.8	5562.2
11501	1434.9	1692.1	5558.2
3248	1437.5	1670.2	5619.4
1277	1444.5	1690.7	5700.9
22772	1435.0	1725.9	5632.6
15711	1439.3	1725.2	5745.5
13517	1433.8	1720.0	5660.4
2030	1438.6	1696.1	5671.5
14566	1435.9	1653.3	5703.8
11201	1429.8	1666.8	5484.2
13656	1436.7	1719.1	5684.0
19918	1431.3	1689.5	5588.3
8581	1428.9	1666.5	5532.2
13533	1429.5	1670.5	5478.4
2146	1433.9	1702.7	5602.2
4114	1413.9	1654.9	5404.8
20420	1421.4	1652.6	5447.0
18324	1428.2	1665.0	5534.4
14932	1435.9	1677.8	5672.3
23413	1428.2	1690.3	5519.4
22052	1427.8	1677.8	5472.7
10955	1439.2	1725.3	5674.5
19422	1431.4	1675.5	5507.1
3163	1428.5	1653.0	5600.9
3598	1427.1	1701.3	5578.7
20210	1436.5	1692.9	5634.4
440	1428.6	1625.6	5476.9
1750	1432.8	1715.9	5657.2
22379	1427.0	1620.7	5473.9
18411	1437.2	1743.1	5640.2
5367	1443.4	1679.8	5658.5
21057	1442.8	1656.7	5603.2
2033	1435.0	1667.6	5600.3
14730	1427.5	1673.5	5557.8
12456	1432.6	1652.3	5570.5
16032	1437.6	1698.8	5704.3
13118	1431.6	1674.6	5637.3
17847	1436.8	1640.0	5602.7
12712	1425.9	1624.9	5417.4
8689	1431.4	1656.6	5544.4
24602	1433.1	1688.6	5550.5
22490	1441.9	1693.6	5683.3
9236	1442.9	1695.9	5767.4
20850	1417.6	1639.8	5374.4
19903	1430.2	1623.4	5559.8
815	1438.9	1694.6	5624.4
17463	1427.1	1667.2	5501.1
23120	1432.4	1670.7	5567.5
14000	1434.6	1692.4	5549.9
15736	1428.3	1647.0	5493.1
19639	1440.4	1696.8	5638.8
15186	1432.7	1673.7	5604.0
17875	1424.0	1667.7	5495.8
11997	1421.2	1620.2	5593.1
10531	1435.9	1694.6	5634.9
12585	1439.5	1676.0	5685.9
23546	1440.7	1676.6	5802.1
18041	1429.2	1620.7	5434.6
7876	1435.7	1651.9	5534.0
5220	1424.1	1684.8	5469.4
12881	1437.6	1691.3	5671.0
16185	1428.9	1667.1	5464.0
21147	1435.1	1692.1	5889.0
18897	1433.0	1683.7	5555.7
4608	1421.2	1642.4	5364.9
21046	1425.5	1671.6	5481.2
21450	1437.4	1686.6	5551.8
554	1441.2	1746.9	5772.6
17727	1443.4	1696.2	5690.5
992	1441.6	1661.8	5645.8
22730	1420.0	1635.9	5395.1
23838	1426.8	1650.8	5451.2
19650	1431.8	1693.0	5588.1
10347	1419.2	1643.4	5407.1
18940	1428.7	1658.5	5474.2
12659	1419.0	1646.9	5383.9
22793	1435.7	1666.7	5557.6
13922	1429.8	1705.0	5538.4
13843	1431.8	1716.9	5656.3
1111	1429.4	1659.0	5530.5
18998	1429.3	1654.9	5498.3
6211	1422.3	1695.1	5449.4
1975	1433.2	1670.7	5510.8
1806	1433.5	1662.2	5621.2
924	1437.8	1708.0	5626.3
1034	1433.9	1664.9	5512.7
9157	1416.7	1623.6	5364.5
20061	1434.4	1663.3	5560.3
20254	1430.6	1702.5	5566.9
4977	1433.8	1659.4	5568.9
7265	1437.6	1692.6	5684.3
9573	1435.8	1685.5	5632.9
18822	1438.3	1684.0	5677.0
11505	1442.1	1680.2	5671.5
24829	1426.1	1680.3	5568.5
22887	1432.7	1671.7	5652.8
4132	1437.6	1751.1	5713.9
24784	1431.7	1673.1	5589.2
7599	1438.1	1738.7	5781.2
196	1441.8	1638.3	5588.3
18662	1427.4	1676.3	5551.7
16475	1430.6	1678.1	5566.0
4053	1428.5	1703.3	5498.4
22828	1432.8	1680.8	5576.2
22266	1442.5	1673.0	5609.2
788	1438.4	1701.5	5646.3
18838	1431.8	1648.0	5555.6
17402	1449.8	1726.6	5782.3
12923	1430.1	1696.0	5548.6
9515	1431.6	1653.4	5535.9
13454	1432.1	1707.5	5717.1
15042	1434.6	1649.8	5538.6
14769	1430.5	1719.1	5634.6
20623	1432.2	1702.5	5594.4
9944	1434.9	1696.4	5534.4
8239	1425.3	1698.7	5463.3
4986	1429.5	1683.6	5492.6
15993	1442.4	1771.9	5693.3
21880	1431.1	1631.4	5535.7
19436	1437.5	1699.9	5632.8
2433	1431.6	1718.5	5665.5
5579	1434.5	1649.7	5531.7
21762	1436.1	1632.2	5570.0
19290	1430.3	1644.0	5552.1
3312	1434.6	1714.5	5710.8
16456	1424.5	1691.0	5544.2
18573	1437.5	1689.3	5623.1
10133	1437.0	1681.7	5541.8
6884	1432.7	1692.0	5560.9
15634	1441.0	1667.0	5692.6
13731	1425.6	1653.8	5652.1
6882	1418.0	1625.1	5343.2
3765	1428.7	1658.6	5434.9
5047	1433.8	1690.7	5514.4
117	1422.1	1645.2	5454.9
13339	1426.7	1652.5	5536.5
15296	1445.3	1678.7	5668.2
16958	1443.0	1682.1	5673.0
12671	1436.9	1657.8	5593.8
16487	1429.2	1652.7	5559.0
23527	1433.9	1650.4	5513.8
8219	1429.4	1686.1	5586.8
2327	1432.4	1672.7	5535.0
21550	1442.4	1672.5	5589.3
530	1423.6	1618.5	5395.8
2187	1426.4	1609.1	5508.2
13395	1414.2	1576.2	5424.0
1056	1422.4	1632.5	5442.0
8570	1439.4	1709.2	5771.8
10030	1439.7	1686.2	5657.2
3994	1425.5	1658.7	5496.0
16765	1423.7	1649.1	5716.9
365	1428.6	1668.6	5528.5
4049	1426.3	1697.1	5562.5
6840	1429.8	1706.9	5595.3
2991	1434.5	1641.9	5552.6
24472	1426.8	1658.6	5518.3
586	1444.1	1699.2	5623.6
3254	1439.8	1668.4	5511.1
697	1433.9	1704.9	5715.0
18571	1419.5	1599.8	5374.7
22463	1434.6	1707.4	5696.3
10390	1424.5	1666.5	5500.7
14534	1430.0	1661.3	5488.9
13795	1424.0	1629.4	5419.7
6428	1420.1	1616.1	5404.0
18936	1425.2	1637.2	5531.8
23142	1425.1	1633.9	5439.1
13351	1450.9	1783.6	5924.1
8490	1435.2	1658.1	5645.6
6700	1415.9	1639.7	5426.3
3322	1432.3	1677.2	5470.0
2729	1430.8	1671.5	5669.7
17259	1422.8	1675.3	5482.4
9935	1429.7	1688.7	5596.3
11599	1425.3	1650.9	5500.0
12756	1433.2	1636.1	5528.0
24463	1425.3	1708.9	5548.7
22558	1433.2	1659.7	5616.7
9361	1437.3	1622.7	5521.9
6869	1427.4	1689.8	5538.7
6957	1424.4	1670.6	5490.0
18724	1429.1	1690.8	5458.6
16205	1420.4	1645.5	5460.4
1153	1434.4	1700.9	5606.4
5406	1442.9	1778.5	5857.4
11664	1446.1	1710.7	5755.2
2674	1417.9	1664.2	5402.8
8153	1442.4	1719.1	5653.5
8851	1431.1	1697.3	5677.2
1837	1419.5	1629.2	5379.7
17246	1439.3	1668.3	5529.2
7935	1432.8	1691.3	5603.2
19317	1430.2	1666.8	5535.5
16449	1428.1	1642.9	5507.3
3886	1438.4	1733.8	5721.4
21512	1432.4	1704.1	5583.0
5402	1424.2	1654.4	5514.2
11210	1434.9	1682.3	5605.7
17267	1425.3	1650.9	5647.7
21585	1425.5	1680.5	5537.4
14319	1436.5	1721.5	5682.7
23676	1425.3	1643.1	5454.7
20460	1435.0	1690.0	5551.6
9966	1432.7	1654.3	5524.4
18885	1429.1	1687.1	5522.2
19503	1441.6	1753.7	5757.2
13973	1433.8	1699.3	5708.8
852	1435.8	1677.4	5587.1
16541	1431.7	1668.6	5513.7
20920	1435.2	1708.3	5654.9
1757	1423.7	1656.3	5413.8
3965	1428.0	1665.7	5544.5
17830	1437.4	1718.2	5675.1
901	1443.7	1699.7	5713.0
17285	1421.5	1674.7	5417.0
2245	1436.4	1696.4	5597.1
24947	1439.3	1663.2	5602.8
20606	1441.1	1680.6	5674.2
15120	1443.3	1707.0	5721.2
7899	1435.4	1689.4	5548.2
13754	1429.5	1676.7	5634.1
17747	1427.0	1625.9	5460.2
22227	1440.8	1718.3	5733.3
20611	1435.4	1651.6	5777.2
5445	1432.1	1687.1	5564.5
20553	1425.9	1671.1	5497.0
648	1440.4	1713.6	5650.4
19130	1434.2	1697.8	5661.5
19947	1431.1	1679.6	5668.0
2407	1429.8	1661.0	5533.6
13577	1440.2	1695.3	5966.2
21408	1435.8	1682.3	5604.1
1434	1434.1	1749.4	5667.7
12154	1431.5	1681.2	5633.7
12829	1436.6	1729.8	5604.7
14424	1428.5	1655.6	5529.3
21713	1424.8	1713.1	5733.7
5913	1436.8	1666.0	5572.7
2877	1428.3	1679.5	5478.0
20347	1427.7	1644.4	5523.1
13349	1421.5	1638.7	5630.4
3905	1432.8	1666.0	5557.2
6822	1434.0	1657.0	5509.7
8699	1425.3	1662.9	5546.9
22720	1435.1	1654.1	5728.5
18166	1432.7	1716.4	5589.5
19748	1428.4	1662.9	5428.0
15411	1444.3	1714.2	5704.9
6916	1426.6	1679.3	5495.4
24524	1435.2	1693.5	5648.9
24951	1433.9	1682.9	5544.5
16046	1429.8	1663.1	5526.0
10445	1441.7	1737.4	5685.5
5419	1437.5	1705.4	5673.4
6932	1430.9	1726.5	5637.0
10136	1444.2	1656.8	5616.4
14788	1430.3	1668.3	5562.1
17650	1439.8	1691.8	5609.5
13976	1419.3	1622.6	5318.0
4410	1432.6	1714.1	5644.2
22854	1422.3	1667.8	5427.4
17671	1438.4	1741.8	5951.9
4791	1430.5	1688.8	5539.7
11473	1423.7	1641.6	5440.6
12187	1433.9	1699.7	5544.1
913	1431.5	1663.8	5504.5
6197	1448.8	1745.3	5754.5
8733	1436.4	1678.4	5499.1
7868	1430.9	1710.9	5627.0
11531	1425.6	1665.4	5542.9
4254	1432.8	1686.0	5556.0
4179	1430.5	1695.0	5582.7
1315	1440.0	1692.5	5684.1
8769	1421.9	1619.9	5359.1
21680	1417.1	1600.8	5363.8
11496	1418.9	1642.8	5395.9
23893	1424.7	1618.8	5425.6
780	1438.5	1704.5	5730.2
7186	1436.3	1686.2	5566.2
23089	1429.9	1721.4	5714.6
20636	1425.7	1612.8	5374.1
14341	1435.2	1701.1	5593.6
18989	1436.9	1705.6	5597.2
6629	1437.5	1703.1	5601.2
22643	1422.4	1656.6	5534.9
5911	1435.4	1698.6	5832.3
17791	1438.3	1679.1	5936.7
12601	1422.6	1628.3	5423.8
14591	1434.3	1667.6	5567.0
12397	1424.5	1665.7	5494.2
2852	1432.3	1693.1	5675.8
12886	1428.7	1652.4	5465.5
23385	1433.6	1715.4	5717.1
11663	1436.7	1671.2	5563.2
19181	1418.4	1645.9	5326.5
20238	1438.2	1741.5	5664.8
10557	1430.9	1631.3	5661.3
4463	1436.7	1664.6	5607.2
13077	1429.4	1676.2	5540.2
13791	1426.6	1606.7	5489.4
14188	1437.6	1690.5	5608.1
364	1434.5	1707.5	5524.3
16219	1432.7	1687.5	5551.2
12448	1427.2	1652.7	5476.6
15731	1416.2	1622.2	5426.0
6622	1429.7	1617.8	5412.7
13410	1439.3	1677.5	5648.3
10813	1429.8	1660.4	5468.9
3253	1433.5	1691.7	5651.1
660	1426.5	1670.6	5531.0
6324	1429.9	1672.6	5550.3
22996	1421.8	1623.4	5444.0
24812	1436.2	1652.0	5584.1
5937	1431.6	1697.7	5551.4
1352	1422.0	1677.0	5461.6
814	1436.9	1655.8	5609.6
21758	1429.6	1633.9	5528.2
19708	1429.5	1690.2	5501.4
20470	1425.1	1663.3	5459.0
14310	1433.9	1693.4	5596.9
21715	1434.2	1668.7	5718.9
12740	1434.4	1692.0	5640.8
16637	1427.6	1692.9	5540.3
5222	1437.9	1710.7	5762.3
13889	1426.6	1660.9	5497.9
16092	1436.5	1694.2	5607.7
2031	1413.9	1659.5	5490.1
22015	1430.5	1689.8	5719.2
14812	1435.8	1660.4	5586.7
3917	1432.1	1651.1	5548.3
23239	1426.9	1666.2	5511.1
3260	1433.7	1684.2	5550.8
9356	1447.3	1707.4	5682.2
16019	1439.4	1693.3	5641.5
7437	1433.5	1660.4	5592.0
20251	1426.2	1608.5	5353.0
15684	1428.3	1651.7	5774.9
17409	1431.1	1698.0	5597.2
11101	1419.5	1642.3	5485.0
20935	1431.6	1682.4	5704.1
15019	1436.3	1734.1	5685.2
19518	1419.8	1633.6	5466.1
9939	1436.2	1740.8	5745.3
4723	1437.4	1673.0	5557.7
5478	1427.5	1647.7	5425.8
23811	1432.3	1675.2	5582.7
1083	1431.6	1676.3	5616.6
20053	1432.2	1719.8	5674.0
19232	1441.1	1708.0	5732.5
16397	1435.7	1672.7	5606.5
843	1425.9	1668.3	5579.6
2457	1444.8	1720.2	5792.9
24723	1430.1	1668.0	5510.0
3946	1426.1	1662.1	5516.9
1682	1423.3	1663.4	5462.0
23503	1426.5	1610.6	5459.3
6591	1428.4	1687.2	5673.5
6527	1438.5	1668.8	5600.4
4757	1431.6	1684.8	5594.2
1564	1440.2	1709.1	5640.6
11377	1425.9	1706.0	5603.1
4502	1429.6	1692.5	5488.3
22778	1435.7	1685.5	5623.0
16993	1434.4	1675.7	5633.9
829	1435.0	1705.8	5704.8
13538	1434.5	1695.5	5656.6
23640	1428.4	1693.7	5506.3
4308	1448.8	1758.5	5758.6
23433	1431.2	1712.4	5698.5
3168	1430.1	1697.6	5549.1
8950	1441.0	1719.5	5768.6
22874	1425.2	1705.9	5568.9
24840	1428.2	1671.4	5516.7
23783	1432.9	1665.0	5509.6
22829	1428.5	1690.0	5588.6
8812	1435.0	1663.3	5598.7
2383	1430.4	1710.2	5540.5
7172	1440.3	1720.1	5694.9
23025	1429.6	1686.5	5515.5
12434	1438.7	1727.9	5755.4
4240	1420.3	1683.8	5464.1
10150	1423.0	1633.4	5400.6
11257	1430.9	1693.4	5613.2
6004	1434.9	1670.4	5573.9
4369	1431.3	1705.6	5581.3
4522	1426.8	1646.9	5490.2
20776	1438.1	1631.0	5532.4
3959	1435.1	1662.0	5770.7
17336	1441.0	1683.4	5636.2
9106	1429.1	1676.0	5575.4
23031	1434.1	1683.5	5671.8
11759	1426.5	1664.4	5474.1
8037	1427.9	1716.3	5574.3
10791	1425.3	1661.9	5460.8
21902	1434.5	1671.3	5546.3
8206	1425.4	1662.6	5419.7
14393	1436.3	1701.2	5703.9
14017	1423.8	1645.0	5489.5
6933	1424.8	1693.5	5464.5
12579	1446.5	1746.1	5759.9
415	1433.8	1704.7	5713.9
7173	1428.2	1671.0	5684.6
20621	1430.0	1695.5	5601.3
14619	1428.9	1644.3	5549.9
17800	1428.3	1734.7	5710.7
3920	1430.6	1695.1	5521.1
20874	1434.9	1675.0	5633.7
5603	1442.7	1711.8	5651.0
15552	1435.1	1683.8	5544.9
9052	1423.8	1676.4	5545.4
5777	1443.1	1684.3	5599.8
23090	1445.4	1742.9	5903.2
19525	1433.3	1648.4	5490.0
10078	1436.5	1674.6	5556.4
12592	1434.1	1705.8	5638.6
11155	1428.7	1653.8	5529.4
17441	1428.2	1693.3	5632.7
13251	1425.1	1686.9	5626.7
5984	1420.3	1626.3	5412.1
18663	1438.7	1705.8	5726.8
12559	1428.3	1638.1	5417.9
17811	1432.6	1619.4	5587.8
20230	1440.1	1671.0	5693.4
3027	1431.6	1673.1	5492.8
20453	1429.5	1666.4	5475.5
6481	1434.2	1703.4	5641.9
8606	1430.0	1685.6	5521.7
14426	1430.1	1660.4	5524.7
11783	1422.8	1632.5	5451.3
16694	1434.3	1654.4	5524.9
4687	1434.0	1675.7	5614.0
264	1432.7	1681.1	5518.0
1783	1433.4	1760.2	5836.6
12078	1425.2	1645.7	5466.1
22080	1437.4	1682.4	5625.3
17913	1426.4	1661.8	5511.4
466	1426.7	1629.9	5467.6
4386	1425.6	1714.8	5480.0
7728	1428.0	1659.1	5439.3
22376	1434.0	1678.9	5521.8
22200	1424.0	1609.4	5531.2
3778	1433.0	1664.1	5538.0
10207	1432.7	1659.7	5577.5
2178	1436.2	1722.4	5683.8
17086	1423.1	1655.4	5435.2
3949	1443.2	1713.6	6160.8
9864	1437.9	1703.0	5620.6
5953	1432.6	1642.2	5497.3
6860	1432.6	1646.6	5449.5
7686	1435.5	1638.4	5553.5
3486	1428.3	1654.6	5559.1
14621	1441.7	1701.3	5685.7
19766	1427.6	1597.1	5437.7
11313	1426.3	1633.3	5488.5
4403	1431.8	1715.4	5651.3
8637	1422.5	1625.0	5480.3
24079	1432.1	1689.9	5673.5
6440	1418.7	1629.9	5454.6
9715	1425.8	1645.3	5504.3
24637	1429.0	1655.5	5458.3
22193	1437.2	1689.6	5690.0
6617	1437.6	1672.5	5623.6
7770	1432.8	1692.3	5645.2
22356	1430.2	1661.8	5560.1
24885	1428.0	1621.6	5400.9
18098	1446.0	1730.0	5800.3
13663	1422.7	1658.4	5429.7
4419	1437.3	1744.9	5837.9
4390	1429.9	1696.4	5696.0
3321	1439.4	1656.3	5621.8
19802	1436.8	1713.1	5660.6
11230	1435.7	1687.1	5618.1
11673	1424.1	1622.6	5479.3
22153	1436.2	1664.3	5530.2
10387	1427.0	1664.9	5686.5
17362	1438.0	1738.0	5649.5
662	1430.6	1649.7	5543.1
3388	1437.2	1730.7	5653.8
23623	1428.3	1666.0	5632.1
22012	1432.4	1723.0	5601.5
18356	1436.9	1708.7	5688.5
23033	1436.0	1639.0	5551.5
24335	1432.8	1689.6	5712.5
12599	1437.8	1646.5	5561.8
24377	1430.5	1672.8	5574.6
19060	1431.5	1704.0	5609.7
7232	1429.3	1639.8	5517.6
7088	1426.7	1632.0	5438.5
22557	1436.6	1670.9	5639.7
17325	1424.4	1682.8	5589.8
6960	1429.9	1660.3	5507.2
24920	1442.1	1674.5	5612.8
17503	1433.4	1704.3	5491.7
2079	1434.6	1684.8	5647.1
14370	1434.4	1673.4	5511.3
20087	1425.9	1660.0	5478.8
9693	1430.2	1671.7	5631.9
12451	1435.6	1706.1	5759.4
2654	1425.5	1688.1	5540.4
3484	1439.8	1696.5	5625.8
902	1438.7	1719.2	6028.0
13330	1426.9	1635.6	5403.6
19383	1429.4	1670.3	5578.9
17739	1426.8	1631.6	5477.4
14670	1427.4	1655.8	5545.3
1113	1447.7	1690.1	5756.2
8217	1423.9	1660.1	5556.6
19536	1436.8	1703.2	5669.3
885	1424.9	1702.3	5543.4
14604	1428.8	1692.0	5517.8
24311	1428.2	1621.6	5378.8
21038	1428.1	1663.7	5564.6
10554	1443.8	1729.3	5942.2
12703	1435.8	1645.0	5520.6
11762	1437.3	1659.9	5633.5
21294	1439.5	1752.4	5760.2
22188	1431.6	1666.2	5504.8
12736	1438.0	1718.2	5691.4
18277	1448.2	1705.9	5696.4
3085	1441.6	1745.8	5735.5
7243	1437.3	1639.9	5608.6
11717	1430.9	1683.9	5611.3
18568	1425.3	1648.4	5472.2
14870	1435.5	1693.9	5645.9
10003	1429.4	1631.4	5441.0
3242	1434.7	1683.6	5610.2
24582	1432.4	1659.4	5509.3
19967	1426.3	1718.0	5526.8
11351	1429.0	1666.8	5523.6
8134	1435.4	1696.4	5627.3
22378	1441.4	1676.9	5700.6
9787	1437.8	1706.7	5662.2
21225	1438.0	1676.2	5621.1
24747	1435.6	1644.8	5530.6
9519	1427.5	1635.8	5473.5
14777	1444.9	1736.3	5844.1
24573	1431.6	1683.5	5585.9
13279	1437.6	1711.8	5687.1
3964	1431.4	1637.3	5475.1
9207	1418.8	1605.0	5351.4
16341	1430.0	1644.4	5501.1
1012	1437.1	1665.0	5604.2
19828	1428.7	1646.1	5559.8
23598	1431.4	1646.3	5557.2
18255	1433.9	1669.5	5605.6
15914	1437.7	1708.9	5701.6
23399	1442.8	1690.3	5653.8
13800	1424.2	1660.4	5589.4
6713	1433.3	1663.9	5577.2
2889	1437.2	1713.9	5625.4
4480	1438.6	1689.7	5617.8
15695	1429.9	1672.7	5566.3
22662	1431.6	1671.9	5621.2
2055	1423.9	1700.1	5590.7
11050	1447.2	1719.4	5781.2
17883	1425.7	1636.5	5519.4
24176	1436.2	1637.4	5598.8
6090	1439.6	1682.9	5961.1
22170	1424.7	1630.2	5480.3
9091	1428.5	1630.8	5435.7
22346	1421.5	1601.0	5385.6
12045	1434.0	1672.9	5639.8
24238	1432.4	1707.1	5654.9
7611	1416.4	1628.5	5478.4
8988	1431.1	1691.9	5627.8
16109	1431.0	1701.7	5635.3
3241	1431.8	1638.6	5588.3
3498	1432.9	1662.9	5621.4
5813	1427.5	1671.5	5592.8
587	1431.6	1692.0	5603.4
8455	1440.9	1698.9	5663.6
18577	1442.7	1703.9	5789.6
2740	1431.6	1650.0	5581.3
21414	1437.8	1674.5	5634.8
2076	1435.3	1685.9	5664.8
11629	1432.7	1723.0	5625.9
19604	1428.7	1677.8	5579.8
17932	1443.2	1658.4	5683.9
17509	1438.9	1672.6	5672.1
15857	1428.8	1670.9	5544.9
5870	1438.7	1708.7	5649.2
1451	1434.6	1680.6	5592.8
19980	1434.1	1653.6	5463.0
1756	1438.3	1677.8	5619.6
5044	1435.4	1684.5	5603.6
1776	1427.7	1683.0	5568.2
14019	1442.7	1684.6	5671.6
8121	1440.1	1701.4	5665.5
11321	1437.0	1708.6	5652.0
10081	1443.3	1752.5	5730.0
19937	1428.0	1664.3	5479.2
21040	1433.4	1683.4	5709.7
15623	1428.9	1634.6	5421.2
3348	1421.3	1660.2	5494.4
2630	1420.2	1684.5	5496.6
1244	1456.0	1772.4	5927.0
14740	1432.6	1652.2	5520.4
24413	1435.5	1668.8	5571.2
16238	1437.2	1679.8	5633.2
14941	1424.2	1610.5	5371.0
3081	1427.5	1633.4	5530.9
7576	1440.5	1699.4	6030.9
18075	1428.1	1601.3	5399.2
4888	1426.4	1685.4	5625.0
18988	1434.0	1661.2	5563.1
6699	1425.0	1662.2	5473.3
20981	1432.3	1688.9	5665.6
2970	1428.8	1672.5	5563.7
2871	1425.3	1636.1	5409.1
15432	1422.8	1625.5	5462.4
1020	1434.2	1684.8	5543.1
18866	1440.0	1740.1	5686.6
23244	1440.3	1668.9	5557.2
3236	1442.3	1702.0	5673.8
4172	1434.0	1723.5	5611.6
13224	1422.2	1688.6	5488.9
6052	1416.6	1641.7	5380.5
9214	1433.6	1660.5	5566.0
20940	1430.3	1673.3	5641.6
16606	1440.8	1727.6	5673.9
279	1429.8	1685.1	5676.8
16550	1429.7	1650.9	5485.8
22145	1439.6	1700.6	5677.8
21636	1425.2	1626.3	5403.2
5159	1418.3	1630.2	5368.7
219	1431.0	1673.8	5557.3
14611	1428.4	1644.3	5627.3
10926	1427.4	1663.6	5493.1
6454	1430.0	1669.2	5491.3
2709	1445.9	1712.7	5757.2
17316	1444.0	1706.5	5695.1
19816	1437.4	1695.6	5693.5
23032	1434.0	1687.7	5559.6
16811	1437.5	1689.1	5623.0
21156	1414.4	1586.7	5328.6
24470	1436.8	1664.4	5859.1
17911	1439.1	1641.9	5448.1
15129	1438.8	1703.1	5605.1
19308	1433.8	1686.1	5531.8
1853	1428.2	1662.6	5577.7
11919	1429.8	1676.2	5658.9
519	1433.8	1702.4	5580.4
22654	1428.1	1663.2	5647.8
363	1439.2	1691.3	5614.4
3700	1431.7	1599.8	5526.0
23707	1421.4	1624.6	5513.8
6649	1432.9	1679.6	5568.9
6967	1431.7	1644.5	5535.0
21183	1435.2	1643.8	5485.0
18655	1423.9	1646.9	5405.4
20194	1432.6	1667.6	5451.8
1048	1424.8	1665.2	5493.1
16794	1431.2	1685.1	5622.1
16190	1424.8	1670.8	5620.0
24172	1439.4	1671.3	5675.0
16786	1430.0	1601.8	5519.1
15860	1432.3	1689.4	5628.4
13321	1430.6	1673.5	5558.0
14931	1443.2	1666.3	5670.3
8040	1426.7	1654.4	5406.9
19402	1436.0	1649.7	5594.6
5957	1429.5	1689.4	5559.0
9721	1435.0	1718.1	5623.6
3318	1436.2	1686.9	5596.4
995	1435.6	1728.1	5927.2
580	1431.0	1685.9	5527.6
23278	1439.2	1700.9	5697.3
5425	1427.4	1664.5	5537.0
165	1437.6	1700.5	5666.5
15795	1437.0	1686.3	5579.8
3655	1444.8	1692.0	5613.5
20261	1432.8	1691.0	5574.1
24303	1435.9	1677.6	5604.1
13053	1445.8	1742.8	5837.9
11493	1427.5	1660.8	5504.4
15470	1439.0	1687.7	5609.8
13352	1430.6	1664.9	5495.0
6417	1439.6	1733.4	5697.0
21452	1435.1	1648.2	5505.7
18123	1433.7	1675.8	5530.1
13392	1427.4	1631.4	5472.1
10944	1434.8	1682.5	5709.6
18947	1427.0	1643.9	5510.9
10410	1431.9	1646.4	5564.6
23809	1434.0	1670.9	5588.2
20237	1425.9	1696.5	5543.8
22867	1428.5	1659.6	5531.8
16527	1437.9	1740.1	5664.6
19803	1438.4	1647.3	5640.3
5046	1416.3	1607.1	5303.8
14952	1438.8	1664.8	5575.2
14242	1440.0	1677.1	5565.9
15137	1434.7	1651.9	5544.6
13873	1410.9	1626.9	5385.8
14252	1437.7	1709.0	5699.6
6512	1440.0	1684.3	5630.9
6968	1443.7	1795.7	5836.5
13448	1428.5	1656.1	5449.0
19992	1444.4	1719.6	5648.5
23882	1434.6	1679.2	5621.0
6243	1429.4	1693.1	5578.0
16678	1444.4	1687.9	5587.7
24772	1434.4	1628.7	5500.1
13631	1437.0	1674.7	5568.0
2905	1433.8	1688.1	5611.7
17676	1433.0	1671.8	5508.9
17856	1427.2	1639.8	5413.7
16250	1436.1	1703.3	5597.4
17631	1430.0	1666.2	5527.3
2135	1434.0	1633.7	5561.5
335	1429.8	1654.4	5538.7
704	1428.7	1670.9	5568.7
3306	1429.9	1661.2	5513.2
15092	1424.2	1620.7	5402.9
18444	1426.7	1695.5	5517.6
19496	1432.4	1691.5	5600.9
6175	1418.7	1627.0	5343.9
17365	1438.9	1726.9	5687.1
17552	1425.1	1662.4	5528.7
22445	1428.5	1659.9	5553.9
4055	1427.2	1672.5	5501.0
9989	1435.1	1676.2	5650.2
15132	1430.9	1614.7	5421.9
24414	1427.3	1735.0	5718.2
15151	1436.5	1693.4	5616.1
11367	1439.1	1675.5	5618.8
4744	1431.8	1683.6	5519.7
20909	1441.0	1702.1	5704.5
23458	1441.5	1686.0	5549.9
10105	1431.1	1666.3	5552.4
21129	1437.5	1701.5	5673.3
14321	1431.8	1660.4	5587.6
18107	1440.1	1699.8	5572.7
6228	1431.3	1688.0	5570.0
21178	1437.5	1680.3	5686.8
13610	1436.6	1650.2	5608.2
5621	1433.7	1713.6	5680.3
4203	1420.4	1671.1	5404.9
1067	1436.1	1724.5	5654.5
11165	1447.6	1709.4	5755.8
2306	1425.9	1681.0	5425.0
12115	1423.2	1676.4	5520.9
3023	1432.5	1664.7	5512.7
3828	1433.6	1659.1	5634.2
11725	1427.4	1646.5	5513.1
1940	1428.1	1677.2	5517.7
14883	1434.1	1641.5	5528.5
12911	1433.6	1634.6	5501.0
14488	1435.9	1658.7	5584.3
10439	1442.1	1759.2	5770.3
20953	1420.6	1715.8	5440.8
12896	1418.5	1643.1	5414.9
213	1427.7	1681.9	5604.9
15383	1442.5	1661.5	5657.6
22311	1434.8	1698.3	5622.0
11221	1428.5	1653.5	5490.1
22660	1429.2	1702.8	5526.7
16866	1439.8	1646.8	5647.2
3565	1427.4	1668.0	5522.6
4520	1430.1	1672.3	5479.0
8738	1435.8	1716.3	5546.2
22721	1440.7	1700.9	5617.5
10589	1427.7	1616.6	5542.6
3970	1434.7	1708.0	5521.3
16644	1443.7	1720.9	5691.6
12688	1435.3	1730.0	5905.3
2836	1436.2	1651.0	5542.2
14111	1425.8	1660.5	5525.1
18952	1426.4	1708.1	6011.8
18430	1431.4	1666.6	5522.2
1194	1421.9	1664.9	5434.2
9516	1437.2	1668.2	5618.6
19099	1429.9	1667.2	5533.5
18213	1443.0	1662.0	5998.1
20489	1444.9	1686.7	5716.5
18756	1428.4	1677.7	5539.7
24063	1419.3	1661.8	5382.6
19327	1430.2	1672.8	5716.8
13022	1437.4	1667.0	5572.0
