1070	1071.3	1341.8	1606.4
227	1066.0	1329.1	1593.7
3816	1069.8	1305.0	1563.7
6078	1072.8	1068.5	1619.1
4714	1065.7	1294.6	1578.1
7112	1069.6	1070.8	1560.1
2520	1073.3	1315.4	1680.9
6377	1079.9	1084.9	1655.6
5593	1071.8	1076.7	1585.0
7200	1058.9	1064.2	1514.3
4434	1069.9	1283.5	1545.9
9328	1075.4	1070.7	1553.4
8409	1071.4	1070.1	1555.8
2221	1072.2	1343.3	1550.6
1646	1064.4	1293.8	1503.6
9034	1080.1	1080.4	1649.5
3516	1062.4	1353.8	1604.1
2991	1067.7	1273.3	1538.9
2318	1072.1	1319.9	1591.9
7269	1067.6	1065.7	1623.4
5714	1061.1	1068.7	1521.0
2179	1072.5	1341.1	1578.5
6698	1077.3	1076.7	1606.5
8665	1074.7	1073.9	1571.8
4297	1079.6	1383.3	1641.2
1049	1077.8	1340.8	1600.1
5002	1070.9	1074.2	1604.8
7463	1068.9	1071.7	1546.1
2140	1061.4	1283.1	1508.1
4783	1075.1	1321.4	1582.6
4391	1070.9	1358.5	1598.9
1834	1057.5	1251.4	1487.4
6556	1069.6	1064.6	1577.9
4384	1079.4	1330.4	1620.6
8840	1069.2	1067.2	1597.6
1919	1077.3	1357.2	1631.5
2748	1074.6	1307.4	1576.5
5722	1067.2	1076.3	1562.6
4361	1066.2	1277.5	1592.7
2928	1070.2	1311.1	1582.9
1601	1063.2	1334.7	1629.4
9710	1068.1	1068.2	1529.6
4403	1072.0	1331.0	1598.2
7682	1070.9	1071.3	1584.3
8938	1068.7	1072.5	1554.4
6714	1078.7	1078.6	1625.6
404	1074.9	1288.0	1554.9
5598	1077.8	1076.5	1668.1
389	1066.4	1296.9	1530.7
8613	1061.9	1057.6	1504.7
1777	1074.0	1304.2	1566.2
5001	1070.7	1068.1	1542.1
7860	1075.8	1077.2	1653.9
8037	1063.2	1062.9	1579.6
6617	1072.4	1075.0	1591.0
6284	1071.0	1069.1	1586.8
805	1074.6	1347.5	1600.5
9938	1072.4	1077.6	1697.4
9771	1068.1	1061.6	1525.4
3583	1073.1	1341.2	1578.7
7128	1071.0	1068.1	1550.3
2442	1078.8	1386.6	1666.0
4124	1078.3	1343.3	1689.2
6402	1055.4	1050.6	1515.4
2474	1072.5	1300.7	1561.6
4051	1056.9	1307.3	1543.6
5067	1071.2	1071.9	1522.1
7156	1075.5	1074.0	1602.5
2750	1064.5	1334.0	1608.7
4454	1067.2	1336.1	1569.4
5912	1072.8	1075.5	1631.8
5296	1073.0	1074.0	1570.3
1487	1075.1	1337.9	1599.0
7376	1065.7	1066.4	1586.9
2360	1074.9	1354.7	1637.3
7410	1067.1	1068.1	1526.9
7828	1081.8	1081.5	1592.3
7889	1065.5	1069.2	1525.0
9317	1056.4	1058.4	1508.4
2605	1059.9	1299.0	1522.7
9269	1072.5	1067.0	1577.8
4562	1068.7	1306.2	1534.4
1165	1068.0	1316.1	1548.0
1142	1080.3	1315.8	1625.3
6876	1062.1	1064.2	1546.4
5366	1070.9	1069.8	1562.5
5783	1067.9	1074.0	1545.0
8239	1061.7	1052.2	1521.5
8054	1068.3	1071.5	1544.1
929	1072.4	1324.4	1591.1
9674	1071.4	1067.6	1543.6
5209	1069.1	1056.2	1597.3
4563	1070.4	1347.5	1602.9
7853	1058.9	1063.4	1545.7
761	1071.8	1354.6	1584.3
5459	1074.1	1071.0	1568.8
4152	1072.9	1359.4	1683.1
293	1072.6	1326.0	1585.8
8710	1068.2	1069.9	1533.9
2819	1069.8	1355.2	1609.3
9884	1079.0	1074.8	1636.3
3031	1070.8	1308.0	1573.5
2294	1075.0	1341.3	1584.3
8122	1069.9	1074.2	1563.0
8991	1064.8	1061.8	1538.0
1315	1073.1	1323.6	1586.0
9980	1068.9	1067.8	1571.3
577	1066.0	1316.8	1544.0
8105	1060.2	1059.4	1517.5
66	1069.0	1315.3	1558.9
4272	1069.4	1297.3	1535.7
3630	1073.5	1339.4	1588.8
798	1083.6	1372.1	1675.0
4011	1080.4	1330.8	1575.1
7117	1066.1	1068.9	1501.8
2012	1065.3	1329.0	1552.1
6668	1071.6	1063.3	1623.1
2326	1072.1	1319.1	1558.4
2333	1067.4	1312.8	1578.2
6332	1067.7	1070.3	1575.6
4555	1072.3	1353.8	1599.0
750	1075.5	1279.2	1569.9
5218	1058.2	1057.6	1519.2
964	1075.8	1351.2	1705.8
8084	1065.3	1057.3	1567.4
9140	1071.0	1070.5	1522.6
2616	1073.6	1362.4	1626.6
1901	1071.1	1286.8	1574.9
5422	1076.4	1074.5	1610.1
2134	1067.9	1299.2	1552.3
7721	1065.2	1065.3	1525.0
6874	1066.1	1064.8	1570.6
7834	1071.9	1080.4	1557.1
5477	1072.1	1072.7	1589.7
9499	1073.0	1065.5	1568.6
3310	1069.6	1303.0	1633.5
2151	1068.0	1290.0	1545.7
5134	1069.6	1065.5	1528.7
3500	1068.9	1323.1	1582.0
7201	1069.7	1076.6	1546.0
5677	1065.6	1068.9	1550.1
5123	1058.8	1057.9	1494.8
35	1063.2	1316.9	1543.7
4551	1073.7	1332.6	1561.6
1556	1071.1	1311.0	1603.3
4488	1058.9	1279.8	1526.4
1027	1072.0	1377.0	1650.6
9628	1065.7	1068.4	1535.5
1242	1060.4	1228.1	1503.4
1722	1062.5	1334.4	1587.4
1845	1065.2	1311.2	1582.8
6768	1070.5	1072.6	1559.0
2307	1063.8	1274.9	1536.7
4313	1075.5	1343.7	1637.0
2918	1070.2	1314.0	1554.0
3484	1072.2	1325.9	1583.2
2384	1070.5	1350.9	1602.7
232	1068.6	1341.7	1575.1
3298	1068.9	1302.2	1538.9
2602	1069.4	1339.8	1605.4
8384	1078.5	1080.1	1650.3
3798	1060.1	1311.6	1558.7
8942	1070.8	1071.3	1568.6
2426	1070.4	1323.3	1545.3
3900	1067.1	1309.7	1548.4
4224	1071.1	1297.3	1548.9
2129	1073.0	1358.2	1638.0
688	1070.1	1291.9	1547.9
5351	1065.8	1066.2	1608.1
1972	1065.3	1304.2	1565.8
7644	1070.8	1064.2	1550.2
9358	1062.6	1058.3	1504.6
9114	1068.2	1060.1	1588.0
5950	1069.4	1067.2	1533.1
2094	1066.4	1306.0	1583.9
4626	1072.5	1319.8	1577.2
8857	1071.8	1076.5	1588.4
1127	1070.0	1364.0	1619.7
7633	1066.8	1065.3	1726.4
1182	1072.2	1323.7	1555.2
3214	1069.4	1395.3	1625.2
6970	1061.1	1059.7	1541.1
7689	1077.2	1080.3	1663.3
3444	1064.6	1335.5	1539.7
9638	1068.0	1070.2	1531.5
564	1067.9	1311.7	1541.2
5018	1066.6	1072.2	1596.2
6857	1064.5	1066.5	1534.6
9760	1077.7	1076.0	1585.0
3545	1065.3	1272.6	1540.0
9288	1064.5	1068.6	1609.6
1705	1071.1	1373.2	1596.0
4278	1078.0	1384.7	1639.9
9054	1064.4	1066.5	1541.7
2556	1065.7	1309.3	1572.5
5128	1065.6	1065.4	1591.6
7539	1073.3	1080.5	1744.1
948	1065.8	1281.4	1538.2
4365	1066.1	1335.1	1565.8
836	1073.2	1369.6	1638.7
1512	1072.4	1345.3	1654.0
3262	1067.8	1352.2	1579.8
8007	1066.9	1067.8	1726.2
9333	1067.4	1062.7	1588.3
3319	1073.8	1389.4	1674.8
3548	1060.7	1298.5	1530.8
4964	1069.8	1255.5	1553.9
4509	1074.9	1324.1	1671.1
2185	1072.4	1305.9	1561.6
2857	1065.1	1329.4	1556.7
8684	1072.0	1062.0	1598.6
5607	1066.3	1065.2	1548.9
1302	1065.0	1311.2	1529.9
387	1073.8	1318.0	1599.6
2048	1078.7	1340.5	1608.6
5894	1067.1	1069.8	1571.8
5309	1063.7	1064.7	1555.4
6064	1070.9	1068.3	1657.0
6634	1073.5	1075.0	1577.5
5661	1069.9	1070.8	1652.9
424	1071.1	1330.4	1573.7
4672	1081.4	1360.9	1616.7
1416	1077.6	1315.3	1593.7
639	1067.9	1300.3	1522.2
9121	1067.9	1070.5	1602.0
6335	1068.3	1064.1	1508.7
5469	1072.8	1072.1	1624.3
938	1074.6	1269.6	1539.7
5884	1070.5	1065.9	1556.7
4557	1079.3	1335.9	1613.7
5525	1072.7	1072.6	1560.3
7995	1065.6	1067.6	1550.6
3525	1063.1	1275.4	1494.7
5478	1065.5	1067.1	1514.2
988	1071.5	1385.4	1656.5
1764	1069.3	1285.6	1525.8
8194	1066.2	1066.2	1575.7
7368	1074.7	1075.6	1639.4
6031	1056.6	1055.3	1522.4
9374	1072.2	1084.7	1628.9
8838	1083.3	1078.2	1714.1
4464	1076.0	1379.0	1595.0
7801	1067.3	1068.2	1575.3
1394	1071.4	1376.2	1612.6
1566	1071.7	1338.4	1650.7
8112	1071.8	1074.8	1595.1
322	1067.1	1313.0	1556.4
839	1062.0	1288.9	1574.9
8967	1071.6	1066.8	1538.3
7404	1062.8	1065.9	1552.7
2265	1076.6	1355.4	1581.8
8447	1063.5	1062.5	1532.7
953	1065.7	1329.1	1555.4
5955	1068.6	1067.9	1532.9
5059	1071.0	1068.5	1589.7
6468	1077.5	1075.0	1582.7
5320	1068.5	1070.5	1549.2
7183	1064.9	1067.4	1504.0
5162	1067.9	1070.9	1550.8
3578	1071.7	1316.2	1584.9
9843	1074.8	1084.3	1606.5
9012	1069.5	1071.0	1544.4
3794	1066.2	1276.7	1524.6
8366	1072.8	1073.4	1635.4
7994	1063.8	1062.4	1538.4
481	1070.5	1291.4	1525.7
7033	1078.9	1080.4	1591.9
9260	1066.7	1063.5	1615.3
5671	1066.9	1071.9	1544.4
6355	1065.6	1067.9	1524.6
7890	1068.4	1068.2	1548.5
6138	1074.2	1073.7	1572.8
7197	1060.7	1063.8	1580.0
4884	1062.5	1269.5	1497.3
4308	1078.6	1384.2	1637.9
5116	1078.9	1075.9	1640.9
9428	1062.2	1062.8	1528.9
7263	1073.0	1077.0	1576.5
3266	1061.5	1287.5	1508.5
2222	1070.4	1346.6	1604.8
5235	1067.0	1066.6	1567.4
6534	1074.6	1068.1	1617.9
8485	1078.9	1080.2	1567.7
7601	1069.8	1073.5	1571.4
1983	1067.6	1298.1	1566.6
8445	1076.9	1077.3	1598.4
8604	1071.8	1068.8	1560.7
392	1079.7	1371.3	1670.0
7141	1071.1	1068.5	1530.3
565	1065.9	1325.4	1533.8
9108	1071.3	1065.3	1545.5
9543	1068.6	1064.3	1603.1
7898	1067.6	1066.2	1558.1
4243	1076.2	1337.0	1603.2
7619	1074.4	1072.0	1643.2
5152	1077.0	1074.7	1570.0
9133	1059.4	1054.6	1540.5
5648	1071.2	1071.2	1570.4
5618	1075.6	1072.3	1549.3
618	1066.6	1310.3	1615.2
7643	1072.6	1069.6	1593.0
2622	1063.7	1294.8	1577.4
959	1062.3	1314.0	1511.5
893	1068.9	1327.1	1566.8
547	1071.4	1382.1	1589.6
591	1062.1	1288.1	1522.1
3780	1057.3	1271.4	1503.7
8061	1068.3	1068.4	1558.6
8137	1071.5	1072.9	1574.8
2141	1062.6	1284.7	1513.1
3039	1068.9	1306.1	1565.6
3946	1066.6	1293.4	1543.9
7575	1079.0	1077.1	1677.0
4704	1076.7	1303.8	1571.9
9933	1075.0	1068.4	1580.8
9171	1063.7	1062.4	1649.2
1813	1075.7	1327.9	1593.8
9915	1067.1	1074.2	1533.5
3174	1078.6	1313.4	1571.2
7558	1062.6	1058.8	1511.3
7514	1074.0	1077.0	1600.5
6656	1068.7	1064.0	1556.6
1785	1056.9	1270.3	1515.4
9148	1057.9	1056.1	1485.7
8928	1070.2	1068.5	1570.3
506	1070.7	1323.9	1554.6
7584	1081.0	1080.8	1636.0
7021	1072.9	1071.6	1572.3
5265	1067.3	1067.2	1552.7
3930	1075.9	1303.2	1582.2
5474	1061.6	1064.1	1523.4
6097	1065.9	1064.1	1581.2
5990	1067.1	1071.9	1574.2
8284	1069.5	1066.9	1568.8
4100	1069.9	1306.3	1583.5
3432	1077.4	1345.4	1655.2
2158	1061.4	1246.1	1484.8
6471	1062.9	1059.9	1539.5
8777	1061.7	1065.3	1505.0
7820	1064.2	1063.7	1579.7
1160	1071.7	1302.1	1576.9
2392	1079.6	1335.6	1647.8
8731	1075.5	1073.7	1561.5
7764	1085.4	1091.3	1801.1
1506	1077.3	1348.4	1625.2
6654	1060.6	1062.6	1556.7
7483	1067.0	1067.6	1583.0
4178	1063.1	1295.3	1543.8
2907	1075.7	1366.5	1627.7
6333	1068.4	1075.1	1550.5
5588	1064.9	1063.0	1524.0
348	1069.9	1303.3	1549.9
1688	1064.5	1279.0	1531.3
2190	1069.0	1341.3	1677.2
2437	1063.8	1331.2	1532.8
5436	1053.8	1052.1	1502.0
6202	1065.6	1063.4	1546.3
6853	1075.7	1077.0	1751.4
5175	1067.9	1068.2	1590.6
6669	1072.2	1069.5	1608.7
9423	1072.8	1079.5	1620.6
3435	1076.4	1365.9	1606.2
1130	1073.8	1345.4	1581.0
8650	1068.9	1073.9	1590.9
429	1064.4	1255.7	1537.2
1077	1064.8	1309.7	1520.6
5461	1066.2	1064.3	1561.7
636	1078.1	1355.7	1625.7
3575	1064.5	1309.2	1543.6
4146	1068.6	1282.7	1529.6
1787	1075.2	1296.5	1542.0
6780	1079.0	1075.4	1592.6
1081	1064.7	1333.1	1578.8
1810	1083.0	1383.6	1654.8
2901	1073.5	1305.9	1573.0
1397	1069.9	1291.9	1539.9
9793	1070.1	1074.4	1557.2
458	1073.1	1318.6	1567.8
1502	1072.3	1285.1	1548.4
503	1071.8	1290.3	1550.2
7488	1069.8	1072.8	1625.6
9009	1061.4	1058.8	1576.1
4292	1069.2	1285.6	1584.4
5911	1074.3	1077.6	1691.9
5623	1073.6	1077.1	1544.3
2745	1073.6	1288.3	1538.3
7631	1068.9	1075.4	1572.8
9274	1074.9	1073.3	1649.3
5450	1075.1	1084.8	1612.6
3552	1074.0	1339.7	1611.4
2854	1082.5	1431.7	1705.9
1535	1080.2	1343.5	1598.5
1304	1073.9	1328.2	1606.4
6977	1070.8	1069.7	1636.2
4118	1063.6	1263.9	1520.1
4768	1067.1	1290.6	1537.1
5220	1065.7	1065.7	1540.1
9790	1073.7	1062.6	1601.5
9047	1072.4	1072.0	1552.1
3896	1076.3	1307.2	1626.3
2924	1069.6	1284.0	1573.3
2959	1062.1	1280.3	1509.1
7551	1068.2	1068.0	1582.1
6568	1069.7	1067.9	1581.8
696	1074.4	1309.6	1568.0
2356	1071.5	1329.7	1571.8
4797	1074.8	1349.7	1576.2
1291	1065.7	1293.0	1694.7
3429	1075.3	1324.8	1580.7
3701	1061.4	1248.3	1503.6
966	1070.8	1322.4	1609.8
6976	1071.8	1074.0	1554.6
3345	1071.8	1298.5	1592.8
7784	1066.9	1062.9	1538.7
6666	1075.4	1073.4	1518.9
1768	1072.4	1341.0	1590.4
8640	1077.3	1075.5	1598.3
74	1064.2	1305.7	1533.7
4625	1079.2	1342.2	1717.2
6986	1076.7	1071.3	1605.4
8669	1074.4	1075.6	1575.0
5837	1069.4	1068.0	1526.2
9484	1070.8	1069.6	1571.4
8231	1073.0	1076.0	1596.7
4142	1069.5	1294.3	1546.6
7617	1066.4	1066.2	1556.3
7858	1075.8	1068.8	1621.6
5704	1071.1	1072.6	1671.7
593	1066.9	1282.3	1553.9
6705	1071.9	1073.4	1532.9
8410	1073.9	1073.4	1633.7
947	1060.8	1327.7	1570.1
1808	1061.2	1314.9	1540.5
7208	1071.8	1069.8	1581.8
616	1079.0	1328.4	1573.8
6995	1074.3	1071.5	1592.5
1140	1066.0	1251.8	1524.6
9979	1073.2	1075.1	1541.5
8289	1063.2	1057.2	1562.7
6153	1069.3	1065.6	1545.4
3343	1065.0	1339.3	1615.7
5622	1064.9	1061.4	1581.8
7177	1070.3	1077.9	1563.2
8920	1070.3	1072.4	1513.0
8292	1066.8	1065.9	1596.8
2390	1070.6	1347.0	1558.5
8269	1071.2	1069.9	1574.9
525	1074.9	1307.4	1586.5
7716	1073.0	1076.0	1658.9
8034	1073.8	1071.5	1558.5
1211	1063.8	1282.7	1512.3
5556	1072.9	1068.7	1552.6
8603	1082.3	1085.1	1602.9
834	1071.7	1354.4	1623.2
5004	1058.5	1058.5	1495.2
5267	1071.1	1069.1	1587.9
5887	1066.3	1063.4	1554.9
8721	1070.5	1068.8	1603.9
2578	1064.2	1286.1	1539.8
1399	1078.4	1346.2	1580.9
8191	1069.1	1074.1	1563.6
5471	1073.9	1077.2	1554.8
1800	1063.4	1272.4	1502.8
2934	1070.2	1320.2	1574.5
3664	1073.8	1314.9	1556.2
172	1068.6	1313.3	1652.2
7344	1064.0	1065.2	1524.1
7959	1074.1	1069.2	1602.1
6274	1072.8	1072.7	1567.7
2974	1071.4	1263.6	1570.7
9815	1068.3	1068.0	1605.5
9981	1071.5	1062.9	1614.6
6522	1064.4	1066.5	1532.7
4346	1077.9	1329.9	1592.0
2394	1066.1	1275.9	1553.5
2982	1072.8	1318.7	1565.1
4227	1062.8	1220.9	1486.3
6034	1071.3	1069.7	1601.9
7146	1065.4	1078.5	1569.7
5719	1065.4	1062.6	1574.4
2006	1067.2	1301.2	1552.1
9167	1067.9	1066.1	1514.7
7155	1070.8	1071.2	1571.6
2155	1074.1	1327.4	1596.2
4749	1065.2	1296.1	1550.7
5027	1063.5	1067.9	1504.7
652	1079.5	1357.1	1605.0
2703	1073.8	1362.7	1602.5
3687	1075.8	1295.3	1591.3
3352	1065.4	1253.6	1494.1
4773	1070.9	1339.8	1548.5
1951	1071.5	1351.0	1615.7
1922	1065.0	1355.1	1556.4
812	1068.7	1293.0	1552.4
3704	1063.2	1278.8	1526.6
8712	1065.4	1073.5	1563.5
4762	1061.0	1325.9	1545.8
9570	1069.0	1077.3	1579.1
607	1076.0	1355.4	1652.0
3092	1073.4	1308.6	1570.7
9259	1073.9	1070.4	1644.9
8308	1069.4	1070.4	1551.0
5867	1068.2	1068.0	1535.6
7669	1064.3	1062.4	1518.9
2878	1071.0	1335.7	1611.7
9086	1070.6	1072.9	1587.5
2601	1077.1	1319.5	1616.1
7206	1064.9	1064.1	1619.8
5194	1071.0	1072.8	1553.7
5966	1068.6	1061.8	1554.7
275	1070.9	1323.8	1598.5
1418	1068.3	1304.6	1604.9
5306	1063.0	1063.4	1552.5
239	1057.9	1264.8	1505.4
4833	1078.1	1359.2	1584.8
7746	1072.9	1069.2	1582.9
8155	1063.6	1059.7	1513.9
4406	1066.0	1272.4	1501.5
2046	1077.4	1350.3	1600.1
5382	1065.5	1067.2	1532.4
5659	1058.8	1053.4	1458.9
5813	1063.1	1061.6	1571.2
447	1073.0	1327.0	1560.0
6600	1067.0	1062.8	1584.3
5140	1074.8	1071.2	1614.6
6412	1063.0	1069.2	1535.1
2885	1074.6	1334.3	1605.5
5514	1073.3	1074.0	1620.9
4508	1070.4	1298.0	1510.0
1583	1065.3	1265.0	1524.2
580	1067.8	1311.5	1559.6
2772	1074.8	1283.2	1552.4
9224	1059.3	1062.7	1532.0
9927	1071.3	1073.6	1565.3
2624	1077.7	1357.6	1592.4
851	1066.1	1276.9	1550.3
643	1069.7	1315.4	1553.2
8745	1068.2	1070.0	1574.7
7953	1068.1	1071.9	1562.7
8248	1068.4	1070.0	1625.8
5865	1072.2	1065.5	1563.8
8729	1073.2	1082.5	1540.7
5259	1069.5	1070.7	1582.5
6766	1066.8	1066.7	1552.4
2353	1080.6	1371.9	1637.9
427	1072.3	1368.6	1689.9
32	1090.5	1354.6	1655.7
1121	1065.9	1307.7	1546.6
8846	1060.2	1059.2	1490.6
6062	1076.5	1075.1	1620.9
1851	1077.4	1350.8	1600.5
9319	1073.3	1070.5	1618.5
1598	1069.7	1319.3	1584.1
3954	1064.3	1302.9	1586.7
6529	1069.4	1073.5	1564.9
180	1066.9	1321.9	1522.6
8165	1066.3	1057.2	1609.1
6401	1074.4	1066.9	1557.5
7067	1066.0	1063.8	1591.3
4631	1065.5	1306.1	1552.4
8429	1067.4	1068.6	1560.7
6145	1077.1	1076.5	1628.2
7882	1067.8	1070.0	1601.7
4183	1065.8	1340.0	1603.3
2170	1075.8	1347.9	1589.9
2462	1079.1	1348.0	1601.0
9541	1080.7	1078.5	1594.3
766	1064.6	1309.1	1560.9
8090	1066.9	1071.2	1602.7
7773	1069.7	1064.1	1557.7
6679	1074.9	1080.7	1594.3
676	1064.8	1235.3	1495.7
1299	1075.2	1311.3	1566.3
9893	1076.4	1072.0	1585.1
1875	1072.0	1293.4	1573.9
1002	1066.0	1316.6	1685.4
9422	1070.2	1070.4	1551.5
2897	1060.2	1285.9	1509.9
2873	1084.7	1404.4	1661.1
353	1068.9	1276.8	1588.4
302	1063.0	1333.1	1548.0
4745	1060.6	1272.5	1525.1
174	1067.9	1319.0	1520.0
9143	1080.3	1080.3	1640.3
6912	1058.6	1058.2	1520.4
679	1072.3	1333.7	1585.5
5580	1072.8	1072.6	1559.7
9475	1066.6	1072.3	1555.6
2022	1073.9	1323.7	1615.4
9395	1076.5	1076.4	1630.8
1584	1073.0	1277.6	1567.0
3813	1065.2	1308.6	1617.0
9180	1068.6	1067.5	1553.6
57	1063.6	1313.6	1553.4
9531	1066.0	1069.4	1594.6
9163	1071.6	1071.4	1620.3
3762	1067.0	1329.0	1582.4
1285	1058.0	1262.1	1493.5
3131	1075.1	1360.2	1645.0
9239	1064.9	1064.5	1525.8
5159	1057.4	1050.5	1511.4
2003	1063.7	1322.7	1527.8
4280	1065.2	1328.5	1583.4
4706	1068.9	1351.4	1777.4
2683	1068.6	1305.3	1526.3
2054	1068.2	1266.8	1539.7
2114	1054.9	1298.6	1519.1
8373	1068.9	1071.2	1551.4
1898	1076.9	1309.7	1585.1
7049	1082.7	1078.2	1602.0
3881	1068.3	1329.0	1584.6
9242	1067.5	1071.2	1578.4
4903	1061.4	1251.3	1495.6
3470	1068.3	1325.1	1586.4
4531	1063.0	1276.3	1545.5
8807	1074.4	1069.3	1602.4
3537	1078.3	1350.7	1622.7
5918	1072.3	1068.9	1579.6
5773	1068.3	1062.8	1569.9
3048	1073.3	1309.9	1552.3
5221	1073.8	1072.2	1593.8
1877	1065.1	1284.3	1507.6
3142	1068.8	1303.3	1567.3
8315	1064.1	1063.2	1540.4
6007	1065.9	1063.9	1532.7
7230	1072.1	1074.1	1613.8
1893	1079.2	1354.1	1645.4
8413	1071.4	1069.8	1565.0
2541	1068.2	1255.9	1537.8
6367	1073.3	1070.7	1615.9
3868	1072.5	1343.0	1600.2
2609	1073.6	1324.7	1601.1
9266	1072.5	1080.6	1568.7
7895	1075.3	1076.0	1587.4
4264	1072.2	1297.7	1548.1
5231	1070.8	1079.2	1581.1
4678	1075.8	1324.4	1603.2
7095	1071.0	1065.9	1551.8
5485	1068.7	1069.5	1563.3
2693	1077.1	1332.3	1596.0
7565	1076.3	1076.9	1651.5
396	1072.7	1334.2	1563.8
7238	1061.4	1064.2	1528.9
8167	1068.8	1078.7	1539.1
1559	1059.9	1306.6	1524.6
8253	1063.2	1063.0	1559.9
2887	1067.2	1323.9	1563.3
3703	1079.3	1364.4	1675.4
5939	1061.3	1052.3	1484.6
4924	1077.6	1356.1	1679.7
6810	1071.2	1072.5	1681.7
2200	1075.7	1316.7	1578.6
8043	1067.1	1074.5	1579.0
1086	1064.5	1326.6	1555.2
5039	1072.9	1069.8	1579.5
8879	1066.9	1062.8	1555.2
7280	1069.5	1071.3	1550.5
7377	1073.8	1070.9	1618.2
2089	1083.4	1374.8	1628.7
3371	1077.7	1315.2	1582.6
8993	1057.7	1057.0	1489.5
8925	1069.2	1077.1	1551.3
1857	1067.2	1340.6	1595.7
4324	1066.7	1283.7	1575.9
1244	1087.7	1363.1	1684.3
6964	1067.3	1069.4	1579.4
1925	1070.3	1302.9	1579.1
4194	1066.8	1300.4	1574.3
2695	1067.8	1319.3	1573.2
3043	1075.7	1381.5	1644.2
3360	1066.7	1269.2	1558.1
1750	1074.4	1358.9	1590.9
6020	1071.6	1066.9	1549.6
7993	1073.3	1074.9	1543.4
4752	1074.9	1313.4	1552.0
2104	1071.7	1321.5	1574.8
3727	1075.9	1313.7	1576.4
9647	1061.4	1068.6	1536.7
2886	1061.3	1337.2	1582.0
220	1077.4	1339.7	1628.4
9861	1071.6	1073.0	1538.1
8924	1072.8	1067.8	1553.7
2956	1070.6	1340.5	1614.7
3398	1062.0	1315.1	1544.4
8987	1068.7	1062.7	1546.2
9956	1080.8	1082.4	1623.2
7356	1068.5	1067.1	1554.2
5657	1063.9	1065.7	1644.3
2117	1060.2	1296.2	1590.3
2106	1068.8	1348.5	1579.4
1697	1068.4	1299.6	1527.7
8009	1063.6	1065.4	1534.3
4727	1066.6	1260.4	1535.4
4897	1067.5	1318.3	1590.1
8910	1071.6	1076.0	1677.7
4405	1066.0	1269.1	1520.7
7076	1070.6	1067.2	1571.3
1876	1071.2	1353.7	1615.5
1727	1063.3	1319.7	1540.8
9473	1075.0	1071.6	1574.2
8856	1061.1	1064.6	1543.0
7457	1072.7	1070.8	1580.9
9247	1067.5	1060.0	1545.0
9745	1080.4	1083.5	1654.0
5255	1066.0	1063.5	1498.7
9761	1064.2	1064.0	1530.7
7727	1072.9	1068.2	1592.4
3203	1071.4	1365.3	1667.7
3148	1075.1	1297.9	1570.8
9065	1061.3	1061.1	1497.6
7064	1063.3	1060.3	1494.6
3101	1068.4	1342.2	1582.5
9969	1076.2	1080.2	1559.9
7133	1062.9	1066.2	1562.8
1236	1074.1	1295.8	1582.8
5936	1062.7	1057.9	1546.6
8121	1078.0	1076.6	1606.4
4148	1070.7	1340.9	1565.8
5203	1074.3	1075.5	1609.8
1458	1080.0	1359.9	1700.5
1776	1068.2	1282.4	1567.9
790	1074.3	1323.3	1595.9
5540	1075.0	1071.5	1618.1
93	1075.2	1358.6	1607.3
7225	1072.1	1071.7	1628.5
6053	1065.7	1056.7	1540.3
873	1064.7	1301.0	1517.9
3588	1070.8	1334.3	1583.4
7913	1071.1	1059.7	1539.7
788	1072.8	1324.6	1594.2
6029	1067.9	1070.8	1611.2
9737	1064.1	1065.6	1534.4
8487	1067.0	1068.7	1555.6
4483	1077.2	1342.9	1645.1
5304	1070.0	1068.6	1542.6
4945	1064.8	1315.5	1541.5
8585	1069.2	1064.0	1603.6
8926	1062.9	1066.0	1563.9
5318	1074.5	1072.4	1613.9
7433	1077.4	1077.7	1596.4
1635	1065.5	1327.3	1567.2
3222	1059.6	1292.6	1502.9
4930	1056.8	1244.6	1477.1
7545	1073.7	1076.4	1569.8
6134	1077.0	1072.2	1646.1
4277	1082.0	1348.3	1639.5
1698	1059.9	1272.0	1544.7
9840	1074.2	1076.2	1595.3
8079	1056.0	1052.6	1462.6
4793	1073.6	1382.1	1623.9
3566	1068.4	1326.5	1587.9
8999	1070.2	1066.0	1546.0
4197	1070.9	1335.9	1596.1
8560	1061.6	1061.4	1542.7
9903	1074.5	1076.5	1598.7
4097	1074.3	1300.0	1553.9
6102	1079.4	1081.8	1634.7
9837	1066.6	1064.5	1534.7
5531	1076.0	1084.5	1642.8
1981	1068.0	1347.7	1611.5
3980	1074.2	1312.3	1578.0
6699	1063.0	1063.0	1537.0
857	1068.0	1259.1	1530.9
8029	1077.3	1080.2	1586.2
9465	1071.1	1064.2	1563.1
7429	1071.5	1067.8	1585.2
6538	1068.2	1068.6	1553.9
9390	1067.9	1073.8	1526.0
5733	1084.9	1080.6	1662.5
3033	1078.4	1338.5	1609.1
1577	1060.4	1246.4	1517.5
2183	1071.6	1311.3	1578.9
6456	1071.9	1066.8	1613.6
9109	1069.6	1073.2	1521.8
1261	1069.6	1298.2	1569.0
4688	1070.2	1275.0	1550.8
7290	1076.5	1077.8	1629.8
9686	1073.5	1074.6	1546.9
2800	1071.7	1294.0	1545.5
8922	1065.4	1055.3	1602.0
3943	1069.7	1254.5	1566.3
8990	1069.7	1070.6	1546.7
5069	1070.2	1073.4	1585.2
41	1070.1	1357.4	1611.4
3382	1059.8	1319.5	1585.8
3906	1069.5	1298.4	1683.1
6616	1069.2	1069.0	1665.7
1720	1072.0	1291.3	1623.3
1819	1072.9	1313.5	1621.8
2700	1058.0	1281.7	1523.1
9482	1063.8	1058.7	1527.0
3706	1067.2	1321.9	1597.2
7556	1059.2	1059.8	1540.0
1533	1069.8	1324.2	1624.0
8636	1072.0	1073.5	1573.2
1282	1071.3	1302.6	1561.1
4915	1073.0	1344.6	1563.6
7948	1058.7	1054.5	1510.2
7312	1071.8	1069.6	1587.6
7152	1073.8	1071.9	1601.8
6524	1067.6	1072.5	1555.4
2728	1061.6	1321.7	1593.6
1048	1065.2	1334.1	1570.9
8092	1071.0	1072.1	1527.2
82	1082.8	1382.5	1609.3
2416	1069.2	1330.1	1567.1
1174	1064.6	1307.8	1606.7
5827	1076.0	1075.9	1583.9
3586	1069.7	1281.3	1519.6
4803	1073.6	1349.2	1593.8
4332	1081.8	1340.5	1638.3
8076	1079.6	1083.7	1630.1
8496	1065.9	1068.6	1547.4
6438	1074.5	1074.9	1618.3
720	1076.0	1314.3	1578.1
1504	1067.0	1333.6	1533.1
978	1065.7	1316.1	1569.4
6104	1064.1	1061.0	1518.2
9777	1077.5	1079.3	1650.7
6673	1064.3	1061.4	1542.9
6181	1071.2	1075.4	1585.9
1679	1064.8	1277.3	1483.3
3385	1077.7	1349.6	1624.9
7371	1079.2	1075.7	1611.2
2366	1059.0	1277.5	1501.8
7718	1074.6	1074.3	1563.9
3054	1071.0	1315.6	1554.8
8475	1073.2	1074.8	1607.5
1640	1068.6	1301.1	1551.5
1604	1055.2	1283.3	1535.9
6370	1074.1	1077.0	1584.8
902	1074.3	1350.3	1756.7
7673	1070.6	1071.1	1564.1
9334	1070.1	1060.3	1602.7
1745	1072.4	1289.9	1549.8
2100	1068.2	1293.4	1537.4
5534	1069.1	1069.0	1558.2
2814	1068.7	1308.6	1583.0
4014	1071.4	1330.6	1601.7
8460	1064.3	1062.3	1573.6
6817	1069.6	1065.1	1574.3
2501	1073.7	1323.5	1593.1
6796	1081.4	1075.8	1656.9
8917	1070.0	1071.7	1581.5
8725	1075.2	1074.9	1610.9
2480	1062.7	1303.4	1556.8
5833	1060.2	1068.2	1558.7
6063	1068.7	1068.7	1586.8
4667	1082.4	1336.8	1734.0
2972	1060.2	1269.3	1506.2
1554	1066.3	1268.3	1515.6
7088	1067.0	1064.5	1536.3
8036	1056.0	1050.4	1481.1
9254	1074.4	1076.0	1718.3
6898	1079.2	1083.3	1607.3
8544	1080.5	1086.2	1601.3
9799	1078.4	1072.8	1648.1
7315	1074.1	1072.9	1573.0
6262	1076.6	1076.5	1654.0
7845	1074.2	1077.4	1616.3
714	1069.8	1350.6	1574.5
5047	1070.5	1065.4	1565.8
5486	1076.6	1084.3	1581.6
9112	1065.2	1067.9	1558.8
8694	1071.7	1065.4	1579.1
1938	1065.6	1306.7	1551.0
9510	1064.3	1058.6	1561.2
3055	1066.6	1316.4	1584.9
3176	1075.1	1307.4	1563.0
8555	1070.3	1071.1	1561.5
7599	1074.0	1076.3	1640.7
8182	1066.6	1067.9	1597.2
1	1075.8	1322.8	1559.5
6895	1080.4	1079.7	1606.0
6667	1064.5	1066.8	1560.5
777	1059.0	1293.3	1515.7
6893	1071.3	1071.2	1545.1
6543	1080.1	1081.5	1629.3
5583	1081.1	1080.9	1616.6
6192	1064.6	1059.4	1500.6
3587	1070.9	1339.5	1578.3
7883	1072.8	1070.5	1596.9
778	1070.6	1332.7	1602.5
165	1073.8	1336.2	1608.1
1804	1076.9	1367.7	1601.6
926	1080.4	1339.1	1641.2
83	1069.8	1302.8	1581.5
9349	1076.5	1073.7	1594.0
159	1072.9	1368.6	1621.3
145	1081.5	1287.6	1575.5
6521	1073.5	1076.1	1587.7
1935	1073.5	1326.2	1596.7
8209	1077.4	1078.4	1562.6
9736	1065.5	1058.7	1557.5
5487	1077.8	1083.7	1606.0
4898	1069.0	1362.3	1587.5
6400	1077.0	1082.0	1651.6
5601	1069.6	1064.5	1576.4
475	1063.0	1295.7	1534.1
8660	1064.1	1058.7	1552.1
7403	1065.8	1066.6	1566.3
5617	1069.2	1063.4	1584.3
4693	1059.8	1241.8	1469.0
7715	1059.5	1059.2	1549.4
4492	1067.2	1262.5	1645.1
9550	1088.9	1087.8	1701.3
8202	1062.3	1065.4	1512.5
9195	1068.0	1066.7	1581.1
6802	1070.1	1068.7	1587.9
8038	1080.6	1077.2	1644.5
2470	1072.5	1346.5	1626.3
6209	1072.5	1070.0	1572.9
5941	1084.8	1092.6	1622.2
6279	1066.1	1065.7	1559.7
5802	1063.3	1068.3	1523.8
5945	1074.4	1071.3	1525.7
3026	1067.0	1307.4	1540.9
3199	1063.2	1293.5	1509.4
5643	1075.8	1071.8	1658.7
8111	1069.1	1070.8	1535.0
9578	1063.5	1060.4	1524.6
2927	1074.2	1314.4	1576.4
6862	1076.2	1075.1	1618.4
9914	1078.3	1079.0	1579.0
20	1077.3	1338.6	1634.8
1671	1072.8	1332.4	1580.1
7239	1065.8	1063.4	1553.1
7307	1078.3	1085.0	1554.7
6702	1070.0	1064.4	1585.4
7223	1071.7	1065.2	1704.8
1384	1068.8	1331.3	1557.8
3684	1074.9	1348.2	1633.4
5327	1065.7	1067.5	1549.7
1827	1069.5	1314.4	1530.0
6267	1068.9	1068.6	1550.3
7530	1070.7	1068.1	1562.8
7927	1072.6	1074.7	1581.0
2909	1068.6	1264.3	1520.8
7124	1074.2	1064.8	1573.2
7195	1063.7	1063.3	1534.0
9037	1074.1	1074.1	1597.6
2113	1075.1	1347.9	1586.5
4348	1078.6	1338.3	1626.6
6285	1060.2	1067.2	1533.7
9779	1069.2	1070.4	1602.1
6292	1068.0	1071.7	1517.9
4868	1072.0	1320.2	1564.7
2376	1071.1	1324.6	1609.3
247	1067.8	1307.2	1545.4
9419	1079.2	1083.1	1580.6
4395	1060.3	1289.2	1499.1
8543	1073.0	1079.1	1615.3
5982	1071.9	1069.9	1632.8
7406	1069.2	1071.0	1560.2
2938	1063.3	1274.3	1524.8
8562	1067.6	1060.0	1561.1
5715	1081.5	1079.6	1627.9
2711	1071.1	1298.6	1579.4
2178	1070.0	1354.7	1604.7
999	1076.8	1345.9	1576.3
406	1069.5	1325.1	1584.8
1466	1061.7	1270.2	1530.8
5155	1069.5	1068.1	1600.8
1737	1071.2	1353.2	1632.0
2040	1068.2	1284.7	1573.9
5010	1065.0	1066.3	1524.0
1332	1066.3	1285.3	1518.8
6197	1079.0	1080.6	1617.0
5456	1067.9	1068.7	1551.5
6049	1063.7	1057.4	1533.9
4528	1067.9	1275.4	1526.3
8479	1069.0	1068.9	1528.4
5452	1072.6	1075.5	1624.7
5145	1065.6	1059.8	1571.8
6387	1076.7	1083.1	1576.8
781	1061.4	1331.9	1539.6
4824	1077.7	1292.8	1579.3
224	1072.7	1384.6	1590.8
6945	1066.4	1062.6	1602.9
1950	1078.4	1348.0	1655.0
2309	1080.9	1357.0	1614.0
3893	1073.5	1356.5	1621.7
9144	1078.5	1077.6	1577.3
4589	1069.6	1343.5	1688.0
2105	1064.8	1331.8	1563.0
6863	1067.2	1070.3	1519.4
5378	1071.4	1079.2	1630.9
1681	1064.6	1319.5	1834.4
5913	1071.7	1071.7	1562.4
7730	1063.0	1056.1	1518.8
7534	1061.4	1060.1	1502.2
1067	1073.4	1348.8	1582.3
4190	1070.1	1314.4	1577.9
7786	1067.9	1066.4	1565.3
7453	1073.4	1074.1	1572.3
8307	1076.9	1072.6	1557.4
7657	1067.7	1062.5	1613.9
9648	1065.9	1064.1	1595.7
7872	1061.3	1057.5	1607.6
5508	1073.0	1067.6	1574.4
