16882	1427.1	1679.4	6942.0
10831	1419.5	1622.8	6796.2
9234	1414.1	1638.6	6798.6
33868	1421.2	1653.9	6914.9
36250	1419.2	1660.4	6872.4
25025	1409.4	1618.0	6805.9
20860	1416.0	1655.0	6837.9
25156	1423.6	1668.6	6949.5
16422	1426.0	1667.6	6941.1
33333	1429.7	1744.5	7843.2
829	1412.8	1611.5	6786.4
10962	1419.5	1664.6	6954.5
33465	1419.3	1737.3	7075.4
16598	1416.0	1665.1	6961.0
34669	1419.9	1636.3	6865.6
9976	1409.2	1670.3	6894.7
24082	1410.8	1648.4	6797.7
38696	1429.3	1699.8	7193.9
36040	1420.1	1648.5	6810.5
30255	1427.7	1653.1	7099.9
37886	1431.2	1678.6	6988.5
21990	1428.3	1746.8	7170.0
8319	1416.2	1642.0	6853.2
39292	1428.4	1693.2	7108.7
24914	1422.5	1671.9	6995.4
33483	1415.6	1632.0	6777.8
24242	1423.7	1675.0	7059.6
34330	1423.2	1645.6	7029.9
16272	1429.1	1729.8	7359.3
32437	1414.9	1640.8	6812.8
8711	1417.1	1637.3	6898.3
2787	1422.1	1656.8	7032.2
38519	1427.6	1634.6	7087.0
19671	1414.3	1660.8	6760.8
7709	1413.3	1650.8	6934.0
33063	1424.0	1647.5	6868.3
24193	1426.3	1686.0	7130.3
5008	1413.8	1600.8	6696.6
20486	1433.9	1704.3	6972.5
17003	1411.8	1664.9	6828.4
21379	1412.3	1679.6	6833.8
15065	1424.0	1726.8	7097.9
37774	1424.6	1678.9	7036.4
444	1416.4	1616.0	6834.7
30460	1420.8	1693.2	7033.9
26974	1418.2	1632.3	6959.9
15291	1411.3	1676.3	6916.2
8209	1419.6	1657.2	6947.4
12933	1421.1	1665.4	6848.4
28078	1422.1	1627.9	6908.6
4348	1428.3	1650.9	7183.5
26113	1429.8	1623.0	6830.6
29045	1417.5	1652.5	6835.7
21106	1414.1	1612.2	6690.8
6997	1433.2	1689.9	7028.6
35999	1424.3	1624.5	6807.2
10325	1430.8	1682.5	7116.8
27347	1426.7	1716.7	7163.5
36789	1421.5	1694.1	7004.2
14031	1420.8	1697.7	7105.0
36578	1422.1	1637.1	6843.4
1735	1422.8	1707.4	7077.6
35968	1421.4	1651.0	6971.2
29322	1427.4	1661.0	7020.5
22703	1419.5	1622.0	6855.1
34922	1424.8	1616.3	6935.6
21192	1425.1	1722.0	7197.7
13207	1414.4	1645.7	6775.7
30470	1424.0	1706.0	7033.4
28466	1434.4	1696.8	7135.2
35431	1420.7	1642.8	6899.5
7867	1413.8	1680.6	6999.0
29535	1416.1	1682.8	6986.4
27051	1413.3	1651.8	6860.6
20840	1401.9	1642.4	6758.7
37036	1412.1	1579.7	6763.9
36034	1429.6	1682.7	7219.3
17773	1418.7	1661.3	6883.6
15089	1428.6	1692.1	6960.2
20313	1423.4	1700.7	6940.4
8745	1432.4	1690.7	7109.8
12812	1417.4	1638.2	6789.0
38616	1423.6	1661.4	6926.1
25769	1421.9	1674.0	7106.7
5625	1421.8	1683.0	7010.5
4428	1406.8	1642.4	6733.4
25153	1414.4	1626.9	6835.1
21968	1422.4	1645.4	6864.3
8619	1417.0	1671.4	6821.2
28536	1426.9	1740.0	7061.5
17685	1422.9	1685.2	7083.7
18624	1425.5	1662.9	7041.6
7355	1423.6	1709.1	6956.5
21861	1430.2	1675.2	7001.1
3548	1406.5	1634.4	6772.6
19307	1414.3	1636.2	6817.9
7155	1420.6	1667.7	6923.2
17879	1412.1	1635.7	6783.9
27945	1432.3	1692.4	7215.0
28260	1419.4	1700.1	7497.5
34709	1424.9	1724.1	7061.9
30575	1423.6	1712.1	7089.4
2046	1425.9	1656.1	6938.1
29395	1438.1	1677.2	7271.2
22473	1428.7	1699.9	7258.4
34116	1418.6	1651.9	6801.9
35151	1425.8	1591.0	6803.4
21663	1418.2	1629.8	6876.4
38280	1421.1	1654.8	6838.0
32998	1413.9	1668.7	6771.1
18490	1431.6	1711.0	7199.1
8967	1423.3	1649.0	7114.7
19944	1419.4	1698.0	7033.4
12171	1423.9	1690.5	6854.1
17608	1401.0	1571.1	6486.3
735	1413.2	1595.7	6710.4
30173	1414.7	1670.7	7061.5
37933	1432.3	1681.6	7074.6
28674	1431.9	1658.0	7038.9
11527	1421.6	1709.1	7018.0
12150	1444.4	1710.7	7167.9
26228	1426.4	1649.1	7044.0
25392	1431.0	1659.3	7088.3
13153	1416.9	1612.0	6729.9
1487	1419.6	1642.9	6857.4
19315	1430.3	1677.4	7307.5
16623	1414.8	1619.8	6806.7
14402	1429.1	1652.9	6972.6
23436	1425.2	1696.1	6991.4
37085	1425.0	1668.4	7032.5
25495	1418.9	1626.4	6815.1
9349	1423.5	1682.6	6947.3
33006	1424.0	1667.9	6903.5
11394	1421.4	1674.8	7125.0
31480	1425.1	1603.5	6819.3
16031	1424.3	1675.5	7004.2
33051	1421.1	1621.2	6893.4
25527	1426.2	1680.2	7044.2
3695	1414.6	1655.1	7097.3
35005	1421.0	1629.9	6870.9
7475	1434.7	1704.5	7122.9
23792	1415.3	1656.4	6847.0
21435	1420.5	1625.3	6903.4
923	1440.6	1714.8	7182.7
23188	1420.6	1658.1	7077.3
3083	1424.6	1668.1	7126.3
38136	1429.3	1655.0	6933.5
1710	1424.4	1700.6	7130.7
37323	1428.8	1705.3	7121.3
3535	1424.0	1687.8	7117.2
39014	1414.3	1636.2	6672.8
30121	1424.0	1645.2	6939.8
21460	1426.8	1714.3	7052.3
27890	1439.9	1756.0	7359.0
25938	1419.9	1638.7	6844.1
8245	1423.0	1710.7	6973.4
5367	1412.2	1618.6	6716.9
34358	1410.3	1641.0	6754.3
37570	1439.1	1659.9	7098.4
17603	1412.2	1687.4	6872.9
29051	1417.2	1664.8	6825.7
30210	1417.3	1628.5	6849.8
10586	1430.2	1692.3	7186.6
15796	1423.7	1670.5	6816.3
37365	1425.2	1676.7	7017.1
3810	1425.3	1675.0	6964.3
17584	1421.1	1642.9	6906.8
36124	1422.4	1682.4	6992.9
32422	1407.2	1635.6	6706.4
21396	1426.4	1732.8	7268.5
20495	1427.0	1624.9	7001.1
10991	1425.2	1689.6	6918.2
8557	1418.4	1702.7	7011.5
21132	1419.3	1640.7	6842.0
1786	1441.5	1740.8	7280.7
19487	1430.6	1691.5	7348.2
3353	1424.4	1671.5	6915.6
27339	1415.2	1634.6	6840.1
22343	1411.1	1602.5	6761.8
1843	1423.1	1652.1	6948.5
26354	1425.7	1704.0	7027.0
26142	1408.7	1605.7	6834.3
9707	1423.4	1681.9	7025.2
12026	1414.7	1602.0	6804.5
26102	1431.0	1706.4	7142.9
5026	1423.9	1683.0	6864.9
37112	1412.9	1612.1	6732.2
4253	1417.7	1680.0	6913.6
890	1415.2	1637.1	6752.2
7319	1419.9	1648.4	6950.4
20343	1424.1	1660.0	6961.6
37752	1434.6	1772.8	7464.4
7735	1419.7	1632.1	6863.7
7851	1419.1	1679.6	7137.3
7682	1429.7	1722.5	7278.3
218	1425.2	1636.9	6787.7
13774	1426.9	1645.5	7046.1
36526	1422.6	1631.5	7048.7
8684	1418.7	1605.3	6749.7
3877	1430.6	1713.0	7047.1
9855	1415.6	1669.3	6871.8
31803	1431.4	1716.2	7314.0
37117	1437.9	1738.3	7120.3
13784	1426.8	1653.2	6916.8
29936	1428.9	1704.6	7188.6
6528	1422.7	1686.1	6907.0
35477	1431.5	1755.8	7537.3
29738	1408.8	1606.9	6675.8
4841	1417.1	1630.3	6739.1
20102	1425.0	1642.3	6978.6
25316	1421.9	1655.4	7021.5
28187	1416.6	1605.3	6786.6
8964	1418.5	1656.9	6849.9
489	1426.2	1694.1	7077.5
11716	1410.1	1645.4	6737.7
16055	1421.6	1682.3	6956.5
31814	1412.9	1657.0	6747.2
13950	1417.8	1615.8	6759.1
22673	1421.1	1692.7	7079.1
8507	1427.9	1697.5	7348.2
10315	1411.9	1658.0	6798.4
29757	1427.5	1671.4	7049.8
33744	1421.1	1625.8	6805.1
31110	1426.8	1668.2	7208.8
20370	1430.6	1640.5	7006.6
11779	1431.0	1678.4	7190.9
10343	1419.8	1667.5	6927.6
19168	1434.3	1696.6	7063.8
12939	1419.3	1623.6	6781.3
32299	1433.5	1708.3	7052.2
6813	1431.2	1707.3	7012.6
3138	1411.3	1705.8	6954.4
18317	1421.8	1668.7	6845.7
4867	1421.5	1656.7	6938.1
33083	1431.3	1664.5	7082.3
23251	1424.6	1704.3	7605.5
1221	1418.6	1665.6	6919.8
29510	1418.8	1695.9	7045.1
39062	1422.1	1682.7	7013.8
33691	1427.7	1682.5	7094.9
20940	1430.0	1633.4	6951.9
25097	1420.2	1652.7	6955.1
39161	1428.8	1678.7	6950.1
29526	1422.1	1659.5	6866.4
14491	1422.8	1633.9	6834.0
35057	1442.6	1774.1	7499.2
15607	1418.3	1687.9	6843.5
34119	1442.7	1739.0	7414.2
21480	1425.1	1620.9	6883.2
38382	1422.9	1679.5	7136.0
813	1429.4	1691.6	6960.7
37427	1417.4	1710.1	7002.9
2129	1424.1	1680.2	7182.9
18800	1420.7	1636.9	6840.9
33357	1419.9	1671.9	6932.9
24366	1426.3	1682.6	6993.8
35683	1420.5	1680.9	6971.6
18293	1406.0	1581.2	6577.8
11040	1432.7	1732.0	7115.9
31756	1427.3	1678.8	7070.6
31251	1421.4	1674.0	6932.9
10907	1424.1	1693.8	7027.8
34505	1416.6	1695.1	6947.2
26319	1426.8	1644.8	6867.6
25790	1430.6	1719.8	7325.3
20457	1421.9	1652.1	6844.0
12057	1423.1	1672.4	6857.3
3845	1421.2	1643.9	6814.0
6760	1416.8	1644.9	6959.2
24351	1411.1	1689.1	6842.6
3773	1419.6	1686.4	7048.8
32431	1442.7	1710.8	7166.0
2474	1428.2	1692.0	7213.4
35855	1421.4	1644.7	7061.5
27820	1425.4	1689.9	7025.4
29410	1419.8	1643.6	7090.5
30374	1415.4	1661.8	6926.3
23369	1432.1	1642.8	7009.1
28763	1419.7	1676.7	6888.3
13277	1433.5	1730.4	7190.8
21463	1416.6	1657.2	6790.2
79	1422.5	1686.5	7378.7
6422	1416.9	1611.4	6810.6
27769	1421.9	1614.2	6860.7
24942	1416.7	1653.3	6912.2
25688	1422.5	1622.4	6844.7
17527	1425.9	1638.0	6915.5
7927	1421.2	1676.2	6877.5
38459	1422.3	1667.9	7151.9
24713	1421.6	1686.5	6956.5
2013	1416.5	1649.4	6781.3
3622	1422.8	1683.0	6949.0
17055	1437.4	1709.8	7338.2
9319	1420.8	1679.9	6978.5
7952	1408.5	1632.1	6773.1
33879	1421.0	1687.4	6896.2
18436	1432.9	1746.8	7548.9
28193	1406.7	1592.8	6702.9
1494	1432.7	1647.1	6938.7
34945	1429.4	1732.6	7078.6
3984	1428.7	1700.4	6995.4
1607	1423.9	1602.6	6901.7
25601	1424.5	1669.7	6966.6
35115	1437.0	1703.9	7385.0
11636	1425.0	1673.7	6914.2
25771	1429.8	1692.0	7247.3
33686	1431.4	1690.3	6980.2
11165	1415.4	1612.9	6737.9
5375	1428.0	1633.7	6977.7
20461	1409.0	1625.8	6702.2
22323	1416.8	1618.1	6937.4
31259	1410.9	1586.2	6670.8
28522	1415.0	1664.8	6928.6
26564	1435.8	1697.5	7072.6
30923	1427.0	1702.9	7127.1
7183	1445.5	1756.5	7234.7
29915	1409.0	1635.0	6908.3
15864	1425.1	1678.2	7056.5
28554	1425.0	1688.6	7139.8
23607	1424.1	1645.6	6927.3
37912	1414.2	1628.8	6897.7
5768	1423.6	1678.2	7071.6
30954	1436.0	1707.4	7125.7
11028	1423.0	1700.5	7115.3
26342	1416.7	1653.1	7009.2
30907	1412.7	1569.6	6683.4
36388	1420.3	1637.7	6929.2
24429	1427.6	1691.4	7101.1
12658	1418.5	1643.9	6912.2
1468	1428.4	1683.0	6895.2
7362	1435.4	1748.9	7264.0
19539	1424.9	1634.5	6896.2
8707	1427.1	1673.3	7100.5
39295	1419.0	1646.1	6818.7
3112	1416.4	1737.8	7033.8
7694	1423.2	1685.2	6921.8
6259	1426.4	1685.3	7041.4
8097	1429.6	1704.9	7169.3
13766	1438.1	1720.6	7182.0
15772	1408.2	1625.0	6713.8
10466	1419.3	1651.8	6801.4
23074	1409.4	1635.2	6750.2
10232	1425.7	1732.7	7128.1
24944	1421.9	1648.2	7002.0
39904	1422.7	1681.5	7069.3
38682	1428.3	1694.6	7058.4
33923	1426.9	1662.2	6974.7
36940	1423.2	1642.9	6929.1
30860	1423.5	1699.0	7000.1
37147	1418.7	1664.5	6904.5
34475	1422.4	1661.5	6965.5
23333	1431.4	1667.2	7023.0
36980	1420.3	1631.5	6858.3
30951	1419.3	1614.0	6771.5
24485	1410.6	1631.5	6761.9
14857	1420.9	1679.2	6986.7
12773	1418.5	1652.3	6868.1
6644	1418.6	1678.4	6981.9
23143	1426.9	1663.3	6921.6
38715	1432.6	1669.5	7116.3
28417	1434.2	1641.6	7086.0
27700	1416.4	1644.0	6769.2
21095	1415.8	1650.0	6952.3
26898	1420.3	1679.3	6964.6
4792	1421.6	1602.1	6852.3
25222	1423.9	1673.6	6960.1
30910	1416.9	1647.1	6853.0
29364	1416.9	1680.5	7066.3
19843	1423.4	1735.6	7401.4
13279	1419.8	1636.1	6855.5
3708	1415.4	1648.6	6749.4
32054	1415.1	1623.6	6781.9
13798	1426.6	1656.1	7025.4
10547	1418.3	1662.6	6976.3
20909	1421.4	1678.0	6929.8
17433	1422.6	1708.6	6959.1
29426	1425.1	1672.5	6954.4
27484	1420.8	1675.6	7045.6
19574	1424.9	1669.0	6934.8
21705	1425.8	1682.9	7049.1
7211	1424.8	1708.0	7004.0
30744	1435.3	1679.9	7140.6
10879	1429.7	1715.6	7217.1
34720	1428.4	1646.6	6899.3
381	1432.8	1717.9	7124.0
7245	1421.9	1697.8	6981.6
12092	1414.5	1660.0	6831.0
33645	1417.9	1632.7	7085.7
29308	1437.2	1729.2	7430.6
15821	1419.2	1651.5	6894.1
35196	1429.0	1673.8	7143.9
35164	1424.5	1647.6	7078.7
2454	1406.7	1610.1	6728.4
4335	1433.9	1737.8	7155.6
35208	1421.0	1649.1	6903.3
11389	1418.8	1698.3	6865.4
37123	1420.9	1649.5	6813.5
17551	1422.8	1647.6	6958.3
18633	1420.8	1652.7	6804.0
122	1418.6	1651.4	6921.0
29590	1414.8	1631.7	6783.3
32636	1419.9	1661.2	6843.3
7601	1421.7	1631.7	6788.8
27015	1423.1	1649.8	6955.0
6629	1425.9	1683.9	7070.1
16194	1415.6	1636.0	6997.1
8605	1438.1	1679.0	7051.3
1729	1421.5	1668.0	6911.5
24543	1407.9	1586.5	6689.1
27198	1425.4	1702.2	7050.4
30054	1405.2	1588.1	6801.4
1382	1419.2	1695.5	6891.0
33264	1428.1	1694.9	7072.8
37409	1419.3	1610.7	6811.6
39936	1420.8	1639.3	7033.4
9287	1413.0	1634.0	6785.8
27010	1424.9	1708.4	7099.5
26652	1422.0	1698.1	7010.4
10166	1416.8	1633.1	6801.1
11643	1418.4	1654.7	6850.2
18524	1421.7	1652.8	6818.6
25539	1419.7	1682.3	6927.8
24494	1420.2	1703.7	7054.1
35907	1422.5	1661.5	6953.0
17992	1424.3	1698.9	7206.4
32653	1410.4	1647.1	7011.1
39933	1420.6	1638.3	7016.0
20156	1419.0	1655.1	6735.6
24604	1429.7	1661.4	7130.2
35251	1409.5	1664.6	6749.1
32781	1431.6	1685.3	7152.5
32079	1431.0	1676.4	6955.5
20801	1423.6	1651.0	6935.5
13190	1424.3	1667.3	7001.7
33804	1417.3	1698.1	6903.5
10387	1429.8	1705.1	7157.0
37122	1423.8	1666.5	7018.5
7979	1424.1	1659.1	7095.9
9244	1417.3	1640.9	6795.2
37929	1430.5	1661.2	6958.6
11218	1423.3	1677.6	6928.7
27155	1414.7	1629.6	6772.1
30856	1423.4	1677.1	7029.5
16220	1434.7	1724.7	7183.9
7582	1439.9	1713.2	7095.8
34783	1420.9	1651.1	6899.9
11992	1431.9	1721.1	7266.6
30929	1419.4	1645.9	6791.1
4416	1431.4	1637.3	6848.6
31223	1418.8	1666.3	6812.2
1593	1420.2	1688.1	6847.6
29126	1419.5	1625.8	6783.3
30816	1416.7	1604.2	6868.7
14911	1426.1	1703.1	6866.6
7749	1430.5	1658.0	7057.7
19623	1424.9	1666.3	6912.1
24538	1415.4	1619.2	6761.8
23181	1412.5	1655.4	6846.1
29362	1417.3	1649.1	6933.4
23505	1418.8	1664.3	7085.8
167	1422.8	1647.7	6719.8
973	1417.3	1682.3	7036.6
28889	1413.4	1641.4	6769.6
20968	1429.2	1713.3	7443.1
35692	1430.2	1687.7	7473.0
14753	1430.8	1666.7	6928.2
7070	1416.2	1654.1	6910.0
36491	1418.6	1619.5	6938.7
26192	1417.6	1645.9	6866.5
17672	1430.7	1736.7	7309.7
10634	1425.2	1739.5	7101.8
20959	1431.7	1638.2	6977.2
6695	1437.5	1722.0	7231.5
36600	1425.2	1652.1	6979.0
32775	1426.1	1722.2	7243.2
13819	1433.4	1631.4	7021.8
26692	1428.2	1672.4	6957.1
32628	1426.7	1687.3	7014.3
34232	1424.9	1686.0	7085.4
24371	1434.7	1713.8	7274.1
16898	1427.4	1705.6	7167.9
35835	1410.5	1618.6	6824.4
27270	1424.1	1634.7	6880.0
12693	1415.0	1630.4	6842.2
8591	1427.1	1693.3	7246.2
21166	1424.6	1689.4	7069.8
26208	1423.6	1674.5	6936.8
34278	1417.6	1650.4	6854.7
2258	1421.5	1683.7	6913.3
19319	1421.6	1614.9	6744.7
37129	1430.6	1680.1	7014.6
27870	1424.6	1643.9	6853.5
29269	1413.0	1667.5	6885.1
22127	1412.1	1612.2	7109.9
16533	1431.5	1659.6	6989.7
36243	1439.1	1760.2	7689.3
36633	1420.4	1654.2	6901.2
30511	1420.3	1647.2	6773.9
32404	1435.2	1699.2	7123.8
25576	1415.5	1641.0	6923.4
32720	1417.8	1648.6	6914.4
1249	1425.6	1676.0	7035.9
5390	1420.5	1600.1	6858.5
27398	1423.3	1680.0	7028.4
28885	1423.3	1692.2	6910.4
16609	1425.2	1665.6	6887.9
34656	1429.3	1672.1	6912.5
26778	1433.9	1663.6	7108.5
210	1418.3	1676.9	6998.9
39096	1417.6	1657.5	7034.2
14563	1427.5	1732.4	7122.5
35089	1427.3	1684.6	6994.5
6417	1414.2	1667.8	6815.2
25588	1423.2	1689.7	7029.1
20216	1429.4	1705.8	7152.5
28072	1431.1	1658.0	7063.4
20685	1428.1	1703.7	7081.0
22540	1428.6	1680.0	6967.9
2805	1423.0	1631.6	6814.2
32546	1431.5	1694.9	7122.6
7244	1426.8	1637.4	6978.5
28543	1441.0	1723.3	7298.8
2793	1411.0	1613.2	6794.7
5932	1433.6	1668.7	7117.0
30478	1422.9	1696.0	6911.7
35053	1425.8	1687.9	7086.1
16551	1431.7	1699.4	7093.8
32347	1426.8	1672.2	6995.5
34317	1426.8	1709.4	7291.0
9158	1444.7	1712.0	7236.3
14630	1431.8	1661.4	6971.6
30680	1424.4	1684.2	7161.5
30326	1429.9	1630.6	7075.7
12641	1427.0	1672.6	7083.5
4411	1424.4	1645.6	6924.0
13230	1416.5	1632.9	6826.6
28303	1423.2	1681.5	6905.5
10203	1420.4	1701.9	6955.9
20894	1425.1	1682.8	7012.6
16691	1413.0	1624.4	6797.3
38758	1432.7	1621.9	6992.5
2167	1416.5	1654.1	6890.9
27143	1434.4	1722.5	7233.6
11159	1420.6	1668.4	6923.6
34136	1416.8	1669.4	6863.0
27877	1421.0	1653.0	7102.4
12176	1423.3	1645.8	6900.0
2985	1412.6	1707.1	6889.4
2491	1425.6	1678.4	7024.2
20742	1432.6	1705.8	7129.4
26656	1418.3	1634.9	6974.8
8226	1426.4	1693.9	7173.1
29961	1425.8	1685.3	7031.4
1634	1418.4	1664.6	6972.2
37667	1439.6	1746.0	7231.2
7432	1432.5	1662.5	7046.4
30610	1412.5	1620.9	6730.2
13614	1422.9	1637.3	6903.5
6126	1434.5	1695.3	7285.5
15269	1432.0	1730.3	7181.3
15358	1424.7	1693.2	6883.8
2566	1425.1	1682.7	7020.0
684	1437.3	1690.5	7214.1
21012	1416.3	1664.3	6907.3
18817	1405.5	1616.1	6781.1
38774	1418.6	1661.1	6857.3
37577	1429.7	1693.5	7251.3
38875	1424.7	1614.2	6804.8
12235	1416.7	1595.0	6749.5
18402	1412.3	1560.6	6605.9
26856	1433.2	1679.0	7016.6
11538	1434.4	1678.9	7175.4
22463	1415.9	1702.9	7079.8
34844	1430.9	1723.3	7267.6
37347	1423.5	1675.6	6925.3
11878	1426.8	1709.8	7177.2
28071	1418.4	1638.9	6822.2
7731	1429.4	1680.7	7017.0
24692	1427.8	1684.3	7072.4
3030	1419.0	1653.1	6884.0
7985	1417.8	1658.3	6957.7
13376	1431.2	1697.3	7153.9
12998	1424.5	1646.9	6945.5
39728	1425.9	1651.8	6917.8
33536	1429.6	1648.0	7004.6
428	1422.4	1674.8	6942.1
15753	1426.1	1719.8	7253.4
18820	1419.6	1599.8	6773.0
16089	1426.2	1672.0	6971.1
3582	1430.1	1642.9	7075.2
5697	1430.2	1639.7	6929.4
36619	1416.8	1652.9	6907.6
3482	1428.1	1696.7	7199.2
39025	1426.8	1688.2	7017.5
37319	1418.0	1688.0	7015.7
30696	1425.1	1666.8	6946.3
7304	1417.8	1679.3	6879.8
35276	1441.8	1754.8	7382.3
32468	1434.3	1714.0	7176.3
30077	1419.0	1671.0	6948.6
34203	1422.8	1635.0	6895.3
16590	1418.4	1647.0	6767.2
37612	1426.7	1629.8	6873.5
27306	1433.6	1762.4	7146.4
17147	1427.5	1651.3	6948.4
2209	1424.6	1649.5	6964.3
23511	1419.3	1659.7	6914.8
39600	1421.6	1633.2	6806.2
29461	1425.2	1641.4	6894.0
26641	1425.9	1653.3	6937.6
4288	1419.1	1665.5	6822.1
373	1423.5	1663.0	6948.6
7285	1420.6	1670.9	7124.5
30632	1427.5	1703.0	7037.9
6568	1426.5	1716.2	7301.3
27227	1410.7	1614.6	6817.3
11095	1414.6	1652.0	6866.0
27250	1421.0	1655.6	6917.2
22161	1415.0	1645.4	6758.3
2706	1423.5	1737.1	7044.6
26328	1444.8	1746.7	7483.5
3180	1429.1	1662.9	6942.0
21628	1432.7	1722.0	7114.9
37320	1428.1	1748.4	7125.3
34910	1417.8	1577.3	6757.1
17689	1418.1	1632.4	6855.6
7374	1420.3	1698.2	6960.4
2315	1421.0	1658.0	6925.5
25393	1424.7	1653.8	6905.0
34784	1412.7	1620.1	6614.2
30635	1414.7	1671.2	6806.9
12784	1416.4	1676.4	6905.0
15049	1426.9	1677.7	6988.5
11384	1424.4	1688.4	6980.4
14565	1428.0	1675.9	7025.2
15139	1423.0	1710.6	7170.8
2213	1436.1	1716.0	7081.2
20402	1428.4	1678.6	7029.6
20357	1419.6	1662.7	7110.4
3005	1418.4	1649.3	6767.4
34436	1421.2	1646.1	7015.1
9853	1425.1	1728.1	7102.9
21047	1414.1	1589.0	6738.3
9628	1427.7	1717.4	7087.7
37095	1423.1	1738.0	7250.2
35487	1434.8	1680.3	7142.7
23870	1416.4	1667.3	7165.0
10038	1432.8	1718.6	7335.8
14167	1412.3	1647.3	6809.0
36920	1414.3	1614.4	6714.8
11141	1411.3	1639.9	6803.2
9739	1410.6	1639.3	6806.6
31332	1422.8	1653.6	6903.1
24231	1414.5	1697.6	6857.8
26847	1417.3	1665.8	6903.2
37894	1416.1	1640.2	6753.3
16924	1424.7	1683.6	6990.8
9590	1425.8	1630.6	6896.6
11951	1418.0	1665.7	6822.9
1400	1424.0	1681.5	6983.8
13480	1427.9	1672.5	7071.1
29098	1425.0	1680.2	7079.9
11119	1422.2	1668.7	6965.9
5007	1421.0	1649.7	6859.2
36304	1422.6	1685.2	6969.2
22830	1416.2	1656.0	6855.8
7863	1428.1	1631.4	7115.6
284	1420.4	1672.1	6840.3
39761	1424.4	1672.5	7001.3
24751	1426.0	1623.5	6833.7
33160	1426.3	1698.9	7068.7
972	1435.3	1751.1	7261.6
8825	1430.7	1700.6	7071.7
13553	1429.4	1676.7	7029.5
34459	1434.2	1675.8	7177.5
32177	1414.2	1648.3	6797.2
30539	1422.0	1693.0	6932.7
33382	1409.7	1605.9	6731.7
39348	1411.8	1637.2	6883.2
28636	1420.8	1663.1	6943.3
11222	1419.1	1651.0	6836.2
20104	1431.0	1647.4	6971.6
34045	1421.2	1627.8	6937.0
26614	1415.1	1611.5	6712.8
38064	1419.8	1667.8	6851.2
29186	1420.6	1726.4	7066.0
9090	1426.7	1671.2	7059.2
10435	1421.1	1660.6	6944.4
32351	1419.9	1614.6	6847.0
7006	1425.8	1644.6	7061.1
1898	1423.0	1665.5	6942.3
34302	1414.6	1596.4	6728.6
35190	1421.8	1632.3	6850.9
20781	1425.6	1705.0	7232.3
7090	1419.8	1705.3	7115.6
27569	1424.6	1647.9	6995.4
28770	1429.7	1682.1	6924.7
4755	1428.1	1678.1	7319.8
22619	1424.1	1652.1	6954.2
27909	1418.1	1640.8	6886.9
717	1418.4	1622.7	6821.3
2533	1419.1	1633.0	6805.4
5256	1420.1	1623.5	6803.0
25573	1416.5	1640.1	6788.0
34797	1416.5	1612.7	6799.8
16375	1424.3	1621.2	6857.9
7902	1423.1	1642.2	6913.8
32379	1415.8	1675.7	7026.4
11181	1420.3	1673.6	6970.9
21026	1413.5	1628.1	6797.5
1405	1427.6	1692.3	7037.3
11717	1420.8	1647.8	6851.6
25966	1414.5	1629.3	6902.4
15366	1432.7	1664.8	6970.0
17188	1412.8	1607.0	6835.7
23158	1433.5	1701.7	7181.9
38067	1422.8	1689.0	6968.6
39459	1435.9	1758.1	7194.2
36879	1420.6	1626.5	6858.3
32039	1423.7	1659.4	7460.5
283	1412.0	1699.5	7091.8
2902	1416.6	1604.9	6807.6
906	1433.6	1716.9	7748.8
14554	1415.7	1619.9	6755.9
6356	1429.1	1670.6	7030.3
892	1421.2	1710.6	7028.7
21304	1415.5	1666.4	6980.6
3755	1422.0	1678.1	6958.6
25551	1430.8	1667.3	6934.1
19913	1425.2	1697.4	7112.0
26297	1424.4	1665.9	6993.7
34847	1425.8	1663.4	7005.3
1235	1420.9	1585.4	6751.8
3783	1424.8	1710.4	7102.6
10281	1427.2	1650.9	7009.1
37496	1418.5	1607.9	6769.0
11872	1402.6	1622.3	6582.5
10292	1423.1	1616.4	7043.5
18629	1434.0	1643.9	7088.4
7002	1423.7	1650.1	6910.3
8207	1418.6	1626.5	6784.2
33941	1426.0	1696.7	7101.3
5025	1429.3	1698.7	7134.7
35704	1421.9	1600.6	6809.3
15120	1418.0	1652.9	6951.6
33649	1424.8	1693.0	7024.6
28670	1436.0	1718.2	7265.4
7402	1425.6	1646.0	6973.7
27766	1416.9	1671.5	7051.3
7941	1414.4	1630.4	6743.9
6493	1419.4	1676.1	6981.6
38571	1414.8	1624.4	6857.1
579	1426.8	1675.3	7187.6
17714	1428.2	1692.7	6913.4
25410	1416.7	1645.5	6976.8
18316	1418.9	1648.2	6869.5
13969	1418.5	1643.7	6886.6
1638	1411.9	1649.8	6971.3
33611	1423.9	1702.5	7062.8
6754	1419.5	1652.7	6913.0
3933	1415.0	1642.2	6792.1
3821	1423.6	1641.4	7069.9
14797	1429.9	1653.5	7089.5
4417	1433.1	1695.8	6931.7
10407	1421.6	1628.2	6908.3
18128	1414.3	1667.2	6824.9
31654	1421.5	1644.4	6841.1
23063	1424.5	1689.2	6863.5
29593	1431.1	1667.9	7040.6
27116	1418.3	1630.1	6914.5
39698	1419.6	1671.6	7081.1
16334	1419.5	1670.2	6831.4
29026	1413.0	1623.5	6876.4
490	1418.7	1639.2	6944.8
39016	1417.0	1625.5	6904.4
23828	1415.1	1633.7	6835.6
38224	1413.7	1639.4	6818.9
38037	1410.6	1636.9	6836.2
10303	1429.8	1737.0	7188.5
22337	1419.7	1708.7	7152.2
28957	1413.8	1679.8	6868.2
23674	1435.0	1750.5	7290.7
12045	1429.7	1717.6	7061.1
16177	1425.2	1740.7	7282.5
4052	1418.2	1654.5	6944.3
32081	1425.5	1655.7	7067.4
27521	1429.0	1700.8	7048.9
21492	1418.7	1617.5	6926.5
36092	1430.3	1670.9	7037.2
3110	1425.2	1675.8	7027.8
7297	1421.9	1637.3	6937.0
107	1415.9	1703.4	6952.8
33541	1424.8	1662.5	6995.6
28605	1421.8	1705.8	7088.9
35639	1415.1	1652.7	6898.6
877	1414.2	1633.3	6790.3
20080	1418.4	1663.4	6928.2
23518	1412.0	1628.5	6746.0
34631	1428.1	1656.0	6897.3
16378	1437.2	1683.5	7327.2
7280	1426.3	1643.2	6913.7
4354	1423.3	1656.9	6889.6
34531	1427.6	1661.6	7062.6
14452	1424.8	1637.5	6863.1
8035	1430.4	1679.9	7269.5
30665	1423.0	1649.0	7090.8
33672	1425.1	1651.0	6872.7
20082	1419.3	1672.5	6939.7
26044	1419.0	1616.6	6840.2
35782	1410.4	1632.0	6707.9
27034	1423.2	1657.7	6907.2
10310	1418.9	1683.7	7006.9
29144	1421.0	1673.0	7272.8
11661	1426.0	1663.6	6928.0
22765	1436.9	1674.3	7190.0
7816	1417.1	1655.2	6835.6
12486	1430.7	1674.8	7112.8
35987	1422.5	1659.9	6850.3
21745	1418.6	1730.1	6980.3
7763	1429.0	1685.5	7047.9
8639	1416.3	1633.9	6772.8
25297	1428.7	1670.9	7061.9
11214	1415.9	1683.3	6914.1
4414	1421.7	1709.3	7051.0
3925	1425.8	1688.2	6986.6
14903	1415.8	1649.5	6867.3
33404	1428.1	1655.9	6990.8
23276	1414.5	1646.2	6795.3
28449	1420.0	1715.8	7017.5
11410	1415.7	1620.1	6807.3
14958	1420.8	1670.4	7019.5
31785	1422.3	1674.8	7011.8
7404	1423.0	1618.5	7020.5
5204	1416.1	1661.8	6891.6
25836	1432.4	1712.1	7259.3
27501	1421.7	1625.5	6832.6
34901	1426.8	1646.5	6976.5
17448	1414.1	1697.5	6930.8
36499	1437.2	1711.5	7137.7
16949	1421.5	1680.1	7216.8
31520	1409.7	1657.0	6797.8
14352	1428.5	1670.3	6961.9
6079	1414.9	1608.3	6674.6
31895	1412.5	1643.6	6857.7
17752	1420.8	1664.4	6874.8
16983	1430.0	1691.7	7141.6
2450	1412.4	1649.6	6884.5
13242	1425.8	1637.6	6852.6
38979	1424.0	1624.4	6963.5
20063	1422.8	1633.9	6911.1
37107	1424.7	1686.0	7158.9
22575	1434.7	1721.8	7117.7
18077	1432.9	1768.9	7166.0
10872	1435.6	1688.3	7054.4
23936	1413.2	1652.8	6751.5
19726	1424.5	1651.6	6862.9
6655	1424.8	1733.2	7076.2
25429	1409.3	1614.0	6711.2
33436	1427.1	1700.9	7014.5
17699	1414.8	1621.7	6669.0
20878	1429.6	1682.6	7057.2
6021	1440.6	1724.7	7309.5
5668	1416.4	1635.2	6833.0
3471	1425.6	1642.8	6946.2
34648	1423.6	1658.4	6977.3
13767	1429.5	1678.1	7218.1
8197	1420.5	1742.8	7906.3
16870	1429.0	1645.3	7009.7
32078	1424.6	1624.3	6903.4
37510	1429.9	1714.8	7098.5
3378	1426.1	1688.5	6999.3
12507	1433.5	1716.0	7049.4
7353	1415.8	1670.3	6913.3
25283	1416.0	1686.9	7081.1
866	1419.1	1650.7	6865.0
16204	1423.4	1675.1	7013.1
23657	1421.7	1661.7	6863.9
2391	1434.5	1729.5	7333.2
34064	1428.7	1698.0	7006.8
34946	1420.8	1636.4	6889.7
37198	1423.8	1686.0	6989.0
25461	1426.2	1665.7	7058.8
33207	1421.5	1677.2	6942.8
35194	1420.6	1607.4	6797.4
11022	1418.7	1645.7	6909.1
16021	1417.7	1624.2	6996.5
8248	1419.9	1650.9	6894.2
13709	1417.1	1682.0	6825.0
11426	1428.6	1664.7	6955.3
9063	1409.2	1649.7	6739.5
7270	1430.3	1664.1	7097.8
31158	1424.3	1669.5	6892.2
2421	1426.6	1671.6	7101.1
22546	1421.8	1683.9	6944.7
8049	1416.9	1702.7	6884.4
30101	1432.3	1709.5	7194.7
38095	1409.2	1621.0	6747.4
15971	1432.4	1674.0	7188.3
17568	1427.6	1658.1	6939.8
18060	1413.3	1625.2	6859.1
8946	1422.3	1701.9	6887.8
2980	1423.0	1705.1	7066.1
199	1409.5	1642.0	6723.8
30359	1427.5	1691.7	7209.7
20196	1416.0	1645.2	6753.5
21353	1422.3	1674.4	7076.1
12339	1423.8	1652.0	7043.5
21422	1418.6	1654.6	6802.1
3376	1417.8	1706.5	7153.1
26582	1419.2	1653.4	6865.8
11101	1424.0	1660.8	7050.2
32172	1415.7	1674.4	6958.2
18590	1419.9	1636.2	6891.5
19106	1429.7	1710.0	7035.0
19829	1412.3	1615.9	6775.7
22798	1408.4	1599.2	6674.4
26332	1421.7	1683.5	6883.8
25006	1419.5	1699.6	7014.4
11913	1411.4	1677.2	7039.4
35548	1437.4	1711.4	7154.1
7506	1417.0	1616.0	6802.6
10729	1418.0	1683.0	6900.5
6350	1410.5	1626.1	6689.8
9710	1415.7	1635.7	6854.1
13016	1427.7	1618.3	6958.9
7262	1420.8	1650.8	6918.8
20394	1425.0	1704.3	7108.6
15256	1426.9	1685.4	7165.8
34238	1433.4	1683.7	7106.2
16139	1426.0	1674.6	7044.6
16941	1412.0	1622.2	6749.5
23300	1427.9	1657.4	6978.2
6118	1426.6	1650.9	6950.2
27006	1419.6	1676.5	6916.6
23683	1428.2	1636.6	7028.4
34060	1421.0	1667.9	6919.5
24740	1429.6	1667.3	7010.1
16929	1430.1	1660.1	7047.1
14510	1427.6	1707.0	7214.2
20037	1430.6	1699.4	7067.7
25819	1419.1	1635.7	6907.8
32491	1428.4	1718.4	7046.8
3556	1431.6	1708.9	7178.8
32294	1427.0	1684.3	7055.5
2848	1426.4	1688.1	6976.9
14511	1418.0	1647.3	6880.9
35388	1416.4	1653.9	6835.0
103	1422.4	1658.7	6827.6
6800	1437.5	1721.9	7224.0
21518	1432.0	1637.7	6969.2
7056	1430.7	1677.4	7227.2
27249	1434.5	1712.0	7233.7
18810	1424.5	1725.6	7094.7
10106	1445.8	1764.4	7391.0
5503	1415.8	1641.3	6910.3
20534	1413.8	1594.8	6699.4
35508	1433.3	1748.3	7288.2
3385	1423.9	1686.4	6920.6
17832	1425.9	1668.3	6870.3
13355	1442.9	1746.6	7388.2
14095	1427.5	1688.8	7188.7
1314	1416.7	1598.8	6799.7
38551	1430.0	1688.7	7127.0
36643	1415.7	1642.7	6924.0
26926	1423.2	1676.6	6928.5
16957	1433.7	1686.4	7053.4
17160	1412.1	1669.2	6797.0
35589	1420.1	1647.9	6853.9
8025	1427.6	1647.4	6845.5
29548	1414.4	1630.0	6714.0
30311	1410.9	1654.4	6755.3
25866	1414.3	1648.5	6941.4
39128	1436.2	1679.7	7175.9
854	1428.2	1659.7	6990.2
5904	1419.4	1705.5	7063.4
31752	1423.3	1657.4	6921.8
7755	1424.0	1697.1	7017.8
279	1425.8	1706.7	6988.0
15813	1423.9	1681.7	6876.3
3442	1431.3	1689.8	7027.6
7746	1422.8	1690.7	7747.2
19101	1426.4	1641.7	6944.8
33511	1429.8	1650.0	7132.7
8670	1421.5	1631.6	7039.6
34689	1425.1	1665.2	6930.7
31155	1415.2	1631.2	6934.3
14306	1431.4	1747.6	7283.3
10275	1430.1	1680.6	6929.2
35363	1419.6	1627.6	6861.2
25876	1416.9	1610.5	6745.2
31866	1424.9	1670.1	7089.0
17713	1420.4	1668.3	6912.7
1077	1426.4	1698.3	7031.9
30144	1424.8	1720.3	7602.4
24595	1427.1	1669.3	7145.6
26558	1419.9	1649.9	7014.9
37225	1427.5	1650.6	6916.6
9776	1419.7	1643.9	6823.0
27433	1414.0	1618.2	6819.9
39959	1423.4	1692.1	7035.8
