23718	1401.6	1624.7	11604.7
17413	1398.8	1674.5	11656.5
5001	1388.8	1624.7	11543.3
9446	1387.6	1646.9	11704.6
35599	1371.5	1641.3	11502.5
16764	1360.4	1587.1	11248.5
12989	1396.2	1638.3	11682.3
9960	1395.9	1663.7	11687.2
28702	1369.0	1628.0	11356.5
4804	1378.9	1603.4	11499.5
15911	1393.9	1625.9	11576.4
16420	1372.1	1602.0	11443.8
37878	1386.3	1588.6	11598.8
4549	1389.7	1629.4	11809.3
32469	1410.7	1670.5	11785.6
6738	1398.0	1670.0	11651.5
32063	1373.2	1600.4	11510.6
38420	1365.5	1591.4	11335.8
9158	1388.0	1649.4	11561.3
39620	1387.4	1675.2	11884.2
21554	1361.3	1531.2	11182.0
37871	1382.7	1623.0	11651.0
30414	1394.7	1682.6	11635.3
39373	1393.7	1701.1	11678.3
34932	1386.7	1668.7	11797.4
12934	1382.1	1613.0	11550.0
11025	1367.4	1589.6	11359.7
28366	1407.4	1671.7	11794.2
19607	1387.0	1682.9	11804.7
37487	1361.5	1603.7	11250.1
16061	1399.6	1615.4	11618.3
21666	1377.9	1556.1	11375.1
9639	1389.6	1634.5	11755.2
4618	1388.3	1577.0	11353.4
26069	1396.7	1683.7	11783.1
6679	1398.6	1625.6	11521.6
3853	1398.5	1620.5	11611.8
12389	1407.0	1712.4	11965.3
39494	1382.3	1623.6	11602.1
2316	1392.5	1593.9	11526.8
35229	1402.9	1654.8	11791.7
22838	1377.9	1579.1	11425.8
1356	1389.2	1656.4	11704.0
13297	1384.1	1606.7	11419.0
12836	1373.9	1607.3	11410.1
23165	1389.7	1651.7	11654.9
39095	1377.7	1606.2	11531.8
9896	1405.3	1753.7	11891.5
22768	1397.4	1676.2	11816.3
20107	1405.8	1686.3	11860.7
22152	1399.2	1646.5	11903.6
20199	1375.3	1609.5	11474.1
39661	1403.9	1644.6	11667.7
22890	1388.3	1660.8	12207.6
27652	1379.7	1646.5	11708.4
38327	1369.7	1579.0	11446.5
10050	1394.6	1630.4	11774.2
1138	1393.9	1666.4	11669.3
37129	1351.3	1545.3	11124.1
19703	1394.1	1690.2	11724.5
33431	1372.9	1604.2	11334.1
17000	1379.2	1535.2	11480.8
8861	1380.2	1655.1	11674.7
23798	1407.9	1648.4	11872.6
27280	1371.4	1645.8	11665.0
1837	1379.4	1666.8	11719.1
1938	1380.8	1574.5	11360.0
13301	1390.2	1620.4	11485.2
12503	1380.3	1610.3	11592.0
10945	1373.5	1629.7	11509.2
1812	1406.7	1697.0	11983.7
127	1400.3	1662.7	11470.3
4385	1381.4	1651.7	11941.3
2638	1395.6	1631.2	11639.1
29967	1383.4	1599.0	11420.1
29614	1382.5	1633.2	11680.8
33953	1387.3	1639.8	11594.3
12446	1374.1	1659.4	11722.2
39023	1391.6	1622.7	11744.7
33011	1390.8	1612.4	11670.7
22757	1392.8	1631.8	11649.4
24804	1396.2	1665.4	11703.3
11856	1367.5	1649.2	11714.5
7087	1383.9	1605.7	11428.3
13663	1393.1	1654.3	11676.8
12631	1367.6	1591.8	11522.6
17864	1388.0	1621.7	11692.8
35833	1364.6	1584.7	11399.6
33676	1395.7	1650.7	11629.2
16628	1391.5	1667.6	11789.4
16642	1392.8	1656.1	11902.4
33831	1400.4	1651.4	11695.7
29791	1364.7	1577.6	11347.7
32698	1392.9	1647.8	11572.3
11660	1379.3	1686.6	11712.3
10720	1388.4	1637.0	11753.8
6246	1399.0	1641.9	11812.1
39568	1373.5	1608.7	11554.1
28205	1390.4	1606.7	11549.1
34098	1389.1	1610.6	11629.4
16913	1387.8	1638.5	11765.3
7381	1364.3	1571.4	11225.6
2778	1411.5	1624.5	11726.4
24606	1388.9	1646.4	11598.5
19629	1399.2	1608.8	11616.6
7147	1366.7	1580.2	11438.9
23385	1394.6	1670.5	11852.1
6631	1379.5	1646.5	11582.5
10999	1364.4	1610.7	11432.6
19046	1386.0	1601.2	11402.0
7166	1378.3	1621.2	11537.1
23935	1390.0	1613.3	11575.1
19326	1403.9	1675.3	11624.5
25608	1380.9	1612.5	11549.4
5192	1392.4	1654.9	11765.7
8813	1380.5	1611.7	11547.7
21755	1363.7	1589.3	11830.8
36915	1373.2	1575.3	11391.3
29732	1382.0	1623.1	11493.9
20328	1383.7	1583.6	11418.9
24543	1364.9	1616.6	11271.5
2275	1369.4	1607.2	11239.8
14203	1415.3	1718.1	11986.7
13519	1380.9	1667.1	11615.0
18008	1407.7	1696.0	11915.4
25617	1372.7	1607.7	11562.2
22865	1380.5	1611.0	11672.3
30095	1372.7	1609.7	11526.5
9520	1390.4	1687.1	11569.5
13449	1359.5	1575.6	11290.1
22284	1389.1	1647.9	11479.5
133	1383.4	1631.4	11559.3
4505	1386.9	1633.6	11724.6
17661	1379.7	1596.4	11456.6
8727	1394.3	1648.3	11914.8
12899	1356.5	1617.1	11421.8
23941	1396.5	1621.2	11693.8
27625	1389.4	1590.4	11555.2
25237	1379.2	1605.3	11634.8
25930	1358.4	1550.3	11251.8
32402	1394.6	1642.1	11605.5
15647	1380.2	1649.3	11440.3
3785	1381.9	1602.2	11466.8
1332	1370.9	1586.4	11380.9
2376	1400.7	1632.3	11746.6
4687	1393.1	1699.1	11792.3
24146	1372.4	1603.3	11567.5
18883	1382.9	1596.3	11480.8
27336	1395.9	1687.6	11756.1
22560	1392.3	1655.2	11622.9
35422	1357.1	1628.7	11356.8
21695	1390.1	1661.9	11673.0
24504	1398.1	1673.9	11938.6
34695	1390.5	1654.4	11673.3
10192	1388.4	1629.5	11614.0
18068	1386.1	1627.6	11457.3
22617	1398.4	1650.1	11769.2
25741	1380.5	1588.4	11454.9
10037	1392.6	1659.7	11538.2
18277	1387.0	1654.4	11774.3
5332	1404.8	1671.1	11808.5
38554	1403.6	1654.3	11866.6
18860	1383.3	1611.2	11442.5
38163	1388.8	1632.3	11556.9
15149	1398.5	1638.3	11638.8
28228	1384.0	1613.4	11616.9
553	1386.2	1652.2	11591.3
37514	1393.2	1597.5	11467.3
7457	1372.9	1563.4	11415.6
24741	1381.4	1585.9	11290.8
24018	1410.5	1715.7	11981.3
4160	1375.8	1605.4	11475.4
28800	1378.6	1600.4	11582.8
23876	1387.3	1617.4	11616.2
27329	1380.5	1573.4	11495.7
9744	1385.2	1661.1	11534.4
16400	1393.7	1595.0	11546.7
19273	1389.1	1673.7	11711.5
18398	1394.2	1688.0	11982.3
38220	1393.4	1641.4	11734.1
4123	1384.6	1611.1	11522.8
9282	1393.3	1654.7	11567.9
18590	1373.7	1557.5	11322.9
1795	1382.6	1616.7	11503.9
20608	1390.5	1623.0	11604.7
34644	1391.3	1622.6	11664.8
20201	1376.4	1622.7	11533.8
2653	1391.4	1619.5	11555.2
4117	1402.2	1702.3	12019.2
28921	1391.6	1633.4	11632.6
6240	1391.6	1628.8	11637.7
3361	1390.3	1640.8	11749.6
31718	1385.4	1642.1	11645.9
23685	1370.1	1651.8	11598.1
2434	1386.6	1618.1	11703.7
6657	1388.3	1635.9	11633.3
25889	1380.2	1643.2	11700.2
14781	1409.5	1639.9	11695.4
6555	1378.6	1612.1	11454.3
21478	1403.1	1616.4	11541.2
35156	1399.7	1650.3	11901.9
5759	1385.6	1589.3	11586.4
4188	1394.5	1596.6	11354.4
4820	1388.0	1647.0	11502.3
38728	1401.4	1647.9	11713.1
28856	1381.8	1558.2	11546.6
28356	1385.4	1657.6	11570.0
27047	1389.0	1623.2	11722.9
38376	1393.9	1671.1	11719.7
33369	1357.3	1555.3	11125.3
38490	1379.3	1582.0	11566.6
34454	1379.1	1638.7	11658.9
35288	1389.3	1639.9	11991.9
38243	1379.3	1597.8	11377.5
20925	1368.6	1602.1	11329.6
5788	1383.6	1572.6	11670.1
26581	1387.3	1607.6	11555.4
24132	1392.9	1644.8	11542.4
18327	1381.6	1619.0	11451.9
37446	1374.8	1626.2	11391.6
37034	1378.9	1569.3	11440.9
7013	1377.2	1611.3	11455.7
33356	1382.1	1623.1	11717.0
16696	1389.3	1608.6	11575.1
27958	1397.3	1604.2	11595.0
16447	1391.8	1681.1	11694.6
5124	1379.0	1647.7	11658.1
14771	1376.7	1659.6	11525.0
22839	1380.4	1571.5	11440.8
25010	1378.1	1585.4	11475.0
17157	1380.3	1654.8	11575.7
32777	1365.5	1607.6	11382.6
39173	1386.7	1635.9	11576.5
3072	1397.6	1685.8	11812.8
17210	1391.9	1647.6	11472.1
31332	1397.1	1646.0	11678.9
10873	1389.5	1640.2	11672.4
3840	1391.7	1684.7	11630.5
24433	1397.9	1721.9	11849.1
6608	1372.1	1628.4	11414.5
33919	1387.1	1653.0	11741.3
13528	1373.7	1615.0	11568.1
22122	1374.8	1574.3	11346.3
30306	1407.1	1643.0	11568.5
19241	1384.3	1638.1	11486.1
20262	1409.0	1662.9	11809.5
37465	1389.3	1621.1	11615.3
1699	1381.8	1608.3	11455.4
28312	1389.9	1660.4	11905.3
10719	1375.8	1603.8	11581.8
12142	1374.8	1651.1	11683.5
9754	1385.5	1689.6	11690.9
1002	1371.5	1614.2	11508.0
37913	1391.2	1608.9	11504.1
1821	1390.1	1657.2	11667.9
21810	1372.8	1593.6	11489.3
35655	1376.8	1655.7	11456.9
36318	1401.8	1695.8	11738.3
14428	1377.3	1625.5	11453.5
17855	1375.1	1642.8	11568.9
9262	1361.4	1587.7	11754.2
16901	1387.5	1609.6	11646.3
4665	1408.8	1592.3	11703.8
11117	1380.7	1629.1	11533.1
30173	1409.9	1664.7	11831.9
906	1364.2	1571.0	11339.7
37063	1358.5	1605.1	11473.7
29805	1383.4	1627.4	11668.3
12893	1385.1	1640.8	11485.1
34721	1368.7	1596.1	11411.4
17727	1403.4	1656.3	11780.8
24929	1390.5	1583.3	11465.9
1463	1366.3	1647.8	11524.6
6333	1392.8	1644.9	11568.6
37554	1380.2	1653.7	11557.4
4553	1377.6	1596.5	11573.6
34790	1399.5	1683.8	12107.8
7144	1374.6	1654.5	11420.2
6192	1391.8	1571.3	11478.8
39269	1378.9	1588.8	11473.1
37833	1386.4	1614.6	11588.4
37682	1384.3	1620.2	11709.7
14528	1394.0	1638.8	11642.7
15017	1389.3	1633.1	11987.2
27189	1393.1	1646.2	11995.8
15445	1384.8	1630.5	11452.9
22290	1398.5	1609.1	11763.7
23150	1376.8	1595.8	11499.6
7486	1407.7	1670.2	11945.1
1581	1351.7	1610.0	11445.9
15104	1404.6	1624.8	11719.1
3650	1385.8	1671.0	11590.4
26780	1402.8	1670.1	11731.1
27733	1377.5	1588.7	11408.6
32186	1393.7	1682.3	11858.9
31464	1382.0	1611.0	11694.2
21322	1371.8	1652.8	11460.1
32900	1376.8	1612.5	11534.0
9994	1365.8	1579.2	11297.4
3651	1375.5	1615.7	11446.6
19636	1379.5	1638.3	11840.8
2659	1392.3	1646.9	11620.7
29070	1379.0	1598.0	11567.8
14723	1383.1	1646.5	11555.3
28540	1376.3	1653.3	11546.6
18332	1376.7	1594.1	11515.3
18783	1374.3	1570.5	11672.6
33705	1378.4	1628.5	11569.8
9555	1407.5	1610.9	11600.6
14612	1392.3	1612.5	11408.0
28647	1398.9	1670.4	11815.7
9108	1367.6	1629.8	11440.9
22593	1382.9	1634.2	11592.6
22902	1374.9	1621.7	11374.8
29307	1393.3	1645.3	11735.6
33698	1395.2	1620.7	11546.3
16331	1366.6	1578.3	11407.9
29217	1361.4	1577.4	11294.9
20270	1379.4	1605.2	11436.8
39740	1374.6	1572.5	11298.4
36821	1387.9	1603.1	11600.9
39018	1376.3	1639.9	11476.1
7395	1387.9	1639.7	11709.1
12812	1393.0	1667.8	11594.1
13472	1410.3	1676.9	11981.1
16380	1382.8	1677.4	11616.1
2011	1364.1	1591.3	11411.2
35861	1381.2	1653.2	11506.2
24538	1391.0	1602.4	11445.4
4057	1385.5	1630.9	11533.0
19969	1378.5	1661.3	11437.6
38633	1382.3	1608.7	11825.9
29393	1405.0	1650.9	11978.1
34619	1376.1	1602.9	11407.7
6086	1397.8	1660.8	11721.7
17215	1384.7	1632.7	11605.9
26767	1403.4	1619.9	11668.2
12471	1379.3	1643.6	11606.5
38736	1376.8	1609.0	11497.8
2977	1387.6	1649.5	11519.0
33476	1389.1	1619.5	11671.7
26204	1400.6	1649.0	11723.3
29025	1390.5	1629.8	11699.5
14985	1387.0	1669.2	11815.8
14210	1388.7	1677.3	11685.0
37042	1387.4	1638.0	11736.2
35694	1364.8	1567.7	11553.1
22488	1411.0	1679.6	11914.8
16715	1382.7	1618.8	11512.6
4903	1376.0	1657.4	12016.8
35228	1378.3	1568.8	11408.9
23478	1395.7	1623.7	11691.9
8477	1383.0	1633.0	11691.9
2305	1380.0	1650.6	11878.3
39415	1393.9	1649.6	11763.3
16350	1393.9	1644.6	11627.4
12241	1385.6	1622.7	11588.5
3544	1375.1	1655.4	11471.6
1125	1388.9	1624.5	11512.8
20190	1385.5	1610.6	11561.0
32068	1379.6	1604.2	11418.0
21716	1389.8	1631.7	11563.1
590	1363.4	1593.6	11318.3
5942	1391.2	1601.8	11556.5
34898	1407.6	1671.9	11618.4
27558	1386.6	1593.7	11557.8
15257	1379.4	1660.1	11651.3
25360	1398.2	1643.0	11688.3
841	1388.6	1600.6	11594.3
36000	1395.2	1639.7	11525.3
20355	1373.0	1605.4	11563.5
32908	1388.2	1656.6	11974.0
27259	1374.4	1617.9	11413.3
24742	1386.8	1641.4	11752.0
25644	1373.6	1614.8	11565.8
26579	1398.1	1660.0	11746.7
13017	1386.2	1600.2	11517.2
17398	1380.5	1636.3	11699.5
19033	1400.1	1652.2	11841.5
1404	1384.5	1632.7	11562.3
4096	1374.3	1641.5	11506.9
25373	1358.7	1604.5	11557.7
36953	1373.1	1595.0	11308.5
26647	1377.6	1607.8	11591.3
13715	1381.0	1628.5	11543.5
213	1389.6	1683.0	11672.8
36734	1387.6	1684.9	11669.2
27751	1361.7	1564.1	11451.6
28510	1365.6	1582.0	11412.5
24663	1386.3	1617.0	11775.5
19227	1369.2	1565.6	11272.3
27827	1373.9	1606.7	11480.6
1769	1375.7	1617.0	11400.7
15664	1378.0	1610.0	11443.4
14517	1375.1	1626.9	11749.0
29956	1389.8	1667.7	11745.6
35708	1370.1	1573.0	11473.2
4408	1388.5	1622.7	11354.0
39870	1401.1	1673.0	11751.8
4719	1373.6	1602.9	11376.5
7996	1378.1	1584.2	11403.3
7413	1375.9	1625.4	11522.3
17144	1369.1	1612.6	11556.7
26338	1388.3	1666.8	11682.6
3327	1377.4	1624.1	11480.0
1563	1390.7	1613.4	11589.3
16530	1378.3	1634.6	11577.2
17918	1386.3	1644.1	11743.9
31406	1396.6	1671.6	11656.7
32776	1387.9	1563.0	11591.1
19389	1386.6	1607.5	11490.0
2107	1369.2	1608.9	11420.7
4853	1387.2	1685.2	11587.3
6429	1385.0	1619.5	11676.7
1690	1376.5	1598.3	11465.4
35706	1402.4	1627.5	11559.8
12547	1387.9	1638.6	11749.3
15394	1379.4	1611.6	11456.2
34514	1396.4	1651.3	11849.5
32524	1352.6	1609.0	11549.5
7871	1382.9	1625.9	11541.1
17302	1395.5	1672.5	11721.4
21651	1378.4	1600.7	11427.1
34770	1367.7	1643.5	11668.6
6819	1382.0	1612.6	11473.1
34195	1383.1	1616.0	11637.2
26524	1385.1	1640.7	11444.6
37735	1361.0	1613.4	11411.6
30217	1391.6	1604.5	11583.9
36612	1369.8	1627.2	11446.4
35685	1400.2	1633.9	11782.5
29786	1367.8	1596.4	11437.5
15191	1385.4	1641.1	11710.1
536	1399.6	1634.2	11663.9
36110	1377.2	1619.5	11528.1
12844	1381.0	1639.6	11649.6
14649	1378.5	1593.7	11446.0
13960	1368.4	1622.5	11297.3
38885	1407.4	1631.7	11694.2
32802	1389.5	1615.9	11454.5
24834	1392.5	1601.1	11663.2
23980	1392.5	1584.5	11563.5
11886	1403.2	1679.5	11753.9
4383	1374.0	1670.7	11566.4
37471	1391.7	1623.3	11569.1
17903	1385.4	1615.7	11906.5
32504	1404.7	1655.6	11799.6
6141	1378.3	1575.8	11593.3
29081	1374.0	1632.7	11525.8
35732	1393.5	1588.3	11621.1
13375	1385.4	1629.8	11711.8
21687	1390.0	1679.4	11675.8
15125	1366.2	1649.5	11526.1
388	1393.1	1665.5	11765.3
18097	1375.6	1635.2	11467.7
3580	1406.2	1634.5	11698.2
35116	1392.3	1673.2	11641.4
7018	1388.1	1623.8	11838.4
10950	1405.2	1626.0	11806.6
19784	1395.8	1637.7	11655.8
12876	1414.3	1682.4	11923.9
4922	1381.6	1680.5	11629.4
9122	1388.0	1620.8	11418.3
14129	1394.2	1703.4	11903.0
35087	1406.6	1677.6	11819.4
35029	1402.2	1665.4	11733.3
15055	1381.4	1637.1	11489.6
23576	1396.0	1645.2	11752.1
177	1373.0	1587.7	11373.3
9731	1379.8	1559.7	11403.8
39856	1378.0	1594.9	11395.1
4540	1408.4	1678.6	11883.1
12427	1373.9	1647.3	11469.7
35791	1400.7	1666.2	11649.2
32564	1385.6	1595.9	11405.9
37531	1399.2	1636.2	11630.7
37448	1402.9	1653.3	11705.5
17272	1392.1	1579.3	11433.0
26213	1384.0	1635.3	11521.0
14301	1386.1	1654.2	11647.0
28480	1348.7	1564.9	11173.5
2570	1375.9	1575.1	11353.9
34842	1388.1	1678.9	11748.2
1393	1400.6	1728.1	12300.4
17372	1400.2	1620.5	11552.4
28682	1383.4	1654.6	11875.2
30793	1418.4	1713.4	12055.5
1116	1382.7	1645.6	11395.8
18634	1380.5	1632.6	11630.9
13606	1399.9	1606.5	11679.7
14561	1392.8	1696.0	11719.3
11935	1382.2	1613.3	11517.0
39109	1385.4	1626.4	11724.9
4997	1385.8	1611.0	11542.9
147	1393.0	1593.5	11607.8
20087	1394.5	1730.5	12247.2
9356	1381.7	1682.5	11514.4
21400	1381.0	1569.8	11429.4
36368	1392.6	1623.1	11632.8
15493	1392.8	1659.2	11899.1
9659	1375.0	1619.1	11436.8
99	1401.4	1705.4	11792.1
5245	1400.3	1680.9	11727.4
21492	1391.9	1606.0	11383.5
6121	1398.7	1651.6	11811.4
34634	1390.0	1611.3	11590.3
22392	1388.0	1645.3	11686.2
25520	1384.8	1643.4	11626.7
14007	1380.3	1598.2	11531.2
37050	1393.0	1602.5	11531.0
3811	1393.6	1686.4	11792.0
21819	1373.1	1579.4	11406.9
23138	1391.2	1631.1	11595.1
9932	1388.0	1590.1	11529.2
20086	1380.3	1577.1	11683.3
31041	1375.4	1616.9	11464.1
12004	1367.6	1629.5	11495.1
35268	1376.2	1548.8	11456.6
39223	1359.0	1557.8	11355.0
34551	1387.3	1625.0	11574.3
16203	1382.1	1594.3	11412.8
25418	1384.3	1654.7	11637.5
22245	1400.6	1666.6	11704.6
29197	1377.2	1647.9	11530.0
20329	1385.5	1681.0	11766.9
10766	1376.1	1647.5	11479.0
30235	1406.8	1615.2	11654.4
10263	1372.7	1581.9	11393.4
8441	1388.6	1675.1	11787.3
37275	1372.4	1611.5	11463.1
31073	1395.8	1626.7	11696.4
11600	1395.0	1702.2	11765.8
13854	1387.4	1683.4	11709.9
16868	1380.2	1590.8	11507.1
25969	1379.0	1624.4	11647.4
24949	1393.8	1630.3	11525.4
4927	1384.0	1609.4	11567.4
17199	1388.5	1652.8	11668.9
24846	1409.1	1699.1	12024.1
5407	1398.6	1637.9	11660.0
3436	1381.2	1653.8	11667.2
24882	1387.7	1643.5	11859.8
19190	1389.2	1636.7	11526.8
37267	1388.7	1640.9	11511.8
29770	1412.4	1647.9	11685.4
8651	1368.8	1631.8	11832.0
3071	1387.3	1564.2	11712.7
39687	1392.3	1662.5	11639.5
39973	1381.7	1628.1	11550.1
32656	1371.4	1612.8	11557.7
23108	1383.3	1667.8	11950.6
13972	1384.5	1629.0	11653.6
24357	1390.8	1659.6	11817.2
18287	1376.5	1574.9	11307.2
15989	1388.1	1669.5	11710.9
28082	1365.5	1606.1	11416.3
4921	1385.1	1681.7	11730.9
34897	1364.6	1566.4	11243.5
5948	1362.7	1571.2	11342.8
29761	1374.7	1623.7	11532.5
17375	1378.1	1658.3	11732.5
3035	1402.5	1654.5	11581.4
20674	1377.4	1610.9	11622.8
7478	1382.3	1648.7	11772.1
3534	1385.8	1608.2	11554.8
35967	1391.8	1611.9	11506.9
3345	1362.6	1644.9	11466.4
38553	1364.8	1647.5	11464.3
4764	1372.5	1617.5	11544.9
24754	1382.6	1646.6	11415.7
6486	1406.9	1648.0	11512.1
7108	1382.3	1622.1	11583.0
30515	1386.7	1617.1	11554.6
27096	1385.3	1665.9	11609.4
31947	1402.6	1706.5	11935.9
31693	1385.2	1613.3	11632.7
35382	1383.0	1634.5	11679.6
7095	1379.5	1591.6	11449.3
20663	1397.8	1718.3	11845.0
12216	1373.9	1594.2	11349.0
38765	1393.2	1619.0	11721.5
23011	1371.5	1566.2	11445.3
9103	1399.3	1714.0	11636.5
36147	1371.5	1643.7	11460.1
15088	1393.6	1689.3	12024.5
24666	1374.1	1563.3	11636.3
622	1412.2	1673.4	11837.2
31299	1395.3	1714.9	12109.3
28363	1360.4	1555.3	11323.9
18140	1380.8	1629.5	11624.8
29622	1398.9	1667.0	12002.4
2836	1394.3	1653.1	11611.2
14545	1370.3	1584.4	11278.0
22318	1387.0	1637.5	11488.7
26380	1384.9	1622.1	11544.8
35996	1363.2	1566.1	11277.1
21856	1389.7	1635.2	11799.0
23133	1374.9	1653.5	11704.4
28919	1372.1	1588.3	11164.4
32998	1388.5	1676.4	11773.1
2489	1404.2	1648.6	11783.7
28398	1385.0	1611.8	11489.3
38529	1394.4	1662.1	12003.1
12190	1387.6	1576.1	11322.0
26317	1389.0	1602.1	11553.0
19147	1394.3	1643.4	11629.9
18414	1396.1	1638.8	11521.3
24552	1385.4	1616.2	11590.5
28156	1390.2	1632.6	11535.5
3950	1381.9	1662.2	11484.3
31304	1368.4	1663.7	11633.5
28098	1393.4	1672.5	11758.3
16016	1408.2	1672.6	11689.8
29251	1369.2	1539.9	11303.7
31344	1382.8	1608.5	11440.5
28459	1388.9	1668.1	11740.6
25243	1381.9	1668.2	11945.5
5140	1381.4	1659.6	11534.5
8163	1379.0	1599.1	11441.4
22428	1384.7	1600.9	11444.8
31487	1392.9	1664.6	11844.4
685	1380.6	1625.3	11493.7
37377	1375.9	1632.7	11466.2
10821	1372.1	1599.0	11516.6
21187	1404.6	1673.6	11769.3
24664	1376.0	1636.4	11620.1
35388	1408.6	1670.2	11883.7
29818	1385.5	1639.1	11770.4
5354	1377.9	1661.8	12036.4
20150	1370.9	1609.5	11470.0
22294	1371.2	1623.1	11477.7
878	1394.6	1668.6	11684.0
2802	1385.3	1607.2	11507.9
1256	1388.6	1617.0	11523.8
21505	1387.1	1592.9	11504.1
8773	1381.0	1704.1	11664.8
39936	1376.9	1607.1	11386.3
26677	1401.7	1646.6	11938.7
35528	1383.9	1620.9	11530.5
35538	1402.0	1636.5	11675.3
30639	1384.3	1657.3	11665.1
14766	1381.3	1625.3	11370.5
25700	1388.4	1663.4	11687.1
29114	1381.4	1620.7	11491.8
19740	1385.3	1640.9	11714.1
5924	1389.8	1632.4	11488.4
33067	1372.4	1643.0	11674.1
25490	1396.1	1640.6	11746.6
4105	1377.0	1634.9	11645.3
25694	1382.2	1600.9	11439.0
29319	1397.6	1659.6	11992.4
16684	1365.9	1629.1	11407.2
18110	1375.5	1620.6	11447.2
30493	1374.1	1640.1	11615.0
27764	1388.8	1653.3	11795.9
32536	1396.2	1663.7	11716.9
17747	1383.2	1593.6	11437.3
15758	1383.7	1629.5	11589.1
38558	1381.0	1612.1	11747.7
15943	1376.7	1572.5	11218.2
8665	1390.2	1637.3	11795.7
15812	1384.1	1625.8	11602.1
12210	1395.8	1618.0	11698.3
3094	1376.8	1638.1	11483.6
20448	1389.3	1678.0	11684.8
32357	1388.5	1622.4	11609.3
36996	1389.0	1640.5	11646.8
25922	1411.5	1645.2	11678.2
12918	1392.1	1625.8	11513.6
19972	1382.3	1616.2	11589.4
5345	1363.7	1599.6	11449.4
15363	1396.8	1633.0	11761.9
35260	1366.3	1638.9	11354.7
36759	1378.9	1599.0	11756.2
2148	1386.9	1623.2	11616.3
7212	1386.8	1626.1	11605.4
13333	1377.9	1651.3	11714.5
6067	1396.5	1642.1	11694.9
7098	1395.8	1685.8	11648.6
18189	1375.9	1605.3	11561.6
21833	1388.5	1675.3	11924.7
4416	1385.3	1662.5	11634.1
38693	1393.7	1609.2	11550.3
6978	1386.3	1598.4	11475.1
33145	1395.5	1627.9	11727.4
31786	1369.4	1648.3	11526.7
18260	1393.6	1652.1	11825.0
2177	1378.7	1616.0	11470.5
14959	1370.0	1622.5	11587.8
37787	1395.2	1645.2	11887.6
10079	1390.6	1617.2	11666.4
38284	1375.0	1523.6	11283.4
7081	1373.3	1593.1	11400.8
31715	1350.9	1570.8	11155.6
27962	1376.3	1686.5	11688.8
14178	1365.9	1574.7	11391.6
28206	1381.9	1674.4	11643.7
34893	1386.9	1664.1	11626.9
29069	1403.7	1625.6	11629.2
35717	1367.5	1568.7	11302.3
8797	1389.1	1607.4	11695.9
36051	1377.9	1629.4	11429.0
16259	1371.2	1654.5	11575.9
23460	1398.2	1609.8	11552.6
2260	1371.4	1570.6	11458.5
17060	1382.7	1651.8	11701.3
4677	1405.2	1618.7	11561.3
15108	1393.8	1617.9	11568.1
38053	1386.8	1637.8	11621.9
29317	1402.7	1656.3	11888.5
38664	1397.6	1662.2	11942.7
5981	1381.0	1606.0	11431.1
15642	1406.2	1671.0	11709.3
16138	1392.0	1621.9	11510.0
14394	1384.0	1624.1	11450.0
6633	1394.2	1681.1	11723.5
19861	1405.4	1682.3	11703.9
26031	1388.7	1596.6	11552.8
26776	1393.6	1639.5	11803.4
6706	1395.0	1681.7	11694.7
1065	1398.4	1622.7	11758.6
5868	1392.2	1627.3	11516.1
13895	1366.9	1625.6	11372.7
33109	1397.1	1696.2	11899.8
29352	1385.9	1591.1	11392.2
19029	1391.2	1751.9	12013.6
5853	1384.6	1619.3	11512.7
7084	1388.8	1733.4	11747.7
14317	1377.7	1587.3	11538.9
34544	1384.6	1628.0	11648.8
12024	1369.2	1581.9	11370.8
22869	1398.2	1634.1	11725.9
22666	1383.8	1620.6	11484.3
11612	1376.0	1606.8	11404.4
28094	1405.3	1605.2	11840.5
9665	1372.1	1604.7	11359.9
5515	1362.7	1593.4	11394.9
39330	1401.4	1600.8	11576.8
10884	1393.6	1636.5	11528.6
37904	1383.8	1649.3	11743.0
3568	1389.6	1613.0	11617.3
30152	1393.5	1634.3	11665.7
15057	1386.6	1622.7	11752.8
27	1390.9	1625.2	11758.8
32767	1373.1	1620.9	11561.0
33130	1392.9	1636.0	11921.5
30209	1395.3	1586.2	11617.3
21786	1395.9	1613.1	11597.8
22613	1401.4	1672.6	11821.7
39630	1368.5	1625.5	11470.4
22445	1384.7	1659.6	11735.7
30384	1406.6	1660.3	11684.1
6234	1393.1	1648.5	11788.0
16617	1395.1	1661.8	11555.1
17106	1401.2	1713.6	11808.9
12220	1375.4	1625.5	11446.6
10778	1382.0	1653.3	11584.9
1072	1376.9	1646.6	11522.2
23122	1376.2	1629.2	11500.7
4347	1373.3	1629.7	11390.0
22425	1386.1	1655.8	11615.1
17595	1375.0	1590.8	11331.4
10398	1387.3	1652.5	11856.0
36690	1368.2	1608.1	11304.3
25792	1396.7	1677.2	12022.4
38132	1383.3	1711.1	11948.5
31094	1394.7	1664.1	11782.3
36463	1396.8	1676.6	11713.0
17001	1382.2	1638.8	11422.4
21496	1362.1	1572.8	11236.3
22438	1374.2	1593.2	11419.3
30387	1376.5	1671.4	12039.2
30018	1391.9	1622.7	11880.3
27479	1402.5	1637.4	11705.0
5496	1371.5	1641.5	11629.3
24240	1385.4	1644.6	11671.3
5854	1388.1	1608.6	11662.2
32363	1376.2	1665.1	11776.3
35744	1369.4	1621.0	11369.0
26153	1405.3	1684.9	11868.9
23089	1359.1	1615.8	11420.9
24720	1411.4	1645.7	11707.7
12113	1370.4	1653.6	11603.8
34087	1363.1	1567.7	11330.3
91	1344.2	1573.5	11167.7
29213	1371.2	1589.3	11384.9
2767	1419.5	1699.4	11858.0
12646	1380.6	1635.6	11727.1
7516	1388.1	1671.0	11699.4
39437	1396.3	1650.2	11715.1
35891	1385.6	1583.4	11392.0
3179	1389.8	1655.8	11731.2
5277	1396.9	1649.0	11693.0
910	1375.7	1637.1	12002.1
32624	1390.4	1697.4	11641.4
2897	1375.0	1586.9	11422.4
4897	1398.4	1626.7	11619.3
230	1379.4	1642.0	11770.3
953	1390.9	1640.4	11725.4
39389	1366.4	1655.6	11577.0
34895	1397.8	1667.4	11771.9
38642	1391.9	1586.5	11500.4
14106	1387.6	1605.9	11571.0
19210	1400.9	1662.9	11843.9
37895	1380.9	1626.1	11641.1
12848	1387.5	1643.6	11788.6
15331	1394.0	1646.0	11741.2
11573	1367.8	1581.4	11280.1
36977	1391.2	1622.8	11647.1
27618	1394.2	1608.0	11812.3
32454	1396.0	1666.1	11900.9
4789	1385.8	1657.0	11755.3
11285	1392.0	1607.7	11744.1
1863	1374.0	1604.1	11482.2
31166	1379.9	1574.5	11429.8
26617	1373.2	1623.5	11529.9
30248	1379.1	1642.6	11562.0
13388	1415.1	1642.1	11669.0
32572	1387.4	1624.3	11526.6
4112	1377.6	1643.7	11557.0
13147	1377.4	1577.8	11362.4
24733	1374.9	1573.8	11337.3
24265	1382.9	1615.6	11538.1
12674	1403.0	1688.2	11962.4
13258	1367.4	1621.5	11441.2
1152	1378.3	1616.1	11532.9
22895	1388.7	1631.0	11704.0
17997	1393.3	1641.7	11586.4
10623	1406.5	1642.5	11785.1
12883	1394.8	1647.4	11737.5
37555	1394.2	1663.5	11767.2
14041	1388.0	1621.6	11489.4
33303	1373.8	1582.4	11525.2
28767	1381.9	1687.4	11902.9
1461	1398.3	1638.7	11725.7
30725	1389.2	1612.4	11531.8
2605	1385.3	1625.7	11668.8
32518	1402.2	1653.1	11723.0
22235	1401.8	1597.9	11578.8
35177	1388.2	1677.2	11620.0
35827	1384.7	1646.8	11589.2
22295	1403.8	1649.9	11775.5
31770	1384.4	1634.3	11403.0
18482	1366.3	1602.5	11538.7
25953	1383.8	1653.3	11545.2
1099	1385.7	1650.9	11617.0
27306	1384.7	1640.9	11744.1
32599	1373.1	1600.8	11388.5
369	1378.8	1558.7	11635.9
6772	1376.7	1641.9	11476.2
5533	1393.0	1689.2	11881.2
4548	1390.8	1620.3	11895.3
37859	1376.0	1631.3	11496.6
10930	1397.1	1600.8	11697.7
30242	1395.4	1579.2	11386.5
14736	1376.3	1560.0	11285.1
24198	1382.2	1574.8	11391.5
5015	1381.0	1633.1	11642.0
37375	1400.6	1682.3	11594.4
1656	1396.9	1703.5	11822.8
8323	1382.7	1662.3	11707.9
18261	1393.9	1711.8	11809.4
1920	1378.8	1588.5	11329.0
6717	1394.4	1629.4	11632.4
12980	1400.3	1671.1	11700.9
2053	1370.0	1597.0	11423.3
36291	1378.4	1604.0	11548.7
17487	1380.6	1586.8	11571.4
35940	1379.2	1620.8	11680.6
14493	1385.0	1640.9	11639.9
31805	1380.0	1588.6	11507.1
26563	1371.5	1609.1	11702.2
16832	1380.2	1598.6	11502.1
17801	1384.8	1621.7	11570.0
24365	1361.4	1581.4	11235.7
36979	1394.4	1653.4	11703.9
23485	1396.4	1634.0	11647.9
21344	1383.8	1689.0	11761.2
35330	1373.4	1592.9	11423.4
13036	1384.7	1621.7	11565.4
1910	1391.6	1662.0	11571.6
36894	1403.4	1652.2	11741.9
19234	1391.5	1685.6	11761.4
1978	1396.5	1681.5	11733.3
21964	1407.3	1673.5	11647.4
37533	1374.3	1618.4	11435.3
34768	1378.2	1600.2	11395.0
14200	1378.0	1618.5	11489.1
37885	1367.2	1589.6	11393.7
15649	1379.0	1679.3	11533.1
7403	1399.5	1650.1	11712.4
34934	1394.4	1634.8	11695.6
17405	1400.5	1699.5	11712.6
3176	1408.0	1644.0	11657.6
38199	1409.3	1705.4	11812.6
19819	1407.1	1735.8	11979.7
12185	1390.5	1657.4	11674.1
38151	1375.8	1641.8	11772.3
29527	1385.6	1599.5	11708.1
6270	1351.9	1579.4	11373.6
753	1389.4	1661.4	11619.5
12734	1407.5	1624.7	11456.0
25974	1385.3	1624.3	11568.4
34329	1388.3	1638.2	11594.7
37255	1392.7	1603.5	11664.3
8752	1395.1	1589.8	11641.6
22674	1403.9	1679.1	11977.9
8666	1393.7	1654.7	11899.4
36497	1387.5	1672.8	11712.8
29137	1369.9	1641.7	11478.7
33877	1388.8	1691.2	11608.4
37025	1383.8	1590.9	11673.0
12819	1378.8	1636.8	11630.9
21223	1391.5	1705.2	11691.3
7750	1387.3	1675.8	11654.1
23585	1376.4	1646.0	11587.3
7559	1407.3	1670.1	11893.2
20158	1395.1	1621.6	11571.1
20976	1377.1	1605.7	11441.3
4545	1394.1	1659.8	11634.6
24980	1392.9	1612.4	11641.2
25662	1377.6	1659.2	11571.3
28521	1378.8	1597.7	11405.5
27789	1396.2	1649.6	11564.9
27994	1394.9	1655.7	11790.1
30980	1379.0	1542.6	11446.6
13338	1395.4	1664.7	11762.4
1963	1400.1	1733.9	12437.0
35592	1387.4	1635.3	11726.3
12743	1360.0	1533.5	11256.2
37252	1381.4	1586.4	11542.1
33371	1383.3	1651.4	11631.4
11719	1382.0	1665.5	11614.6
22914	1397.2	1632.1	11700.5
17622	1409.7	1621.8	11707.8
9789	1399.0	1682.7	11729.9
6184	1394.2	1629.8	11448.1
38317	1348.0	1556.2	11122.3
4281	1405.3	1706.7	11832.0
3747	1407.9	1690.0	11730.2
10501	1387.7	1653.7	11554.2
18215	1392.3	1619.0	12095.9
15610	1384.7	1620.0	11546.2
26591	1383.7	1634.6	11744.4
35899	1361.7	1554.6	11295.4
22939	1374.0	1649.3	11890.9
35810	1378.9	1679.8	11532.5
6451	1392.2	1643.3	11564.0
25343	1380.1	1613.4	11381.8
34657	1361.1	1591.2	11304.0
37906	1384.2	1575.2	11364.8
37334	1398.4	1678.2	11836.4
32609	1384.4	1599.9	11600.8
5063	1376.9	1599.9	11453.8
604	1379.0	1662.8	11703.4
26245	1386.2	1568.2	11359.6
8941	1380.5	1606.9	11466.2
23359	1376.9	1543.5	11199.2
26101	1372.2	1609.3	11385.9
4512	1394.6	1654.5	11613.2
4102	1396.3	1642.9	11750.8
26471	1373.2	1611.6	11470.3
423	1396.1	1624.9	11536.7
25309	1384.1	1634.1	11687.8
506	1380.7	1630.5	11466.5
3662	1386.5	1640.4	11537.6
29105	1385.0	1591.4	11438.4
37268	1387.8	1582.7	11498.8
26369	1397.5	1638.2	11618.2
19950	1371.8	1635.3	11634.2
9879	1384.7	1659.6	11689.7
23949	1404.2	1628.5	11869.1
21954	1379.7	1684.2	11969.2
26167	1394.5	1647.9	11674.3
16482	1382.8	1599.4	11571.7
2291	1384.1	1615.3	11593.4
16973	1385.1	1618.0	11544.5
23169	1402.1	1668.9	11640.7
20978	1363.0	1576.4	11304.1
30370	1382.7	1622.2	11505.5
23894	1388.5	1619.1	11602.1
19106	1398.2	1677.9	11868.4
14196	1408.7	1663.2	11621.2
7689	1385.6	1687.7	11665.5
15795	1376.8	1662.0	11462.1
22670	1378.0	1587.7	11431.3
21429	1396.7	1637.4	11659.4
23013	1379.5	1615.2	11488.1
11344	1399.0	1676.2	11886.5
10994	1385.4	1683.1	11725.9
32555	1374.5	1656.4	11721.1
37198	1395.8	1621.6	11557.7
9267	1369.7	1626.8	11471.6
14302	1372.4	1591.9	11503.8
18346	1366.8	1618.4	11256.4
16347	1357.2	1633.1	11354.3
11904	1391.2	1605.7	11527.2
36550	1387.4	1629.4	11822.4
15648	1404.5	1693.4	11857.0
34549	1381.2	1619.8	11688.5
