35875	1807.5	2081.6	22518.3
23017	1765.8	2040.2	21628.6
19621	1748.8	2014.9	21838.6
71970	1773.1	2055.3	22172.6
77032	1762.5	1984.6	21547.7
53176	1782.7	1995.2	21661.2
44324	1761.5	2004.4	21675.0
53454	1785.5	2029.8	21706.4
34891	1787.0	1993.4	21789.1
70831	1764.0	1978.5	21830.1
1752	1762.8	2063.6	21916.1
23287	1755.5	1981.9	21781.3
71112	1776.7	2075.9	22276.7
35264	1769.9	1960.5	21835.7
73670	1754.4	2006.4	21752.8
21186	1750.4	2023.7	21477.7
51168	1794.6	2074.9	22140.5
82228	1777.5	1964.4	21890.8
76585	1747.8	1968.4	21246.4
64288	1777.8	2025.5	22312.9
80506	1765.7	1967.8	21663.8
46718	1761.5	1970.1	21274.6
17660	1782.0	2076.5	22116.8
83495	1769.7	1990.1	21783.9
52933	1771.6	2000.5	21685.8
71147	1796.3	2076.4	22484.6
51503	1775.9	2044.0	21866.6
72947	1771.1	1981.4	21689.9
34560	1767.7	1985.0	21281.1
68922	1774.4	1991.4	21542.4
18485	1759.6	1966.1	21391.7
5891	1768.7	2019.0	21721.2
81852	1802.2	2067.6	22532.7
41783	1790.1	2028.3	22219.8
16352	1767.4	2000.3	21743.3
70253	1758.6	1978.5	21774.6
51395	1793.2	1991.9	21600.7
10605	1792.9	2031.7	21927.6
43512	1782.7	2011.0	21514.4
36107	1759.5	2028.8	21681.3
45409	1742.6	1975.6	21452.3
31984	1770.2	1996.6	22069.8
80268	1783.4	2011.6	21921.8
897	1778.5	2036.1	21850.2
64717	1759.7	1958.0	21468.9
57304	1750.3	1972.2	21190.0
32461	1784.0	2023.3	21806.0
17402	1769.9	1978.4	21403.4
27447	1780.0	2050.3	22156.7
59650	1783.8	1995.2	21673.8
9189	1778.1	2049.6	22319.0
55470	1735.1	1947.3	20924.2
61705	1763.3	1946.3	21513.8
44822	1788.9	2038.1	21923.4
14820	1773.7	2007.6	21523.9
76492	1783.4	2012.0	22383.5
21894	1780.4	2011.9	21818.4
58092	1773.4	2000.7	21672.3
78172	1780.3	1977.5	21689.7
29773	1753.9	1955.0	21556.3
77723	1795.8	2074.8	23007.4
3621	1782.0	2054.6	21662.1
76426	1778.1	2043.0	21809.9
62290	1780.0	1956.9	21779.8
48214	1799.2	2065.4	21882.0
74201	1774.0	2018.3	21686.9
44999	1770.2	2026.3	21539.1
28014	1761.6	1972.1	21359.3
64731	1775.7	2051.0	22033.5
60468	1791.6	2000.2	22033.6
75282	1762.9	2016.5	21764.4
16655	1743.5	2000.9	21367.2
62740	1777.4	1974.3	21652.1
57457	1794.1	2043.4	22233.6
44247	1805.1	2096.1	22762.3
78696	1760.4	1984.5	21849.7
76565	1758.6	1899.2	21101.3
37720	1756.2	2013.7	21556.7
32009	1772.2	1956.1	21630.7
43121	1767.7	2031.0	21766.4
18512	1786.0	2053.2	21948.4
27164	1774.4	2068.0	21732.6
82055	1784.0	2061.7	22128.8
54727	1744.6	1909.6	21470.5
11873	1776.7	2029.4	21606.2
9325	1746.0	2018.1	21252.1
53415	1786.1	2033.7	21808.4
46639	1783.0	2005.8	21655.4
18238	1769.8	2032.6	21642.9
60612	1779.8	1995.4	21607.7
37525	1768.6	1994.3	21722.2
39522	1754.4	1930.1	20927.9
15546	1785.1	1988.4	21518.0
46408	1780.5	2031.0	21922.7
7443	1762.3	2022.3	21781.6
40973	1747.7	1979.7	21353.2
15117	1738.8	1919.2	21031.7
37934	1795.8	2030.9	22030.0
59350	1787.6	2027.3	21948.3
60020	1762.4	1978.8	21654.5
73743	1794.1	2024.0	21985.9
64945	1783.9	1987.7	21989.0
4239	1759.0	2006.6	21331.5
62434	1784.2	2048.3	22402.5
47705	1753.9	2056.0	22354.0
72480	1762.3	1982.8	21467.7
74682	1784.9	2006.2	22256.7
45979	1789.0	2040.0	21809.3
81341	1797.7	1982.4	22528.6
70100	1781.8	2020.3	21710.9
39224	1779.4	2025.0	21560.3
18957	1771.2	2028.1	22012.1
42319	1764.8	2001.4	22003.4
25775	1750.8	1978.8	21615.1
37345	1819.8	2100.1	22257.8
1434	1767.5	1993.8	21922.5
64085	1759.1	2032.1	21564.5
80602	1786.5	2078.7	21861.1
60895	1787.5	2026.3	22294.6
24399	1773.4	2052.5	22109.6
25725	1805.4	2065.5	22051.3
55688	1761.3	1975.2	21821.3
53909	1791.9	2087.2	22269.4
27858	1779.4	2009.1	21943.6
3026	1784.8	2080.2	22155.0
40972	1774.8	1952.9	21444.9
35241	1778.8	1974.0	21542.1
30513	1771.5	1996.3	21466.4
49741	1792.7	2013.4	21946.7
78795	1756.9	2032.8	21747.0
54123	1780.7	2035.0	21895.8
19753	1764.5	2027.3	21645.8
70111	1753.6	1964.9	21522.7
24105	1772.3	2010.6	22150.9
66863	1798.4	2006.6	21852.6
33975	1787.1	2080.3	21881.4
70208	1783.3	2016.9	21541.6
54190	1791.6	1996.2	21568.5
7710	1791.6	2057.1	22024.0
74367	1760.5	1978.2	21433.3
15756	1787.3	2059.1	22108.2
50493	1765.7	1984.7	21601.7
45475	1750.8	2001.2	21641.8
1805	1779.3	2037.9	21736.0
49207	1774.9	2010.9	21613.7
6401	1775.9	2003.4	21654.5
81032	1777.2	1949.2	21482.5
3475	1786.8	2009.3	21757.4
79300	1775.3	1994.6	21723.3
7359	1783.3	1971.5	21705.4
82902	1763.3	2052.4	21895.1
63965	1781.3	1977.5	21340.5
45523	1746.1	1961.7	21176.9
59214	1781.5	1986.2	21757.2
55057	1770.5	1984.9	21362.6
17383	1787.5	2050.4	22232.8
11252	1740.3	1924.8	21224.9
72986	1770.8	1976.8	21778.5
79827	1763.0	1947.0	21465.1
37307	1763.1	2044.7	22586.5
61684	1769.2	1992.9	21666.3
64152	1771.8	2045.9	22096.0
22362	1732.3	1943.2	21186.6
33455	1786.5	2021.3	21462.9
79389	1773.4	2062.7	21754.9
7927	1778.3	2034.0	21692.3
37262	1792.8	2047.8	22019.9
76745	1758.7	2023.2	21988.3
68862	1766.7	2011.2	21666.4
45378	1771.5	1986.0	21746.9
43458	1789.4	2037.1	22051.6
23215	1768.5	2034.5	21846.5
18032	1758.6	2018.3	21292.3
44814	1761.9	2002.8	21412.6
3607	1773.1	1989.8	21595.2
41309	1788.7	2048.6	22201.1
6943	1788.4	2067.1	21794.8
58033	1766.8	2015.9	21968.4
47392	1761.8	1947.5	21151.2
3724	1774.3	2068.3	22168.8
55933	1796.6	2031.7	22119.6
55481	1781.6	1979.6	21908.1
20473	1772.6	2035.0	21845.7
25411	1771.6	2015.8	21360.2
55396	1775.5	1982.1	21255.5
10498	1758.1	1977.5	21503.8
78849	1786.1	1993.8	21817.7
8849	1760.7	1961.1	21168.9
1685	1756.4	2031.5	23078.9
15379	1756.4	2050.1	21887.9
43123	1766.0	1958.3	21682.8
80212	1754.6	1978.3	21440.8
16261	1781.0	2082.9	21898.5
16509	1773.9	2060.8	23729.5
16147	1773.6	1993.6	21642.7
245	1808.8	2030.8	21988.0
29125	1793.6	2080.8	21912.5
77599	1783.0	2002.1	21970.5
18279	1765.3	2054.2	21970.8
8036	1770.2	2075.4	21903.6
20771	1779.1	2027.0	22595.3
67536	1770.7	2000.5	21665.0
78858	1760.7	2042.6	22313.3
29140	1755.7	2020.7	21704.3
63557	1765.1	2016.2	21754.0
13678	1789.8	2069.1	22045.1
75363	1787.0	1986.0	21756.9
63133	1780.4	2033.5	21865.6
10081	1787.3	2028.7	21805.9
42600	1777.3	2056.7	22069.0
53711	1779.7	1988.5	21652.6
59827	1770.6	2003.7	21430.6
18863	1776.4	2030.9	22341.3
802	1795.5	2111.1	22451.1
24726	1785.4	2030.5	21992.6
33972	1777.5	1979.7	22028.8
67555	1779.5	2030.6	22014.4
29485	1787.8	2087.8	22323.6
48073	1775.6	2018.3	21826.5
17882	1778.7	2043.5	22204.8
21734	1795.2	1997.5	22009.4
63169	1807.6	2074.6	22583.4
71667	1800.2	2058.2	22317.8
66053	1777.0	2014.8	21827.9
43162	1789.1	2002.0	21860.2
24852	1788.2	2045.2	22351.7
21789	1741.9	1977.5	21177.1
40599	1796.0	2046.7	22048.4
27322	1751.1	1984.7	21713.4
68586	1743.7	1974.5	21607.6
14262	1761.9	1934.6	21518.4
6427	1747.3	1961.5	21447.2
38782	1754.1	2006.3	21643.3
10111	1783.6	2041.8	21922.2
70256	1787.4	2006.1	21435.9
49297	1791.3	2044.5	21975.2
2337	1787.4	2009.4	21922.8
62639	1767.6	2028.3	21848.0
83001	1794.5	2052.0	22046.2
71552	1780.9	2006.5	21721.0
44368	1797.4	2078.2	21937.2
53230	1760.1	1996.4	21589.4
83212	1769.9	2008.2	21572.3
62672	1775.8	2060.7	22213.2
30619	1777.2	2025.4	21500.4
74462	1769.3	1968.1	21824.2
32997	1743.8	1989.0	21225.7
72463	1767.6	1977.7	21647.3
45516	1756.9	1951.9	21564.3
81551	1790.0	2006.9	21875.6
1450	1771.5	2014.4	21454.7
79514	1744.5	1953.5	21620.1
4254	1773.3	2034.8	21961.1
39799	1773.7	2001.0	21997.4
70837	1776.8	1985.7	21527.4
51665	1796.1	2083.3	21865.5
75796	1799.3	2028.1	22289.6
38715	1775.8	2012.7	21802.3
23249	1780.8	2023.1	21673.6
67421	1792.7	1948.1	21194.2
66346	1802.7	2132.6	22860.8
22962	1797.2	2066.9	21915.4
73284	1785.4	2046.0	22060.4
55826	1758.5	1993.6	21487.5
54697	1758.3	1962.8	21186.3
43325	1798.8	2085.1	22407.9
25412	1783.3	2003.6	21741.7
7899	1769.0	2032.0	21676.1
14113	1792.7	2108.0	22447.7
51627	1769.8	2026.2	21876.3
7741	1785.4	2119.1	22224.6
68858	1770.1	2023.6	22233.2
4970	1772.6	1969.3	21650.4
76161	1764.2	1952.6	21278.6
59023	1774.7	2027.6	21834.8
62415	1760.1	1983.2	21803.4
64471	1751.1	1938.5	21573.8
49530	1778.8	2016.9	21875.4
61033	1763.5	1979.0	21215.7
28002	1760.8	1980.9	21606.0
45463	1783.8	2037.0	22152.3
43008	1773.5	2036.6	21476.6
13378	1805.7	2094.2	22174.9
58913	1748.1	1985.0	21658.6
52881	1766.4	2037.2	21968.7
54472	1785.4	2023.6	21736.3
37064	1766.6	2023.3	21865.0
16585	1783.2	2036.9	22144.2
81713	1790.2	2100.3	22163.6
52391	1769.5	2021.9	21621.9
3967	1792.6	2083.4	21986.2
7397	1780.9	2005.2	21906.2
36053	1771.3	1971.4	21338.4
19550	1775.4	1991.5	21637.9
16632	1757.8	2031.1	21541.7
71942	1768.9	2001.2	21606.7
38996	1817.4	2087.2	22586.8
59812	1772.3	2028.5	21816.6
2850	1785.2	2005.6	21890.7
74215	1783.5	2079.0	22212.4
8160	1753.2	1977.4	21692.0
3087	1774.8	2018.8	21654.3
54280	1763.5	2038.4	21513.9
74578	1778.2	1975.1	21402.5
24482	1756.7	1968.6	21474.2
54640	1769.3	2048.4	21900.6
71530	1783.1	2005.4	21704.3
23475	1772.1	1971.8	21574.3
11121	1797.3	2093.5	22537.6
43309	1794.3	1981.7	21840.0
47282	1781.4	2003.2	21802.4
66349	1742.3	1975.2	21717.7
60508	1791.3	2013.7	21740.7
56329	1764.2	2021.9	21654.4
65631	1766.7	1957.7	21652.3
14972	1766.0	2035.8	21913.1
63479	1749.0	2009.3	21588.4
33495	1768.6	2011.4	21511.1
60574	1779.9	2032.6	22156.8
50018	1762.8	2011.8	21670.6
80544	1754.7	2002.1	22027.7
11946	1755.3	2032.6	22736.3
65695	1776.3	1975.6	21426.9
23169	1789.2	2031.3	21993.6
55853	1769.5	2005.1	21907.2
65595	1764.0	2003.5	21746.7
77291	1806.2	2050.1	21978.6
51768	1773.2	2026.0	22052.0
26645	1772.5	1974.1	21256.4
2761	1750.7	2000.6	21718.4
15339	1794.5	2060.8	22336.5
41329	1790.1	2042.7	22316.1
18207	1775.4	2015.4	21768.2
23	1755.0	2006.2	21693.2
6263	1749.9	1945.3	21307.1
16044	1786.5	2029.3	21867.2
12978	1762.3	2003.7	21378.7
16901	1795.4	2047.7	22171.1
29002	1812.4	2034.6	22170.1
33283	1780.7	1997.2	21542.6
21955	1780.9	2032.8	21762.6
48868	1777.3	1997.1	21789.9
21455	1791.8	2041.5	22039.5
52860	1786.0	1997.3	21748.9
84796	1784.3	2049.7	22225.5
82186	1786.9	2028.4	22202.0
72028	1790.3	2033.1	23150.3
78468	1802.9	2017.7	21892.9
65488	1818.9	2099.0	22553.0
78910	1783.4	1991.4	21742.7
73206	1770.2	2018.7	21752.6
49418	1758.0	1974.0	21254.4
78554	1754.5	1965.6	21589.7
65681	1785.9	1996.9	21780.0
51875	1789.1	2035.7	22347.4
31317	1773.3	2062.2	21979.3
26868	1773.3	1952.1	21608.3
13782	1792.2	2006.6	21778.7
49009	1766.5	1973.5	21412.8
82258	1785.8	1982.6	21531.0
60268	1787.8	2076.5	22043.4
58737	1799.8	2025.4	22276.6
44633	1769.7	2022.7	21385.8
57024	1784.0	2038.7	21961.1
9819	1776.2	2024.5	21898.6
53445	1773.2	1997.8	21362.3
65589	1790.9	2029.3	21951.4
62289	1780.0	2040.7	22532.7
41957	1758.9	2004.6	21510.8
27938	1764.3	2009.1	21492.2
7500	1769.2	2055.6	21491.5
68032	1743.5	1966.0	21285.5
29044	1779.8	2047.9	21735.9
22101	1773.3	1969.6	21626.1
44229	1769.6	1930.0	21485.4
36806	1772.5	1961.7	21814.2
62419	1765.8	1996.7	21822.8
58269	1789.5	1970.1	21763.4
41377	1756.8	1993.2	21429.5
45927	1764.2	2070.4	22073.1
14971	1778.8	2056.7	22395.4
65231	1795.9	2121.0	22608.4
22803	1774.1	1978.3	21783.9
73723	1787.9	2058.6	21939.5
65230	1780.2	1970.3	21653.3
15039	1759.6	1982.3	21235.5
25390	1768.8	1979.3	21718.7
71426	1781.6	1984.3	21711.3
62162	1791.4	2028.7	21814.5
33353	1794.0	2018.7	21959.9
74739	1758.5	2007.4	21609.1
74670	1786.1	2021.6	21995.9
4797	1780.2	2082.6	22332.3
8813	1762.7	1974.3	21503.9
74765	1762.6	1972.4	21348.1
23882	1776.3	2028.5	22007.4
78855	1805.3	2041.5	22020.2
37043	1796.0	2002.9	21901.7
39354	1768.5	1996.6	21411.4
53793	1759.4	2000.0	21721.7
62760	1769.7	1999.8	21905.6
69268	1786.6	2032.9	21980.1
15782	1787.4	2060.8	21947.4
57258	1766.0	1944.4	21422.7
13703	1768.6	2067.9	21802.5
34138	1771.1	1977.1	21798.5
17924	1777.8	2018.0	21861.2
3232	1797.2	2126.6	22023.0
51975	1776.5	1970.4	21972.8
57647	1751.4	1973.6	21385.9
63749	1750.2	1919.6	21318.6
2487	1783.7	2014.0	22223.0
70608	1786.6	2045.5	22228.0
79464	1768.1	1972.4	21723.8
84863	1759.6	2005.7	21580.4
19373	1770.4	1965.9	21845.0
57244	1793.7	2055.3	23155.6
56479	1754.9	1967.9	21544.5
21249	1748.8	1978.1	21148.0
24404	1780.4	2047.7	21740.6
39108	1782.4	1946.6	21666.9
54098	1786.0	2060.4	22581.0
51864	1770.5	2002.7	21831.1
76254	1799.5	2080.3	22221.2
37969	1778.2	1988.9	21716.4
69299	1757.2	2002.7	21702.7
84858	1746.0	1984.3	21540.9
42591	1768.1	2059.2	21581.0
52096	1782.9	2010.8	21714.0
74851	1775.4	1984.9	21922.1
69571	1784.8	1987.3	21685.3
68071	1812.2	2056.2	22137.1
43967	1770.2	2036.3	21982.8
27698	1764.8	1983.0	21683.9
71758	1760.6	2024.3	22122.8
21708	1793.7	2076.7	22315.0
186	1773.7	2033.2	21937.4
16558	1780.5	2012.2	21603.5
19261	1781.6	1970.8	21737.4
80573	1759.9	1992.6	21429.2
23478	1757.4	1962.1	21446.4
57544	1773.3	2020.8	21906.0
65455	1793.5	2012.4	22180.7
34169	1781.4	2049.5	22117.5
15702	1795.3	2063.9	22237.0
73848	1781.9	2043.1	22009.2
25127	1798.0	2063.4	22054.8
65610	1760.6	1986.1	21772.8
8930	1774.0	2006.7	21623.3
66238	1779.0	2009.7	22038.7
2894	1804.6	2082.7	22067.6
61753	1781.8	2054.4	21977.0
65365	1796.8	1966.2	21629.5
31363	1798.5	2079.2	22616.5
16050	1748.9	2001.0	21493.4
41436	1776.1	1937.0	21656.6
51944	1769.8	2042.6	21853.7
49042	1762.4	2013.6	21649.1
62255	1797.3	2064.0	22224.5
49732	1784.7	2020.8	21726.3
76713	1801.6	2001.9	21742.0
1555	1779.4	2029.9	21922.9
61243	1752.6	1977.1	21471.2
44307	1785.3	2089.9	22030.7
75790	1781.5	2020.8	21843.3
31017	1771.3	1989.9	21447.3
14588	1772.0	2080.1	21723.8
77497	1769.9	2009.5	21549.5
55474	1766.5	1978.9	21705.7
37256	1771.4	2044.8	22235.1
22206	1773.8	2034.0	21777.5
44284	1753.7	1976.4	21529.8
13780	1768.8	1975.5	21804.9
77730	1765.2	1971.6	21508.3
69551	1779.1	2030.2	21746.4
29011	1783.5	2015.5	21626.4
56541	1776.1	2013.0	21651.2
69235	1788.9	2001.9	21861.6
72664	1761.1	2043.9	21946.5
51575	1800.2	2078.2	22052.7
35593	1766.0	2017.1	21454.2
76093	1759.1	2031.9	21738.3
57775	1776.6	1988.9	21674.0
26598	1772.4	2002.1	21639.1
17825	1774.1	2037.2	24453.7
44718	1777.9	1979.3	21680.4
55502	1775.8	1963.6	21720.7
72762	1773.5	2011.7	21768.5
4274	1797.3	2076.6	22249.8
40766	1771.9	1945.2	21411.8
78860	1756.8	1966.9	21230.1
59055	1774.6	1973.9	21651.9
62048	1789.2	2103.6	22323.0
46769	1778.0	1972.1	21643.8
34804	1785.8	2070.5	22255.5
76963	1766.4	1944.8	21371.1
77798	1776.6	2054.9	22195.6
64703	1785.1	2021.7	21577.8
68752	1776.9	2000.0	21705.7
54145	1759.0	2020.3	21611.6
69427	1774.6	2024.9	21716.3
2102	1770.4	2036.2	21447.0
10960	1773.8	2033.7	21833.1
58041	1776.2	1985.2	21760.3
61221	1755.8	1938.4	21277.5
34959	1772.2	1997.0	21590.0
73568	1786.6	2048.9	21820.2
56712	1802.4	2084.1	22161.1
53585	1785.7	2050.9	21805.8
83066	1769.9	1982.2	21615.0
30578	1770.7	1977.6	21646.7
74493	1785.9	2038.7	21944.2
13147	1778.2	2028.4	22219.1
54165	1779.0	1997.5	21766.3
42669	1803.1	2064.7	22931.1
59478	1788.4	2059.3	22284.4
43672	1779.1	2040.0	21640.3
47642	1770.8	2015.1	21705.2
5412	1733.5	1920.6	21053.2
69050	1768.0	1991.2	21877.8
14908	1768.4	1973.4	21559.4
60483	1771.3	1978.7	22092.0
5382	1767.2	2032.0	22054.2
12097	1788.5	2087.5	22682.7
64625	1767.8	1986.6	21410.5
74413	1760.6	1958.3	21503.2
34820	1760.9	2004.4	21705.1
68623	1776.9	1993.5	22426.3
72838	1774.9	1999.2	21860.8
18996	1774.1	2002.1	21768.2
30707	1755.1	1951.0	21620.7
65055	1784.8	1985.1	21840.3
64298	1778.3	1983.0	21754.7
26447	1774.4	2021.4	21707.6
8831	1778.1	2025.0	21608.1
27706	1775.9	1972.1	21441.8
59965	1782.6	2003.3	21968.7
21225	1777.5	2091.6	22167.7
44108	1733.4	1984.2	21322.8
35111	1783.4	2074.9	22212.9
82342	1793.7	1983.4	21914.0
4021	1782.1	1994.5	21863.2
57481	1780.5	2019.0	21850.2
23267	1772.1	2008.5	21606.3
72449	1786.8	2030.0	22117.8
59051	1776.4	2016.9	22032.2
25441	1790.9	2066.2	22035.3
5767	1764.2	2047.5	22272.4
4707	1781.3	2020.9	21752.2
43777	1784.8	2004.3	21723.9
56435	1769.6	1985.4	21456.3
16981	1763.7	2008.7	21621.9
63509	1775.9	2041.3	22102.1
2867	1749.6	1987.4	21514.0
80006	1790.1	2041.7	22304.7
15278	1778.4	1999.1	21732.5
64898	1761.2	1961.0	21384.3
28512	1773.4	1964.3	21503.0
12479	1768.3	1986.0	21585.3
32053	1788.4	1993.7	21866.4
32242	1765.0	1978.6	21428.4
4854	1778.4	2004.2	21720.6
824	1770.2	2019.7	21769.7
44345	1795.7	2023.3	22150.4
39645	1775.7	1986.5	21651.3
82376	1757.1	1984.3	21405.2
79814	1770.6	1996.7	21541.6
82593	1799.2	2097.6	22508.4
25549	1797.4	2004.7	21704.2
38755	1766.9	2011.7	21710.0
56856	1771.3	2011.9	21562.2
24055	1801.3	2102.7	22473.2
47447	1772.6	2060.1	21755.1
73960	1771.6	2010.4	21410.1
79319	1766.8	1980.7	21744.9
24780	1783.1	2035.0	22026.5
59455	1771.3	2046.8	22425.3
15898	1791.6	1988.4	21878.4
52218	1786.2	2027.8	21969.9
5828	1762.5	2024.0	21524.8
16439	1748.4	1969.5	21392.9
27984	1787.9	2025.0	21899.7
27174	1778.3	2096.7	22322.5
84418	1788.4	1988.0	22075.2
71156	1772.3	1998.7	21691.4
52026	1761.6	1999.2	21439.4
33070	1786.1	2090.0	22030.4
39639	1772.5	1955.1	21384.2
33788	1786.7	2025.4	22202.5
7001	1787.4	2010.8	21995.9
11529	1789.0	2022.3	22085.2
77760	1792.9	2087.1	21842.0
6783	1796.8	2071.0	21997.9
82912	1786.3	2052.8	22256.2
79258	1761.1	2018.0	21785.5
65072	1796.0	2085.5	22277.8
14966	1760.6	2021.9	21467.6
74882	1776.7	2018.0	21544.3
68866	1751.0	1943.2	21164.9
63745	1787.3	1979.8	21901.5
72583	1764.6	1986.7	21555.7
34853	1773.9	2007.2	21538.3
79885	1750.9	1915.3	21204.9
57807	1778.9	2012.8	21614.9
36044	1782.5	1950.8	21409.0
4042	1772.2	2034.3	21623.2
49676	1765.5	2008.4	21811.6
84144	1774.8	2038.1	21881.3
62423	1789.7	1989.6	22258.4
56380	1784.1	2053.5	22341.5
8490	1787.5	1993.6	21612.6
21900	1772.4	2080.8	22120.5
14910	1777.3	1988.5	22004.3
64929	1760.4	1996.2	21715.0
13372	1761.9	2008.1	21463.7
57633	1739.8	1959.4	21703.6
23069	1793.8	2032.3	21922.2
57682	1787.6	1975.0	21853.9
46778	1790.1	2105.6	22594.7
5091	1760.8	1998.5	21510.5
55705	1785.7	2014.5	21455.1
6105	1793.1	2016.4	22218.7
45633	1782.0	1989.4	22286.9
79257	1793.9	1983.3	21978.9
74094	1780.7	1976.5	21539.2
37191	1787.6	2030.2	22216.3
15088	1757.4	2000.8	21450.4
4246	1753.6	1998.5	21523.7
53698	1790.5	2019.1	22011.9
73822	1768.9	1993.4	21769.1
64931	1768.3	2013.6	21999.0
26677	1773.7	2009.7	21880.9
31529	1777.2	2021.0	21803.7
23673	1796.9	2055.6	22283.2
30490	1775.5	2006.8	21506.0
31720	1791.2	2002.9	21776.0
4017	1803.0	2099.0	21834.1
42998	1763.1	2003.9	21202.1
42902	1790.1	2039.2	22287.8
5711	1802.4	2067.2	21969.1
73075	1796.3	2013.0	22442.9
20385	1788.2	2019.3	22061.3
44377	1760.7	1980.6	21538.3
19902	1791.3	2045.5	21884.3
78774	1789.7	1953.8	21486.9
75328	1753.8	1960.3	21226.3
50427	1803.8	2078.5	22029.9
20777	1758.2	1996.6	21466.1
29628	1763.0	1960.7	21296.5
78399	1777.8	2011.2	21901.6
23139	1779.8	1998.6	21701.0
20133	1751.1	1976.9	21723.7
66419	1787.2	2047.1	22524.6
51197	1752.4	1947.5	21416.6
56804	1747.5	1953.4	21357.8
80487	1779.8	2074.2	22430.5
35532	1773.5	1991.8	22036.0
19808	1800.3	2038.6	22127.0
24868	1771.9	1958.4	21694.0
2247	1763.3	1985.1	21443.0
28144	1766.5	2039.4	21809.0
61628	1780.5	1998.1	21706.0
23081	1805.6	2097.4	22133.7
9976	1753.8	1994.4	21398.5
77077	1779.4	2006.5	21798.9
48187	1770.1	1974.4	21583.6
16098	1763.7	1972.1	21798.6
52716	1797.6	2078.9	22729.9
84487	1771.0	2003.3	22072.8
52305	1745.5	1980.1	21207.4
70334	1751.6	1962.0	21194.2
1316	1789.7	2010.4	21754.8
18155	1777.5	2017.2	21529.8
28291	1800.0	2105.7	22181.8
73119	1776.6	2060.4	21886.4
68225	1778.8	2023.7	21722.6
64712	1754.5	2016.7	21266.8
70809	1767.6	1932.4	21690.0
83603	1774.3	1981.3	21825.4
60631	1785.9	2056.3	22423.5
23288	1756.1	1965.4	21314.6
42335	1785.5	2057.5	21931.6
72230	1810.2	2061.7	22221.4
56293	1796.1	2071.8	22113.2
80850	1785.8	1981.2	21719.3
61809	1755.2	1967.3	21458.2
18710	1760.7	2077.5	21630.6
21594	1779.2	2057.6	22095.1
68596	1803.2	2021.5	22532.9
14238	1769.3	2028.3	22019.8
3282	1791.2	2047.0	21763.9
72780	1776.9	1955.7	21438.1
74683	1787.9	2014.7	21848.4
43780	1749.8	2036.1	21530.1
14413	1800.6	2041.9	22359.5
58338	1792.6	2052.9	22183.0
60913	1782.1	2008.7	21713.0
9401	1759.6	2018.4	21796.1
47719	1775.9	1982.9	22543.4
59066	1778.2	2000.6	21829.0
737	1761.4	2003.9	21624.1
4631	1778.8	2035.1	22291.5
10471	1781.5	2049.8	22258.6
54053	1780.0	2012.6	21948.2
73839	1782.9	2063.5	22091.4
34320	1788.7	2035.0	22170.3
16144	1784.5	2048.8	21731.5
68653	1758.7	1990.7	21266.7
23176	1767.3	2034.8	21947.9
44295	1800.1	2078.2	21995.2
2202	1783.2	2077.7	22001.1
24324	1812.1	2099.8	22162.3
54892	1795.6	2007.5	21816.9
32151	1812.4	2074.0	22152.6
36059	1779.3	1990.1	21856.0
48866	1790.4	2083.4	21780.4
80853	1762.3	1996.6	21144.9
83840	1785.3	2029.1	21579.1
78304	1779.3	1973.9	21752.6
67920	1784.3	2024.9	21829.6
58758	1775.7	2028.8	21713.1
5401	1801.0	2064.5	21927.4
1118	1783.8	1997.1	21493.4
30402	1770.0	1955.5	21516.9
12808	1786.5	2040.9	22146.5
1083	1738.1	1966.4	21104.5
44882	1789.1	2050.7	22626.3
7225	1777.4	2024.1	22150.0
53995	1767.1	2011.6	21710.2
41896	1800.9	2078.8	22324.3
55595	1759.7	2017.2	21704.6
73942	1761.2	1926.4	21125.4
1811	1740.3	1921.6	21192.0
7279	1773.5	2008.6	21691.6
21222	1772.4	2018.6	22113.8
79626	1763.5	1968.6	21434.0
24635	1755.3	2006.1	22135.5
21244	1762.6	1993.4	21517.3
39134	1758.7	1953.2	21398.9
14181	1789.0	2020.6	21954.8
16766	1781.7	2006.8	21572.3
71996	1782.6	2015.9	21826.9
9935	1784.7	2075.9	21961.4
75780	1774.8	1976.4	21537.8
31600	1769.7	2031.4	21550.7
71369	1774.3	2007.3	21895.3
60682	1779.8	1994.7	21640.5
15032	1792.8	2028.8	21805.2
58742	1770.6	1975.8	21639.1
16187	1786.7	2020.2	22020.9
13077	1782.8	2034.0	21926.2
81933	1763.5	2012.4	22004.7
5643	1769.4	2017.9	22425.1
37162	1796.5	2003.3	21872.0
53682	1758.2	1966.2	21432.5
38452	1786.9	2088.9	23143.4
29121	1761.3	1974.0	21708.3
2649	1770.3	1979.4	21438.2
71285	1811.2	2057.2	22047.4
13629	1776.4	2105.5	21836.3
7573	1771.9	2054.3	22127.9
7331	1771.8	2070.2	21896.5
30893	1795.3	2061.0	22008.6
8609	1782.5	2028.6	21942.3
21468	1773.2	1982.1	21427.2
38044	1777.9	1994.0	21883.0
67081	1772.7	2043.6	21757.2
48638	1775.9	1999.7	22033.0
62657	1789.4	2022.0	21855.9
57337	1777.8	1980.6	21685.1
84351	1767.9	2010.1	21593.4
34188	1733.4	1938.6	21254.0
61438	1782.5	2051.2	21925.5
78837	1764.3	2040.5	21460.6
82887	1761.7	1998.1	21782.5
50275	1792.9	1993.5	21552.9
81188	1752.9	1939.1	21328.8
80786	1780.6	2038.7	22218.8
21232	1759.6	2026.0	21643.5
47072	1789.3	2038.7	22521.9
61288	1765.1	2020.1	21710.2
49942	1772.7	1990.6	21851.7
24968	1781.6	1995.4	21528.4
33841	1788.2	2044.6	21902.6
7803	1769.6	2019.2	21828.5
67994	1766.8	2032.3	22044.3
58202	1754.2	1932.4	21236.4
45254	1767.4	1996.9	21531.6
76607	1769.0	2039.1	21921.4
5775	1779.7	2063.2	22532.2
14766	1755.4	2001.7	21592.2
45618	1793.7	2087.8	21934.8
71129	1773.9	2035.2	21897.2
60527	1768.1	1990.9	21643.4
75635	1768.3	2002.2	21918.5
972	1787.2	2087.8	22230.4
42215	1787.3	2034.6	21924.5
49600	1757.7	1903.0	21562.4
73468	1774.7	1995.2	21571.9
34261	1765.7	2013.6	21481.9
14720	1782.7	2005.4	21568.2
8433	1763.4	2041.7	21563.3
73253	1772.8	1967.3	21395.6
30122	1781.3	2012.3	21666.4
16338	1778.1	1996.9	21744.5
64948	1790.7	2040.2	21949.5
71408	1786.0	2018.9	21937.1
42214	1756.1	2002.6	21504.7
55021	1764.7	2012.4	21857.4
75939	1762.3	1984.4	21696.0
57146	1755.0	1966.4	21292.6
21218	1797.0	2067.8	22377.3
61679	1776.2	2048.3	22079.1
24118	1794.7	1976.7	21995.4
47974	1765.3	1953.0	21584.4
15857	1786.9	2020.2	22172.4
25888	1787.6	2031.2	21882.0
76379	1798.8	2015.8	21839.9
45779	1778.5	2013.6	21754.4
15738	1779.2	2004.9	21815.7
17620	1762.3	1997.7	21473.1
53410	1763.9	1906.1	21306.2
23152	1754.8	1993.7	21734.7
8539	1760.7	1978.2	21409.6
7487	1766.4	2017.0	21886.1
31076	1776.2	1975.4	21774.0
70827	1773.7	2051.0	22256.7
49066	1800.0	2031.0	22014.5
60180	1794.4	2055.7	22163.5
23567	1793.3	2029.8	22118.9
31190	1790.4	1973.3	21564.9
67348	1799.9	2093.0	22542.4
14956	1773.2	1980.2	21773.9
10226	1789.1	2067.9	22436.4
54564	1760.2	1963.7	21252.0
58141	1793.7	2032.4	21975.1
74042	1775.3	2004.1	21942.5
36535	1778.6	2050.8	22063.5
77478	1782.7	2024.3	22056.7
35462	1780.8	2053.9	22408.3
66776	1776.0	1961.1	21403.2
29880	1794.1	2028.1	22114.3
12098	1777.1	2031.4	21475.3
67581	1784.9	2073.4	21991.7
37183	1778.9	1986.0	21327.5
35531	1771.4	2032.5	21699.1
4294	1754.2	1998.5	21358.4
27488	1772.7	2052.8	21921.7
82807	1761.2	1952.2	21531.0
42149	1786.6	1990.3	21777.1
78783	1770.6	2005.4	21697.0
47547	1791.6	2023.1	22085.7
37877	1768.3	1995.1	21791.6
22390	1756.6	1995.0	21432.7
50471	1795.0	2055.6	22183.6
41419	1767.4	2008.3	21526.4
13323	1779.9	2070.8	21878.6
53678	1757.8	1994.3	21573.2
70890	1787.3	2045.6	22000.2
37060	1798.2	2082.1	22307.7
43895	1761.2	2006.7	21696.9
11954	1781.1	2064.7	22316.1
11195	1774.6	2059.5	22159.8
6471	1783.3	2033.8	22393.6
73494	1775.0	2036.2	21598.5
28604	1784.2	2033.0	22064.8
16628	1777.1	2029.4	21675.6
35272	1775.6	2030.8	21757.4
67969	1774.9	2066.6	22024.3
79647	1761.4	1965.0	21980.2
334	1763.9	2007.9	21380.5
25889	1799.6	2065.0	21973.9
14807	1775.8	2078.5	21901.8
53358	1791.2	2071.4	22494.8
16620	1784.0	2072.6	22155.0
33836	1766.7	1981.2	21635.5
49860	1773.7	1964.2	21328.7
4132	1757.6	2040.7	21676.2
72238	1787.3	2041.1	22266.9
74134	1807.7	2174.6	23389.3
78975	1768.8	1906.2	21616.9
53737	1786.5	2068.4	22674.0
70394	1781.2	1999.4	21725.3
74665	1756.8	1983.4	21391.7
22685	1779.9	2015.2	21748.9
33434	1780.2	1970.3	21886.5
16718	1764.9	2003.9	21384.6
28460	1766.6	1975.4	21309.8
23550	1772.3	2011.9	21923.2
18469	1788.5	2054.5	21642.6
14612	1773.7	1980.2	21441.8
65985	1761.0	1996.3	21686.4
4181	1759.1	1988.7	21487.3
47463	1769.4	2002.7	21599.8
16284	1767.6	1987.1	21974.3
63711	1770.3	1947.8	21412.4
80902	1752.0	2018.0	21991.7
33318	1760.8	2000.1	21247.1
36754	1781.9	1996.4	21443.9
37810	1750.9	2003.9	21539.8
332	1753.3	2055.7	21603.0
5373	1764.3	2000.0	21735.0
7302	1762.8	1977.4	21343.3
64263	1780.6	2037.4	21744.1
42401	1779.9	2015.8	21636.9
44889	1797.8	2032.9	22062.4
25499	1768.5	2008.0	21623.8
45038	1754.2	2062.9	21754.7
6218	1813.7	2107.5	22281.9
56136	1776.1	1956.4	21342.6
22833	1773.6	2051.5	21652.9
68161	1772.3	1937.0	21432.8
38942	1773.8	2004.3	21689.9
40051	1796.6	1986.3	21697.9
41606	1780.0	2058.1	22123.8
47993	1762.6	1987.5	21664.2
730	1771.7	2020.0	22113.0
52743	1770.4	1985.8	21953.3
24574	1748.4	2017.2	21766.6
75421	1792.9	2086.4	22280.8
15090	1786.4	2098.4	22551.1
22025	1779.9	2049.7	22155.8
12602	1756.2	2000.2	21567.8
19829	1762.3	1958.9	21503.7
26943	1800.2	2041.5	21958.9
14561	1748.3	1972.1	21443.5
42814	1779.4	1999.1	21736.7
31759	1742.6	1991.8	21363.5
72603	1772.3	1992.8	21677.3
33657	1798.3	2064.7	22443.9
35383	1778.1	2026.5	21900.5
827	1806.1	2040.6	21622.1
12093	1769.9	1994.0	21524.1
57040	1778.5	2003.8	21696.8
49888	1767.8	2034.8	21689.0
72219	1774.9	1974.8	21884.6
52162	1789.7	2013.4	21579.7
35352	1773.1	2025.3	21643.9
30145	1749.8	1957.2	21249.8
42038	1787.1	1985.1	21898.6
54481	1756.2	1969.7	21404.5
68841	1801.6	2031.6	21915.9
6567	1787.7	2060.5	22002.4
68417	1771.9	2021.8	21725.6
5043	1798.0	2052.5	21933.0
30144	1778.9	2051.7	23121.4
75074	1772.8	1971.1	21871.7
62176	1788.4	2008.8	21936.6
13544	1781.5	2022.7	21783.6
45221	1806.4	2029.0	21984.4
14093	1771.3	2062.5	22032.0
57555	1771.2	2028.5	21877.0
39391	1780.0	2061.0	21737.7
20654	1770.0	2021.7	21325.2
10747	1775.9	2027.3	21552.4
43100	1764.9	1998.8	21754.5
75331	1778.6	2031.2	21798.7
6183	1797.4	2073.1	22133.6
37282	1793.4	2008.7	21893.8
27643	1761.6	1974.5	21286.7
29236	1789.3	1969.8	22056.6
1720	1756.6	2035.2	21683.3
81880	1774.1	2002.9	21945.3
77773	1799.3	2010.3	22515.6
56855	1785.0	2011.6	22062.3
35393	1821.8	2027.1	22224.6
35830	1774.5	2074.2	21915.7
75503	1780.4	2057.1	22040.3
16162	1781.2	2031.6	21580.0
62498	1773.7	2013.2	21733.5
64140	1784.6	1960.6	21905.6
54570	1750.8	2012.9	21293.9
83123	1786.1	2017.5	21989.4
50414	1785.9	2047.9	22198.8
11588	1766.4	1997.6	22057.6
67241	1772.7	1966.6	21582.4
15572	1777.4	2095.0	22015.4
27462	1786.8	2087.2	22441.7
32922	1763.5	1999.3	21312.5
6283	1774.5	2009.3	21832.4
15549	1801.0	2029.2	22305.9
40000	1771.4	2006.5	21595.2
71027	1791.5	2038.5	21851.5
17537	1784.6	1991.0	21595.9
73563	1774.5	1999.5	21943.4
65954	1779.8	1993.7	22156.0
29671	1772.6	2020.9	21821.9
20989	1792.3	2059.2	22360.6
75014	1795.7	2039.8	22056.4
54585	1742.3	1956.4	21344.9
67483	1774.3	2054.5	22127.9
37004	1763.8	2006.6	21730.2
1177	1755.1	2017.7	21350.7
63774	1791.7	1968.2	21592.3
51823	1766.9	1947.0	21471.6
56051	1752.0	1908.1	20964.8
79024	1797.7	2011.9	21855.2
19906	1789.0	2062.8	22302.6
57935	1771.5	2055.8	21790.1
84912	1777.7	2011.4	21847.0
