22234	1242.6	1520.3	4759.1
16289	1251.3	1485.4	4724.5
16536	1260.2	1556.2	4946.2
5155	1241.4	1433.0	4601.9
22703	1253.8	1503.5	4839.0
11096	1241.1	1498.6	4745.5
21274	1248.7	1418.0	4684.1
18249	1258.4	1498.7	4762.9
22864	1254.8	1471.3	4770.7
3819	1244.6	1453.3	4626.0
22644	1249.7	1512.3	4710.8
22369	1252.6	1506.8	4721.8
23378	1250.1	1497.3	4749.6
15252	1234.7	1470.1	4594.9
18462	1263.4	1587.9	5072.4
5138	1255.3	1470.9	4758.2
15973	1243.6	1506.2	4796.3
10880	1258.1	1535.5	4924.0
17084	1248.7	1491.5	4791.7
3205	1252.7	1502.1	4798.6
3959	1245.3	1517.7	4795.5
7345	1254.2	1499.9	4902.1
18970	1250.6	1509.5	4828.4
20150	1264.8	1560.4	4991.6
19385	1243.9	1471.7	4664.5
21612	1244.9	1516.0	4763.1
5981	1244.9	1478.1	4722.9
10908	1250.6	1521.4	4769.7
748	1252.3	1565.9	4953.2
19902	1249.5	1500.4	4817.5
9991	1258.5	1462.8	4794.0
21868	1242.4	1461.8	4648.9
12464	1247.3	1479.2	4646.0
24509	1243.5	1475.7	4684.2
11023	1248.4	1495.3	4751.4
328	1252.3	1482.9	4717.3
7945	1258.0	1540.2	4918.2
6342	1246.0	1452.2	4641.4
11285	1249.7	1505.9	4755.2
21764	1254.9	1485.7	4819.7
19658	1254.2	1497.6	4803.3
13938	1254.6	1482.0	4828.9
23084	1249.6	1542.0	4820.9
13925	1249.8	1467.5	4723.7
9033	1257.7	1520.0	4951.0
532	1258.0	1529.8	4829.0
5183	1252.6	1529.3	4858.8
5815	1248.9	1471.8	4719.8
23862	1249.2	1486.8	4808.8
828	1249.4	1469.1	4663.3
20345	1248.4	1531.5	4737.7
24139	1264.9	1511.7	4841.4
13590	1256.1	1491.2	4805.1
20129	1249.0	1488.7	4678.7
23550	1259.5	1531.0	4925.9
16426	1253.2	1516.8	4802.0
8662	1257.1	1499.6	4866.4
21966	1249.6	1534.5	4829.1
9535	1242.9	1494.9	4684.6
21723	1252.1	1473.5	4711.3
23216	1254.4	1519.5	4807.5
21305	1242.0	1468.8	4783.2
18763	1246.7	1496.5	4874.4
19223	1246.6	1471.0	4694.4
18224	1256.2	1531.3	4855.3
6722	1246.0	1492.1	4723.2
4633	1259.0	1513.2	4749.0
10820	1250.9	1507.5	4820.2
2655	1257.9	1476.2	4719.5
4522	1250.4	1498.0	4738.9
3707	1249.7	1459.6	4622.5
10227	1262.4	1545.4	5025.3
19154	1247.8	1482.0	4690.3
8824	1259.3	1546.5	4940.3
173	1254.7	1550.1	4815.2
14092	1245.8	1450.1	4659.6
18815	1254.0	1547.4	4823.9
14505	1258.9	1554.9	4835.1
19800	1250.6	1485.0	4774.2
4422	1240.1	1465.6	4555.0
17448	1238.8	1461.6	4555.9
22044	1254.7	1502.1	4796.1
19195	1261.8	1560.7	4870.9
8915	1248.4	1554.5	5019.5
22963	1249.4	1502.3	4763.8
19153	1250.3	1471.0	4736.0
9508	1243.0	1470.7	4634.4
20823	1251.6	1519.8	4784.3
6049	1245.8	1492.5	4713.3
19286	1243.9	1521.9	4676.7
3381	1242.0	1450.6	4600.3
14892	1254.0	1549.0	4734.5
5851	1256.6	1461.0	4770.2
8264	1255.6	1490.1	4844.9
10858	1247.6	1475.7	4634.6
4491	1262.0	1504.9	4855.0
2417	1244.9	1480.4	4710.4
20	1251.1	1521.8	4750.9
1451	1243.6	1476.8	4736.2
15405	1237.0	1500.1	4783.8
57	1255.1	1535.5	4831.7
612	1258.6	1545.2	4950.6
21043	1246.0	1506.9	4749.8
22776	1251.4	1539.1	4754.5
7703	1259.0	1532.2	4906.5
9581	1269.0	1565.2	5230.6
23762	1250.8	1491.4	4815.4
2035	1251.6	1503.8	4803.0
19213	1262.3	1542.1	4913.1
2288	1249.7	1535.7	4804.3
5406	1256.2	1504.6	4836.8
24622	1252.9	1560.1	4800.9
15746	1241.2	1439.5	4658.4
10935	1246.1	1569.7	4859.0
17330	1249.3	1496.9	4825.6
17871	1250.1	1528.0	4763.8
13852	1250.8	1475.3	4728.6
7056	1261.4	1524.7	4912.5
10629	1257.5	1494.3	4904.9
18897	1248.2	1481.2	4695.8
2202	1255.8	1524.1	4940.4
15063	1250.5	1481.0	4745.7
24447	1252.5	1514.9	4780.2
8184	1244.9	1504.5	4698.1
19747	1251.4	1535.8	4866.1
744	1263.0	1526.2	5035.5
22897	1243.1	1475.7	4677.4
136	1255.3	1491.0	4782.6
17807	1253.3	1575.0	4958.5
3774	1248.7	1557.0	4826.6
3760	1257.1	1521.1	4749.2
12076	1237.3	1454.7	4629.2
9112	1258.3	1507.6	4838.5
1120	1252.3	1514.4	4743.2
17743	1245.8	1503.1	4724.2
9148	1265.0	1560.8	4929.8
13690	1250.8	1495.3	4830.7
5490	1252.4	1521.6	4742.3
13987	1257.3	1536.2	4906.0
22816	1257.0	1515.0	4865.0
5661	1248.7	1532.4	4872.5
3771	1253.4	1547.3	4846.0
14658	1257.1	1498.4	4932.7
23124	1257.4	1512.1	4814.4
22001	1259.9	1490.8	4774.3
13048	1247.4	1452.8	4682.7
9064	1236.0	1452.3	4632.4
16221	1267.0	1531.1	4888.8
9813	1254.5	1519.4	4943.5
10326	1263.2	1507.4	4901.9
14916	1247.8	1460.5	4659.1
17955	1249.6	1481.6	4699.6
12073	1241.3	1458.9	4647.8
15594	1241.3	1443.5	4636.6
24360	1255.9	1533.7	4811.7
52	1244.4	1494.6	4724.4
12893	1251.4	1494.7	4729.4
1216	1244.8	1426.7	4666.0
20464	1252.9	1483.6	4675.0
21316	1259.2	1497.6	4752.5
12495	1254.4	1511.1	4825.1
17077	1255.0	1573.0	5022.6
22104	1256.4	1505.5	4921.2
19487	1251.4	1499.3	4813.7
11936	1247.0	1460.5	4663.3
732	1254.8	1525.9	4753.5
6463	1246.5	1487.7	4710.0
22223	1248.7	1468.3	4701.2
20357	1250.1	1484.9	4800.1
24599	1246.7	1449.1	4689.7
15913	1248.7	1495.7	4822.0
22748	1244.7	1443.6	4743.0
10975	1253.0	1474.6	4774.3
91	1248.9	1495.2	4714.8
17235	1255.8	1509.9	4797.4
5393	1255.3	1527.6	4952.8
7551	1252.8	1506.7	4754.8
916	1257.1	1513.8	4765.2
23922	1251.7	1467.0	4675.0
18890	1248.5	1501.3	4719.6
14905	1250.9	1510.6	4817.8
1651	1244.1	1454.7	4614.0
8230	1259.1	1548.8	4814.7
16895	1244.1	1461.1	4649.6
8681	1239.3	1461.9	4694.1
8653	1255.2	1560.4	4911.3
5581	1251.7	1482.2	4709.8
4989	1269.6	1557.3	4963.8
16372	1239.9	1450.6	4624.8
16030	1249.9	1454.7	4612.8
24973	1240.6	1439.5	4637.2
13986	1250.3	1499.4	4726.7
17651	1250.3	1487.8	4686.4
20296	1258.5	1594.6	5005.6
3652	1249.4	1521.7	4803.7
4695	1251.0	1467.4	4653.8
7758	1255.8	1493.3	4756.3
4998	1251.7	1509.8	4834.2
2459	1264.4	1523.9	4972.5
21253	1248.2	1421.7	4586.8
11279	1258.5	1520.9	4794.7
19878	1259.5	1560.4	4914.0
16188	1262.3	1516.0	4908.0
14677	1244.6	1414.6	4554.4
14966	1238.9	1480.7	4698.6
13244	1262.7	1500.4	4814.5
8826	1259.8	1537.4	4861.0
11690	1241.8	1464.3	4617.1
11421	1249.9	1539.0	4723.7
18213	1259.1	1583.2	4961.3
3718	1247.7	1502.2	4727.1
15954	1248.1	1465.4	4707.5
19617	1262.6	1594.9	5166.4
1237	1255.9	1523.2	4851.7
13640	1245.3	1437.5	4642.3
8748	1249.8	1510.3	4714.5
11243	1258.2	1457.6	4720.9
20983	1265.8	1550.5	4978.9
3096	1243.5	1451.4	4610.9
22942	1248.9	1547.1	5003.1
11459	1250.2	1467.1	4728.4
4554	1257.9	1473.7	4731.8
24143	1249.1	1530.5	4774.5
17421	1249.7	1558.2	4787.6
13335	1248.2	1466.3	4606.7
4466	1244.9	1522.0	4706.1
24202	1244.3	1453.4	4621.2
1804	1257.2	1509.0	4811.3
8467	1261.0	1532.5	4891.9
20932	1250.9	1494.1	4812.1
23622	1256.9	1516.8	4857.9
18624	1234.1	1430.6	4549.1
7223	1243.5	1498.1	4745.5
16205	1253.6	1532.9	4824.3
24925	1258.2	1502.9	4767.6
4788	1252.2	1522.6	4839.6
17594	1257.8	1526.4	5036.7
9261	1255.9	1485.3	4755.0
4475	1240.1	1505.3	4704.9
13563	1245.1	1483.9	4627.6
23835	1251.2	1494.9	4689.4
17540	1242.0	1455.9	4624.7
24868	1251.1	1537.3	4931.1
19093	1251.7	1460.4	4690.3
24691	1247.1	1465.9	4918.1
9931	1264.2	1536.7	4811.2
20208	1248.2	1495.4	4808.9
6142	1239.3	1463.5	4723.1
4224	1253.8	1539.6	4906.2
20547	1259.2	1492.4	4771.9
13802	1256.1	1440.4	4736.2
22782	1259.6	1443.9	4777.6
21156	1253.1	1517.1	5026.3
24472	1243.6	1511.8	4690.4
21922	1250.0	1518.8	4757.7
19149	1256.1	1501.7	4746.2
18786	1249.4	1462.3	4807.9
2678	1253.3	1492.3	4826.2
5380	1239.3	1476.3	4681.0
10464	1238.0	1477.1	4580.2
252	1248.0	1505.0	4728.9
11651	1240.8	1421.3	4579.8
20448	1257.9	1511.9	4948.5
19243	1256.3	1510.0	4838.8
8584	1259.1	1534.1	4817.8
15238	1247.4	1496.6	4748.1
16219	1260.5	1517.6	4904.7
17469	1249.6	1503.5	4793.2
24206	1266.5	1529.7	4981.8
5719	1240.4	1439.7	4611.0
813	1239.1	1415.5	4598.7
23458	1253.9	1463.0	4697.9
4371	1229.1	1460.3	4560.3
8425	1249.8	1497.4	4783.1
11287	1247.1	1467.1	4650.9
108	1246.6	1506.7	4803.4
14890	1257.2	1492.3	4842.8
8350	1254.8	1501.9	4773.0
10069	1260.0	1514.4	4908.9
18358	1250.2	1480.6	4722.6
16222	1253.2	1524.5	4786.9
18862	1254.3	1490.3	4729.3
14156	1247.6	1521.8	4727.9
23384	1252.6	1483.5	4747.8
3453	1242.3	1472.3	4691.9
14744	1245.4	1501.8	4657.6
23846	1261.3	1526.7	4818.4
9906	1256.2	1517.0	4839.8
16641	1253.2	1479.4	4834.9
17462	1242.7	1444.6	4624.7
3674	1237.4	1449.1	4603.1
23403	1253.5	1475.9	4732.4
2739	1255.1	1523.3	4836.9
4534	1242.3	1485.6	4739.8
8618	1246.1	1473.5	4641.8
24119	1256.7	1491.6	4822.7
20535	1248.6	1450.8	4617.3
12002	1244.6	1471.5	4854.6
12130	1244.1	1474.9	4785.7
13135	1254.9	1470.5	4733.8
7720	1238.6	1453.7	4678.9
17965	1251.7	1492.9	4824.9
14197	1251.3	1441.2	4647.9
4713	1254.2	1497.2	4765.2
19548	1253.1	1487.7	4705.4
734	1248.4	1507.3	4818.1
20652	1249.7	1487.2	4766.6
22846	1248.8	1471.2	4710.3
4221	1253.3	1477.7	4676.9
2733	1236.2	1486.3	4815.2
19059	1235.9	1468.1	4583.2
20695	1239.1	1519.3	4752.8
24200	1259.2	1516.3	4896.5
12361	1258.7	1521.3	4778.3
6329	1250.2	1509.9	4726.5
19569	1249.9	1506.6	4882.9
18613	1235.7	1452.1	4504.2
5706	1250.1	1495.7	4788.8
8236	1252.2	1545.4	4841.5
24489	1255.9	1507.2	4731.1
13446	1241.4	1466.9	4582.7
20028	1253.0	1522.9	4733.0
9885	1259.4	1491.6	4817.0
1050	1240.0	1402.1	4614.2
7643	1247.0	1502.8	4742.0
19671	1237.6	1464.4	4660.9
497	1252.6	1464.1	4858.3
21084	1253.8	1495.5	4909.5
10052	1257.1	1489.5	4807.2
18305	1232.7	1460.5	4521.6
11328	1246.4	1475.7	4707.3
3078	1261.7	1564.0	5260.8
23630	1252.6	1492.0	4690.5
20584	1251.2	1460.2	4670.6
13068	1248.1	1463.8	4695.0
4369	1246.6	1459.3	4730.2
1134	1249.3	1510.3	4688.0
9189	1257.2	1502.7	4905.3
24321	1260.9	1536.6	4876.3
6034	1251.2	1499.6	4790.9
16157	1251.8	1475.9	4647.1
9380	1243.5	1433.3	4620.0
19451	1252.2	1557.3	4783.6
4465	1249.4	1459.9	4688.2
2475	1254.1	1522.8	4951.0
12959	1247.8	1473.8	4796.6
11393	1249.6	1450.0	4674.6
21850	1252.8	1508.6	4823.7
11715	1252.9	1505.3	4811.3
19107	1255.0	1538.6	4797.2
7709	1255.0	1530.9	4777.4
6739	1249.2	1478.0	4684.5
23894	1252.2	1494.1	4726.1
13109	1262.1	1510.8	4881.9
13427	1255.0	1483.7	4750.4
15163	1258.4	1534.8	4873.5
2270	1258.2	1536.9	4857.8
9381	1252.1	1517.6	4760.7
16021	1253.7	1477.2	4695.1
617	1260.9	1495.7	4884.6
20662	1251.7	1512.3	4746.0
378	1251.0	1502.0	4775.1
8458	1252.8	1481.1	4719.4
15473	1264.7	1538.9	5167.9
2545	1250.6	1489.3	4749.1
20617	1249.9	1474.9	4775.7
6494	1246.7	1471.1	4765.9
22940	1253.3	1515.0	4771.7
2286	1237.4	1452.5	4654.6
19777	1260.0	1498.9	4811.9
13415	1254.1	1489.2	4770.1
11955	1250.2	1549.9	4968.4
15523	1255.1	1563.5	5002.0
9945	1264.4	1514.6	4930.1
12226	1246.2	1517.5	4813.0
21905	1248.5	1499.3	4709.1
18112	1258.0	1497.1	4729.5
24690	1251.1	1481.9	4720.5
22021	1257.1	1508.3	4843.2
8249	1250.4	1499.7	4767.7
23076	1244.2	1504.5	4681.8
24650	1254.9	1499.4	4754.9
5667	1253.4	1536.2	4807.3
725	1260.1	1473.3	4796.2
2073	1257.4	1535.2	4823.3
9439	1252.3	1465.7	4792.3
14485	1255.9	1518.6	4834.7
9810	1253.9	1546.1	4822.5
5187	1243.8	1483.7	4735.9
6524	1254.3	1532.5	4774.4
6237	1266.0	1524.3	4872.2
9128	1250.6	1492.4	4842.8
8846	1255.0	1505.9	4724.7
4020	1246.8	1473.5	4693.1
7176	1250.8	1511.3	4753.8
10363	1254.8	1494.1	4874.8
292	1238.3	1420.5	4578.2
10372	1263.9	1553.5	4841.1
860	1260.7	1533.8	4844.3
6502	1257.3	1512.3	4782.9
16925	1257.6	1527.2	4828.1
1888	1247.2	1518.4	4850.7
14721	1253.1	1480.8	4734.6
6478	1251.7	1511.6	4841.0
8197	1245.9	1521.5	4724.6
3567	1266.8	1559.2	5862.7
11425	1244.4	1449.5	4596.4
6369	1262.9	1566.8	4949.4
6282	1249.8	1514.7	4790.3
772	1261.5	1542.2	5034.7
21474	1263.9	1481.8	4804.2
1805	1248.2	1465.0	4680.3
23251	1254.1	1532.5	4818.3
11984	1248.1	1503.4	4942.2
14454	1244.2	1457.8	4671.9
14614	1245.2	1455.3	4614.8
18742	1261.3	1497.4	4842.0
23099	1250.1	1477.8	4701.7
16428	1249.7	1459.0	4662.8
14467	1243.2	1420.2	4696.8
2244	1242.1	1513.4	4625.1
6729	1255.8	1523.1	4836.1
6274	1244.7	1499.9	4743.6
14932	1249.1	1501.6	4763.3
457	1243.4	1516.2	4797.1
24976	1261.3	1490.3	4779.9
11929	1250.0	1489.0	4748.9
5626	1253.7	1522.0	4872.8
6690	1263.0	1564.4	5106.5
10454	1256.9	1536.8	4871.6
2729	1261.1	1510.8	4857.1
11014	1247.9	1525.8	4819.7
6680	1252.5	1500.3	4915.9
22502	1262.1	1519.6	4812.9
16122	1251.2	1534.5	4754.2
7076	1244.7	1470.3	4673.8
16037	1250.5	1518.7	4855.7
15845	1246.4	1527.3	4786.8
15561	1240.9	1439.4	4751.6
12470	1258.2	1479.1	4844.3
20862	1247.7	1448.1	4623.2
22699	1255.7	1482.0	4743.1
16900	1261.2	1535.0	4987.6
24428	1260.6	1528.1	4897.6
17371	1256.4	1530.6	4948.3
8648	1255.5	1495.3	4739.7
18421	1244.7	1449.6	4596.5
9575	1250.4	1513.7	4785.7
15797	1249.4	1479.0	4649.9
14104	1248.2	1450.2	4621.1
24148	1251.4	1480.0	4763.7
22953	1259.8	1527.4	4911.4
5740	1254.5	1498.0	4817.6
23372	1251.0	1458.0	4720.9
23295	1249.4	1493.1	4774.0
19609	1251.1	1507.0	4840.4
5591	1251.8	1467.0	4694.9
3516	1255.7	1511.6	4810.1
8964	1243.6	1498.5	4708.7
3070	1252.6	1530.1	4755.3
5059	1257.3	1462.5	4798.6
4136	1251.2	1491.8	4737.7
20227	1258.0	1557.1	4990.3
21229	1247.5	1482.3	4728.3
22519	1258.4	1502.0	4829.6
5857	1247.8	1473.6	4756.0
16709	1237.8	1435.2	4698.5
14672	1254.6	1511.4	4823.0
6994	1251.6	1515.4	4831.5
5205	1246.7	1471.6	4652.1
22477	1252.3	1481.0	4664.7
5185	1252.8	1491.4	4807.0
14140	1261.1	1540.1	4919.8
20611	1255.2	1512.3	4819.9
15959	1256.5	1485.0	4742.5
1506	1245.2	1500.7	4808.0
24290	1244.3	1474.2	4615.9
2010	1245.0	1470.4	4631.7
21449	1241.5	1470.9	4634.6
8732	1256.9	1528.2	4833.2
11873	1235.0	1427.9	4518.4
2490	1248.8	1462.0	4779.2
24788	1246.5	1448.5	4686.1
3785	1238.2	1465.8	4601.2
16815	1245.2	1502.0	4679.5
1607	1268.2	1511.2	4893.8
17734	1250.7	1505.3	4823.9
23969	1253.5	1477.6	4766.0
21261	1256.9	1509.1	4903.9
1057	1246.2	1490.2	4738.9
7359	1254.4	1456.2	4692.4
6861	1254.3	1570.0	4983.8
8913	1258.9	1497.5	4872.9
6613	1241.1	1509.8	4660.0
16038	1250.9	1474.2	4738.4
15926	1239.4	1464.5	4670.5
14043	1242.8	1465.7	4607.4
5809	1253.0	1529.9	4886.5
17019	1262.7	1537.1	4950.0
18644	1249.5	1517.9	4863.5
14497	1257.7	1515.6	5072.5
6810	1259.2	1487.6	4766.6
9048	1250.3	1502.6	4771.1
9180	1254.1	1516.8	4804.7
8349	1257.4	1503.0	4805.3
22529	1253.5	1559.9	4875.0
7637	1258.8	1533.4	4815.1
23186	1262.7	1509.3	5014.1
13158	1241.3	1491.9	4640.8
22326	1250.4	1441.9	4659.7
19967	1249.0	1541.9	4852.6
12145	1255.9	1548.1	4954.7
18743	1255.9	1515.6	4784.3
2070	1249.1	1469.4	4714.5
8629	1245.2	1437.2	4621.7
12430	1248.8	1522.6	4691.0
17383	1259.2	1535.3	4855.8
2062	1255.4	1523.0	4826.6
13693	1255.1	1514.8	4852.7
5460	1262.1	1544.9	4945.8
1354	1253.5	1508.0	4792.1
20549	1240.3	1470.4	4648.4
10791	1255.8	1520.0	4835.3
5716	1260.6	1488.4	4799.0
18008	1246.5	1447.7	4634.8
10202	1251.5	1526.0	4711.6
5354	1251.1	1501.3	4746.7
3494	1264.6	1566.9	4993.4
1323	1254.1	1507.5	4909.5
7829	1242.9	1489.7	4630.9
3767	1248.4	1545.8	4790.9
7776	1248.1	1467.8	4652.4
22546	1257.5	1543.7	4921.2
24407	1241.6	1504.5	4671.5
13295	1255.0	1455.3	4717.2
19338	1244.5	1449.6	4613.0
24397	1255.9	1543.9	4817.1
20153	1245.6	1501.6	4676.8
20519	1258.9	1486.3	4846.3
24531	1239.8	1446.6	4541.6
21337	1241.3	1467.7	4634.8
13679	1252.2	1556.2	4849.7
7733	1251.3	1462.6	4729.2
18630	1262.1	1487.8	4813.3
24142	1249.9	1472.5	4713.5
11521	1259.7	1561.1	4860.5
11796	1247.3	1423.7	4596.6
24296	1245.8	1446.4	4687.7
19564	1253.3	1533.2	4787.7
19068	1260.0	1545.4	4854.0
7434	1255.5	1486.9	4829.7
20079	1241.1	1417.9	4526.7
24529	1253.8	1511.0	4844.3
7814	1244.6	1485.7	4774.5
14157	1244.2	1491.4	4694.1
7032	1244.0	1507.2	4691.7
3841	1247.2	1506.9	4758.5
9851	1263.4	1496.9	4781.7
24634	1249.4	1519.2	4768.0
3715	1256.0	1567.3	4862.8
5228	1247.6	1482.6	4691.5
23405	1248.2	1480.3	4683.6
16361	1257.7	1499.1	4900.8
7618	1251.0	1538.4	4927.7
11432	1249.4	1462.0	4730.8
23879	1256.3	1509.3	4779.9
2775	1242.0	1442.2	4640.3
7139	1247.8	1487.5	4705.9
15424	1253.7	1511.2	4818.4
17388	1251.6	1423.4	4674.0
7496	1252.4	1522.3	4738.9
323	1254.0	1485.8	4692.9
21854	1266.3	1537.8	4900.0
18272	1263.0	1510.0	4915.1
13046	1251.5	1507.6	4805.9
18502	1239.9	1497.6	4618.0
28	1250.1	1483.0	4861.3
17766	1239.4	1465.3	4649.3
16887	1249.5	1459.1	4610.4
14241	1262.7	1541.7	4915.9
9397	1247.9	1485.5	4693.6
13575	1250.5	1542.8	4746.4
8771	1246.6	1467.4	4714.3
22	1252.1	1567.6	4945.9
1983	1261.8	1472.8	4753.5
8574	1230.8	1428.5	4531.9
17296	1249.8	1481.1	4795.1
22995	1265.9	1472.4	4808.5
10418	1234.3	1445.1	4547.4
5894	1253.7	1505.5	4767.9
16380	1260.6	1546.9	4871.7
6523	1244.5	1530.5	4724.3
2896	1249.4	1490.3	4738.2
3515	1248.9	1574.7	5001.1
1820	1253.7	1509.7	4749.3
7997	1247.2	1445.7	4551.8
5158	1266.2	1559.2	5072.5
3822	1255.2	1509.9	4827.2
14192	1248.7	1453.9	4668.2
11841	1253.3	1519.9	4846.8
6408	1238.9	1457.5	4608.6
18662	1249.4	1461.1	4618.4
11255	1243.7	1445.5	4592.9
17692	1258.8	1546.2	4967.1
15171	1244.1	1518.8	4718.0
4937	1239.3	1437.1	4610.7
12902	1238.8	1509.2	4800.9
16035	1251.3	1518.9	4718.1
23109	1250.0	1524.1	4777.3
14298	1243.7	1502.9	4718.7
18204	1252.2	1486.4	4762.1
1743	1248.2	1506.8	4757.9
3608	1243.8	1491.0	4694.9
24817	1260.2	1487.1	4769.8
12798	1261.3	1530.9	4897.9
9573	1253.0	1476.5	4875.2
8369	1243.2	1493.5	4680.4
21085	1246.6	1515.0	4700.3
14695	1256.5	1527.5	4883.5
18747	1252.1	1464.6	4708.4
733	1260.5	1546.5	4835.2
20222	1263.4	1539.4	4868.6
3020	1258.3	1521.2	4811.2
7783	1260.3	1538.3	4947.0
337	1252.3	1505.5	4807.8
21598	1251.8	1507.8	4733.1
3916	1252.1	1471.3	4731.6
539	1250.0	1508.3	4736.1
11293	1255.7	1507.3	4786.3
16863	1247.6	1490.1	4715.8
15158	1256.0	1514.8	4745.1
13900	1251.4	1507.4	4713.1
18607	1249.3	1500.2	4799.1
15979	1252.1	1513.7	4832.4
4592	1251.4	1470.3	4753.8
24581	1254.5	1549.2	4798.7
1566	1252.3	1463.4	4738.3
24978	1253.1	1545.2	4829.3
14685	1250.4	1503.5	4750.0
5859	1243.8	1503.6	4697.1
15649	1256.3	1500.8	4821.9
21102	1248.5	1504.9	4790.9
12235	1255.4	1443.1	4660.8
24499	1257.6	1472.1	4770.4
1142	1245.9	1501.9	4776.7
976	1243.1	1467.1	4583.6
13421	1253.7	1517.8	4714.1
4444	1248.0	1464.9	4814.8
9536	1248.8	1499.7	4806.4
21306	1249.5	1490.7	4773.4
16054	1247.2	1502.7	4679.1
12601	1259.8	1494.1	4858.2
21694	1255.9	1486.3	4890.4
22208	1256.0	1547.2	4883.7
19074	1261.1	1561.6	4990.3
3813	1246.5	1469.0	4670.8
9418	1253.4	1503.5	4788.1
22381	1251.7	1481.9	4697.4
7890	1250.1	1460.3	4686.1
23097	1244.7	1501.6	4755.5
15261	1236.9	1481.1	4636.8
14209	1239.7	1519.3	4797.1
1674	1246.9	1440.1	4580.4
6527	1244.5	1472.3	4666.2
8418	1256.7	1514.3	4771.6
19094	1255.9	1551.4	4909.8
15763	1249.1	1545.5	4851.4
22678	1259.5	1457.3	4711.4
24508	1247.5	1498.4	4710.7
6780	1246.9	1484.3	4751.5
19475	1256.9	1431.6	4813.5
3151	1248.6	1457.0	4636.9
1922	1253.7	1487.0	4624.0
4237	1255.0	1489.4	4733.0
5726	1253.7	1483.8	4849.8
5092	1258.9	1496.3	4729.1
17009	1237.7	1449.7	4588.5
2845	1238.7	1456.3	4595.4
12016	1261.9	1526.3	4981.9
16353	1254.4	1489.5	4778.4
15676	1260.9	1582.5	4974.5
19897	1261.4	1633.6	5068.4
8891	1253.5	1477.9	4787.5
18495	1255.1	1490.5	4766.6
11698	1255.1	1525.5	4775.4
24912	1258.2	1514.4	4919.3
12333	1257.3	1524.6	4978.4
18194	1254.4	1461.5	4767.8
6566	1249.8	1526.2	4725.6
11153	1259.1	1485.7	4845.4
19457	1258.4	1505.7	4774.7
17164	1245.7	1460.2	4774.9
9151	1254.8	1492.6	4775.4
8402	1248.1	1497.5	4774.8
4416	1254.2	1504.8	4739.5
12129	1247.1	1501.0	4695.6
7213	1261.5	1521.3	4832.3
17739	1245.0	1494.2	4823.1
14728	1247.2	1469.0	4648.0
12521	1249.7	1512.4	4730.1
10611	1250.1	1507.7	4779.9
24341	1256.1	1496.7	4838.8
20362	1258.8	1539.1	4869.0
692	1256.8	1500.5	4781.6
13189	1249.3	1457.6	4723.8
19414	1253.0	1516.5	4771.4
9661	1252.9	1461.3	4644.7
6641	1248.0	1500.3	4790.4
2002	1253.0	1544.4	4858.5
21334	1260.8	1529.1	4976.0
18456	1267.4	1563.0	4993.7
11666	1252.1	1480.4	4772.4
1102	1258.4	1528.1	4760.9
15600	1247.1	1454.0	4715.6
24601	1263.1	1534.9	5001.2
22882	1246.4	1496.9	4691.2
13079	1240.9	1449.3	4610.7
24899	1247.5	1504.4	4711.7
2539	1246.8	1509.9	4657.7
18453	1251.5	1503.3	4780.5
11957	1246.7	1430.4	4637.5
13222	1254.8	1460.1	4758.6
17198	1250.5	1473.6	4663.4
14836	1250.9	1495.9	4843.4
23849	1245.1	1508.0	4750.5
10920	1251.0	1467.7	4696.8
24763	1240.2	1481.5	4639.3
24588	1255.2	1467.7	4748.3
16589	1240.6	1504.5	4590.0
12467	1252.1	1479.5	4713.6
13784	1246.5	1494.9	4760.4
21559	1246.0	1466.3	4660.6
19293	1253.5	1526.0	4828.9
619	1248.4	1474.3	4834.2
16866	1252.2	1530.5	4770.4
7099	1251.7	1521.1	4751.3
12810	1251.3	1465.1	4678.4
22504	1251.5	1504.8	4769.1
3375	1253.6	1464.1	4689.6
2106	1247.1	1506.2	4747.3
3506	1242.7	1463.9	4721.5
15315	1240.6	1432.6	4598.9
8483	1244.6	1477.8	4735.2
22224	1255.4	1438.2	4767.3
17232	1248.3	1515.0	4894.8
6519	1259.0	1569.0	4918.2
5388	1256.8	1552.3	5021.4
17175	1257.6	1546.8	4904.7
1428	1248.5	1471.9	4639.8
19254	1257.3	1534.6	4965.5
6445	1235.5	1436.0	4600.3
18778	1250.9	1489.7	4741.4
655	1263.7	1523.5	4875.8
18517	1240.0	1485.4	4652.1
21665	1243.6	1435.2	4650.6
13775	1254.3	1489.5	4806.4
24258	1245.3	1464.1	4644.4
491	1251.7	1461.1	4825.3
7745	1253.6	1517.5	4830.4
22709	1261.7	1526.2	4996.8
16593	1257.9	1465.0	4797.1
22510	1251.4	1544.5	4801.0
22500	1257.1	1511.1	4812.5
7019	1254.1	1517.1	4810.7
14182	1251.6	1485.7	4711.4
16164	1254.7	1498.2	4888.4
2726	1259.9	1533.4	4846.4
9709	1252.4	1469.5	4765.0
14952	1247.8	1502.5	4718.3
14091	1246.1	1480.0	4648.7
18527	1256.9	1471.8	4720.1
11682	1252.7	1531.0	4859.4
21518	1249.4	1499.6	4800.3
6498	1244.8	1485.4	4665.6
21251	1258.5	1526.8	4937.6
7570	1258.3	1548.6	4980.4
13561	1244.7	1454.2	4641.0
22482	1245.7	1459.4	4783.2
13763	1254.2	1510.0	4679.7
22922	1249.6	1492.0	4742.4
1648	1258.2	1516.1	4773.8
20371	1255.3	1477.4	4769.4
15768	1250.6	1505.9	4751.9
2653	1246.7	1488.6	4697.0
12424	1247.1	1465.5	4708.1
14365	1239.4	1455.6	4553.4
23707	1262.6	1511.7	4852.3
6315	1250.3	1511.9	4838.8
6636	1252.6	1571.5	4894.4
13853	1254.2	1525.3	4727.4
3232	1249.0	1499.5	4737.7
23716	1252.1	1465.2	4755.5
10298	1235.2	1452.1	4573.2
19063	1261.7	1514.9	4870.7
5589	1257.6	1492.9	4841.0
5518	1244.6	1479.2	4676.0
23158	1248.7	1471.8	4743.6
9597	1244.5	1474.5	4662.5
7731	1264.1	1548.1	4914.6
19455	1252.4	1497.4	4759.1
15667	1245.9	1452.0	4667.9
5721	1252.5	1513.2	4863.5
13912	1244.7	1457.0	4718.1
14147	1259.1	1468.9	4764.0
24014	1251.0	1444.6	4719.6
14020	1246.6	1491.1	4705.7
5329	1253.8	1480.8	4693.6
5231	1262.3	1511.5	4924.3
17317	1256.4	1472.7	4762.7
21970	1248.3	1522.7	4856.5
19922	1258.8	1507.6	4723.8
12595	1246.6	1556.7	4809.5
23683	1253.8	1492.1	4855.4
5224	1253.5	1547.5	5028.6
22979	1255.6	1516.3	4912.8
4469	1257.9	1515.2	4807.1
2011	1251.7	1502.0	4752.1
6606	1238.6	1413.1	4514.9
11506	1251.7	1482.2	4739.9
10505	1245.0	1480.8	4669.4
23394	1241.7	1465.0	4699.1
18367	1247.8	1487.0	4641.7
21891	1249.4	1522.7	4796.4
4987	1248.2	1460.4	4642.1
16656	1240.1	1447.5	4613.3
10800	1255.0	1549.5	4744.0
1266	1253.9	1496.3	4801.9
21920	1258.5	1557.5	4967.3
17850	1257.3	1513.6	4782.8
21319	1254.4	1466.6	4756.9
13764	1257.6	1547.2	4914.6
7001	1262.5	1555.9	5040.1
2457	1255.3	1523.9	4788.8
9272	1241.0	1506.6	4834.4
6151	1268.1	1503.4	4872.1
10875	1253.4	1468.9	4731.4
7909	1258.8	1506.1	4802.6
5052	1258.0	1480.6	4735.4
10063	1247.8	1489.9	4704.4
15201	1246.5	1469.2	4709.4
8528	1254.2	1488.4	4746.5
14627	1251.4	1510.0	4705.8
19534	1253.7	1486.4	4830.7
2822	1241.6	1510.3	4698.5
13758	1255.8	1475.9	4897.5
18871	1263.3	1557.2	4883.7
19283	1254.0	1539.3	4914.9
23025	1256.6	1488.6	4835.7
9818	1256.9	1480.4	4876.5
3336	1255.1	1509.2	4810.6
14294	1254.8	1482.7	4767.6
7201	1243.9	1518.0	4796.4
4282	1266.8	1532.7	4968.7
22876	1236.7	1452.3	4573.1
474	1248.8	1496.3	4743.1
21320	1242.8	1448.1	4642.4
10733	1248.8	1456.2	4699.5
22128	1242.2	1451.0	4889.4
5977	1243.3	1473.7	4625.8
20936	1250.2	1463.3	4662.0
12037	1244.8	1478.6	4688.4
15395	1268.1	1563.5	5002.4
24027	1246.8	1445.2	4690.2
16385	1257.5	1505.1	4812.0
24099	1246.9	1485.1	4684.8
16716	1253.8	1501.8	4870.7
19376	1246.8	1481.6	4685.5
18701	1250.2	1476.4	4728.8
23776	1259.6	1488.6	4808.3
4627	1245.7	1472.1	4784.6
8802	1250.1	1497.1	4724.0
23314	1253.7	1482.5	4843.5
15906	1255.1	1555.4	4874.9
1968	1252.5	1541.4	4804.0
10648	1253.8	1554.6	4845.0
18931	1247.2	1423.9	4614.3
6650	1240.1	1436.8	4580.6
20810	1244.8	1486.0	4765.6
13242	1270.8	1637.7	5473.7
1360	1243.2	1494.8	4687.1
10980	1252.2	1530.8	4767.6
10333	1250.1	1490.6	4785.0
24227	1255.4	1543.1	4801.8
20875	1250.5	1470.7	4745.5
19966	1249.9	1489.8	4722.6
8686	1253.4	1506.5	4731.8
11974	1254.1	1502.9	4802.7
22247	1242.2	1438.4	4644.2
22858	1250.8	1475.3	4764.3
14641	1250.1	1447.6	4685.7
10057	1254.9	1509.1	4797.1
797	1249.8	1512.1	4788.7
9516	1254.6	1502.0	4813.6
20008	1261.9	1464.9	4783.3
4208	1241.9	1474.8	4672.3
12694	1242.7	1441.1	4639.9
7488	1247.8	1497.6	4775.1
11007	1253.0	1482.9	4755.3
24196	1249.5	1477.4	4776.7
1097	1254.3	1548.6	4777.6
12974	1251.5	1500.6	4757.4
3037	1253.1	1511.9	4803.9
23901	1246.5	1420.6	4606.2
12918	1247.6	1449.8	4605.0
2427	1248.1	1444.0	4586.9
4029	1243.9	1504.2	4712.3
3108	1254.6	1519.6	4865.5
23831	1254.2	1494.7	4806.7
13946	1246.5	1470.8	4699.9
11374	1246.4	1458.6	4616.0
3455	1253.7	1536.9	4714.8
21618	1255.8	1552.3	4883.0
8672	1254.4	1513.5	4857.7
4453	1254.3	1561.4	4896.0
20152	1269.6	1566.5	4963.7
4349	1257.3	1518.1	4942.1
23390	1255.9	1536.2	4918.2
2383	1254.5	1513.1	4902.0
21343	1249.1	1490.0	4759.9
20204	1240.2	1505.6	4748.5
14458	1255.4	1492.8	4795.6
24688	1252.5	1492.9	4722.8
10662	1248.6	1480.4	4671.9
13544	1248.1	1546.2	4858.0
12979	1249.3	1476.2	4665.4
15053	1252.7	1493.0	4743.0
16965	1241.0	1481.5	4655.9
4326	1248.6	1529.3	4926.3
23463	1252.8	1468.5	4648.3
11329	1247.0	1446.0	4640.5
16561	1263.3	1521.6	4853.0
17820	1244.1	1475.4	4681.3
1976	1255.8	1498.7	4825.2
21757	1251.0	1447.5	4664.3
13414	1242.1	1451.6	4655.6
7871	1252.1	1496.0	4755.3
10391	1255.5	1550.0	4876.4
22355	1252.8	1488.2	4730.9
19531	1243.7	1474.1	4708.5
4570	1245.8	1497.8	4671.6
12588	1262.0	1495.7	4753.9
6769	1241.5	1458.7	4609.6
15519	1253.0	1515.9	4801.3
17550	1247.7	1482.1	4663.5
13680	1255.2	1534.5	4856.0
11533	1248.2	1462.4	4631.4
7165	1248.7	1508.7	4722.2
7676	1250.8	1481.4	4663.3
11166	1247.9	1427.2	4622.5
19532	1240.4	1429.2	4544.2
4482	1255.1	1468.1	4698.4
416	1249.7	1476.0	4754.1
8099	1239.5	1494.0	4693.0
17714	1249.7	1489.2	4726.9
24250	1250.2	1480.2	4673.9
11996	1246.5	1508.2	4685.2
18473	1249.7	1466.9	4705.5
7530	1258.9	1561.6	4893.2
18814	1244.1	1501.3	4668.7
24980	1265.7	1520.6	4892.8
9728	1251.4	1563.4	4858.0
7819	1248.5	1514.0	4734.0
11317	1256.7	1466.4	4755.6
22653	1243.5	1456.0	4609.9
14442	1244.7	1448.1	4610.4
10287	1255.9	1497.0	4813.6
17017	1242.3	1438.6	4616.7
13006	1259.6	1504.2	5005.4
14366	1250.3	1462.6	4697.6
16417	1251.3	1492.0	4667.9
13298	1252.0	1522.3	4779.9
13082	1247.5	1504.1	4753.4
21317	1261.0	1584.1	4926.7
3270	1242.2	1477.2	4729.9
7183	1257.5	1515.5	4794.1
17593	1254.6	1492.8	4657.3
11365	1250.0	1510.6	4810.3
3311	1243.7	1501.4	4610.9
22974	1243.3	1468.9	4635.4
23298	1242.4	1452.0	4685.3
18483	1253.9	1535.6	4873.9
3972	1243.5	1467.7	4638.4
16192	1250.7	1526.1	4894.2
20056	1253.5	1490.9	4685.2
21704	1248.7	1468.2	4787.2
7900	1259.4	1525.4	4826.8
8142	1252.0	1492.4	4771.5
3676	1251.4	1508.8	4780.8
8101	1253.1	1532.1	4734.0
1193	1245.2	1538.1	4799.8
14608	1248.0	1501.9	4792.1
14829	1255.8	1539.3	4989.3
469	1257.3	1516.9	4807.7
5191	1240.4	1432.3	4628.5
13275	1259.2	1517.5	4806.6
3790	1265.6	1585.0	4952.4
17500	1252.9	1521.0	4775.1
6576	1249.5	1490.2	4748.5
17869	1244.1	1458.6	4661.5
23549	1255.2	1514.7	4815.3
