53366	2071.6	2341.9	16928.0
39179	2072.4	2345.1	15945.5
11251	2074.5	2293.0	15919.0
21251	2091.0	2326.3	16316.6
80098	2087.9	2354.2	16660.8
37717	2063.7	2255.9	15952.2
29222	2078.9	2326.9	16452.7
22403	2072.5	2348.3	16213.8
64576	2069.6	2297.2	15914.7
10800	2077.2	2356.3	16221.2
35793	2083.7	2334.0	16452.9
36937	2066.7	2313.7	15988.9
85225	2099.9	2408.9	16848.1
10222	2068.7	2333.9	16315.5
73053	2084.3	2316.6	16449.8
15145	2089.3	2358.3	16564.7
72138	2069.9	2278.6	16030.8
86445	2069.7	2285.9	16228.9
20590	2079.6	2306.6	16075.3
89146	2076.8	2282.3	16216.1
48486	2083.2	2328.2	16230.9
85210	2083.2	2325.9	16205.3
68425	2088.9	2318.5	16394.2
88590	2065.0	2225.3	15780.8
78593	2076.8	2278.6	16294.2
29081	2072.6	2336.6	16272.7
24783	2073.3	2301.9	15870.0
63814	2073.6	2324.5	16233.1
44097	2091.4	2319.4	16681.4
84345	2082.7	2343.9	16617.2
36115	2098.7	2349.6	17092.7
48732	2079.5	2302.5	16219.6
21659	2084.0	2360.7	16970.6
10354	2088.4	2380.7	16421.1
58640	2092.2	2327.6	16585.1
14992	2085.1	2280.1	16043.9
8630	2075.8	2323.3	16086.9
27844	2078.7	2317.6	16207.5
88862	2082.3	2301.2	16438.1
5166	2062.1	2253.8	15646.5
79259	2084.5	2334.1	16687.4
51364	2079.2	2313.6	16187.8
3000	2081.3	2327.3	16297.3
29883	2094.5	2321.4	16285.2
28844	2082.6	2347.9	16289.9
52098	2087.7	2295.8	16392.2
87963	2067.8	2295.5	16127.8
22222	2079.9	2340.2	16052.9
51203	2081.4	2308.3	16166.6
45212	2093.9	2357.5	16528.9
49814	2083.9	2284.7	16129.4
45417	2082.5	2327.1	16390.6
89238	2090.5	2373.0	16690.3
51475	2064.3	2233.3	15780.0
62197	2068.3	2259.5	16115.2
86235	2071.0	2274.2	15945.5
22560	2087.1	2341.7	16268.4
2491	2091.1	2362.7	16429.1
83536	2070.3	2286.0	15841.2
44294	2076.4	2336.3	16553.1
75209	2064.3	2206.9	15555.8
38207	2077.3	2313.7	16226.2
19877	2082.7	2372.3	16993.9
53514	2080.5	2330.8	16135.2
61355	2079.3	2279.6	16196.5
4056	2071.0	2309.0	16126.5
4282	2073.9	2330.0	16384.4
29871	2096.4	2281.4	16244.6
28075	2077.0	2364.6	16513.3
24565	2071.6	2273.2	16042.4
3995	2084.1	2313.6	16316.3
197	2065.4	2292.3	15978.1
9787	2076.4	2333.3	16069.2
5851	2093.6	2298.1	16480.9
67403	2089.2	2323.9	16496.1
66608	2077.2	2348.6	16177.8
76380	2069.6	2344.1	16246.4
27938	2091.8	2345.3	16552.6
87800	2087.6	2319.4	16521.0
74259	2072.9	2311.9	16205.6
51161	2089.6	2351.0	17086.0
55771	2073.9	2404.6	16427.8
26604	2081.2	2371.9	16386.2
15861	2089.2	2293.1	16375.3
30674	2089.6	2329.3	16436.7
28348	2064.7	2300.5	15864.4
40136	2087.9	2343.7	16652.8
80614	2079.2	2348.6	16389.0
75754	2077.4	2277.8	16408.4
37348	2081.8	2370.4	16537.8
37380	2099.6	2325.5	16604.5
76102	2097.4	2337.4	16709.9
67001	2076.4	2292.4	16474.8
73549	2095.2	2378.2	16688.7
26153	2092.7	2376.4	16735.8
24034	2071.3	2295.4	15856.2
13952	2066.4	2269.4	15915.4
89028	2070.5	2281.4	16236.6
63426	2073.8	2367.5	16251.6
76703	2100.7	2330.3	16806.3
37982	2075.3	2324.4	16491.9
16505	2082.2	2342.8	16222.6
6133	2081.9	2299.2	16336.9
55314	2077.6	2305.0	16469.3
44100	2096.1	2345.0	16430.0
15973	2081.5	2330.9	16393.4
52562	2097.6	2362.2	16524.1
14809	2065.9	2359.3	16091.7
24651	2066.9	2332.9	15991.3
42782	2087.3	2374.7	16754.9
16010	2083.5	2349.7	16456.1
53799	2088.8	2283.3	16285.4
43411	2090.5	2332.6	16467.5
57568	2081.6	2321.0	16392.9
11558	2068.3	2323.3	16080.5
19717	2069.5	2280.2	15920.9
48883	2077.1	2367.4	16387.1
83048	2079.5	2334.1	16437.2
66860	2084.7	2305.9	16534.7
45666	2086.5	2308.3	17002.9
55164	2075.6	2330.9	16434.5
4976	2076.5	2320.4	16113.8
31858	2073.7	2391.5	16448.6
30317	2087.1	2322.3	16442.4
40433	2079.2	2367.8	16104.3
57582	2074.6	2328.0	16386.4
51379	2079.2	2317.3	16226.3
67675	2074.3	2302.1	16028.1
21299	2083.0	2369.1	16502.5
30154	2064.1	2302.2	16290.0
50068	2086.7	2315.2	16417.1
135	2076.2	2306.3	16043.0
9991	2071.8	2333.3	16258.8
39644	2073.1	2260.2	16075.3
19506	2082.5	2305.0	16329.6
28909	2082.3	2291.9	16236.6
111	2072.6	2320.2	16331.8
62105	2092.2	2295.8	16281.1
56719	2080.2	2307.6	16241.7
58282	2082.0	2336.2	16488.2
72873	2075.5	2320.2	16210.5
35098	2074.7	2310.9	16219.3
8355	2069.7	2308.7	16026.9
2823	2080.2	2376.2	16322.0
5178	2085.3	2339.9	16282.0
10387	2085.8	2306.5	16190.9
54256	2060.3	2275.1	15915.0
42389	2073.4	2302.1	16014.1
61447	2093.5	2354.1	16370.5
50679	2074.4	2324.9	16317.9
79679	2053.9	2224.8	15569.4
48728	2082.4	2302.4	16352.1
55061	2094.5	2344.8	16667.3
78040	2071.2	2315.7	16113.9
22789	2082.9	2327.1	16505.8
40547	2109.5	2377.5	17128.8
50804	2084.2	2315.8	16332.6
57847	2079.8	2328.9	16362.4
22436	2070.9	2304.3	15966.1
41016	2068.5	2335.1	16106.6
11825	2091.8	2330.8	16239.4
86740	2088.9	2280.7	16149.2
42328	2076.2	2275.5	16083.5
85857	2078.4	2305.0	16325.6
33958	2075.0	2284.7	16021.0
63453	2067.3	2297.4	16611.3
1041	2062.1	2272.8	15800.3
84394	2084.1	2305.7	16292.2
16608	2092.1	2324.3	16391.4
55587	2094.1	2362.1	16910.3
53955	2080.3	2369.5	16461.5
9168	2071.2	2316.9	16071.4
64740	2075.2	2296.3	16156.8
53633	2074.9	2309.0	16275.0
61422	2076.4	2297.9	16504.8
21758	2094.7	2399.3	16728.9
36771	2083.2	2309.8	16371.0
43250	2094.2	2355.2	16442.7
41276	2088.5	2386.4	17015.5
85985	2075.4	2303.2	16022.1
9075	2071.3	2297.6	16255.1
20710	2083.9	2352.2	16558.0
41705	2076.5	2273.4	16280.0
3819	2084.0	2345.6	16407.0
46257	2058.7	2238.2	15617.4
77919	2070.4	2266.6	15880.1
45338	2068.1	2345.1	16003.5
5750	2086.2	2378.9	16419.5
9053	2094.1	2369.7	16484.1
65008	2080.1	2293.1	16142.3
13840	2080.9	2374.4	16370.2
7344	2072.9	2339.1	16377.8
71317	2085.8	2351.9	16373.7
53192	2077.0	2319.8	16463.2
5248	2095.0	2394.6	16782.3
14774	2066.6	2286.2	16058.9
58164	2065.6	2308.2	16098.7
33101	2068.1	2287.0	15876.9
14542	2078.2	2350.9	16117.3
48210	2067.8	2285.5	15859.0
79071	2078.7	2328.3	16116.6
12743	2062.9	2239.8	15754.0
9196	2104.9	2343.5	16655.7
10621	2071.6	2267.4	16164.9
87131	2076.4	2290.1	15888.1
64854	2077.0	2298.2	16203.1
63726	2080.5	2309.9	16143.3
60771	2086.3	2276.8	16104.6
86336	2084.0	2351.3	16553.0
75036	2065.4	2279.5	16094.4
86593	2087.5	2340.3	16630.9
77486	2082.4	2281.4	16274.0
79366	2080.1	2334.4	16540.0
86036	2090.1	2344.8	16471.2
46953	2081.6	2333.1	16367.6
12792	2089.0	2365.9	16708.3
59718	2069.5	2285.7	16041.6
54190	2091.1	2292.1	16505.1
41088	2107.4	2416.7	17472.4
84236	2075.2	2264.7	15934.3
83306	2079.2	2291.7	16249.0
15551	2082.8	2332.7	16366.3
75006	2078.7	2315.5	16186.8
37404	2080.0	2363.4	16999.8
62820	2091.0	2313.4	16335.6
36841	2073.8	2298.3	15972.1
11281	2086.6	2311.9	16480.5
33055	2082.5	2305.0	16160.5
51265	2076.8	2325.2	16362.0
56166	2061.3	2289.5	15929.1
38438	2090.1	2352.8	17247.4
73697	2062.1	2303.0	16131.8
88135	2086.8	2299.7	16243.4
6642	2074.0	2310.7	16273.9
38555	2076.9	2286.9	16140.8
70434	2079.5	2269.5	15930.9
24248	2076.7	2302.4	16023.3
8371	2082.5	2314.4	16360.6
54859	2092.0	2376.0	16660.0
14617	2072.1	2311.8	16430.3
76273	2075.1	2342.4	16241.7
30239	2077.2	2325.0	16386.5
49639	2078.3	2291.4	16078.9
68114	2085.0	2321.5	16525.3
43134	2090.4	2350.6	16431.3
45438	2100.5	2337.3	16661.2
84278	2074.4	2250.2	16062.0
3525	2089.3	2330.7	16540.0
63612	2078.7	2330.2	16177.0
23889	2084.7	2372.3	16569.9
27102	2065.2	2254.7	15925.8
21707	2097.0	2391.5	16896.5
1947	2098.8	2359.8	16669.8
85289	2092.1	2351.4	16812.2
3793	2084.7	2322.6	16522.7
48927	2057.3	2267.1	15991.6
80189	2095.2	2341.1	16429.2
81686	2085.4	2322.9	16536.1
32255	2072.0	2249.5	16011.9
39994	2085.0	2309.3	16294.6
20589	2074.8	2354.7	16535.6
37839	2069.1	2323.7	16062.3
10205	2087.7	2316.6	16426.1
24775	2073.7	2369.7	16277.2
67807	2089.7	2331.5	16443.0
1712	2073.9	2297.7	15972.4
83368	2083.2	2321.4	16562.3
66976	2080.7	2329.0	16559.8
28782	2072.7	2311.0	16044.5
78079	2072.7	2328.3	16378.4
39696	2083.4	2345.3	16733.2
55963	2087.5	2410.6	16761.9
2962	2093.6	2408.9	17754.3
13960	2080.8	2322.4	16196.6
84477	2070.8	2289.8	16394.0
9938	2079.5	2292.4	16082.1
78232	2070.5	2310.2	16086.3
15787	2079.0	2338.2	16520.6
13637	2071.1	2313.2	15989.2
88350	2083.2	2293.2	16245.0
85106	2083.2	2323.9	16411.9
84766	2081.2	2293.8	16220.6
32461	2073.6	2339.5	16127.9
33566	2072.0	2277.4	16015.0
61061	2082.1	2356.1	17810.6
34532	2081.0	2351.7	16686.3
49993	2060.7	2240.2	15736.0
51935	2080.7	2304.6	16112.2
16549	2098.7	2383.5	16675.2
3208	2075.9	2356.4	16783.5
33758	2088.4	2315.6	16289.4
7880	2073.2	2331.4	16060.7
60134	2096.8	2280.7	16448.3
62286	2084.3	2315.5	16225.2
72347	2095.5	2382.2	16713.0
70715	2068.0	2256.2	15913.2
47801	2080.9	2282.5	16034.5
73959	2061.4	2275.8	16052.6
22205	2086.0	2336.7	16519.2
7873	2060.7	2275.4	15915.8
43989	2079.8	2313.6	16230.0
5630	2075.5	2326.8	16078.2
65304	2080.6	2351.2	16275.1
32887	2096.6	2374.4	16734.8
64106	2082.9	2287.4	16397.2
41039	2102.2	2390.3	17132.4
42058	2073.9	2299.3	16194.3
75775	2068.7	2264.1	16100.8
21204	2072.9	2282.6	15823.1
32631	2085.5	2340.8	16415.6
64346	2076.9	2257.3	16014.5
20190	2076.6	2306.8	16281.1
50665	2082.9	2326.9	16455.6
51361	2077.1	2342.8	16398.4
65835	2062.4	2310.7	15775.7
75758	2071.6	2340.1	15926.3
36509	2085.5	2356.4	16691.9
65631	2081.3	2334.1	16486.2
45409	2077.2	2304.9	16301.1
89413	2086.7	2338.4	16722.3
82816	2086.7	2338.4	16410.2
87781	2074.9	2304.0	16207.9
16309	2071.4	2271.9	15979.8
28551	2080.1	2320.8	16516.5
30042	2098.4	2357.6	17088.1
36614	2075.5	2332.1	16310.5
4135	2074.5	2346.3	16328.7
80646	2076.9	2300.5	16080.4
55051	2105.8	2369.1	16831.8
8757	2071.5	2333.3	16194.7
44723	2073.1	2300.7	16224.3
86910	2076.1	2312.2	16153.2
66024	2068.7	2319.1	16101.9
77837	2078.2	2297.3	16207.0
13337	2086.0	2365.7	16358.1
38495	2073.2	2323.8	16217.2
60087	2075.8	2326.4	16361.7
27769	2091.0	2351.4	16382.8
87143	2085.6	2335.2	16348.0
6303	2084.9	2339.9	16634.5
75253	2069.6	2250.3	15832.1
58811	2070.5	2238.1	15946.9
65188	2076.4	2331.8	16312.3
33447	2068.5	2232.6	15642.4
31694	2068.0	2205.5	15754.2
83314	2090.6	2325.2	17029.2
80266	2075.8	2318.3	16369.5
50407	2078.7	2307.2	16102.3
37355	2077.8	2327.0	15969.3
10645	2073.5	2374.6	16376.3
79212	2069.1	2255.1	15822.2
52643	2097.6	2375.8	16809.2
18724	2066.5	2305.6	15897.4
4768	2074.7	2296.7	16237.2
88678	2072.5	2327.3	16018.4
36523	2076.2	2278.9	15980.1
27231	2094.2	2415.7	16766.4
7564	2077.8	2319.0	16292.5
2094	2075.7	2257.9	15687.0
45205	2069.0	2280.8	16151.0
72065	2097.6	2343.9	16695.2
48654	2070.6	2314.7	15969.4
877	2055.0	2294.4	15830.2
12980	2079.9	2333.6	16347.9
78464	2093.0	2343.8	16783.5
61863	2076.0	2292.6	16369.3
34042	2069.1	2333.5	16603.0
56892	2098.4	2374.1	16539.0
1439	2069.1	2238.8	15960.5
80954	2084.5	2332.7	16189.9
45571	2087.1	2326.7	16437.0
73960	2071.9	2323.6	16002.0
61184	2076.7	2293.7	16178.9
55490	2074.6	2287.6	16074.7
57531	2079.7	2296.8	15946.8
59644	2086.4	2373.8	16603.0
28969	2077.5	2304.6	16558.3
38877	2085.5	2347.6	16486.3
42576	2108.4	2414.0	17160.6
2699	2075.8	2308.6	16171.5
8786	2069.3	2275.9	16023.1
56915	2072.6	2301.9	16291.1
83108	2075.8	2333.2	16182.6
59794	2063.6	2284.9	15999.5
30542	2093.7	2332.2	16545.3
86025	2078.5	2288.7	16026.2
82613	2072.4	2249.5	16162.6
62290	2050.4	2270.1	15932.6
64007	2066.8	2244.7	16095.9
55305	2077.2	2280.5	16168.9
43005	2092.6	2386.4	16553.0
62460	2060.1	2250.0	16078.2
3509	2068.4	2336.3	16371.7
34942	2086.5	2303.3	16187.3
32348	2039.7	2243.9	15428.8
67276	2092.9	2377.0	17454.3
80290	2080.7	2261.1	16084.4
9472	2084.4	2328.9	16246.4
89706	2096.6	2328.2	17149.3
10175	2076.9	2359.1	16334.6
17587	2090.0	2358.1	16548.8
16268	2086.9	2385.7	16677.1
38284	2060.8	2239.7	15669.6
59086	2076.2	2328.3	16121.4
7019	2074.2	2316.5	16123.5
3026	2085.9	2314.5	16519.5
36892	2066.5	2289.2	15837.2
40031	2069.6	2289.3	16055.4
70552	2083.2	2299.8	16000.6
73653	2078.4	2274.7	15924.5
43360	2105.7	2421.6	17261.2
4249	2082.9	2242.1	16360.8
10462	2088.0	2293.1	16323.5
14028	2087.4	2335.8	16541.1
3302	2086.2	2336.5	16856.8
80283	2091.0	2313.3	16619.7
27872	2094.2	2372.5	16430.8
34313	2076.4	2317.0	16361.8
77585	2069.7	2255.9	15744.8
73080	2053.3	2249.0	15597.7
17285	2082.9	2335.1	16386.0
38628	2082.6	2335.7	16593.3
48470	2078.6	2303.3	16246.0
78164	2069.1	2282.7	16030.6
14899	2079.1	2306.7	16535.4
76861	2094.6	2339.2	17221.5
59498	2088.0	2371.3	16659.3
84874	2058.1	2270.2	15846.9
67857	2061.3	2284.4	16025.3
82333	2070.6	2304.7	16208.4
80233	2059.6	2252.8	15691.2
66881	2095.1	2334.2	16753.5
33842	2084.1	2315.3	16716.0
666	2094.2	2368.8	16815.0
81194	2080.8	2312.8	16622.9
28525	2085.6	2368.4	16647.5
32611	2084.2	2347.1	16587.9
31050	2087.4	2379.0	16587.2
87477	2072.5	2302.5	15884.0
73705	2085.1	2308.4	16383.5
55666	2082.8	2318.2	16161.4
53733	2076.3	2306.2	16225.6
26351	2076.6	2318.2	16452.5
9364	2085.3	2343.5	16451.0
84275	2063.0	2270.9	15942.0
39972	2081.4	2268.5	16175.2
73030	2080.5	2354.3	16649.9
13339	2078.9	2288.7	16227.4
65279	2085.1	2301.7	16423.7
80337	2085.4	2380.0	16689.4
29715	2075.3	2312.6	16297.3
48535	2086.5	2308.8	16175.3
33677	2064.4	2225.9	15894.0
63984	2091.5	2329.4	16366.5
40404	2071.0	2281.0	16168.4
7532	2083.4	2317.3	16084.6
78940	2076.6	2291.5	16094.1
15314	2075.5	2292.8	16223.6
24218	2082.9	2280.2	15909.4
44222	2073.9	2234.7	16010.2
28577	2093.7	2354.0	16914.2
10565	2078.0	2301.9	16039.0
20074	2084.5	2317.2	16102.6
31413	2083.7	2359.6	16744.4
78873	2078.6	2287.2	16251.1
78744	2083.2	2321.4	16348.1
33507	2084.2	2304.2	16825.6
52803	2080.1	2339.7	16435.3
43059	2061.9	2304.1	16049.8
21446	2068.4	2318.0	15932.7
89674	2072.2	2267.4	15998.9
9688	2089.0	2322.9	16047.5
27549	2071.4	2259.4	16069.4
80468	2088.6	2324.2	16657.9
73158	2087.4	2383.4	16831.7
84408	2092.1	2350.8	16511.3
84220	2099.8	2365.1	16635.5
38520	2083.5	2304.2	16294.9
58772	2069.0	2274.5	15940.1
31788	2062.5	2251.2	15961.4
63906	2072.8	2280.8	16114.8
5213	2085.3	2329.3	16365.5
78316	2069.9	2246.6	16072.0
2545	2086.8	2309.5	16270.4
38741	2080.3	2343.8	16246.9
64361	2084.6	2311.7	16432.2
69143	2088.7	2316.6	16413.7
1914	2085.6	2346.2	16464.0
41597	2061.4	2253.6	15947.0
30205	2082.5	2281.2	16167.1
32368	2082.6	2312.8	16411.1
26419	2088.7	2379.3	17224.6
87981	2067.5	2241.6	15664.2
10698	2070.1	2273.8	16021.8
42157	2084.4	2327.7	16227.8
44885	2065.1	2284.0	15881.1
20570	2091.2	2387.3	16526.1
47858	2068.6	2302.9	15904.8
81772	2072.6	2276.2	16085.8
34473	2077.0	2323.7	16355.9
21252	2074.5	2329.5	15849.5
76628	2072.7	2266.3	16133.9
11249	2079.1	2303.0	16134.8
48063	2068.1	2293.5	15961.5
13232	2074.7	2291.8	16155.5
77841	2090.4	2319.8	16272.2
50101	2067.9	2290.1	15952.8
57188	2079.5	2320.4	16466.3
31098	2075.6	2337.6	16246.8
83315	2093.0	2308.0	16323.8
7992	2061.5	2273.9	15742.4
48799	2090.9	2320.0	16642.0
51788	2070.7	2283.6	15908.8
21859	2084.7	2311.5	16253.1
44871	2077.7	2348.2	16547.1
69698	2082.7	2336.3	16399.8
26553	2074.9	2283.6	15943.3
79275	2072.4	2321.3	16368.1
88241	2095.5	2360.3	16694.3
77651	2070.0	2295.1	15923.6
36066	2086.3	2355.9	16580.8
56950	2080.8	2322.4	16339.1
49758	2086.6	2319.1	16378.3
65514	2061.0	2281.6	16149.5
45415	2053.7	2270.4	15915.3
23739	2081.5	2356.3	16309.5
67866	2097.8	2400.9	16883.8
22597	2072.4	2310.3	16111.4
18464	2067.4	2343.0	16856.5
83823	2098.6	2371.2	17111.1
69766	2071.1	2264.7	16064.9
25622	2080.7	2278.3	16191.7
30731	2072.3	2332.2	16340.2
37564	2066.1	2291.6	15838.0
58193	2066.8	2304.7	16161.8
55880	2094.5	2390.2	16620.5
10490	2071.4	2287.7	15955.7
38311	2091.6	2335.1	16610.4
55646	2087.9	2292.6	16525.5
11575	2079.9	2290.3	16043.4
7105	2082.3	2323.2	16218.6
55726	2074.9	2275.0	16041.4
42820	2079.0	2324.3	16318.9
83805	2075.9	2325.6	16356.2
66807	2100.2	2361.3	16539.2
18925	2060.8	2291.3	15759.4
6271	2077.2	2325.2	16277.2
89290	2083.8	2338.7	16471.9
89940	2071.2	2274.4	15996.7
73349	2089.2	2291.3	16336.8
51700	2076.6	2282.1	16258.2
30982	2071.0	2320.9	16169.3
54530	2092.1	2355.5	16592.4
40767	2062.2	2278.8	16214.5
35554	2079.1	2353.2	16425.9
62975	2072.5	2354.0	16108.6
10454	2073.2	2312.7	16408.5
78430	2074.0	2338.1	16319.5
12781	2066.3	2330.1	16116.4
66780	2071.9	2279.2	15954.3
38693	2078.6	2301.6	16133.5
6173	2075.8	2313.1	16065.7
46172	2066.3	2313.2	15957.1
16245	2081.1	2340.8	16559.1
7300	2070.5	2290.2	15848.0
80854	2083.0	2310.3	16267.5
6869	2075.5	2311.4	16067.4
86719	2067.5	2269.2	15837.5
10086	2073.9	2308.0	16091.3
55422	2081.6	2332.9	16325.9
13990	2088.1	2350.8	16300.0
15399	2060.4	2203.7	15598.1
68488	2083.4	2322.8	16182.7
60732	2070.4	2281.2	16031.7
71734	2058.0	2222.2	15967.2
71159	2083.6	2293.4	16238.6
79526	2085.3	2320.2	16558.9
15363	2085.2	2313.9	16345.0
46138	2061.9	2292.3	16075.0
26977	2077.4	2290.6	16162.3
87200	2084.8	2375.3	16935.0
51462	2066.0	2272.9	15972.6
19911	2086.2	2363.7	16657.3
81260	2074.6	2316.4	16266.4
33487	2090.1	2365.4	16741.3
55216	2083.0	2291.4	16355.4
669	2083.5	2333.3	16439.7
70262	2071.7	2305.2	16145.8
63601	2069.9	2293.8	16143.2
40408	2080.0	2290.8	16218.6
66456	2076.5	2275.4	16179.9
5685	2086.7	2363.0	16701.8
32249	2062.1	2335.1	16332.5
49883	2098.4	2358.2	16997.9
59099	2066.4	2320.9	15817.1
80916	2062.8	2247.9	15867.3
48834	2077.5	2303.8	16321.1
51731	2066.3	2347.0	16143.5
64858	2065.1	2258.9	15755.6
74112	2079.5	2327.2	16238.3
4887	2075.1	2278.8	16089.2
63676	2084.0	2353.4	16423.4
86662	2082.3	2302.2	16375.5
26896	2077.0	2337.3	16366.2
58952	2085.4	2325.1	16401.1
42680	2089.5	2334.4	16719.1
159	2090.1	2388.8	17045.9
54945	2077.5	2299.9	16211.1
63123	2087.1	2280.0	16175.7
8191	2070.6	2307.2	16422.7
70266	2069.7	2298.2	16085.6
62990	2074.2	2272.8	16121.7
35571	2090.8	2324.1	16442.4
65607	2072.6	2306.3	16492.7
70356	2074.5	2352.2	16410.5
63808	2085.9	2280.1	16126.2
56509	2077.2	2269.7	16194.2
10883	2090.3	2318.9	16603.7
17744	2092.5	2395.3	16578.2
50118	2075.7	2353.9	16129.9
70679	2066.1	2286.4	15959.7
766	2081.7	2345.1	16545.9
84048	2070.5	2298.6	16219.3
23771	2076.9	2276.6	15907.7
47298	2087.4	2364.9	16669.1
55189	2082.7	2369.7	16435.8
79532	2090.1	2304.7	16362.7
66888	2093.3	2345.7	16821.8
11357	2062.2	2286.6	15626.6
44943	2082.6	2312.0	16446.4
49807	2074.7	2333.6	16252.8
1193	2071.8	2324.6	16114.2
5558	2083.7	2324.9	16349.7
2047	2062.5	2276.7	15682.7
48014	2072.3	2298.4	16020.8
19111	2071.0	2298.5	16303.2
89856	2084.1	2347.7	16317.4
59755	2092.9	2349.0	16562.8
79848	2071.8	2273.2	15953.4
79872	2072.5	2246.0	15837.3
68747	2096.4	2345.7	17106.1
32711	2069.7	2272.4	16039.6
57534	2078.4	2322.5	16344.4
65284	2083.5	2269.0	15920.7
44001	2090.1	2358.1	16773.6
12631	2075.5	2288.2	16231.1
74258	2069.0	2283.7	16255.7
57055	2090.4	2343.8	16625.0
8499	2067.0	2212.3	15863.6
57516	2075.8	2352.6	16312.4
65748	2076.8	2294.6	16209.1
37058	2108.5	2412.9	17032.0
40296	2082.8	2351.0	16457.9
68412	2087.4	2329.8	16577.5
62215	2072.0	2245.0	16117.1
73052	2075.4	2308.8	16344.7
39468	2074.7	2335.5	16226.9
34950	2076.8	2307.2	16115.5
86726	2081.0	2354.8	16956.3
35368	2073.4	2309.1	16064.6
18839	2066.3	2295.1	16027.6
35069	2083.6	2286.0	16201.3
26888	2082.0	2308.2	16373.0
6186	2078.0	2276.7	16415.1
45597	2080.5	2307.3	16038.4
72641	2088.5	2326.7	16530.6
83177	2072.8	2326.9	16072.1
58027	2097.5	2297.7	16437.7
28492	2089.8	2328.9	16579.9
44511	2078.7	2320.7	16449.7
11290	2078.9	2323.9	16240.7
366	2083.3	2325.6	16282.1
79234	2079.6	2297.6	16346.6
82638	2081.1	2307.6	16590.0
4022	2077.5	2308.5	16228.4
15525	2077.8	2359.5	16294.8
29427	2068.1	2277.4	15807.1
12922	2082.3	2285.7	16124.7
15262	2091.7	2336.4	16179.1
40456	2083.8	2339.4	16434.6
48731	2082.7	2332.8	16470.7
9167	2089.7	2336.5	16530.3
87032	2081.3	2360.8	16547.9
14983	2091.9	2307.4	16726.5
74428	2091.1	2342.6	16458.7
71341	2080.5	2278.6	16422.2
40611	2082.8	2313.2	16272.4
4073	2067.4	2323.3	16209.5
33111	2084.3	2340.1	16527.9
84972	2079.4	2286.8	16259.8
22021	2078.8	2326.0	16293.3
86103	2067.7	2279.7	16051.5
15208	2063.0	2287.5	15649.3
71178	2057.3	2264.7	15796.2
62649	2074.2	2287.1	16177.2
31330	2074.5	2300.1	16096.0
63204	2071.9	2344.5	16680.8
78397	2069.9	2370.9	16284.2
65164	2081.6	2334.3	16330.4
80268	2084.4	2314.0	16400.8
19099	2082.1	2314.1	16330.2
81028	2074.1	2304.6	16283.1
36054	2065.1	2252.7	15886.2
52415	2089.1	2354.6	16666.1
4241	2087.6	2356.0	16438.4
37871	2076.3	2336.5	16315.6
9731	2074.5	2278.7	15802.0
33434	2086.3	2345.3	16466.7
85575	2072.2	2303.9	16234.4
65722	2074.9	2278.4	16165.9
86965	2074.5	2256.2	16282.5
12689	2082.8	2331.8	16386.8
34643	2074.6	2303.2	15975.7
35769	2087.2	2327.3	16538.5
31806	2090.1	2382.1	16697.2
14166	2059.1	2256.6	15779.3
44230	2087.5	2277.1	16251.9
58252	2073.7	2297.8	16000.2
59945	2082.1	2275.3	16191.9
14327	2079.4	2340.0	16132.8
1505	2084.2	2342.9	16134.7
12420	2084.5	2272.0	16253.0
30664	2072.5	2284.8	16152.4
74337	2075.3	2295.6	16188.3
65798	2068.1	2282.4	15913.9
42332	2046.4	2275.1	15463.5
12380	2086.9	2363.9	16514.1
15179	2093.0	2365.9	16498.8
31618	2081.0	2314.8	16208.8
77598	2067.7	2288.0	16123.0
26404	2076.5	2317.6	16423.0
51057	2088.2	2302.3	16367.7
50595	2078.3	2332.0	16355.4
25465	2069.8	2318.8	16091.1
62934	2077.2	2305.6	16076.2
21037	2075.7	2344.7	16470.2
11602	2083.1	2318.8	16202.8
88476	2086.6	2359.3	16496.4
23806	2067.1	2273.7	15965.5
85234	2093.2	2286.1	16382.3
7170	2078.8	2320.3	16169.0
67610	2077.9	2305.9	16320.7
33290	2074.4	2300.3	16318.9
63548	2063.8	2280.2	15858.6
73555	2074.7	2280.7	16245.2
74380	2077.6	2318.0	16437.7
67737	2076.9	2360.2	16479.4
48586	2072.8	2297.8	16128.3
50466	2083.1	2307.8	16364.7
89160	2072.8	2350.0	16293.7
50082	2074.5	2311.9	16235.0
68134	2083.3	2335.0	16311.4
13218	2087.5	2360.9	16392.9
36827	2092.2	2341.6	16346.0
37940	2075.6	2286.8	16309.2
26829	2078.6	2292.2	16209.4
23548	2092.0	2342.0	16872.3
1473	2067.6	2257.5	16394.7
51618	2089.7	2286.9	16438.7
8918	2068.0	2249.0	15873.4
50032	2104.8	2370.5	16948.4
39046	2085.9	2363.0	16642.9
22678	2061.8	2283.0	16097.8
82473	2072.0	2283.5	16110.1
57686	2078.5	2279.5	15924.1
85753	2090.8	2365.0	19295.6
69744	2081.3	2280.6	16319.7
81955	2077.2	2307.3	16369.9
37691	2072.7	2245.0	15768.7
47914	2068.7	2286.3	16255.8
50055	2087.7	2344.9	16586.3
751	2070.4	2401.4	16356.3
67296	2085.0	2322.5	16429.1
61520	2082.9	2293.5	16116.4
11516	2078.1	2304.0	16202.2
54152	2088.8	2351.4	16606.8
12328	2074.9	2297.1	16250.1
72628	2081.1	2285.9	16059.5
80320	2069.1	2289.2	15994.2
58502	2091.7	2357.7	16691.5
51531	2064.9	2337.1	16390.6
55241	2096.4	2332.7	16878.6
26559	2069.2	2316.7	16042.6
76548	2083.9	2324.3	16872.8
75966	2069.8	2298.0	16210.3
65459	2063.4	2293.0	15966.8
5294	2086.4	2331.3	16202.0
337	2074.1	2323.6	16121.4
16096	2080.0	2267.2	16252.1
88719	2102.6	2337.1	16641.7
80651	2069.3	2286.1	16133.9
6225	2083.0	2280.7	16195.7
10996	2072.8	2321.1	16027.4
1059	2070.9	2319.9	16163.5
73218	2073.7	2317.3	16454.1
5580	2089.2	2403.8	16734.5
10128	2094.3	2384.9	16528.4
38024	2088.4	2379.9	16411.9
1152	2079.0	2323.6	16366.1
88611	2057.7	2277.5	16045.0
78385	2072.3	2309.1	16156.4
86911	2086.1	2322.5	16859.0
31077	2110.7	2404.6	17054.2
42691	2088.2	2303.6	16365.5
85211	2075.2	2325.6	16169.4
28211	2071.8	2311.3	16071.9
33861	2075.9	2329.0	16518.8
25308	2072.4	2299.6	16121.7
83121	2083.7	2295.9	16308.0
61822	2087.6	2323.6	16556.0
72828	2086.6	2309.5	16388.8
9865	2077.3	2343.4	16383.8
24648	2094.2	2324.5	16285.1
3204	2096.9	2359.6	16769.8
69896	2067.9	2300.2	16112.9
59542	2080.3	2309.9	16313.8
67804	2063.7	2278.0	15922.2
29430	2083.3	2358.8	16413.7
73093	2074.9	2311.4	16290.1
8316	2082.4	2366.7	16701.2
28879	2094.7	2420.6	16917.8
55251	2084.6	2339.7	16541.3
54183	2071.5	2313.0	16060.5
27800	2087.6	2394.7	16557.8
29129	2067.3	2311.3	15957.2
1570	2089.5	2342.7	16440.3
51063	2079.0	2287.4	16321.2
39912	2083.8	2326.8	16371.8
23125	2103.0	2436.2	17255.7
28270	2089.7	2320.4	16179.8
84434	2090.9	2360.9	16581.7
30905	2072.9	2243.0	15846.1
74754	2064.8	2255.0	15999.4
64427	2080.2	2323.2	16392.9
2263	2080.8	2325.5	16026.6
68884	2085.8	2325.0	16518.2
4863	2077.4	2369.8	16615.5
72965	2091.7	2347.6	19068.8
49555	2062.8	2241.0	15662.0
79019	2068.7	2297.7	16043.8
80499	2089.8	2329.5	16985.7
49688	2079.6	2281.7	16217.0
71262	2078.8	2255.5	16322.8
41006	2080.0	2363.9	16469.1
58016	2078.7	2291.0	16117.5
1425	2074.6	2329.5	15962.8
61096	2069.4	2227.7	15878.5
73149	2082.7	2344.7	16421.0
80893	2078.8	2329.0	16298.5
14338	2075.5	2334.6	16615.1
11514	2070.9	2313.3	16384.1
9271	2085.2	2365.2	16317.1
85124	2061.5	2283.5	15911.7
23800	2067.9	2277.0	16229.8
67780	2081.8	2329.6	16360.1
32467	2083.5	2342.0	16342.5
54014	2109.8	2424.3	17536.8
10327	2074.2	2347.1	16226.3
84022	2077.2	2265.5	16238.2
2675	2081.3	2330.3	16335.8
17858	2066.8	2264.3	15779.6
40489	2099.3	2341.6	16689.4
3272	2081.4	2327.0	16220.9
14197	2081.9	2288.5	16378.4
28459	2081.2	2367.9	16435.9
3572	2075.1	2338.2	16476.6
81552	2077.3	2315.1	16133.4
38724	2080.7	2265.2	16134.7
80752	2080.8	2311.6	16276.8
31903	2068.1	2294.9	15989.1
71335	2086.0	2317.4	16251.4
59394	2079.6	2318.3	16354.7
37228	2085.4	2361.1	16653.6
39434	2081.9	2298.8	16120.6
54385	2075.3	2293.5	16801.5
83120	2067.9	2277.7	16055.5
52380	2091.2	2274.2	16484.6
47503	2071.5	2269.1	16230.2
79361	2086.8	2271.8	16386.2
28575	2103.1	2388.1	16959.0
3227	2084.2	2360.9	16409.5
82926	2079.6	2259.0	16197.6
42693	2066.4	2264.7	15967.2
3378	2071.6	2254.4	15961.5
48909	2085.9	2334.6	16270.2
84380	2087.8	2345.1	16550.2
78081	2072.5	2334.6	16294.3
31218	2083.6	2342.1	16548.3
85182	2084.6	2315.7	16475.6
34519	2060.7	2254.7	15647.2
15730	2094.3	2311.2	16671.3
78457	2082.4	2266.2	16391.7
38517	2087.5	2295.5	16427.1
6096	2092.4	2311.1	16310.0
85898	2076.6	2338.9	16425.3
44016	2082.2	2291.6	16166.6
26621	2078.5	2333.7	16233.5
85787	2068.9	2331.0	16133.4
66135	2079.0	2291.2	16267.6
13139	2061.8	2266.5	15819.3
36715	2076.2	2325.4	16338.7
27868	2089.5	2309.8	16162.0
58037	2089.5	2335.4	17087.3
77077	2076.0	2317.4	16347.8
83745	2090.4	2372.2	16643.4
18789	2094.5	2387.7	16453.6
50516	2072.2	2273.2	15857.8
18591	2076.5	2248.2	15884.4
82016	2080.3	2352.8	16380.8
65244	2072.4	2277.4	16155.5
76045	2082.6	2301.7	16287.1
83219	2078.6	2324.5	16441.0
28050	2082.3	2287.1	16015.5
47203	2066.3	2245.0	15904.3
16496	2071.8	2311.1	16509.0
52587	2060.0	2300.6	16091.3
16057	2075.0	2293.2	16078.9
44774	2084.1	2296.0	16245.6
46638	2075.6	2303.8	16172.0
9185	2088.3	2348.2	16320.2
55765	2080.1	2323.8	16062.1
57318	2082.9	2310.1	16227.2
63834	2070.9	2285.3	15952.8
62165	2079.4	2339.6	16641.2
62632	2085.1	2375.7	17033.9
69439	2084.9	2286.6	16259.8
29221	2067.4	2263.5	15852.0
3289	2083.5	2347.5	16366.2
79952	2070.7	2261.3	15947.0
27862	2063.8	2274.4	15832.7
83735	2084.1	2313.6	16268.8
74887	2079.5	2285.2	16321.3
25526	2076.2	2322.3	16374.8
51047	2088.2	2286.7	16579.4
38981	2086.3	2290.2	16060.8
21121	2088.4	2327.0	16320.3
12902	2081.3	2322.6	16079.3
86164	2078.2	2364.3	16686.1
8561	2080.6	2327.3	16226.8
7343	2081.2	2375.9	16537.4
22742	2074.6	2308.8	16079.9
40328	2090.0	2418.2	16919.1
34388	2073.4	2355.8	16091.4
59427	2089.8	2350.7	16549.3
80650	2077.1	2290.9	16482.3
51097	2074.2	2304.5	16036.0
80447	2074.0	2311.4	16268.5
13498	2078.1	2275.3	15892.1
56579	2070.8	2297.9	15931.6
77816	2086.5	2353.5	16755.3
85226	2076.5	2296.0	16212.2
83920	2084.1	2340.6	16404.1
73146	2081.4	2345.1	16221.2
10326	2079.1	2336.4	16311.9
58795	2069.6	2274.9	15889.7
58631	2070.1	2293.9	16297.9
19167	2087.0	2303.1	16307.5
52049	2072.4	2245.3	15896.2
58302	2087.6	2312.5	16426.3
9063	2085.3	2357.9	16534.3
8127	2068.5	2261.6	15678.1
59143	2078.8	2306.5	16119.6
78071	2105.7	2332.7	16758.5
56492	2075.2	2293.8	16021.2
49840	2076.0	2265.1	15992.7
7118	2071.5	2282.5	16074.9
65149	2078.9	2332.1	16366.0
83769	2084.8	2361.1	16954.0
58908	2091.1	2268.3	16177.8
44265	2085.4	2358.2	16612.0
21293	2067.7	2258.9	16218.2
53386	2078.2	2316.3	16445.2
48835	2077.0	2356.0	16319.3
58445	2069.2	2274.4	15760.9
36351	2093.4	2360.4	17026.8
3978	2078.4	2287.3	16191.4
37470	2077.4	2299.1	16300.5
51605	2091.8	2334.7	16315.9
46605	2071.3	2351.4	16299.7
68031	2085.7	2358.6	16356.6
53256	2081.5	2327.2	16384.6
725	2091.5	2343.8	16557.6
31130	2072.4	2306.7	15938.8
16283	2078.6	2345.3	16830.6
34776	2072.5	2329.9	16180.5
50462	2089.3	2383.5	16896.9
47629	2091.4	2332.4	16906.2
51243	2083.7	2317.3	16414.8
24617	2077.0	2313.3	15961.9
23818	2088.2	2351.3	16530.6
73014	2069.3	2255.3	15798.2
83606	2073.2	2277.9	16132.5
19876	2076.6	2377.5	17810.5
31363	2084.2	2376.6	16543.8
40590	2079.8	2302.9	16334.0
36027	2046.1	2240.3	15825.2
25888	2071.3	2305.3	16494.5
82127	2090.9	2332.7	16577.3
34430	2081.1	2273.0	16167.8
77562	2086.5	2368.5	16563.5
