8561	1724.1	1927.3	12395.3
1814	1737.9	1984.8	13215.5
30527	1734.7	1930.8	12533.7
48621	1733.1	1961.7	12720.4
37698	1731.3	2004.7	12843.4
56886	1738.6	1986.1	13016.1
20130	1725.6	1993.6	12667.4
51004	1729.7	1924.8	12538.8
44727	1728.8	1999.0	12768.9
57588	1734.6	1969.6	13759.3
35440	1714.7	1942.8	12432.9
74619	1729.2	1904.7	12501.5
67258	1735.4	1990.9	12943.3
17699	1734.7	1947.4	13016.3
13087	1744.6	1986.1	12829.0
72262	1725.5	1888.3	12489.8
28060	1727.3	1937.4	12547.6
23849	1729.2	1982.8	12713.5
18450	1740.0	1931.0	12632.3
58118	1732.2	1952.3	12760.6
45654	1718.9	2017.8	12679.5
17322	1717.1	1961.6	12463.1
53536	1746.7	2000.2	13317.9
69302	1752.5	2029.9	13440.7
34287	1743.4	2012.0	12840.8
8242	1748.4	2009.0	13098.4
39925	1730.7	1998.9	12730.1
59660	1736.6	1973.8	12964.0
16967	1714.6	1913.1	12263.6
38158	1712.6	1927.6	12240.1
35017	1718.5	1946.5	12443.9
14498	1732.0	1975.6	12678.9
52376	1743.5	1973.2	12973.8
34946	1735.3	1961.9	12941.7
70697	1746.4	1948.1	13028.7
15157	1730.6	1971.2	12838.9
21800	1734.7	1964.8	12881.6
45670	1725.5	1983.1	12807.9
34738	1723.1	1975.2	12607.6
23238	1749.2	1980.8	13142.5
12572	1717.1	1954.7	12445.5
77677	1748.7	2026.3	13229.9
35062	1735.6	2011.9	12721.5
61388	1734.5	2010.5	12936.8
71472	1753.6	1993.4	13104.6
53612	1739.2	1995.8	12857.8
2929	1731.0	1994.1	12633.5
44645	1731.3	1985.3	12996.7
2790	1719.4	1974.9	12724.9
68862	1716.1	1898.0	12361.2
13934	1746.2	1989.5	13326.9
39835	1726.9	1998.7	12714.8
62804	1726.8	1960.3	12505.2
64228	1718.7	1898.4	12361.9
52810	1736.1	1943.5	12648.9
50130	1742.3	1938.5	12946.6
6082	1727.2	2009.1	13028.1
79503	1729.4	1942.4	12622.1
78159	1740.4	1978.7	13164.6
28405	1735.5	1987.6	12782.4
56905	1737.9	1989.5	12974.2
19215	1736.8	1991.7	12952.2
32741	1738.2	1957.4	12872.8
51063	1719.8	1991.9	12722.6
19458	1744.1	2023.4	13205.6
32139	1732.8	1985.5	12905.6
40314	1718.5	1951.7	12473.6
57118	1739.4	1953.9	12837.5
21653	1731.2	1962.1	12651.2
35362	1739.3	1964.2	12847.5
47099	1715.5	1940.2	12527.4
42137	1750.9	2039.8	13071.6
11469	1734.4	2016.3	12686.4
58878	1733.0	2017.3	13104.8
18485	1711.3	1987.8	12474.6
59148	1716.0	1900.9	12251.7
62512	1752.3	1997.2	13006.2
62999	1729.1	1926.1	12490.4
74505	1739.8	1989.2	12969.6
20427	1736.5	2016.8	13122.8
74112	1726.3	1950.0	12883.7
36186	1728.6	1958.9	12621.1
8815	1741.2	2040.6	12903.7
8623	1743.2	1944.9	12810.1
54828	1735.7	2012.6	12838.5
42651	1736.1	1963.5	12897.3
46013	1721.9	1931.1	12542.2
65808	1745.6	1984.6	12757.5
64311	1727.1	1941.2	12514.9
6862	1746.1	1994.1	13099.5
77378	1735.2	1965.9	12864.8
41365	1737.7	1961.6	12888.6
36157	1738.8	2013.4	12994.6
62685	1725.0	1943.8	12529.7
5480	1742.5	2035.9	13151.4
43372	1719.9	1890.9	12464.3
32823	1722.0	1944.3	12407.9
1681	1721.4	1972.6	14572.8
69593	1726.1	1947.1	12490.7
22054	1716.5	1986.0	12613.1
79063	1745.3	1975.7	13078.4
23751	1742.4	2002.1	12896.1
17803	1751.1	2063.3	13067.8
64841	1753.8	2028.7	13162.6
71855	1733.0	1977.2	12859.7
9881	1736.2	2016.8	12942.1
79846	1718.3	1884.3	12458.4
3904	1743.3	1959.5	12948.4
64700	1737.5	2000.5	13882.4
40158	1739.6	1967.6	12966.7
33734	1732.0	1942.8	12540.6
28546	1733.8	2000.9	12693.1
5658	1731.9	1960.2	12580.8
31610	1748.9	2092.6	13293.5
56708	1727.3	2001.3	12884.5
15448	1734.1	1975.0	12834.2
53073	1743.7	1961.9	12812.1
17972	1720.7	1918.7	12493.2
18026	1736.2	1997.3	12916.5
50349	1736.4	1994.0	12804.9
35980	1732.6	1957.4	12844.4
5214	1734.3	1925.1	12741.4
41337	1734.1	1940.9	12564.9
6932	1721.4	2018.3	12831.6
64505	1730.8	1952.7	12544.9
73044	1726.2	1924.8	12803.5
20276	1731.9	1925.3	13540.3
14480	1739.0	2028.8	12958.2
42962	1714.9	1932.8	12385.2
16355	1738.0	2009.3	12842.1
61563	1751.1	2022.8	13219.0
54706	1732.2	2003.1	13074.4
62470	1730.2	1977.9	12643.5
43392	1722.8	1935.7	12482.3
75951	1721.4	1898.1	12427.6
25842	1734.3	1969.9	12757.7
16454	1736.9	1910.6	12362.7
40602	1739.0	2016.4	12584.7
27364	1730.6	1961.5	12588.6
57337	1729.0	1951.9	12736.8
44994	1718.5	1931.7	12512.1
40502	1735.2	1998.3	13037.7
14542	1724.6	1965.3	12628.0
35861	1726.6	1958.2	12537.4
11586	1732.0	2012.9	12863.3
35336	1719.5	1913.5	12376.2
7290	1740.7	1991.6	13050.0
76993	1721.5	1948.5	12560.6
9017	1737.0	1985.4	12794.0
12906	1729.8	1986.2	13004.6
13893	1731.2	1982.9	12624.9
53799	1726.5	1994.1	12723.3
17627	1720.3	1979.8	12939.7
33888	1745.1	1937.3	12869.9
22576	1724.3	1992.9	12465.3
27158	1739.4	2023.5	13262.9
18227	1746.6	2057.9	13418.9
773	1735.7	1950.2	12574.3
25637	1734.4	1978.4	12719.7
19980	1735.2	1953.1	12554.9
66894	1743.9	1953.8	12595.5
29677	1733.5	1955.9	12895.0
71421	1726.1	1953.7	12768.9
18532	1722.9	1957.6	12513.6
30494	1739.6	1977.6	12950.5
33115	1738.0	1974.7	13015.1
16103	1716.5	1936.7	12310.3
4400	1723.3	1949.2	12465.9
42258	1742.6	1975.5	12827.3
14817	1731.8	1995.4	12806.6
60870	1724.2	1987.8	12543.8
74791	1742.6	1995.0	13202.8
72804	1728.2	1959.2	12548.5
47103	1736.1	2015.2	12909.3
15779	1727.6	1959.0	12501.4
36340	1729.9	1983.5	12835.6
70717	1724.6	1935.9	12361.5
7899	1735.2	2020.9	12662.4
60765	1719.2	1902.0	12345.4
8335	1736.1	2012.1	13230.0
24846	1758.3	2009.3	13273.3
55374	1728.4	1986.4	12740.2
61215	1748.9	1980.8	13085.2
26703	1724.0	1991.0	12642.9
77063	1727.6	1938.3	12591.5
3271	1718.9	1959.2	12725.6
39486	1741.9	2016.7	13161.7
54441	1718.2	1895.9	12491.9
78050	1736.7	1944.0	12706.8
27492	1731.4	1953.1	12727.3
74215	1716.7	1910.4	12409.2
12514	1717.6	1987.7	13129.6
33445	1725.8	1889.8	12291.3
72307	1741.3	2024.7	12926.2
19417	1712.2	1910.9	12250.6
40350	1721.5	1935.9	12845.3
59974	1738.0	2024.5	13173.4
6314	1732.6	1963.1	12645.4
34127	1739.6	1983.2	12800.3
5392	1744.3	2034.2	12957.9
10887	1726.9	2019.2	12779.6
25133	1734.9	1990.0	12771.2
63770	1734.9	1919.8	12487.3
74570	1724.3	1940.0	12386.9
25581	1722.5	1984.7	12566.8
27443	1743.8	2046.1	13023.4
38973	1727.5	1937.6	12698.1
35265	1717.1	1909.6	12267.8
16320	1749.2	2007.5	13176.1
21789	1748.4	2053.1	13293.2
69281	1734.9	1944.8	13291.1
44198	1753.8	2043.4	13637.4
9098	1731.1	2005.2	13081.7
1635	1723.4	1971.0	12733.7
15170	1737.0	2009.1	12918.5
46526	1745.3	1998.4	12823.7
41754	1733.2	2019.9	12916.3
47901	1739.5	2024.3	13015.2
52547	1739.4	1972.8	13036.5
44610	1720.0	1929.8	12449.7
1889	1738.9	1927.0	12705.3
36540	1727.4	1945.4	12815.0
9965	1739.0	1997.3	12901.9
3618	1739.3	1962.4	12823.2
72828	1732.4	1967.1	12751.4
50092	1741.2	1997.0	12986.5
43024	1728.5	1961.5	12677.0
6035	1725.8	1885.6	12365.0
46400	1730.4	1949.2	12586.1
35565	1741.9	1995.0	12935.7
43467	1726.6	1959.0	12533.8
63635	1746.6	1990.9	12941.0
27124	1751.5	2010.7	13280.4
43071	1752.9	1977.3	13098.8
6393	1724.5	1961.0	12551.8
12731	1726.3	1997.5	13151.7
65250	1735.4	1959.6	12763.8
58498	1746.4	2017.2	12920.7
47572	1719.6	1924.0	12586.5
74888	1727.8	1962.3	12619.4
70505	1728.8	1988.5	12720.9
34756	1738.4	1950.4	12714.6
62033	1718.5	1924.1	12266.9
9653	1722.1	1950.4	12445.1
11051	1728.6	1989.8	12927.7
64569	1742.2	1986.0	12749.6
874	1736.8	1995.5	12742.4
5092	1724.6	1997.1	12724.6
71556	1735.3	1961.6	12721.8
58771	1735.1	1985.5	12984.2
16738	1730.8	1958.6	12659.2
67297	1737.6	1958.3	12882.6
5991	1722.0	1889.2	12272.5
46906	1733.9	1943.2	12787.9
39577	1750.5	1984.1	13061.7
51100	1736.3	1941.2	12856.1
41707	1738.6	2038.2	13140.5
56950	1739.2	1999.9	13017.8
40399	1725.0	1958.9	12549.2
27429	1715.2	1923.2	12448.7
78719	1720.3	1979.8	12802.5
71911	1736.7	1960.6	12767.7
29188	1742.4	1998.4	12843.3
66625	1729.4	1966.7	12725.4
63571	1739.3	1982.5	12925.4
2040	1731.8	1967.0	12730.0
55704	1742.3	2004.7	12995.2
73939	1734.3	1980.7	13002.8
44538	1726.2	1925.5	12434.6
50135	1738.7	1979.1	12747.8
62717	1734.7	2024.1	12925.7
48359	1724.4	1988.8	12651.6
57028	1725.2	1917.0	12451.0
38074	1736.0	1937.0	12719.0
33347	1728.6	1950.3	12670.0
39969	1730.0	1970.9	12583.4
75311	1750.9	2021.4	13442.4
57562	1722.4	1906.7	12325.8
24782	1730.6	1939.8	12803.4
16215	1736.1	2016.0	13403.2
40920	1740.6	1985.4	12878.7
51573	1725.9	1951.6	12574.1
67574	1725.0	1950.9	12559.4
60319	1730.0	1942.2	12865.5
14230	1726.3	1986.8	13060.4
67248	1737.0	1959.9	12689.0
68551	1733.6	1946.7	12898.0
1150	1728.4	1986.8	12803.3
56540	1743.3	2007.1	13010.9
2558	1720.9	1938.8	12517.1
72678	1727.2	1917.1	12546.1
76254	1734.8	1959.4	12860.1
62743	1735.5	2024.0	12988.0
32728	1741.3	1997.9	13022.4
60451	1728.7	1972.1	12891.0
40186	1735.6	1964.7	12780.7
72880	1736.4	1983.3	12815.0
44257	1724.0	1997.3	12887.5
44003	1735.1	1922.9	12644.6
2920	1730.0	1942.9	12618.2
60634	1723.6	1906.3	12390.2
19373	1752.7	2087.9	13372.1
5703	1733.0	1961.1	13037.0
5155	1735.1	1976.6	12864.5
2306	1723.2	1945.7	12582.3
2660	1733.7	1977.7	12755.3
28871	1736.1	1963.9	12754.7
64061	1725.1	1934.7	12344.4
64683	1730.0	1982.8	12643.2
15375	1735.4	2012.6	13248.5
22760	1739.3	1997.8	13651.5
30208	1745.1	1999.7	13299.2
60059	1740.2	1991.9	14506.8
36440	1739.1	1975.9	13157.0
79450	1747.7	1995.7	13235.8
73180	1724.1	1927.0	12858.0
12636	1741.4	2022.9	13078.2
79304	1744.2	1978.7	12695.1
23824	1723.7	1961.8	12586.2
59903	1739.1	1925.9	12755.4
59540	1740.4	1957.5	12829.5
52478	1738.5	2029.5	12851.8
12369	1731.5	1978.1	12883.7
72988	1722.0	1906.5	12477.3
71174	1732.7	1984.5	12720.8
1822	1745.8	2045.5	13103.1
60103	1729.1	1962.3	12769.0
55466	1709.8	1925.5	12178.7
41003	1730.8	1985.9	12743.1
29995	1732.1	1949.9	12711.6
42715	1714.9	1905.7	12295.5
47842	1739.3	2002.8	12814.2
46959	1743.1	2012.3	13020.6
65864	1731.7	1966.5	13081.3
31374	1731.4	1960.3	13007.7
25866	1736.2	1960.2	12792.5
15356	1733.3	1933.0	12647.2
50907	1742.7	2002.8	13065.1
69924	1725.2	1983.8	12861.7
62027	1721.2	1959.3	12719.4
7103	1735.6	1990.1	12648.2
17263	1738.1	1920.1	12553.4
69540	1730.7	1975.9	12693.2
61556	1736.8	1997.2	12863.0
9935	1734.8	1965.7	12758.8
52397	1719.7	1938.9	12579.0
59238	1735.4	1951.1	12850.7
31965	1741.5	1995.4	12930.5
21466	1722.0	1913.9	12461.3
49737	1754.5	1976.4	12954.0
43589	1723.3	1978.8	12969.1
21456	1740.0	2011.5	12991.9
11383	1718.8	1925.3	12377.8
15523	1729.1	2010.8	12736.4
17560	1730.3	1981.8	12939.3
42316	1728.4	1960.9	12532.6
48638	1730.3	1979.1	12692.6
54009	1727.1	1923.7	12584.7
40153	1742.8	1949.9	13070.7
52488	1728.8	1940.8	12600.9
75239	1721.4	1919.0	12389.0
25760	1726.9	1938.1	12714.1
6713	1740.8	1954.8	12864.7
68850	1738.2	1958.1	12684.9
901	1744.3	1995.1	13202.8
6257	1733.4	2017.2	13050.7
42487	1714.5	1908.5	12579.6
2595	1737.0	1968.4	12749.9
26885	1725.3	1967.3	12523.9
31605	1738.7	1950.0	12788.7
12088	1733.1	1961.6	12660.9
53377	1720.5	1933.3	12427.5
6242	1725.0	2001.3	12661.5
12259	1733.0	1987.3	12630.3
21284	1736.6	1985.9	12922.2
8835	1732.8	1918.6	12497.7
78292	1745.1	1974.4	12816.8
1052	1732.9	2008.2	12781.0
9679	1738.3	1995.1	12812.7
1408	1735.0	1958.3	12804.4
59211	1736.7	1964.3	12746.3
71798	1726.0	1949.0	12757.7
32749	1734.9	1974.6	12920.1
46152	1743.3	2000.5	12896.2
43760	1752.0	1994.0	12938.3
19933	1738.0	1976.9	12673.1
60386	1730.8	2002.8	12801.3
73992	1730.5	2028.3	13065.8
42321	1740.4	1996.1	12812.7
26596	1736.1	1970.2	12743.6
20802	1722.2	1962.4	12576.8
9875	1730.1	1995.2	12673.3
7954	1732.3	1970.8	12639.8
54958	1739.9	1970.1	12766.1
31262	1729.2	1890.4	12362.4
36644	1737.1	2006.6	12946.4
40386	1736.0	1963.1	12918.5
78264	1739.5	2053.9	13268.3
72100	1743.4	2015.2	13387.6
29398	1738.6	2035.6	13058.4
21334	1748.3	2016.1	13058.7
21615	1724.7	1939.1	12701.9
59692	1723.5	1973.0	12463.2
51542	1740.7	2052.4	13184.7
2830	1738.8	1977.5	12847.6
16591	1731.8	1961.3	12681.0
36841	1760.7	2088.2	13555.9
7746	1737.8	1959.9	12877.2
25477	1728.2	1941.1	12601.2
27734	1731.5	2002.1	12982.0
5030	1734.7	2053.1	12920.4
54904	1742.0	1977.5	13309.9
24763	1736.2	1990.5	12870.8
61604	1738.4	2000.9	13181.0
52323	1747.2	2021.6	13109.8
11653	1734.2	1964.1	12749.8
68710	1731.7	1942.2	12627.0
16556	1752.9	2017.3	13022.3
35359	1735.7	1918.8	12699.4
54965	1746.9	1972.0	12895.2
68944	1729.9	1967.9	12724.7
45419	1732.6	1936.5	12665.4
75714	1723.3	1986.5	13120.9
65301	1743.2	2029.3	12891.1
31322	1725.8	1937.0	12600.5
60199	1732.7	1958.8	12814.0
62203	1727.1	1945.0	12486.4
44292	1725.6	1980.4	12880.1
1804	1742.2	1994.6	12998.2
52608	1736.5	1951.7	12833.7
66787	1735.6	1972.8	12747.6
4727	1725.4	1920.5	12549.0
11874	1739.0	2045.0	13170.1
56780	1733.1	1948.3	12631.6
1948	1740.1	1996.8	12959.2
55011	1725.7	1932.0	12953.8
6297	1734.7	1999.4	12723.4
79828	1737.0	1972.9	12977.4
65768	1742.9	2010.4	12883.5
47995	1715.2	1936.9	12724.4
24603	1728.3	1935.1	12485.1
43569	1725.9	2000.6	12806.9
56504	1721.3	1940.9	12418.1
71017	1735.1	1953.2	12632.0
65782	1711.3	1943.1	12286.1
16646	1732.5	1950.1	12583.9
65592	1733.4	1986.0	13214.6
1099	1724.1	1947.5	12426.8
60981	1725.3	1930.2	12533.8
63628	1733.6	2014.4	12905.1
6792	1738.2	1967.1	12720.0
42985	1713.1	1941.0	12354.6
68361	1734.6	1933.4	12641.9
3633	1741.2	1981.1	12794.1
38370	1727.0	1927.6	12475.6
40559	1731.9	1978.4	12834.0
45724	1737.9	1983.4	13008.4
69347	1723.3	1933.2	12470.8
18138	1736.3	2001.8	12808.4
8298	1729.3	1978.7	12430.4
64919	1736.3	1969.2	12785.0
42236	1715.4	1912.7	12384.0
11624	1729.8	1906.5	12456.6
21076	1727.1	1995.5	12803.6
27159	1731.5	1975.2	12604.3
72611	1725.9	1941.7	12488.8
57848	1748.6	2000.1	13493.5
62974	1739.1	2006.7	12718.1
48913	1722.6	1881.0	12206.4
21371	1724.5	1956.9	12389.3
78458	1730.3	1950.5	12603.9
79842	1743.8	1980.8	12702.3
50970	1735.8	1952.9	12901.4
32808	1748.0	1957.9	13041.5
16508	1723.5	1945.3	12299.9
21413	1741.6	2028.4	12993.9
31802	1739.1	2019.2	13072.2
46887	1741.3	1995.3	12900.5
56167	1727.3	1954.2	12690.9
44250	1735.7	1939.9	12562.9
13226	1722.4	1964.4	12582.8
73042	1707.8	1892.7	12383.0
56233	1742.6	1967.4	12836.2
14456	1734.9	1961.5	12861.4
36127	1733.3	1966.2	12830.2
38443	1734.3	2007.8	12999.3
1873	1736.2	1988.2	12807.8
19010	1733.7	1961.4	12866.2
27233	1736.5	1974.3	12795.2
24426	1720.8	1933.0	12386.0
36306	1715.0	1950.1	12557.8
12701	1738.5	1959.9	12865.3
12453	1739.1	2026.9	13130.1
3161	1722.2	1973.5	12418.2
27342	1739.6	1978.7	13038.6
69230	1720.9	1951.1	12892.9
81	1732.5	1989.0	12799.5
76410	1735.6	1978.1	12760.8
1415	1748.6	1991.1	13021.5
22197	1729.8	1994.0	12828.5
73800	1736.6	1957.3	12680.6
65841	1731.3	1972.6	12708.1
45412	1733.8	1945.0	12802.3
60493	1720.3	1953.9	12833.4
20384	1732.5	1965.1	12855.1
72351	1726.5	1946.0	12513.8
18048	1719.3	1945.3	12495.2
56603	1730.5	1977.1	12786.2
39757	1734.7	1980.4	12815.5
46217	1729.1	1974.0	13066.1
39093	1733.8	1973.6	12875.2
8111	1733.2	2014.1	12548.6
40678	1731.1	1987.9	12670.9
74758	1731.4	1987.9	12870.4
36708	1736.5	1978.9	13169.4
61112	1727.4	1989.1	13032.2
64543	1733.7	1962.0	12521.5
33114	1735.0	1954.8	12744.0
13328	1736.5	1959.3	12747.4
41292	1727.7	1907.1	12448.2
43609	1729.9	1973.3	12983.2
44895	1718.3	1958.0	12562.5
549	1739.1	1971.2	12663.9
51490	1718.1	1941.5	12718.3
39243	1742.1	2010.1	13002.1
49904	1736.8	1975.1	12829.7
20322	1748.1	1999.1	13001.5
42365	1733.4	2009.9	13221.0
33928	1735.0	1992.6	13124.2
9378	1734.6	2001.0	13188.9
952	1727.6	1982.0	12815.3
19346	1741.3	2008.6	12993.4
73491	1724.0	1946.1	12942.8
79389	1736.8	1991.7	13165.1
18085	1742.1	2006.4	13729.3
3188	1740.5	2005.9	13069.3
1441	1739.4	1979.5	12764.3
69469	1720.7	1888.9	12319.2
62812	1737.6	1985.5	12663.9
65286	1732.1	1965.9	12967.5
45274	1742.6	1990.3	12855.8
69329	1725.0	1924.9	12667.4
40170	1734.8	1980.1	12755.5
52831	1739.9	1978.4	12905.2
15744	1742.9	1935.5	12755.8
43902	1734.2	2026.3	13061.3
51059	1737.5	1964.7	12843.0
5371	1735.1	1970.4	12781.5
70303	1724.4	1946.2	12569.4
46898	1727.9	1974.1	12638.1
11492	1731.2	2018.8	13033.4
74278	1742.7	1989.7	12971.9
9352	1728.6	1991.8	12864.4
29161	1722.9	1951.7	12604.1
50813	1726.0	1997.8	12900.8
22921	1753.9	2023.2	13062.5
64566	1736.0	1990.6	13099.2
49724	1731.7	1980.9	12716.1
55327	1732.2	1936.9	12948.6
34824	1736.9	1989.9	12768.4
430	1724.0	1968.0	12442.7
47557	1755.8	2060.7	13473.1
62181	1715.6	1935.0	12366.5
31041	1729.0	1925.7	12557.0
14085	1740.6	1989.0	13125.2
16538	1732.5	1976.5	12912.6
76135	1760.4	1991.1	13183.9
2246	1725.4	1949.2	12946.6
63919	1727.5	1955.1	12724.7
61247	1729.0	1954.2	12699.6
52029	1714.7	1959.5	12642.9
1457	1728.1	1964.4	12571.3
6703	1734.9	1993.3	12825.3
79100	1737.9	1950.8	12856.2
11541	1731.6	1989.5	12746.7
4175	1727.4	1918.5	12489.6
75133	1737.5	2008.2	13207.5
20135	1725.1	2008.8	12838.6
19926	1736.5	1962.8	12684.2
14167	1722.4	1933.9	12780.2
3781	1735.2	2009.3	13227.9
35694	1731.7	2004.5	13154.6
13333	1728.3	1942.5	12604.1
72775	1725.9	1923.9	12642.8
53959	1739.7	1950.9	12844.5
1379	1727.4	1927.1	12549.3
42718	1743.6	2010.1	12978.0
75577	1739.2	1984.0	12785.3
12690	1750.2	2048.5	13286.3
74902	1727.2	1936.9	12536.8
8978	1746.5	1982.4	12806.4
27785	1739.6	2049.0	13933.5
73086	1731.0	1974.3	12975.2
79479	1730.7	1978.5	12675.9
76042	1742.1	1998.0	12956.1
72937	1729.2	2024.6	13754.4
27329	1718.4	2017.9	12900.6
6408	1733.0	1983.6	12728.4
21991	1741.2	2045.9	13520.3
73576	1719.3	1898.5	12366.0
39111	1747.4	2002.2	13073.4
12445	1732.3	1963.1	12562.2
31676	1721.4	1950.3	12447.2
35275	1736.8	2039.9	13096.8
18178	1729.9	1986.7	12719.3
12855	1726.1	1953.6	12519.2
13352	1723.4	1980.9	12478.3
66253	1741.3	1967.5	12901.3
11515	1743.5	1945.5	12668.9
55056	1741.4	1919.9	12613.1
28265	1736.3	1960.9	12718.8
73591	1731.2	2025.1	12954.1
36899	1740.8	1991.3	12855.6
278	1723.5	1950.8	12530.4
33747	1736.3	2029.2	12926.9
69914	1728.4	1917.8	12513.5
25327	1722.7	1923.8	12942.6
45469	1720.4	1904.1	12295.1
44242	1727.1	1927.9	12615.6
21178	1743.9	2003.0	13060.7
39558	1732.5	1976.4	12832.5
11255	1755.0	2036.3	13156.3
21955	1732.5	1970.0	12867.8
65741	1732.5	1974.4	12754.8
46196	1740.1	1997.9	12873.0
56555	1727.5	1948.0	12724.2
11355	1727.3	1923.3	12342.0
66563	1726.0	1941.7	12809.3
16830	1736.8	1942.5	12598.5
49232	1731.6	1947.0	12518.9
16	1729.8	2006.8	12959.1
17392	1745.2	1991.8	12926.5
73781	1717.3	1939.4	12661.9
62167	1742.6	1976.5	13014.4
31398	1742.9	2013.0	12977.8
39585	1740.0	2026.0	13010.2
34901	1728.5	1967.8	12743.9
55376	1736.4	1972.8	13167.5
41729	1716.6	1939.3	12967.9
18053	1727.3	1938.0	12681.4
59357	1732.8	1963.6	12812.7
39469	1740.2	1976.5	13347.8
56579	1722.9	1970.2	12537.5
64459	1729.2	1952.8	12734.4
8410	1740.8	2033.7	13242.1
65185	1732.1	1995.3	12924.1
19660	1729.9	1931.6	12771.2
26581	1732.4	1974.5	13033.9
45545	1741.9	1974.2	13055.2
36933	1725.5	1952.5	12504.2
52935	1732.1	1992.8	13034.6
13805	1731.3	1953.4	12642.0
63390	1742.3	1967.0	12793.2
4336	1711.8	1932.1	12209.0
37886	1720.7	1942.9	12482.8
70484	1718.7	1947.4	12546.5
56904	1708.0	1892.0	12122.7
57727	1729.8	1936.1	12617.5
12811	1737.6	2003.6	13015.8
23702	1749.4	1966.1	13074.8
71447	1742.0	1974.1	12939.7
70875	1736.0	1988.8	12985.4
10821	1716.0	1949.2	12485.1
31777	1745.0	1964.3	12944.7
5599	1741.0	1982.1	12885.2
54202	1727.0	1957.0	13177.7
11370	1753.6	2050.7	13379.0
30652	1729.0	1980.1	12978.6
17901	1736.6	1986.1	13322.7
20855	1734.2	1941.2	12526.1
23546	1747.3	1986.1	13293.9
9852	1737.6	1992.2	12805.0
46157	1740.1	1985.7	13208.0
62933	1743.8	2011.3	13098.1
35368	1736.1	1939.6	12518.3
12834	1729.6	1977.8	12630.5
26639	1711.4	1900.5	12181.3
76999	1720.5	1953.4	12645.0
19470	1740.3	1939.9	12937.9
30150	1742.9	1944.8	13007.8
78818	1737.7	1967.8	12765.8
70846	1716.0	1889.6	12445.8
20040	1729.1	1984.2	12552.9
23801	1737.7	1965.9	12743.3
71375	1733.3	1990.0	12873.5
79628	1738.3	2022.6	13822.3
57487	1727.6	1985.6	12459.1
43018	1720.9	1913.7	12547.2
12860	1735.2	1982.0	12914.7
12764	1723.5	1970.8	12519.9
9275	1741.8	1987.7	12676.8
63044	1722.2	1922.8	12617.6
35076	1741.0	2027.2	13207.4
36520	1741.2	2027.6	12990.2
70713	1728.5	1934.3	12454.5
32320	1725.0	1950.0	12334.4
55079	1738.2	1913.8	12800.8
10751	1724.8	1923.2	12479.6
9477	1744.1	2004.7	13168.7
75509	1742.7	2018.0	13124.6
70250	1725.1	1980.1	12705.9
58320	1732.8	2033.6	13117.3
73582	1750.1	2027.3	13219.5
77830	1731.9	2023.0	12836.1
39528	1735.0	1961.2	12835.5
77967	1744.1	2010.9	13245.4
60613	1728.4	1912.4	12566.1
22006	1723.7	1977.7	12611.2
21534	1721.5	1943.3	12486.9
72027	1743.2	2014.3	12950.4
54947	1723.7	1968.4	12588.1
21112	1731.1	1923.9	12663.9
79741	1731.1	1968.6	12975.7
55526	1751.6	2068.3	13159.0
5171	1734.0	1983.6	12671.1
45298	1730.1	1968.8	12866.3
63961	1728.3	1919.6	12430.1
30023	1727.1	1934.0	12617.2
39028	1736.7	1980.5	12862.6
7038	1727.6	1982.4	12881.4
9746	1741.7	1989.6	12816.4
1313	1721.7	1960.8	12550.8
41894	1745.9	2025.8	12936.1
61659	1729.9	1965.9	12809.3
56290	1724.7	1972.6	12869.5
46268	1719.7	1966.3	12647.6
1991	1728.5	2058.6	13010.3
25191	1719.5	1928.3	12528.2
62157	1714.0	1925.8	12303.3
1239	1737.5	2023.3	13627.5
46047	1737.3	1990.6	13007.4
77750	1735.0	1961.2	13205.4
67061	1726.1	1918.5	12409.7
32815	1741.0	2067.0	13091.2
39832	1728.4	1981.9	12666.6
36757	1723.4	1955.6	12982.0
67895	1729.8	1895.3	12504.0
70816	1745.7	2001.8	13154.8
39937	1750.8	2001.9	12901.1
58035	1739.4	2034.1	13293.6
8401	1726.4	1935.0	12438.2
21986	1742.1	2043.6	13088.7
36602	1739.1	1978.8	12791.0
58987	1731.6	1934.4	12721.8
46901	1735.8	1944.5	12713.4
30996	1734.5	1942.1	12563.7
8904	1744.8	1986.4	12869.7
78634	1744.2	1963.1	12923.5
63553	1717.6	1943.9	12544.5
35398	1720.6	1944.1	12555.3
24881	1752.2	2041.2	13189.1
71431	1719.3	1902.9	12213.5
30281	1724.7	1945.6	12401.6
67664	1722.0	1965.9	12708.0
79173	1730.0	1933.5	12606.6
29403	1741.5	2011.3	13006.6
46586	1747.8	2009.0	13204.7
78605	1725.0	1904.4	12447.7
41687	1730.2	1968.2	12590.6
11238	1739.2	1962.9	12666.0
28374	1725.4	1956.7	12417.7
51693	1732.3	1938.1	12704.9
1580	1738.3	2000.9	12801.1
63092	1738.0	1952.6	12941.1
75418	1728.3	1960.1	12750.0
57947	1750.7	2016.7	13225.6
50293	1732.0	1928.3	12613.7
74766	1731.8	1989.4	12989.5
43380	1718.7	1969.2	12822.5
20205	1727.7	1944.7	12450.0
7699	1725.9	2006.0	12703.4
12899	1740.0	1972.5	12911.3
49572	1722.8	1973.3	12767.8
72354	1722.6	1963.6	12807.0
4963	1730.0	1950.8	12794.5
34380	1737.1	1981.1	12961.5
56726	1740.0	1969.9	13256.3
77306	1737.8	1994.4	12957.5
18152	1730.8	1930.2	12899.2
70744	1735.2	1948.8	12700.9
27964	1739.7	1990.0	13002.1
71321	1732.6	1951.8	12912.9
37625	1727.5	1967.4	12640.0
77507	1745.1	2017.1	13224.1
23118	1719.7	1966.3	12618.1
27621	1741.0	1956.4	13486.5
50914	1721.1	1933.5	12873.4
8817	1721.1	1892.9	12300.9
9656	1731.0	1950.9	12620.3
17229	1735.4	2020.9	12985.9
75553	1743.1	1987.4	12868.0
25869	1737.2	2000.3	12927.1
58984	1737.5	1989.8	12785.9
7165	1718.3	1978.9	12547.4
68266	1736.3	1965.5	12948.1
4986	1727.7	1974.5	12680.5
36245	1726.8	1978.2	12543.7
62341	1718.1	1881.0	12197.5
56871	1727.2	1930.8	12592.1
55485	1713.7	1900.4	12276.2
50079	1736.6	1973.2	12815.2
631	1734.6	2000.2	12685.7
2928	1738.6	1970.6	12910.5
264	1735.0	2002.6	12693.5
3921	1738.0	1995.1	12736.0
14682	1732.3	1964.6	12753.7
3982	1728.8	1949.0	12740.3
44057	1738.5	1958.8	12580.3
24749	1712.3	1930.6	12268.7
35222	1731.4	1956.0	12817.4
31162	1735.6	1957.0	13043.5
63425	1732.5	1949.5	12654.8
67038	1751.8	2019.9	13217.2
49302	1734.0	1981.8	12907.4
9112	1719.0	1982.6	12664.1
6758	1748.0	1997.4	13025.5
2220	1743.0	1966.4	12865.5
46407	1739.6	1961.1	12820.7
78080	1712.4	1935.7	12569.3
51310	1745.4	2035.5	13927.0
47063	1713.5	1917.0	12373.8
8222	1742.7	1979.1	13182.8
22941	1729.1	1943.3	12568.8
57322	1723.9	1977.7	12598.1
14135	1740.3	2031.0	13164.2
60310	1738.2	2051.2	12908.8
20062	1732.5	1979.6	12771.3
66839	1733.0	1968.9	12915.4
7844	1720.9	2003.1	12722.2
7520	1749.9	2009.5	13310.7
48661	1721.4	1971.5	12372.4
1450	1720.3	1935.4	12519.8
59907	1727.8	1986.2	12495.9
74248	1725.2	1923.8	12409.3
8703	1739.7	1995.3	13023.1
11769	1721.8	1986.6	12533.3
41420	1730.3	1980.4	12697.0
17923	1711.5	1906.2	12275.4
28280	1741.5	1998.6	13041.2
66699	1725.3	1981.2	13134.3
52500	1732.4	1949.8	12751.1
15189	1740.6	2000.1	12897.3
52313	1737.6	1967.8	12898.5
70645	1724.9	1918.2	12571.4
68979	1725.6	1975.7	12755.6
14982	1731.0	1979.0	12724.3
43976	1732.8	1937.8	12809.7
45956	1731.0	1962.9	12662.9
33877	1746.8	1998.5	12801.9
19219	1727.4	1973.9	12670.1
6945	1729.1	1992.0	12955.2
54816	1735.3	1946.9	12772.7
63010	1718.4	1945.1	12562.7
73549	1749.6	1969.1	12962.8
53160	1726.1	1917.6	12547.6
67400	1710.0	1933.5	12362.4
78265	1735.2	1997.8	12793.0
56763	1727.3	1984.6	12613.3
47643	1738.6	2001.8	13204.7
61342	1739.1	2028.3	12912.3
4118	1723.8	1931.1	12494.3
37116	1723.9	1937.8	12558.2
40910	1726.5	1960.4	12694.3
72310	1725.0	1934.7	12883.3
68689	1744.0	1970.1	12922.9
10162	1731.5	1959.7	12468.3
75762	1719.3	1904.8	12386.4
19827	1729.0	1935.1	12436.3
20869	1730.1	1972.1	12655.9
67483	1738.4	1986.7	13027.2
59193	1713.9	1932.3	12281.6
64241	1723.4	1974.6	12807.8
1452	1744.8	2039.7	13214.4
53089	1733.8	1952.5	12939.8
51107	1738.7	2007.1	13153.2
77285	1722.9	1946.8	13006.6
53059	1732.3	1985.0	13058.7
50021	1713.9	1916.0	12278.9
41694	1735.5	2027.0	13022.7
46974	1739.3	1968.7	12715.5
24369	1727.6	1982.2	12738.1
61637	1738.9	2009.4	12971.5
17531	1726.0	1949.9	12878.2
29878	1749.7	1996.0	13395.7
8871	1747.9	1963.9	12897.2
1247	1737.9	2024.5	14268.9
3111	1733.5	2008.6	13033.4
74353	1721.0	1979.0	12514.6
15774	1743.3	2004.5	12971.9
32147	1738.4	1978.7	12910.0
49797	1736.7	2000.6	12832.3
9962	1735.0	1992.4	12821.9
64452	1743.6	2005.2	13075.5
77714	1736.8	1945.9	12730.0
40795	1733.0	1996.4	12834.8
35677	1716.7	1937.0	12480.1
48727	1718.2	1951.4	12445.2
41775	1730.0	1952.4	12534.9
19012	1725.4	1977.9	12743.2
68355	1740.1	2001.0	13061.8
57429	1719.6	1967.7	12556.0
41900	1738.7	1983.0	12925.2
33865	1753.9	2041.0	13239.2
60133	1735.8	1950.2	12782.7
32109	1737.2	1949.2	12972.2
76090	1748.4	1933.4	12686.6
64367	1726.5	2017.0	12960.5
72999	1724.1	1954.2	12888.4
52186	1727.6	1955.4	12432.0
62938	1734.4	1953.0	12618.6
14491	1740.6	1965.8	13108.7
47012	1723.7	1944.0	12374.0
44681	1730.7	1969.1	12835.5
47618	1728.2	1991.3	12634.9
230	1712.4	1905.5	12372.6
44709	1739.3	1958.2	12772.1
19292	1738.9	1973.2	12756.8
20787	1727.9	1943.8	12779.5
42065	1730.6	2013.8	13227.5
63555	1735.7	1946.4	12771.0
76330	1735.7	1923.1	12593.6
18400	1754.2	2058.9	13854.0
52671	1740.8	1949.1	12768.7
79253	1740.7	1990.9	12759.4
42660	1737.9	2024.9	13113.2
7429	1734.0	1997.5	12870.7
55946	1730.1	1936.7	12711.5
56536	1733.4	1946.1	12636.9
51258	1736.1	1982.6	12809.7
55794	1731.5	1992.4	12793.1
4889	1718.3	1931.2	12323.7
24940	1730.3	1953.4	12987.7
39260	1718.1	1944.3	12522.9
8729	1743.5	1952.4	12706.3
47448	1721.9	1931.5	12513.6
58461	1736.0	1964.0	12649.1
61919	1731.3	1945.0	12701.4
18148	1732.0	1934.5	12717.1
54915	1723.1	1914.6	12583.5
55528	1718.7	1955.0	12622.8
71604	1731.8	1934.9	12631.9
11175	1709.4	1938.6	12429.7
30674	1735.9	1974.5	12738.2
47573	1748.3	1983.0	12974.1
78076	1722.4	1940.3	12658.7
47632	1710.7	1889.2	12148.6
35195	1735.6	2017.1	13076.4
13428	1730.3	1966.0	12926.8
66557	1732.7	1972.2	12647.9
74933	1739.0	1957.0	12875.0
31044	1737.3	2003.5	13040.6
67279	1748.4	1993.8	13383.0
44900	1727.7	1998.5	12703.9
57343	1728.9	1987.8	12824.2
18293	1737.7	1984.0	12908.2
67435	1742.9	2025.6	12835.8
42556	1732.5	1965.6	12753.0
16290	1756.0	2060.4	13570.5
11628	1744.0	1957.9	13009.9
1315	1734.9	1979.2	12990.1
34515	1736.0	1942.4	12677.8
5383	1740.3	2034.1	13419.0
37636	1728.1	1973.0	12619.8
7738	1724.5	1969.1	12626.9
10382	1738.4	1972.4	12782.0
36349	1745.5	2053.7	13520.9
4172	1736.5	2022.8	12930.9
46730	1724.1	1962.3	12543.3
40245	1727.1	1953.7	12484.9
45429	1727.4	1970.6	12925.1
32112	1719.3	1962.2	12499.7
66692	1707.3	1909.2	12213.1
40191	1732.3	1967.0	12701.0
37499	1733.1	1973.7	12813.1
48370	1730.3	1929.4	12611.6
71158	1725.3	1927.5	12250.5
34678	1740.4	1959.0	12968.6
72304	1727.8	1934.3	12556.7
53244	1739.9	1980.0	12568.3
9488	1751.2	1998.3	13149.2
12626	1717.6	1948.5	12557.1
26502	1736.1	1980.6	12690.2
72503	1722.8	1957.5	12503.7
32587	1743.1	1940.7	12828.6
10808	1726.3	1931.0	12552.2
52506	1744.4	2002.4	12960.6
39490	1723.1	1949.8	12703.7
7073	1725.2	1990.7	12568.3
44172	1735.4	1982.2	12745.1
60100	1719.2	1940.9	12464.5
58380	1746.7	1999.8	13228.6
1659	1728.1	1976.0	12733.5
29046	1737.6	1940.9	12524.2
60581	1739.3	1975.3	12996.3
57663	1755.9	1980.7	13103.4
65155	1743.2	1999.5	13075.1
59449	1739.0	1988.8	12869.7
76918	1719.9	1906.5	12345.1
61329	1733.5	2009.4	12909.1
40574	1737.5	2005.0	12970.3
