10166	1863.2	2063.1	14315.1
2154	1873.5	2166.9	14896.1
36250	1852.5	2098.9	14569.0
57737	1848.2	2077.8	14127.9
44766	1864.3	2081.9	14327.1
67552	1869.0	2156.5	14830.9
23903	1859.5	2137.2	14312.7
60566	1870.8	2095.8	14644.7
53112	1859.0	2056.9	14313.8
68386	1846.6	2070.2	14077.9
42083	1849.1	2066.7	14261.5
88610	1881.6	2175.9	15062.6
79869	1844.0	2027.7	13788.3
21016	1854.9	2094.1	14494.1
15539	1870.7	2055.5	14365.8
85810	1863.9	2106.1	14657.3
33320	1842.8	2034.7	13922.8
28319	1866.8	2145.9	14768.2
21907	1857.1	2091.1	14452.4
69014	1863.9	2088.6	14469.2
54212	1850.2	2052.4	14286.8
20567	1862.0	2118.3	14258.0
63573	1861.3	2092.0	14463.6
82295	1872.7	2080.2	14481.5
40713	1889.7	2170.7	15287.0
9783	1859.0	2137.4	14527.7
47409	1863.2	2083.4	14722.7
70845	1855.4	2059.9	14550.6
20145	1877.3	2177.3	15063.4
45309	1862.0	2086.9	14303.7
41580	1852.5	2065.3	14087.2
17211	1859.9	2147.0	15018.4
62194	1866.4	2049.6	14529.8
41495	1866.3	2099.8	14254.0
83952	1848.7	2084.2	14109.5
17994	1856.8	2123.3	14282.5
25883	1875.2	2167.0	15151.9
54230	1861.8	2079.2	14486.6
41247	1848.7	2045.3	14069.0
27590	1846.4	2061.7	14068.7
14923	1863.2	2080.6	14365.2
92241	1869.3	2105.6	14495.7
41631	1862.4	2143.9	14744.0
72896	1853.3	2087.3	14219.4
84873	1854.8	2053.4	14386.3
63662	1858.1	2088.3	14243.7
3470	1860.0	2116.7	14689.5
53012	1870.1	2098.0	14672.3
3305	1863.0	2157.9	14679.1
81772	1867.9	2169.5	14840.3
16539	1850.2	2071.3	13994.0
47299	1862.3	2124.7	14549.4
74577	1845.4	2057.3	14126.5
76268	1858.4	2066.9	14248.9
62709	1845.3	2058.3	14057.9
59526	1864.2	2086.7	15038.0
7212	1847.8	2084.5	14138.3
94410	1867.9	2101.2	14488.2
92813	1862.0	2117.5	14612.0
33724	1873.2	2130.2	15201.9
67571	1843.1	2066.9	14065.3
22810	1858.5	2110.4	14284.5
38874	1854.5	2158.9	14540.8
60633	1857.8	2082.2	14205.3
23098	1867.3	2102.7	14696.1
38158	1834.7	2028.7	13706.6
47866	1862.7	2137.8	14540.7
67824	1864.5	2077.1	14277.5
25704	1851.0	2070.3	14104.4
41985	1871.4	2154.6	15127.9
55924	1848.5	2100.6	14248.7
50031	1861.9	2124.6	14551.5
13608	1855.1	2087.0	14300.4
69914	1861.1	2069.4	14140.6
21940	1850.2	2054.7	14188.8
70234	1865.7	2127.7	14678.8
74231	1834.1	2009.0	13678.7
74808	1863.7	2157.8	15247.0
88473	1852.7	2063.4	14192.1
24247	1856.2	2080.0	14291.6
88007	1880.7	2150.3	14580.9
42963	1844.9	2039.8	14256.9
10454	1850.4	2090.6	14397.2
10226	1846.1	2054.0	14047.8
65104	1863.7	2066.6	14955.8
50640	1846.4	2081.6	13955.3
54634	1879.0	2131.8	14683.1
78145	1857.9	2105.6	14501.5
76366	1864.3	2118.8	14691.0
8134	1864.8	2128.0	14601.3
91886	1872.8	2143.7	14764.9
49113	1845.9	2105.3	14407.2
42927	1862.0	2067.3	14699.7
74434	1846.4	2062.4	14095.8
6491	1848.3	2039.9	14122.9
51496	1862.4	2119.7	14354.5
38967	1861.5	2091.8	14427.2
1978	1874.7	2132.5	14376.5
82640	1880.8	2133.2	14764.2
26176	1841.3	2043.1	13938.1
93888	1858.9	2132.7	15035.8
28191	1854.8	2040.7	14014.5
21126	1841.4	2082.9	13927.7
76996	1858.8	2064.5	14175.1
85326	1853.7	2067.4	14240.2
11716	1859.8	2060.2	14241.9
94817	1857.8	2062.8	14566.4
4617	1852.0	2059.8	14146.4
76827	1862.1	2091.9	14377.8
47677	1860.7	2073.6	14393.0
40047	1860.0	2025.3	14232.7
33885	1867.8	2134.0	14910.5
6700	1845.9	2075.6	14085.4
37524	1849.6	2079.9	14113.1
67335	1853.4	2062.6	14653.8
18328	1850.6	2059.4	14150.9
63016	1849.7	2087.6	14203.9
21325	1868.3	2048.5	14338.6
21389	1869.9	2164.9	15069.3
59782	1867.3	2083.8	14580.3
42714	1854.8	1999.1	14001.7
6171	1859.8	2073.8	14255.6
49077	1850.8	2107.8	14110.7
8210	1855.6	2143.7	14638.2
76595	1867.4	2078.6	14562.8
86737	1862.4	2125.0	14461.9
24060	1843.4	2077.3	13815.8
17176	1862.0	2057.4	14225.7
51007	1862.3	2100.4	14397.7
19403	1864.5	2087.8	14299.1
73100	1864.8	2073.1	14468.9
64955	1856.9	2073.9	14184.9
74177	1838.6	2017.9	13768.6
51517	1859.5	2071.3	14565.8
90191	1867.4	2069.6	14492.5
30670	1852.9	2142.5	14721.5
19519	1870.1	2123.2	14750.2
48202	1859.6	2129.1	14521.5
32477	1858.7	2095.5	14141.2
68081	1872.7	2119.6	14589.0
53419	1852.7	2066.3	14162.4
48083	1858.0	2147.6	14539.3
17247	1852.3	2087.6	14211.0
42570	1858.4	2088.1	14425.1
13735	1876.8	2153.5	14718.0
41947	1872.0	2146.7	15242.2
8632	1871.4	2073.5	14379.6
91428	1856.1	2085.7	14475.3
10683	1874.7	2129.6	14576.1
15303	1869.1	2214.1	15298.6
16475	1850.6	2127.1	14405.7
63878	1864.3	2106.7	14505.8
20909	1870.5	2138.0	14865.0
40225	1861.0	2083.8	14168.0
26788	1852.5	2083.8	14170.1
32230	1865.4	2133.3	14531.0
21622	1877.9	2099.3	14742.6
888	1858.9	2151.7	14497.6
30424	1853.1	2086.4	14164.1
23704	1863.2	2127.4	14684.6
79432	1868.6	2122.3	14814.7
35222	1859.6	2072.4	14334.4
84809	1865.7	2063.6	14378.8
21984	1852.3	2104.5	14285.2
36193	1867.7	2126.3	15032.2
39305	1863.9	2073.7	14484.5
19097	1865.7	2095.2	14407.5
5195	1872.0	2139.6	14836.8
50166	1851.3	2058.4	14389.0
17569	1851.6	2103.7	14412.4
72275	1866.7	2117.7	14613.2
88812	1852.4	2104.9	14389.3
86452	1873.1	2152.2	15002.5
55921	1856.5	2101.8	14417.1
18711	1854.9	2102.5	14183.8
43136	1869.9	2116.5	14653.2
83973	1865.9	2125.8	14532.4
9350	1847.7	2040.0	13875.6
72150	1860.4	2113.9	14721.0
9868	1861.6	2101.7	14349.0
29481	1862.4	2163.3	14932.5
65747	1860.7	2133.9	14510.7
72684	1859.2	2076.8	14200.4
31687	1856.8	2116.2	14790.6
91512	1874.4	2135.5	14961.5
3852	1844.0	2082.5	14139.9
46872	1846.8	2064.6	14388.9
64637	1860.9	2131.5	14745.5
92683	1847.1	2081.8	14531.9
32624	1865.4	2121.8	14503.9
88128	1879.5	2244.3	17173.7
14830	1856.1	2089.9	14492.7
39695	1865.9	2130.1	14694.3
85862	1872.3	2110.0	14560.4
23030	1869.5	2126.3	14453.8
47898	1863.1	2080.5	14326.5
71210	1844.9	2044.2	14015.2
7464	1873.2	2143.5	15083.2
40504	1877.9	2091.3	14639.4
6368	1871.9	2138.9	14475.9
12896	1843.6	2065.6	14008.5
29820	1866.2	2146.3	14534.0
75719	1873.3	2096.2	14534.5
88549	1861.0	2040.3	14327.8
30352	1873.4	2089.3	14347.9
32563	1868.3	2079.6	14920.4
46261	1860.8	2102.5	14312.6
41856	1852.6	2078.6	14421.6
19349	1849.1	2086.0	14370.7
25846	1848.8	2119.4	14257.0
82266	1850.0	2075.8	14249.8
52467	1876.9	2100.1	14459.1
10769	1863.3	2124.9	14764.9
1902	1863.8	2109.6	14497.1
17982	1872.7	2146.6	14848.2
55232	1844.0	2104.0	14357.1
49563	1869.8	2153.5	14877.1
56867	1852.4	2077.3	14398.0
62385	1861.5	2102.0	14279.5
52956	1874.3	2107.8	14697.7
2203	1845.5	2046.9	13941.7
43368	1861.6	2114.2	14593.1
11798	1850.8	2076.1	14301.6
4256	1853.6	2069.6	14327.7
86480	1867.0	2129.9	14872.9
59468	1844.7	2028.3	13931.0
51071	1867.7	2080.0	14380.4
7127	1870.8	2131.7	14531.9
55082	1874.9	2141.3	14588.8
42210	1861.7	2078.0	14218.1
51598	1872.5	2129.4	14649.4
75557	1855.7	2024.1	14179.6
32180	1871.4	2113.6	14552.1
51127	1854.7	2059.7	14281.7
7551	1856.9	2093.2	14364.0
15081	1872.5	2111.8	14609.9
77476	1846.8	2077.4	14084.8
69455	1857.4	2064.7	14329.9
56473	1859.8	2101.9	14521.4
88927	1867.6	2136.3	14685.7
83720	1870.4	2121.1	14472.9
38	1846.1	2099.1	14334.5
73654	1874.0	2113.1	14551.6
11423	1859.3	2047.6	14204.5
13084	1856.2	2078.2	14348.6
76667	1859.6	2134.5	14447.6
992	1873.7	2085.0	14756.9
6003	1870.5	2170.1	14843.9
84967	1853.0	2032.7	14097.6
69778	1857.9	2122.5	14538.3
19839	1862.8	2162.1	15239.1
79908	1859.0	2077.7	14042.9
7071	1855.0	2062.0	14219.5
55681	1853.0	2092.9	14503.4
46973	1870.7	2183.8	14726.2
60664	1879.6	2137.0	15081.0
49504	1858.6	2056.3	14551.0
67614	1873.3	2143.4	14930.6
47949	1876.5	2130.1	14865.5
32540	1855.3	2148.5	14444.1
93478	1856.6	2064.0	14335.2
85389	1845.5	2078.9	14368.6
34630	1866.1	2102.0	14351.0
79109	1858.3	2082.0	14404.9
75480	1849.1	2054.2	13994.9
2374	1859.7	2120.0	14422.4
66133	1863.3	2084.2	14399.1
87799	1870.1	2179.7	15150.2
52867	1855.2	2102.0	14480.5
59516	1866.0	2104.9	14528.0
74465	1868.3	2108.3	14702.0
57406	1861.5	2090.3	14557.5
67706	1852.3	2097.8	14234.0
45187	1846.4	2115.6	14313.8
39569	1876.0	2122.6	14523.9
47437	1859.4	2117.6	14414.4
89429	1857.0	2102.7	15209.2
68340	1854.5	2053.9	14443.1
29393	1865.1	2135.4	14731.7
19213	1862.8	2103.7	14536.8
48567	1835.4	2011.3	13780.2
61225	1852.2	2089.6	14539.0
80236	1853.7	2100.8	14411.3
71615	1844.8	2073.4	14262.4
16854	1862.1	2102.7	14584.2
79849	1846.1	2052.0	14048.4
81396	1861.4	2080.5	14576.1
1312	1859.3	2085.6	14153.2
67126	1852.7	2080.7	14652.2
2985	1866.7	2149.8	14797.0
86300	1859.2	2102.0	14666.7
90549	1860.7	2111.9	14641.1
74496	1856.1	2014.3	14161.3
38832	1868.4	2091.9	14485.9
71772	1857.1	2112.2	14512.4
47694	1870.8	2098.8	14918.8
86540	1850.0	2110.4	14025.8
52531	1870.4	2170.1	14805.9
52228	1873.3	2140.4	14869.9
3414	1861.8	2103.3	14529.5
71989	1869.8	2126.7	14623.3
22962	1862.7	2162.0	14664.4
6719	1858.4	2114.3	14393.9
6068	1855.2	2098.3	14208.0
2683	1855.1	2083.1	14117.7
3103	1860.7	2144.8	14703.4
34247	1860.7	2153.0	14671.7
76061	1837.8	2066.0	13965.7
76801	1848.1	2030.6	14024.6
18211	1853.5	2083.3	14263.2
26986	1865.7	2123.3	14878.3
35836	1852.4	2095.3	14485.5
71306	1861.7	2070.3	14250.3
43240	1849.0	2053.9	14066.1
94347	1845.1	2022.2	13827.1
86897	1875.9	2147.2	15011.5
14955	1852.6	2046.6	14295.4
94173	1858.5	2128.2	14520.1
28249	1862.7	2077.5	14477.4
71119	1866.8	2095.3	14270.0
70688	1859.6	2123.3	14501.7
62296	1858.2	2016.2	13920.6
14637	1853.5	2140.1	14601.2
86668	1851.3	2115.5	14137.7
84512	1855.2	2084.4	14325.4
2104	1866.1	2134.0	14476.0
71357	1863.9	2104.3	15093.3
65847	1862.4	2105.9	14547.4
48661	1851.0	2073.5	14034.7
35581	1851.1	2078.9	14271.7
50695	1847.2	2058.1	14321.3
56788	1871.7	2145.5	15033.4
55738	1859.8	2090.4	14492.7
78202	1873.5	2149.3	14731.3
37219	1870.1	2164.6	14632.2
30673	1853.2	2063.5	14158.3
18184	1866.6	2162.6	14762.0
60429	1870.9	2164.0	14687.2
83027	1859.5	2033.6	14137.8
73643	1845.4	2061.6	14137.6
8377	1846.1	2068.1	13991.3
20449	1855.5	2101.7	14362.2
82570	1855.1	2107.8	14706.1
73083	1858.9	2126.3	14647.1
11741	1856.0	2118.1	14322.7
62199	1840.9	2056.6	13866.2
70328	1851.0	2058.7	14354.8
37919	1865.9	2135.6	14912.7
25443	1867.6	2083.3	14661.0
59038	1869.4	2085.0	14569.5
51732	1850.7	2055.7	14314.9
25431	1855.3	2132.4	14499.7
13461	1874.2	2131.4	14722.0
18380	1860.2	2101.7	14823.8
20801	1856.5	2087.7	14230.5
50219	1858.3	2060.4	14304.2
57732	1874.4	2156.6	14667.8
64114	1856.7	2091.4	14388.2
47649	1865.8	2121.2	14419.7
62306	1846.4	2059.0	13940.7
89343	1864.3	2077.4	14470.1
30544	1860.5	2118.8	14266.6
7910	1870.9	2136.7	14652.6
81750	1865.9	2083.1	14516.6
1002	1849.8	2117.3	15103.4
7367	1856.4	2116.6	14540.6
50421	1868.7	2168.7	15010.8
3015	1873.3	2136.4	14644.5
31880	1849.0	2081.8	14370.5
37489	1865.2	2116.4	14560.0
14295	1874.8	2125.1	14709.4
63362	1856.2	2107.4	14321.0
7348	1843.1	2091.8	14178.9
14498	1863.6	2080.7	14324.3
25223	1849.7	2102.5	14386.2
10428	1864.6	2147.9	15021.5
92971	1869.7	2078.2	14538.5
1180	1871.8	2065.4	14219.0
11431	1855.4	2029.8	13983.9
1602	1879.3	2147.7	14766.7
70295	1857.5	2069.0	14287.2
85253	1848.7	2070.6	14374.2
38847	1845.2	2050.9	14059.3
54775	1867.2	2100.1	14360.5
51932	1863.8	2122.7	14594.0
23616	1856.9	2103.7	14518.4
71691	1870.7	2145.1	14423.7
87860	1853.8	2086.9	14074.3
50222	1862.9	2093.5	14206.6
31533	1868.6	2115.8	14570.1
24648	1852.6	2107.4	14053.6
11662	1854.2	2034.8	14114.7
9379	1849.2	2142.2	14405.3
65239	1867.1	2116.0	14509.4
37078	1857.5	2058.7	14355.2
43474	1864.4	2103.6	14551.6
47921	1873.2	2102.6	14391.7
92937	1846.0	2076.8	14110.8
85612	1866.9	2092.8	14405.5
34862	1850.0	2067.5	14153.6
25279	1842.8	2079.4	14534.8
25613	1862.5	2078.7	14257.4
70865	1867.5	2127.3	14541.4
61179	1874.2	2120.4	14971.5
3287	1865.1	2138.7	14619.6
19641	1860.5	2099.7	14339.4
43707	1869.8	2093.3	14527.9
9129	1861.5	2096.8	14262.1
30201	1867.7	2126.6	14756.7
32884	1872.0	2147.0	14522.6
5901	1860.1	2084.0	14522.5
65174	1854.7	2092.9	14405.7
29352	1882.0	2150.6	14943.3
73137	1866.3	2101.6	14565.3
62106	1866.3	2074.1	14336.6
13771	1843.8	2058.6	13955.0
81582	1873.7	2115.2	14900.4
19598	1850.2	2072.0	14048.3
41945	1869.6	2099.0	14468.7
65247	1882.7	2186.0	15032.8
81860	1872.2	2107.3	14554.6
53901	1873.6	2128.1	14757.9
89906	1864.2	2089.2	14275.5
77530	1859.1	2110.9	14590.9
37147	1855.1	2052.6	14151.4
71467	1841.8	2024.7	14153.3
73848	1858.8	2096.5	14417.2
52561	1868.1	2149.8	14582.1
2063	1853.0	2102.7	14261.3
62444	1860.1	2137.9	14811.3
79296	1853.1	2077.7	14255.6
5536	1858.0	2076.5	14355.8
14032	1867.1	2152.2	14569.7
67402	1863.5	2116.3	14526.1
2234	1875.4	2095.7	14641.1
65300	1874.9	2117.2	14656.3
7402	1846.9	2037.6	13919.6
94796	1851.1	2163.2	14751.7
78085	1861.3	2111.6	14435.2
56961	1867.6	2130.3	14865.7
29158	1857.5	2101.6	14301.5
51700	1848.7	2066.8	14042.9
67074	1867.6	2113.2	14666.5
84323	1867.0	2089.2	14393.6
78102	1850.9	2048.6	14199.2
19701	1875.4	2150.2	15024.0
77875	1856.8	2113.4	14604.0
1221	1862.0	2090.6	14446.2
72395	1862.0	2070.3	14260.8
75541	1870.7	2090.1	14607.3
7988	1852.4	2113.1	14313.5
51005	1874.6	2170.8	14602.6
81167	1864.6	2163.5	14912.2
4233	1872.4	2179.0	15744.3
45520	1856.7	2052.7	14163.0
48121	1863.7	2098.7	14488.6
54261	1850.2	2038.9	14049.5
82338	1863.9	2084.1	14508.2
21472	1861.7	2089.1	14255.6
9777	1873.7	2122.9	15020.5
77075	1854.4	2112.2	14595.6
50114	1843.4	2089.1	14023.2
13730	1865.5	2091.3	14580.1
24964	1851.0	2085.8	14143.0
32193	1853.4	2051.1	14368.4
86217	1854.6	2095.8	14318.2
68671	1877.6	2143.8	14913.5
74763	1843.0	2044.6	14183.0
58050	1854.0	2107.9	14307.8
25314	1852.0	2100.9	14333.3
93167	1845.0	2031.4	14016.6
94813	1851.7	2048.7	14073.6
60494	1874.4	2193.0	14946.0
38907	1868.2	2139.6	14758.9
19532	1864.0	2110.4	14489.3
25363	1856.9	2081.4	14341.0
37711	1845.1	2115.0	14197.0
55641	1856.5	2093.4	14761.7
66672	1859.5	2160.6	14928.1
52507	1883.8	2132.8	14853.8
15631	1856.3	2122.3	14496.0
86729	1882.0	2136.3	15197.0
66750	1874.8	2140.7	14671.7
17092	1855.7	2129.2	14530.2
42850	1870.1	2104.9	14838.7
45604	1867.1	2155.3	15591.5
2135	1859.2	2066.4	14349.6
22504	1866.3	2164.7	14788.8
32279	1855.6	2100.1	14514.6
28942	1854.9	2128.2	15113.1
43064	1878.1	2137.8	14738.6
15005	1851.7	2042.4	14121.3
14710	1840.4	2049.3	13988.7
3664	1867.9	2091.3	14445.8
32407	1864.8	2140.6	14833.3
82199	1867.1	2134.1	14850.9
42920	1858.4	2106.5	14265.1
90733	1874.0	2130.0	15044.3
1589	1855.6	2109.2	14251.0
26291	1869.8	2141.9	14774.8
87630	1855.2	2073.4	14456.4
78170	1871.2	2120.1	14786.3
53886	1839.9	2065.9	14043.9
71812	1845.7	2080.4	14112.3
24135	1860.0	2104.2	14386.9
85908	1867.0	2119.1	14533.4
21359	1859.7	2085.5	14148.8
67188	1855.8	2087.0	14474.0
47164	1855.0	2071.2	14257.7
54842	1852.8	2050.3	13972.1
46374	1866.0	2084.5	14617.0
9545	1847.4	2067.7	13991.7
48257	1871.2	2117.9	14641.9
88769	1847.1	2053.3	14091.2
43538	1873.2	2085.5	14581.4
72548	1878.3	2171.0	14957.5
76626	1850.6	2041.6	14163.8
39266	1869.1	2153.4	14756.2
15745	1856.1	2116.6	14482.0
48987	1864.1	2068.6	14103.1
51741	1849.7	2081.6	14455.6
53270	1849.1	2077.7	14252.0
554	1874.8	2159.6	14978.1
61109	1833.3	2036.1	13979.1
46550	1864.2	2133.4	14573.7
59224	1861.8	2104.4	14833.4
24058	1863.0	2140.1	14652.4
50262	1862.0	2109.0	14528.0
40233	1873.6	2130.7	14842.7
11048	1854.8	2071.5	14841.5
1032	1873.9	2121.9	14782.4
22898	1845.4	2045.3	13958.8
87263	1862.7	2129.5	14710.7
94274	1867.9	2135.3	14572.0
21399	1874.2	2198.3	15011.3
3689	1857.2	2086.1	14315.6
1612	1863.1	2132.5	14464.1
82481	1861.8	2069.9	14645.3
74568	1841.5	2038.0	13931.2
77509	1850.9	2065.1	14042.8
53718	1852.9	2055.9	14076.3
82315	1865.8	2095.5	14472.1
47651	1862.9	2095.9	14705.6
62702	1867.1	2116.8	14899.8
18614	1855.0	2104.4	14226.0
52087	1855.6	2069.4	14156.9
60596	1870.4	2148.3	14778.9
6282	1863.0	2081.8	14471.8
83473	1874.7	2163.7	14972.3
55648	1853.8	2092.0	14371.2
13558	1853.6	2086.2	14103.0
88197	1867.5	2091.7	14775.8
11013	1858.2	2088.6	14534.2
34562	1842.5	2036.5	14073.4
60302	1864.7	2136.5	14454.2
27144	1860.4	2056.3	14431.0
76651	1868.2	2152.2	15133.1
59008	1859.2	2086.2	14335.9
65669	1858.7	2119.2	14740.1
41294	1871.8	2122.0	14465.2
79292	1868.1	2075.1	14326.3
56431	1847.4	2027.5	14046.9
73816	1853.2	2086.8	14302.3
36797	1866.9	2088.3	14336.8
16638	1865.4	2157.5	14601.2
19554	1845.6	2167.0	14929.2
90405	1852.2	2038.0	14011.4
2564	1850.9	2043.1	14126.3
75883	1874.6	2124.7	14710.0
72706	1868.4	2148.7	14598.6
61747	1866.7	2142.2	15103.8
1624	1853.3	2099.6	14438.8
7862	1850.2	2087.5	14281.4
93931	1853.9	2073.1	14196.4
13613	1869.8	2123.4	14624.5
4855	1867.5	2118.3	14601.4
89214	1881.4	2098.8	15040.0
23829	1848.1	2079.4	14285.7
23580	1864.2	2116.2	14662.9
16734	1879.4	2130.3	14826.5
4386	1846.4	2147.9	14264.1
42325	1855.9	2100.1	14268.0
15742	1851.1	2079.9	14457.7
86410	1869.5	2061.5	14659.6
64040	1850.0	2067.0	14216.0
1529	1853.3	2066.1	14073.2
50676	1848.3	2047.5	14149.8
89742	1856.4	2010.0	14079.9
14975	1863.0	2102.5	14240.0
88940	1843.7	2067.8	14288.2
10563	1866.5	2077.7	14183.2
32922	1865.9	2116.0	14497.5
86780	1862.9	2074.9	14494.9
94381	1859.5	2085.4	14274.8
90294	1866.6	2107.1	14917.0
86603	1866.7	2081.9	14573.2
32379	1867.6	2111.4	14568.9
7506	1852.4	2134.4	14465.0
26032	1848.0	2020.6	13883.8
87363	1856.6	2011.9	14133.6
46387	1855.8	2104.5	14643.0
14682	1856.7	2139.2	14340.9
37547	1856.1	2115.3	14338.8
41825	1864.7	2086.9	14409.8
21498	1861.2	2112.7	14353.0
15170	1864.3	2163.4	14636.8
15761	1863.6	2083.8	14350.1
78656	1862.0	2093.6	14257.1
13576	1854.0	2096.8	14271.2
65343	1858.2	2138.2	14972.3
33490	1852.6	2072.0	14102.7
87381	1851.5	2073.2	14311.6
43755	1842.5	2069.1	14066.9
29349	1863.3	2142.7	14672.2
40007	1860.5	2123.9	14672.2
83008	1863.8	2063.3	14127.5
29997	1868.0	2187.1	16122.8
53944	1857.7	2117.5	14491.1
52486	1877.5	2122.6	14682.5
25063	1854.6	2143.6	14528.0
46916	1878.1	2150.5	14917.7
13264	1861.8	2133.8	14778.9
25986	1862.2	2066.3	14225.1
78047	1863.2	2103.5	14592.4
54809	1859.8	2106.2	14716.9
67124	1878.1	2119.3	14556.9
13382	1866.4	2168.7	14831.0
79024	1855.0	2119.2	14486.2
19892	1872.7	2197.6	15315.0
58418	1843.5	2059.5	14027.0
33245	1865.7	2119.4	14541.1
20559	1860.5	2088.0	14273.2
87606	1859.4	2093.4	14711.2
73797	1859.9	2114.5	14612.9
37212	1853.6	2089.3	14616.3
46947	1864.8	2061.1	14081.4
41377	1849.5	2099.5	14217.5
65722	1874.3	2195.9	15498.8
49495	1859.0	2091.2	14414.4
21344	1862.1	2131.4	14379.3
70456	1843.6	2096.5	14111.7
46808	1864.6	2138.2	14693.1
67152	1878.5	2077.6	14531.8
76521	1849.1	2052.6	14077.4
9878	1859.6	2118.4	14519.1
77384	1858.6	2114.6	14581.9
23255	1856.3	2099.8	14312.0
31483	1878.6	2081.2	14638.5
54032	1852.7	2063.8	14203.0
43792	1869.8	2073.6	14458.8
62818	1869.1	2127.3	14625.5
16292	1857.7	2100.9	14510.4
75250	1864.1	2058.7	14323.0
5033	1856.2	2082.6	14150.8
44925	1870.1	2061.8	14516.4
83685	1858.7	2110.3	14456.8
67538	1850.8	2092.4	14229.3
68516	1839.5	2045.8	13995.9
15109	1865.6	2113.3	14414.8
28059	1861.5	2151.2	14900.3
84831	1859.5	2105.7	14542.5
84150	1851.8	2015.5	14112.6
12742	1860.7	2125.1	14367.1
37660	1855.4	2086.0	14209.9
6533	1872.2	2160.8	14960.5
64324	1861.4	2126.9	15048.1
13394	1861.2	2055.8	14267.5
36322	1866.1	2163.7	14777.0
21160	1866.6	2115.6	14728.1
24672	1858.6	2071.1	14290.1
27872	1840.9	2033.0	13899.7
11588	1859.4	2107.8	14473.4
54758	1855.7	2064.2	14284.4
74706	1850.0	2047.2	14061.9
41928	1859.5	2111.8	14496.9
15133	1853.5	2064.1	14199.5
31549	1861.1	2093.0	14411.9
91431	1858.9	2096.9	14388.4
23024	1856.7	2083.9	14759.5
35723	1859.0	2089.3	14390.6
93595	1851.2	2051.7	14110.7
84116	1860.2	2108.6	14370.9
23701	1870.6	2109.1	14790.6
28173	1868.6	2145.1	15046.2
84744	1842.5	2022.0	13884.6
94557	1856.9	2063.6	14225.7
68230	1874.3	2118.5	14774.3
51024	1845.4	2084.1	14086.3
15162	1870.2	2088.0	14666.3
15048	1863.1	2085.1	14532.6
10899	1869.7	2167.4	15230.9
74837	1861.0	2073.2	14264.1
41579	1856.2	2044.6	14203.5
43296	1863.5	2118.7	14766.4
83956	1871.1	2118.3	14545.3
38302	1864.3	2095.0	14332.7
65365	1847.8	2049.4	14212.3
12653	1858.8	2103.6	14490.8
11138	1863.0	2101.3	14422.8
89659	1855.3	2111.6	14440.1
83406	1872.4	2134.7	14494.6
69219	1878.4	2154.4	14875.2
87368	1872.6	2150.4	15064.4
92419	1864.7	2071.5	14393.5
186	1880.8	2193.0	15917.5
92583	1855.1	2142.7	14595.6
71945	1859.6	2049.0	14212.6
26035	1861.2	2116.0	14514.0
25474	1850.0	2073.7	14096.4
85519	1859.1	2058.8	14134.2
65208	1865.1	2092.6	14546.8
24972	1861.2	2103.4	14572.0
94692	1861.0	2066.1	14373.5
65896	1868.9	2096.3	14578.1
6014	1856.8	2087.5	14688.0
53733	1881.9	2157.5	15429.5
75927	1861.8	2079.3	14390.2
35568	1860.5	2171.5	14864.4
46276	1876.7	2096.4	14695.1
8234	1864.5	2136.8	14531.5
11453	1845.6	2079.9	14187.8
1426	1854.7	2123.2	14306.4
49684	1857.2	2055.8	14264.2
73189	1855.8	2100.2	14623.1
66804	1851.2	2104.3	14207.1
54885	1845.6	2035.4	14125.2
2230	1861.2	2120.8	14467.8
201	1869.3	2155.1	15637.7
73781	1839.5	2036.0	14279.9
1336	1869.2	2121.6	14676.7
54623	1874.6	2139.6	14732.2
92325	1836.7	2059.1	13992.3
79613	1864.2	2106.7	14460.4
38886	1868.1	2135.0	14480.6
47231	1835.7	2062.7	14054.6
43574	1846.4	2032.5	13914.4
80604	1866.2	2086.6	14584.1
84078	1847.8	2056.1	14220.8
47355	1869.6	2100.3	14615.9
68879	1850.6	2076.2	14070.6
9851	1851.4	2085.8	14163.6
26006	1855.5	2116.8	14642.6
43389	1856.3	2079.6	14441.6
70010	1867.7	2061.1	14887.5
55637	1859.0	2052.8	14128.6
36722	1863.8	2172.2	14573.7
10448	1861.8	2077.0	14514.7
93375	1847.7	2074.2	14261.9
75440	1863.4	2068.5	14579.2
41957	1862.9	2149.0	14653.9
29448	1879.1	2145.9	14773.0
162	1852.2	2085.6	14454.3
35870	1850.8	2042.8	14056.9
80329	1839.9	2111.0	14213.1
94017	1866.9	2103.9	14528.9
34826	1861.1	2101.8	14284.8
55261	1870.1	2093.3	14742.3
93341	1879.6	2145.5	15005.2
49435	1869.7	2112.4	14818.7
13221	1844.1	2091.4	14252.1
33601	1869.8	2184.3	15317.6
61334	1870.3	2093.3	14622.4
1735	1850.0	2104.0	14363.4
74892	1857.9	2103.6	14410.5
89551	1855.1	2076.6	14282.7
68773	1844.2	2051.4	14008.2
59670	1852.2	2103.6	14454.4
88775	1849.1	2040.9	14011.3
51447	1862.0	2088.1	14438.9
23885	1863.2	2136.9	14519.4
9011	1854.9	2119.5	14492.6
15195	1863.1	2124.4	14508.7
58812	1864.9	2108.0	14523.1
85907	1841.0	2038.9	13855.4
5756	1853.0	2055.5	14248.4
40743	1858.1	2144.9	14674.5
67319	1858.9	2116.1	14436.6
91796	1850.8	2105.7	14330.0
21441	1856.0	2100.9	14243.5
83991	1861.9	2112.5	14529.9
33112	1850.0	2074.7	14210.0
84677	1868.8	2063.4	14261.9
44601	1857.7	2136.4	14501.9
92035	1869.3	2134.8	14790.8
27347	1862.0	2170.2	15005.4
32703	1853.2	2132.2	14270.7
60407	1864.9	2135.3	14562.6
10338	1851.2	2052.5	14197.5
11335	1859.2	2078.3	14650.1
20342	1843.5	2031.6	14255.9
89711	1865.6	2135.0	15043.6
30618	1860.0	2112.7	14402.9
70004	1867.8	2136.1	14873.5
8371	1857.2	2076.3	14035.7
81044	1860.7	2072.8	14249.7
5780	1843.5	2024.0	13969.5
42959	1858.7	2106.9	14464.8
73997	1861.9	2050.6	14250.3
67490	1853.2	2087.0	14145.0
65842	1853.9	2099.8	14434.9
59412	1863.9	2147.1	14617.8
20535	1852.2	2134.4	14197.5
3331	1868.7	2119.4	14512.5
75459	1865.6	2080.9	14541.6
4511	1851.6	2049.0	14237.8
17310	1859.2	2153.9	14718.2
4583	1853.0	2126.3	14377.5
52249	1848.1	2098.7	14394.2
29284	1866.9	2094.8	14800.5
41740	1870.7	2132.3	14749.1
36911	1861.9	2080.8	14520.5
75286	1855.4	2079.5	14398.8
79583	1889.3	2189.1	15271.5
58488	1863.1	2059.9	14343.2
10684	1865.0	2116.0	14542.5
7883	1866.0	2115.3	14693.8
2486	1834.0	2070.9	13964.0
55043	1852.1	2103.9	14335.2
92716	1864.0	2074.6	14251.9
60875	1830.7	2056.2	13870.1
55823	1868.3	2116.7	14660.2
9624	1868.3	2169.6	14714.0
27131	1868.0	2122.1	14741.1
68026	1856.3	2126.3	14732.2
16656	1859.1	2059.5	14126.0
71580	1859.4	2082.1	14464.1
23707	1850.3	2036.0	14147.0
79346	1881.6	2126.5	15468.5
9173	1873.4	2165.5	14941.0
8787	1855.6	2159.1	14598.5
57724	1860.5	2091.0	14991.4
1568	1869.0	2123.0	14621.6
71100	1877.5	2155.0	15032.1
88159	1851.3	2034.8	14072.5
10195	1859.6	2134.2	14488.7
13840	1859.2	2110.8	14614.5
49110	1854.3	2124.6	14589.6
21161	1867.9	2127.5	14560.6
33480	1865.2	2168.0	15018.0
79179	1847.9	2057.1	14088.8
62289	1863.1	2097.6	14625.8
17908	1857.4	2068.1	14023.6
62067	1861.0	2083.0	14326.1
83872	1870.1	2090.8	14892.7
81890	1861.6	2101.3	14588.9
17661	1860.2	2106.0	14923.5
52149	1861.5	2133.9	14699.9
54504	1863.0	2133.1	14733.4
40137	1865.5	2156.1	14900.7
22700	1851.5	2085.2	14057.7
8100	1863.1	2052.6	14484.2
65043	1847.7	2136.6	14517.8
74791	1868.0	2147.3	14902.3
87327	1856.5	2041.3	14823.7
63073	1848.5	2062.6	14131.8
80012	1859.1	2132.2	14706.4
397	1878.3	2132.9	15037.0
67359	1879.5	2120.8	15030.1
56511	1866.8	2104.7	14805.9
72806	1847.2	2069.2	13978.5
4735	1862.3	2153.2	14545.7
43987	1862.0	2066.4	14353.2
48501	1854.5	2057.4	13999.1
85852	1851.8	2033.5	14085.2
81545	1853.4	2124.6	14428.2
11925	1876.9	2092.4	14657.7
89959	1859.6	2125.9	14522.2
23421	1865.0	2041.3	14356.9
24661	1858.9	2122.6	14790.1
80110	1860.4	2160.5	14529.6
70249	1857.1	2120.7	14681.1
76254	1856.0	2079.0	14429.7
1562	1861.8	2102.3	14401.8
62988	1853.5	2070.4	14156.4
60630	1858.6	2063.0	14797.1
91770	1857.3	2138.4	14526.9
62952	1855.6	2077.8	14290.7
59337	1853.0	2039.0	13933.2
49431	1850.2	2076.2	14099.7
55713	1849.8	2049.1	14205.5
28822	1846.6	2057.8	14386.5
73156	1878.6	2137.4	15003.8
20687	1857.0	2102.8	14365.5
35376	1858.3	2102.7	14458.8
10386	1859.5	2147.4	14746.2
1316	1858.4	2097.7	14536.3
3533	1863.6	2119.9	14503.5
88282	1883.2	2131.3	14845.5
18597	1864.1	2091.1	14522.2
38074	1863.4	2110.3	14260.8
59070	1855.9	2085.5	14231.3
11682	1853.1	2050.1	14014.1
76504	1855.4	2087.4	14463.3
92280	1862.1	2088.0	14370.5
48361	1861.1	2163.9	14634.1
42273	1866.3	2109.7	14571.4
57797	1839.7	2049.7	14151.5
49527	1859.1	2101.1	14473.4
22447	1862.4	2117.0	14409.3
81147	1860.3	2094.0	14498.6
68148	1852.7	2095.7	14243.2
49675	1872.9	2136.1	14648.6
40116	1837.3	2024.6	13850.0
71365	1854.0	2061.9	14233.5
38026	1859.6	2130.6	14567.9
90349	1867.4	2098.1	14447.4
76402	1861.6	2066.5	14814.2
86671	1855.4	2073.2	14353.6
61911	1861.5	2092.3	14981.4
74703	1842.6	2033.7	13955.3
17067	1860.0	2065.3	14092.4
55755	1863.4	2075.3	14335.6
52983	1877.8	2117.6	15128.3
56476	1856.1	2052.5	14103.2
51538	1865.2	2134.3	14767.5
53015	1883.4	2155.4	15236.1
22778	1859.4	2101.1	14485.7
24555	1868.8	2081.8	14340.2
49869	1854.1	2148.0	14883.4
75436	1849.9	2045.6	14111.2
90633	1861.5	2167.1	14648.2
21715	1857.1	2096.1	14833.4
62487	1859.9	2091.8	14617.9
94111	1859.0	2089.1	14353.5
50577	1859.7	2064.3	14248.0
8663	1871.6	2153.3	14816.0
66383	1868.0	2166.3	14728.4
67085	1873.5	2102.6	14442.8
60806	1850.9	2066.0	14319.6
66202	1847.2	2080.6	14531.2
5640	1847.9	2040.5	13970.3
29495	1857.5	2091.3	14251.0
46531	1852.3	2090.2	14175.2
10209	1850.2	2075.0	14029.3
56273	1858.2	2077.8	14582.5
69374	1860.2	2095.3	14364.9
73488	1860.3	2144.7	14980.0
21413	1862.9	2151.8	14667.7
65155	1867.2	2142.9	14776.8
65885	1850.5	2062.6	14403.8
85012	1860.5	2122.9	14606.0
13117	1865.8	2125.2	14878.9
36315	1853.9	2074.1	14453.1
56420	1850.7	2059.9	14276.4
92711	1867.2	2083.6	14371.5
56490	1858.9	2082.7	14224.9
41693	1845.2	2052.6	13870.0
15797	1862.4	2149.1	14597.9
79006	1842.2	2006.3	13890.8
88972	1862.8	2115.0	14611.0
36754	1865.4	2081.6	14400.7
79865	1858.4	2084.8	14421.5
53239	1866.4	2134.9	15167.1
68044	1879.7	2102.7	14789.2
21583	1869.7	2142.8	14832.2
80051	1852.1	2048.9	14059.0
50451	1854.6	2113.3	14611.2
19200	1866.7	2145.2	14711.6
13653	1852.9	2138.5	14311.9
1382	1878.1	2140.2	14624.7
40883	1846.8	2094.5	14296.9
6223	1859.6	2087.6	14274.9
44596	1869.5	2090.7	14655.0
9024	1870.8	2128.6	14459.3
12169	1852.3	2090.0	14089.9
490	1841.4	2053.8	13934.7
4780	1846.5	2081.9	14227.9
55416	1853.7	2100.6	14392.1
47700	1870.0	2125.7	14587.0
53868	1850.2	2071.4	14237.9
38023	1864.6	2121.8	14483.4
79166	1872.6	2072.2	14689.3
47635	1873.5	2134.2	14526.1
44431	1860.3	2061.8	14273.8
57366	1847.1	2056.9	14244.1
84479	1864.7	2061.2	14372.3
41075	1862.2	2149.0	14589.1
85843	1861.5	2106.7	14549.8
63165	1873.5	2167.5	15096.4
11103	1863.1	2186.8	17262.1
14836	1858.2	2121.2	14429.3
31347	1844.3	2047.6	14002.4
86080	1878.8	2109.7	14553.7
38586	1846.0	2085.7	14244.6
12673	1854.2	2099.5	14361.7
62287	1873.4	2144.2	14887.1
46800	1859.0	2117.5	14434.0
8228	1842.8	2089.9	14119.8
52370	1858.0	2062.3	14384.6
71322	1870.0	2103.7	14483.8
69276	1847.1	2069.9	14027.2
1786	1853.2	2115.4	14148.1
34373	1861.7	2073.4	14379.9
71894	1862.6	2082.3	14234.4
68423	1869.0	2078.9	14570.6
77336	1849.8	2048.9	14006.6
70547	1853.9	2054.0	14234.9
91333	1864.1	2103.2	14402.6
72784	1864.7	2071.7	14418.7
48088	1882.1	2124.1	14949.2
