8026	2646.1	2871.7	24600.3
1701	2654.9	2893.0	24910.0
28619	2665.0	2882.9	24935.6
45582	2631.8	2884.9	24366.5
35342	2673.1	2942.1	25853.4
53331	2647.1	2844.0	24388.9
18872	2629.4	2888.2	24276.7
47816	2646.9	2820.0	24722.9
41931	2642.2	2897.4	24714.2
53989	2648.7	2845.0	24611.1
33225	2647.3	2878.2	25072.6
69956	2656.7	2924.0	24870.5
63055	2656.1	2872.4	24963.1
16593	2646.8	2947.1	25054.1
12270	2640.3	2838.3	24224.4
67745	2642.7	2865.1	24392.9
26307	2637.3	2853.0	24411.2
22359	2645.9	2883.3	24827.0
17298	2675.7	2988.3	25371.6
54486	2646.9	2898.8	25017.4
42801	2647.7	2845.8	24548.4
16240	2662.0	2928.4	24921.2
50191	2656.7	2925.1	24947.6
64970	2659.1	2835.9	24800.4
32144	2644.4	2863.7	24360.2
7728	2648.8	2881.0	24675.7
37430	2648.4	2873.5	24617.8
55932	2652.3	2903.3	24620.4
15908	2641.1	2921.5	24954.6
35774	2662.6	2944.9	24901.7
32829	2646.2	2871.1	24579.0
13593	2651.1	2904.5	24674.4
49103	2636.8	2847.3	24320.7
32763	2628.8	2830.2	24145.7
66278	2644.0	2861.3	24583.6
14212	2656.3	2932.7	24798.0
20439	2640.4	2846.8	24361.6
42816	2661.3	2925.4	25106.5
32568	2656.7	2926.6	24991.9
21787	2642.5	2890.5	24660.0
11788	2631.2	2861.0	24291.7
72822	2657.2	2941.9	24754.0
32872	2665.4	2965.4	25168.1
57552	2642.1	2875.4	24677.1
67006	2664.3	2864.9	25062.2
50262	2661.4	2902.6	25161.5
2748	2667.1	2905.7	24967.5
41856	2642.7	2878.1	24535.8
2619	2638.8	2916.1	24606.3
64558	2652.4	2910.0	24872.1
13065	2655.3	2890.1	24651.3
37347	2649.5	2884.1	24744.0
58879	2648.6	2901.5	24560.0
60214	2633.3	2877.8	24574.0
49511	2651.5	2918.5	24811.9
46999	2648.3	2899.4	24884.1
5705	2648.1	2851.0	24477.0
74534	2647.3	2894.6	24737.2
73274	2637.2	2916.7	24791.0
26632	2657.6	2890.5	24744.7
53349	2662.6	2920.6	25112.7
18017	2646.1	2863.5	24982.1
30697	2629.2	2873.3	24458.9
47873	2625.5	2846.7	24142.1
18245	2660.6	2941.7	24822.8
30133	2638.2	2835.2	24328.2
37796	2636.7	2827.0	24413.3
53549	2652.7	2919.0	24809.4
20303	2658.6	2892.2	24794.8
33154	2662.7	2909.4	25123.3
44157	2663.4	2956.5	25198.0
39505	2661.2	2868.3	24958.1
10756	2671.8	2896.7	24919.6
55199	2656.2	2906.5	24810.2
17333	2627.5	2873.8	24303.3
55452	2640.8	2919.0	24490.3
58606	2667.8	2938.4	25057.8
59063	2662.9	2886.1	25555.5
69849	2646.1	2994.8	25129.0
19154	2651.5	2856.7	24781.9
69480	2632.8	2827.0	24113.3
33927	2655.2	2893.0	25346.5
8269	2653.2	2873.5	24744.8
8089	2628.2	2809.0	24037.5
51403	2661.0	2947.3	25162.5
39988	2652.5	2890.6	24869.4
43140	2640.5	2862.7	24499.0
61696	2652.4	2923.7	24903.5
60293	2636.8	2835.2	24488.7
6438	2666.6	2922.1	25122.5
72542	2649.8	2846.5	24765.3
38782	2653.9	2914.5	25033.3
33900	2652.3	2877.8	24980.3
58768	2644.8	2908.2	25189.7
5143	2643.4	2957.2	25187.3
40664	2644.1	2953.4	24691.0
30775	2639.7	2900.5	24483.5
1582	2654.1	2902.9	24796.9
65244	2644.5	2823.2	24683.9
20680	2637.6	2833.0	24336.6
74122	2654.0	2880.6	24586.9
22271	2650.6	2934.7	24681.7
16695	2680.1	2999.9	25404.6
60790	2652.7	2897.6	24678.4
67365	2632.3	2875.8	24231.9
9269	2655.9	2944.3	24660.6
74855	2641.1	2935.6	25009.4
3667	2665.2	2939.2	25056.5
60657	2653.7	2885.5	24854.2
37651	2662.9	2943.1	25033.5
31629	2660.3	2841.4	24649.5
26767	2639.4	2832.9	24482.5
5311	2674.4	2913.5	25355.9
29639	2662.4	2876.0	24888.5
53166	2632.3	2845.2	24623.3
14489	2651.0	2897.2	24836.9
49758	2677.7	2942.2	25331.4
16854	2656.2	2896.5	25082.7
16905	2661.5	2946.5	25304.9
47205	2645.4	2892.0	24646.8
33735	2643.7	2854.2	24470.5
4895	2654.6	2890.2	24862.3
38757	2641.1	2878.0	24566.0
6505	2648.2	2942.6	24806.6
60475	2645.8	2886.3	24803.9
68479	2653.1	2887.1	24862.2
19014	2672.1	2937.9	25026.9
13582	2644.3	2878.8	24522.7
40281	2643.6	2867.2	24390.9
15339	2660.1	2925.8	24826.5
57717	2654.0	2900.5	24690.1
51289	2651.3	2885.3	24625.0
58567	2645.1	2929.1	24767.7
40684	2636.4	2858.4	24528.2
71205	2636.3	2793.7	24335.5
24232	2660.6	2892.8	24814.5
15432	2654.4	2875.7	24622.2
38068	2665.1	2889.4	25008.6
25659	2649.9	2848.5	24458.6
53756	2627.5	2815.0	24105.7
42186	2629.2	2842.3	24304.1
37975	2637.7	2912.7	24505.5
13641	2652.9	2916.2	24794.9
33624	2645.9	2914.8	24816.3
10869	2638.9	2829.5	24518.0
33133	2641.0	2867.2	24712.0
6842	2623.2	2829.6	24052.3
72181	2661.7	2904.7	25353.6
8462	2656.1	2942.3	24926.1
12107	2642.8	2861.5	24470.2
13033	2653.1	2912.1	24890.3
50440	2645.9	2849.9	25070.3
16532	2649.6	2895.6	24572.3
31775	2648.3	2940.8	24803.9
21172	2646.7	2857.1	24741.5
25467	2646.2	2881.1	24558.0
17096	2637.4	2896.0	24397.4
734	2664.8	2890.5	24759.0
24041	2640.5	2873.1	24409.9
18739	2653.6	2921.4	24944.0
62715	2657.9	2866.8	25262.7
27828	2644.5	2926.0	24815.5
66958	2642.9	2803.5	24417.9
17382	2642.4	2843.1	24700.9
28595	2651.6	2921.8	24882.3
31051	2647.2	2852.3	24562.1
15105	2641.3	2852.8	24431.8
4135	2649.4	2874.9	24756.0
39622	2649.6	2923.1	24636.1
13899	2655.4	2914.9	25041.1
57068	2666.3	2955.5	25154.6
70117	2652.3	2863.3	24775.5
68255	2634.9	2874.7	24549.9
44163	2651.1	2872.9	24715.7
14801	2664.9	2908.7	24931.4
34075	2643.3	2900.8	24760.2
66299	2653.2	2886.8	24656.1
7415	2650.5	2940.1	24839.4
56970	2644.7	2882.9	24933.4
7824	2634.4	2885.3	24364.4
23301	2673.6	2965.7	25346.1
51917	2649.6	2936.9	24987.2
57391	2670.6	2925.1	25096.4
25042	2657.8	2961.5	24944.1
72247	2632.9	2832.9	24419.0
3078	2637.9	2925.5	24906.4
37024	2633.9	2841.7	24460.4
51042	2640.6	2862.3	24252.4
73172	2639.9	2839.3	24398.1
25782	2650.7	2893.1	24735.9
69577	2646.7	2884.0	24752.2
11742	2630.3	2856.0	25583.8
31362	2654.3	2914.0	25075.7
67789	2649.4	2865.8	24907.4
18213	2642.7	2842.4	25584.1
37834	2648.4	2905.5	24889.3
56229	2643.5	2853.6	24729.8
5931	2654.6	2903.1	24770.4
32001	2650.0	2889.6	24811.7
5067	2643.7	2847.5	24523.9
10217	2635.3	2840.0	24540.9
23571	2668.8	2884.9	25033.7
59787	2640.1	2895.2	24680.8
69910	2622.7	2837.1	24143.4
23991	2661.3	2907.2	24911.0
25736	2653.8	2929.6	25128.0
36544	2633.8	2818.6	24303.1
33069	2661.4	2989.1	25226.2
15310	2651.9	2838.8	24512.6
20437	2653.1	2839.4	24574.2
64953	2648.8	2841.1	24662.3
41441	2658.4	2905.4	25031.4
8541	2639.6	2894.6	24459.4
1545	2635.7	2837.9	24283.0
14233	2663.0	2932.6	24960.4
43623	2672.3	2962.0	25616.5
39151	2650.6	2869.0	24717.0
44913	2657.7	2883.4	24722.2
49267	2663.8	2902.8	24918.3
41828	2637.1	2893.1	24503.7
1784	2657.1	2939.1	24806.6
34263	2665.2	2884.1	24772.1
9355	2658.4	2937.8	24861.3
3405	2664.5	2955.1	25187.7
68278	2642.3	2875.9	24824.9
46966	2640.9	2837.8	24591.5
40341	2659.8	2879.0	24775.2
5671	2661.4	2946.5	25167.6
43506	2641.5	2906.4	24474.7
33350	2657.1	2922.8	24605.1
40757	2653.4	2939.2	25019.8
59660	2656.7	2894.5	24897.3
25438	2644.9	2904.1	24851.5
40386	2638.3	2878.7	24458.0
6007	2638.8	2859.4	24529.2
11948	2643.8	2910.6	24734.7
61174	2641.7	2818.9	24433.5
54846	2646.3	2939.7	24861.3
44605	2633.3	2819.2	24430.2
70208	2655.7	2936.4	24871.1
66101	2662.7	2916.5	25014.4
32592	2641.5	2833.4	24467.5
58159	2646.1	2866.3	24909.6
9063	2653.7	2902.3	24930.6
10374	2629.0	2804.6	24191.9
60537	2636.2	2876.2	24928.5
834	2658.1	2930.8	25006.8
4788	2621.9	2822.4	24069.0
67085	2654.3	2863.4	24669.3
55102	2643.0	2894.2	24760.4
15704	2658.4	2894.2	24809.5
63093	2663.5	2935.9	25617.7
5631	2662.7	2905.1	24743.9
43981	2646.8	2901.8	24689.4
37111	2655.6	2831.7	24732.4
47912	2647.2	2844.3	24922.4
39108	2624.7	2815.5	24044.0
53395	2647.3	2840.8	24511.8
37882	2665.2	2897.5	24934.6
25725	2645.6	2872.6	24689.7
73799	2641.0	2887.7	25956.0
67418	2659.3	2938.0	25094.6
27374	2647.5	2865.4	24522.2
62464	2622.4	2832.2	24120.0
59601	2652.8	2843.5	24911.9
1929	2655.4	2888.8	24636.8
52227	2657.5	2945.4	25240.4
69319	2659.9	2875.3	24991.1
41762	2626.6	2888.7	24221.6
47008	2652.8	2872.6	24429.9
58801	2654.8	2873.5	24692.7
45343	2637.0	2868.2	24842.7
53469	2663.2	2872.6	24797.7
35704	2653.4	2907.4	24669.1
31273	2634.6	2886.2	24455.4
37479	2649.3	2882.5	24545.4
70606	2658.2	2886.3	25005.6
53969	2657.3	2947.4	24896.5
23245	2651.5	2878.4	24699.5
15215	2649.2	2920.8	24904.9
38371	2657.4	2897.8	24684.2
48356	2658.0	2897.4	24935.2
63353	2670.3	2952.6	25111.4
56553	2655.3	2924.3	24623.1
13355	2652.3	2846.5	24427.4
63048	2641.8	2847.6	24594.8
64269	2638.1	2823.9	24339.2
1095	2656.3	2937.4	25165.4
53012	2663.7	2897.5	24997.5
2415	2647.8	2923.6	24650.8
68137	2643.9	2865.6	24507.3
71489	2655.4	2893.6	24794.1
58826	2640.3	2907.3	25232.0
30693	2650.3	2921.3	24993.7
56677	2660.2	2980.4	24937.9
37684	2639.7	2907.1	24698.4
68327	2648.9	2876.1	24772.3
41500	2640.3	2897.4	24793.4
41261	2645.5	2845.6	24543.4
2756	2647.1	2928.9	25105.2
56849	2656.0	2908.2	25428.0
18176	2636.6	2868.6	24469.4
5364	2648.0	2859.9	24754.6
4850	2654.7	2861.7	24693.1
2180	2637.1	2839.0	24312.7
2512	2632.6	2807.9	24280.6
27079	2637.8	2882.3	24397.4
60061	2659.8	2922.3	25318.6
60644	2640.0	2869.2	24446.2
14430	2652.1	2815.4	24433.1
21352	2662.8	2963.9	24800.6
28332	2639.3	2896.6	24669.9
56310	2631.1	2847.4	24387.1
34173	2650.4	2880.6	24656.3
74484	2653.7	2900.8	24933.8
68608	2632.9	2870.5	24409.5
11863	2673.7	2950.2	25068.9
74348	2656.4	2909.9	24611.9
22349	2645.7	2923.6	24667.9
56164	2648.5	2905.3	24655.6
55823	2648.3	2891.2	24775.0
49205	2658.5	2899.5	24680.3
11613	2653.8	2909.4	24959.3
68428	2641.4	2846.3	24462.9
66728	2646.7	2913.5	24630.7
1728	2653.2	2946.1	24889.2
56352	2652.9	2891.4	24677.2
52006	2649.4	2885.8	24790.8
38450	2635.3	2848.0	24907.2
28133	2647.1	2863.0	24284.0
40055	2645.2	2834.4	24693.5
44861	2645.9	2868.7	24759.7
44033	2645.2	2877.1	24612.0
61751	2644.5	2870.2	24613.1
29426	2660.4	2926.7	25077.6
24264	2657.9	2895.1	24664.6
14413	2649.1	2882.4	24608.0
47733	2649.5	2901.7	25107.5
65557	2640.1	2828.7	24359.2
58155	2641.8	2876.9	24578.5
6679	2650.7	2945.3	24788.7
16201	2656.8	2910.0	24585.2
65196	2653.8	2866.6	24928.3
57714	2642.4	2928.2	24581.6
9333	2656.1	2909.7	25051.1
49130	2635.0	2853.1	24544.0
55541	2650.5	2896.0	25156.3
29980	2660.0	2900.5	24618.9
20140	2652.5	2878.8	24417.5
46637	2657.5	2880.9	24698.7
40874	2637.9	2799.9	24142.2
20131	2636.8	2918.0	24572.1
10691	2648.0	2895.5	24632.5
14570	2636.6	2856.0	24311.7
16480	2642.8	2868.1	24691.5
39682	2639.1	2890.1	24706.5
45607	2662.7	2917.8	25183.3
50641	2646.7	2880.8	24512.9
37655	2651.1	2919.3	25018.8
49215	2642.0	2855.5	24773.8
70538	2637.8	2861.9	24598.7
24165	2660.3	2866.7	24770.5
6315	2659.8	2869.9	24730.5
64550	2664.7	2884.0	24917.7
867	2647.2	2860.9	24633.3
5887	2642.1	2855.7	24577.0
39842	2650.5	2878.3	25025.6
2455	2653.8	2902.9	24830.8
25220	2653.4	2883.5	25115.5
29644	2643.9	2859.5	24815.4
11352	2669.6	2959.9	25033.2
50049	2662.0	2895.2	25053.7
5873	2639.0	2903.9	24801.8
11513	2638.7	2871.0	24660.3
19971	2647.1	2902.3	24806.5
8303	2649.2	2867.7	24691.7
73399	2653.3	2909.0	24955.2
1010	2660.0	2904.9	24890.8
9095	2663.4	2920.7	24919.1
1344	2641.3	2855.4	24953.0
55517	2654.4	2880.3	24776.6
67313	2654.9	2909.2	25102.3
30716	2651.9	2911.7	24934.3
43277	2674.5	2924.9	25453.3
41036	2642.4	2929.2	24864.6
18705	2642.8	2880.6	24397.0
56618	2637.2	2870.2	24374.2
69370	2626.6	2826.1	24145.6
39687	2637.9	2907.6	24746.5
24950	2654.5	2924.2	25018.1
19520	2628.0	2849.3	24458.9
9279	2662.5	2901.3	25046.1
7479	2638.1	2840.0	24549.6
51531	2662.8	2921.8	24850.4
29323	2630.8	2865.0	24447.7
34367	2633.3	2789.8	24370.2
37874	2647.7	2878.0	24548.3
73373	2636.8	2831.2	24437.7
67596	2643.2	2922.3	24574.1
27576	2651.2	2820.6	24598.3
20019	2663.5	2839.4	24782.3
20282	2655.8	2928.5	24743.6
55967	2653.6	2876.8	24936.4
48329	2650.7	2909.9	24919.2
2677	2654.3	2927.2	24721.9
15574	2660.0	2927.3	24836.0
34552	2665.5	2891.0	24956.1
7285	2629.4	2878.8	24349.4
23902	2680.9	2989.9	25281.8
26018	2634.4	2929.9	24529.8
4740	2650.2	2923.9	24725.4
51480	2661.0	2849.3	24878.1
23233	2643.3	2861.1	24622.4
57760	2636.6	2813.0	24379.3
49061	2655.5	2901.9	24690.9
10947	2645.1	2839.5	24633.0
64419	2637.8	2814.8	24524.5
15542	2645.0	2850.4	24432.2
33163	2678.6	2946.3	25325.3
51538	2657.2	2921.5	25071.6
64639	2635.1	2866.3	24457.5
42592	2628.0	2851.6	24347.4
70983	2647.5	2862.8	24577.2
61224	2650.9	2891.6	24712.4
29381	2656.0	2923.2	24715.6
56444	2659.2	2896.7	25195.1
58321	2646.6	2845.2	24854.6
41536	2637.3	2891.4	24566.4
1717	2649.4	2919.8	24577.6
49329	2658.4	2882.1	24819.4
62617	2633.1	2886.5	24293.5
4457	2642.0	2879.9	25015.0
11155	2642.3	2877.2	24535.0
53239	2660.7	2937.9	25441.5
1853	2647.0	2885.9	24437.3
51581	2650.2	2909.3	25332.1
5928	2661.7	2929.4	24915.3
74839	2656.1	2932.9	24816.1
61663	2660.8	2886.6	24981.5
45007	2647.9	2873.4	24635.6
23084	2659.0	3004.6	25195.6
40858	2632.9	2816.5	24337.5
52980	2640.3	2917.0	24454.2
66581	2663.3	2864.3	24772.8
61676	2662.6	2969.9	24921.0
15628	2654.9	2917.7	24998.1
61497	2660.4	2847.8	24812.2
1058	2648.8	2927.5	24615.7
57177	2660.4	2951.4	25363.8
59657	2651.1	2835.4	24669.7
6394	2638.8	2840.7	24402.4
40311	2646.5	2905.6	24850.6
64093	2667.6	2890.6	25018.3
3433	2670.2	2907.7	25092.6
35987	2620.1	2848.0	24801.9
38038	2668.0	2929.0	25174.0
42879	2631.5	2849.7	24234.9
65016	2645.9	2888.0	24604.7
17026	2655.4	2876.1	24738.6
7806	2659.5	2927.1	25097.7
60867	2645.3	2834.6	24406.5
39609	2641.8	2840.9	24535.3
10923	2632.3	2884.0	24354.1
19780	2652.1	2924.9	24740.5
25481	2631.7	2871.8	24306.7
68075	2656.1	2904.7	24821.0
54241	2650.6	2911.1	24974.1
59044	2652.8	2894.5	24800.8
45867	2666.1	2907.4	24901.2
20057	2663.0	2901.8	24792.4
73555	2648.0	2850.5	24568.8
74852	2664.2	2939.2	25053.7
47795	2661.9	2888.2	24742.4
96	2667.6	2961.1	25118.8
15500	2638.9	2865.2	24422.3
20097	2659.6	2882.5	24878.9
29832	2654.9	2900.8	24778.5
43969	2632.8	2806.1	24309.2
52666	2658.1	2954.4	24923.8
41498	2634.6	2861.3	24264.6
12425	2641.8	2903.5	24539.6
125	2643.6	2932.2	24673.9
52727	2657.7	2920.1	24997.8
13577	2659.1	2944.4	25655.6
33885	2659.5	2926.7	25148.1
36056	2649.9	2880.2	24997.9
1786	2644.8	2906.9	24309.6
17845	2675.0	2920.9	24994.2
25552	2653.1	2845.9	24524.4
22921	2659.1	2919.8	24870.2
34054	2628.2	2825.1	24090.4
11933	2650.5	2870.2	24618.6
11701	2657.8	2907.5	24925.8
2993	2664.4	2999.3	25147.7
25653	2625.6	2835.0	24070.1
64908	2644.7	2933.0	24944.7
33941	2632.3	2838.8	24436.8
71636	2635.3	2843.6	24285.2
1358	2650.5	2845.6	24638.3
20832	2663.6	2964.2	24881.8
69190	2635.2	2853.4	24868.3
61732	2658.6	2904.8	24987.5
42587	2646.7	2932.7	24862.3
56720	2656.3	2915.2	24948.2
19133	2653.0	2921.3	24896.7
67832	2634.2	2845.7	24639.6
16945	2645.6	2908.5	24878.3
53075	2642.7	2902.7	24922.1
37289	2653.0	2911.5	24919.4
43342	2628.5	2870.2	24240.6
36667	2653.9	2933.3	24794.2
7633	2652.9	2885.4	25450.2
38151	2635.7	2910.7	24391.8
70088	2648.2	2909.6	25356.1
34431	2656.5	2888.9	24935.9
57300	2644.5	2824.8	24616.9
60515	2647.8	2905.2	24864.9
31063	2653.3	2887.9	24840.6
12522	2651.8	2890.9	24475.8
38727	2651.3	2942.0	24702.2
40898	2651.3	2853.2	24634.7
42104	2640.6	2890.8	24601.5
547	2660.8	2943.1	24981.0
48283	2633.0	2891.6	24647.6
36807	2654.3	2895.8	24941.6
46798	2657.1	2925.1	25164.9
19076	2657.6	2910.8	24984.1
39733	2666.7	2997.7	25389.5
31827	2653.0	2871.1	24450.4
8821	2646.5	2916.3	24834.9
926	2661.9	2830.7	25084.2
18162	2642.7	2861.7	24798.3
68901	2642.6	2877.8	24671.7
74427	2641.7	2866.8	24579.8
16981	2661.0	2923.6	25006.4
3021	2636.5	2888.5	24404.6
1384	2637.9	2911.3	24488.1
65131	2644.5	2886.3	24540.9
58894	2650.8	2866.6	24715.1
61212	2627.3	2813.4	24055.3
42459	2665.7	2951.4	24995.9
65000	2648.9	2879.4	24631.0
37676	2650.6	2899.1	24643.2
49540	2656.2	2923.6	25199.5
14788	2663.1	2900.6	24822.2
41173	2663.1	2949.6	25025.8
47881	2647.8	2879.4	24760.1
199	2635.7	2927.2	24790.4
65913	2645.8	2871.1	24685.5
253	2655.3	2915.0	24703.3
10804	2654.5	2888.2	24750.8
69638	2643.1	2918.2	24861.0
8798	2656.7	2889.6	24867.2
27360	2643.7	2868.1	24575.9
47649	2650.0	2888.8	24631.7
21513	2648.1	2892.5	24888.7
245	2662.1	2932.5	25187.8
46630	2642.2	2903.8	24860.0
51880	2652.4	2915.4	24906.0
32667	2622.8	2854.8	23964.6
62619	2622.7	2806.0	24420.6
44599	2648.3	2855.5	24675.5
58302	2625.1	2832.5	24295.7
29123	2652.4	2874.5	24918.4
13234	2649.1	2861.2	24570.3
15532	2623.9	2843.4	23948.4
71378	2672.0	2876.6	24967.3
2141	2624.5	2869.3	24247.6
59931	2643.2	2888.8	24911.9
57428	2660.1	2865.9	25132.2
48789	2651.1	2901.0	25120.8
1401	2645.2	2876.6	24822.5
6317	2647.9	2905.4	24523.1
74157	2652.7	2863.3	24778.1
10851	2645.0	2887.5	24729.8
3948	2648.0	2941.0	24773.7
70439	2652.4	2867.3	24577.7
18904	2636.8	2835.8	24283.0
18708	2650.3	2865.1	24553.0
13312	2643.7	2856.8	24852.4
3580	2634.5	2835.7	24151.2
33483	2646.4	2898.4	25033.2
12530	2639.4	2905.1	24618.6
68229	2655.7	2857.5	24668.8
50598	2647.3	2846.5	24592.7
1329	2653.5	2874.7	25030.4
40065	2654.7	2922.6	24828.8
70855	2649.1	2915.1	24777.6
11928	2655.6	2882.0	24616.0
70223	2641.9	2896.1	24598.0
8450	2662.9	2866.8	24701.7
26073	2641.5	2924.0	24977.8
68521	2637.6	2869.0	24567.8
74512	2629.8	2844.7	24587.7
71291	2656.3	2841.9	25123.7
68382	2635.3	2841.7	24102.3
25646	2647.5	2920.3	24871.8
6042	2661.6	2855.2	24816.7
20643	2656.0	2857.3	24758.3
68981	2641.9	2815.8	24229.8
36686	2666.9	2922.6	25172.0
11699	2651.9	2899.1	24649.0
29719	2659.6	2903.6	25005.3
33092	2623.9	2823.9	24107.9
17071	2659.2	2902.1	24791.7
12084	2630.6	2818.9	24387.2
12550	2636.5	2879.0	24302.0
62119	2650.7	2857.7	24660.5
10828	2657.5	2832.9	24575.8
51627	2650.5	2874.0	24305.3
26523	2633.8	2816.6	24307.8
68995	2625.0	2812.4	24032.2
34614	2641.2	2867.8	24381.1
23260	2634.3	2865.2	24355.3
31660	2641.3	2830.2	24568.3
65549	2653.8	2882.8	24981.5
23771	2664.2	2875.1	25047.7
42644	2656.8	2879.7	25120.5
41495	2641.4	2875.2	24390.2
19883	2651.1	2899.2	24572.6
37105	2648.4	2904.1	25109.8
10585	2638.9	2825.4	24413.4
20611	2650.5	2883.6	25280.9
61639	2649.7	2890.1	24748.4
43326	2644.9	2828.7	24656.2
53032	2638.8	2838.6	24436.1
10679	2660.6	2844.6	24424.7
62409	2651.6	2987.2	25552.2
15809	2660.8	2889.9	24703.7
46171	2648.0	2869.8	24468.0
26332	2642.1	2902.0	25345.9
16336	2669.7	2910.2	25159.5
69173	2654.8	2891.3	24843.1
58290	2651.5	2896.1	24633.3
29460	2675.6	2931.1	25271.7
37131	2647.6	2847.5	24737.4
32742	2666.4	2976.9	25135.6
51928	2660.3	2872.7	24902.5
39140	2663.0	2874.0	24937.3
16956	2642.7	2912.5	24774.8
55658	2649.4	2847.7	25406.6
37022	2663.4	2850.8	25024.9
53054	2644.3	2908.7	24792.4
60438	2637.8	2839.4	24518.4
7921	2661.4	2901.1	24879.8
61118	2648.1	2885.1	24694.3
18462	2645.6	2921.0	25348.1
24947	2655.5	2878.5	24670.9
42716	2641.2	2872.3	24506.8
34646	2634.0	2825.5	24318.3
49640	2656.3	2940.4	25248.8
12976	2654.9	2905.5	24729.2
59436	2654.5	2884.8	24667.8
4104	2663.0	2934.4	25125.3
35540	2647.4	2927.7	24810.1
66083	2644.5	2834.3	24416.5
53359	2626.6	2902.5	24541.7
54130	2641.0	2857.9	24645.1
12045	2648.5	2903.7	24939.8
22250	2650.2	2917.0	24738.9
66986	2659.0	2912.7	25389.6
66450	2643.1	2796.2	24405.4
10181	2630.0	2913.8	24772.7
29816	2629.8	2911.0	24663.4
5288	2644.1	2831.3	24428.3
50828	2636.5	2875.7	24628.1
10695	2654.2	2930.4	25063.7
28762	2643.3	2885.0	24641.6
16815	2638.5	2872.2	24434.9
19583	2663.4	2868.2	25279.1
22104	2666.9	2914.5	25228.3
9273	2643.7	2852.6	24618.0
43290	2662.4	2902.8	24944.0
59008	2657.4	2900.8	24855.2
33181	2635.7	2885.3	24273.2
12068	2633.5	2863.5	24471.7
25002	2637.8	2885.6	24612.2
72188	2640.1	2917.2	24597.7
18286	2645.5	2877.6	24810.6
28292	2648.5	2900.7	24768.2
73893	2652.5	2868.2	24921.3
66423	2643.9	2815.9	24258.1
18820	2641.1	2937.8	25585.8
22343	2650.9	2900.7	24951.5
66919	2634.7	2837.8	24654.5
74651	2653.0	2848.4	24669.1
53907	2646.2	2908.1	24560.3
40350	2629.5	2819.3	24602.8
12092	2663.3	2881.5	25209.3
12003	2641.3	2926.7	24991.6
8734	2657.1	2909.4	25259.3
59113	2651.1	2871.0	24777.4
32908	2648.0	2919.1	24806.3
34261	2648.3	2934.7	24701.5
66298	2650.7	2858.0	24523.8
30326	2638.4	2937.7	24855.4
51650	2656.6	2904.2	24539.1
10117	2657.7	2927.8	24799.1
8924	2653.2	2905.3	24594.2
70792	2656.6	2844.1	24606.7
65865	2644.7	2891.3	24680.3
54687	2645.4	2885.0	24602.0
68987	2649.2	2846.6	24570.7
72966	2679.0	2876.9	25308.6
37080	2649.3	2878.4	24798.7
73095	2668.7	2885.8	25577.7
56835	2647.6	2835.1	24458.8
20663	2655.3	2857.6	24809.5
20221	2648.0	2901.1	24892.2
67530	2661.1	2927.6	25671.6
51527	2635.8	2921.3	24446.2
19826	2653.7	2892.6	24874.5
74757	2654.0	2880.2	24766.5
52069	2648.6	2913.5	25068.3
4890	2656.1	2917.2	24794.6
42487	2626.6	2810.2	24500.3
59973	2647.1	2869.2	24807.8
28175	2645.1	2899.2	24705.9
36612	2647.5	2900.7	24870.1
6639	2643.0	2911.3	24692.2
9176	2666.9	2940.8	25133.3
1276	2633.6	2881.1	24356.0
39297	2644.5	2915.8	24658.6
57816	2638.8	2865.7	24533.7
52785	2637.8	2837.2	24249.7
43395	2621.7	2785.7	24166.5
1911	2668.5	2954.6	25142.2
23648	2651.5	2914.4	24909.4
58282	2650.2	2914.3	24707.1
1207	2647.1	2863.9	24561.0
43189	2656.3	2904.6	24894.5
72892	2653.7	2893.2	24971.9
62877	2660.6	2914.4	25742.2
30791	2668.8	2983.0	25407.4
37366	2651.7	2952.0	24796.9
34485	2633.0	2883.0	24546.4
63659	2664.1	2921.1	25049.5
66396	2636.8	2864.7	24501.2
37464	2649.5	2929.9	24641.8
54421	2658.9	2926.1	25001.5
7918	2649.4	2909.7	24777.7
20645	2646.4	2891.5	24703.1
34340	2651.9	2910.9	24824.1
55312	2652.5	2965.6	24904.8
43989	2661.2	2890.1	24967.8
29088	2650.3	2900.9	24642.0
8389	2654.9	2936.8	24772.1
73720	2657.8	2896.0	24934.0
59590	2633.7	2877.4	24646.9
33212	2636.5	2841.1	24356.7
23358	2651.2	2904.5	24721.5
66972	2665.6	2905.3	25059.1
28418	2645.1	2847.5	24564.6
63442	2646.6	2866.1	24687.8
74226	2671.6	2939.0	25328.0
27595	2646.3	2862.6	25219.6
43694	2677.0	2928.0	25262.5
73693	2644.2	2839.8	24474.5
39104	2654.6	2845.1	24624.7
10576	2639.5	2856.0	24659.2
26631	2627.2	2847.6	24712.7
48479	2634.3	2843.9	24859.3
1528	2669.9	2926.4	25340.6
59159	2655.6	2955.3	25084.0
70707	2667.5	2892.3	25066.7
54339	2653.7	2877.8	24686.1
47168	2631.8	2839.7	24369.6
70096	2657.3	2917.3	24909.5
40691	2628.9	2885.5	24488.7
18979	2655.7	2982.0	25198.0
7262	2646.3	2860.3	24494.4
12134	2658.2	2919.2	25073.5
46493	2639.4	2885.7	24466.5
67837	2655.5	2895.8	24849.0
4699	2636.4	2870.4	24580.8
32259	2657.3	2949.7	25003.0
53195	2648.4	2884.4	24788.7
72476	2640.0	2886.9	24222.3
17055	2647.3	2856.2	24729.8
66328	2651.5	2901.9	24787.9
26249	2655.3	2911.6	24870.1
66868	2649.6	2818.7	24363.3
35299	2675.7	2986.3	25301.0
72664	2630.2	2833.7	24437.2
21708	2643.0	2938.2	24933.9
25927	2656.1	2877.8	24891.9
47750	2632.8	2828.7	24096.3
8310	2640.7	2903.0	24673.4
9096	2665.5	2921.8	25126.3
16191	2634.5	2886.1	24233.4
70834	2658.5	2899.2	24690.3
24286	2645.1	2865.5	24766.3
55310	2667.0	2886.0	25166.2
6762	2648.4	2938.0	24676.6
64007	2659.6	2851.2	24843.1
4722	2644.9	2846.1	24441.2
34007	2651.9	2940.8	24913.1
58456	2645.3	2869.7	24605.5
5	2663.5	2892.2	24893.3
52033	2629.3	2823.2	24291.5
46968	2656.7	2897.3	25117.0
16345	2648.5	2931.8	24852.6
2794	2659.7	2902.4	24912.5
59608	2646.0	2867.4	24748.4
3724	2660.9	2911.1	24819.6
13806	2651.2	2865.2	24503.5
3781	2652.8	2910.3	25030.1
41326	2657.1	2864.0	24691.5
23238	2662.5	2884.6	25271.3
33049	2649.0	2851.2	24576.1
29245	2659.4	2936.1	25171.4
59472	2645.8	2853.5	24672.9
62856	2647.9	2885.2	25401.0
46241	2652.5	2910.1	24723.9
8588	2634.7	2894.4	24372.6
6382	2644.0	2906.6	24579.9
2131	2647.9	2876.9	24571.2
43528	2664.9	2938.8	25129.8
73201	2654.2	2884.2	24742.2
48121	2642.8	2885.8	24565.9
44143	2632.4	2904.6	24449.4
7754	2656.3	2956.9	24875.7
21544	2636.4	2853.1	24612.6
53754	2647.5	2891.6	24422.4
13294	2619.9	2859.7	24396.4
56554	2646.3	2843.6	24511.6
18847	2656.7	2897.5	25711.2
62670	2656.4	2885.7	24898.8
7401	2649.2	2877.5	24738.9
7097	2658.5	2904.9	24907.8
45640	2640.7	2880.5	24731.6
1411	2650.2	2900.8	24896.5
56176	2632.7	2870.1	24358.3
69612	2669.0	2917.7	24909.0
8206	2641.9	2860.7	24389.1
11078	2650.5	2926.0	25050.6
38857	2626.8	2817.9	24256.0
16844	2655.1	2922.8	25068.2
26547	2660.0	2879.2	24941.2
62539	2633.6	2874.2	24404.3
49237	2637.6	2837.7	24280.3
14283	2669.1	2968.1	25113.2
49062	2656.5	2860.1	24828.7
66236	2660.8	2867.6	24923.5
64675	2644.6	2902.2	24537.8
14089	2647.1	2917.7	24850.4
41251	2656.5	2885.7	24927.1
43106	2647.1	2871.5	24413.7
31791	2656.3	2899.0	24865.1
18058	2646.8	2876.5	25033.0
6560	2661.3	2872.4	25108.6
51407	2651.4	2904.6	24692.5
59084	2657.6	2918.0	24783.6
68957	2657.2	2918.3	25216.9
49856	2646.3	2859.0	24567.4
63196	2640.8	2901.0	24560.2
73375	2640.6	2827.2	24677.0
53231	2668.9	2906.7	25246.9
44688	2628.9	2829.9	24318.6
57521	2673.9	2912.5	25039.8
3912	2649.7	2908.3	24654.2
34825	2641.7	2886.0	24612.4
38380	2660.0	2901.9	25069.7
67795	2650.6	2842.7	24556.4
64404	2680.2	2936.5	25680.2
9575	2646.3	2861.4	24522.2
71030	2608.9	2809.4	23757.6
18629	2645.2	2913.5	24566.9
19605	2669.1	2941.5	25545.0
63274	2644.3	2906.0	24559.3
55508	2635.4	2892.7	24984.0
60237	2646.6	2846.2	24376.5
1415	2657.6	2905.4	24894.5
49789	2653.7	2905.6	24831.2
47933	2644.2	2853.8	24483.2
72456	2639.3	2877.5	24685.4
49762	2636.6	2879.4	24690.4
46915	2639.2	2851.6	24567.5
39114	2648.2	2901.0	24956.5
44061	2660.6	2900.2	25015.0
22884	2636.4	2788.0	24445.7
57798	2645.8	2853.0	24467.6
16478	2629.4	2874.9	24627.3
28046	2662.3	2874.2	24739.1
8367	2648.1	2926.7	24694.5
1224	2643.0	2928.7	24797.2
2971	2644.8	2862.6	24483.5
69709	2640.3	2850.9	24360.1
14833	2658.8	2845.7	24790.2
30171	2654.9	2937.6	24841.1
46706	2655.2	2865.7	24638.4
9389	2662.6	2895.8	24731.0
60435	2632.7	2871.5	24298.3
72858	2649.9	2914.2	24444.9
38273	2649.9	2894.8	24757.7
33479	2632.7	2817.5	24315.7
45704	2641.8	2831.9	24716.4
39192	2643.6	2895.1	24737.4
17867	2651.3	2848.4	24656.4
64091	2651.8	2932.8	25045.9
53855	2640.2	2830.6	24300.8
39308	2654.2	2903.0	24968.4
31781	2647.1	2858.2	24801.8
56388	2658.4	2903.0	24845.9
30136	2662.5	2894.2	25001.7
71337	2658.1	2838.2	24855.1
60355	2636.3	2860.9	24596.1
68441	2646.4	2931.2	24778.9
48944	2647.7	2855.3	24742.6
59017	2689.2	2963.1	25577.6
13632	2643.7	2885.1	24807.7
44097	2669.2	2947.3	25841.0
41914	2655.9	2860.3	24693.4
44665	2656.8	2889.1	25303.4
40776	2625.9	2853.2	24621.9
41940	2652.7	2904.6	24791.8
18130	2633.6	2833.9	24477.2
19530	2653.1	2900.3	24660.9
39463	2634.8	2857.2	24652.3
59595	2659.1	2930.0	24738.2
71562	2638.9	2934.3	24816.5
17295	2669.6	2880.7	25206.3
49399	2658.6	2889.0	24978.1
74300	2650.0	2857.9	24646.6
40021	2658.5	2848.2	24814.2
7018	2655.2	2914.7	24748.0
52467	2667.0	2871.3	24777.8
53020	2651.4	2833.7	24606.8
48076	2649.6	2883.1	24806.4
52325	2643.4	2794.9	24390.7
4639	2663.8	2906.4	25085.7
23422	2649.9	2885.8	24993.9
36836	2631.1	2890.4	24671.0
8236	2669.0	2912.0	24898.8
44507	2626.0	2880.5	24093.2
54823	2657.7	2893.0	24742.0
58062	2640.9	2842.9	24493.3
17059	2647.3	2889.4	24581.3
51501	2642.4	2877.9	24784.6
52075	2637.9	2893.5	24526.1
67135	2643.6	2879.7	24586.7
10528	2653.4	2866.2	24653.7
28793	2669.1	2940.4	25372.1
44624	2665.2	2917.2	25126.7
73197	2649.6	2849.9	24667.3
44679	2658.9	2864.8	24795.3
33029	2667.4	2850.2	24637.0
12639	2648.7	2868.8	24480.1
62407	2652.2	2878.3	24621.1
70254	2654.0	2883.0	24857.3
29140	2649.8	2897.4	25354.2
63083	2660.6	2891.0	24675.3
42120	2636.3	2831.5	24287.3
53776	2644.4	2862.1	24553.1
17196	2646.5	2877.6	24502.4
63230	2656.2	2939.9	25166.9
39925	2661.7	2922.6	24908.3
15320	2653.7	2924.7	24862.4
10953	2638.6	2860.6	24317.9
1292	2640.1	2946.4	24683.8
32392	2645.6	2916.3	24743.7
5104	2629.8	2841.7	24349.1
35316	2635.0	2863.2	24356.5
7309	2646.8	2891.6	24639.9
9786	2660.1	2952.8	25195.0
34110	2659.8	2908.8	25132.6
3969	2645.4	2899.3	24594.2
43835	2636.8	2866.2	24372.0
37760	2641.6	2846.5	24645.5
42616	2653.2	2897.6	24941.1
30142	2649.5	2863.8	24615.4
62534	2641.4	2864.6	24534.8
37710	2658.0	2901.1	24690.5
35188	2636.7	2828.5	24510.3
45371	2663.8	2880.2	24936.5
66717	2650.1	2909.7	24949.4
32546	2645.7	2914.4	24554.4
67791	2647.1	2887.7	25016.1
49936	2649.2	2874.1	24594.9
8950	2659.0	2935.1	25123.9
11889	2656.2	2922.6	25081.7
24887	2656.5	2886.7	24755.0
67978	2650.9	2920.2	24510.0
30587	2654.3	2907.4	24874.6
10186	2645.9	2853.2	24517.9
49246	2646.4	2910.1	24505.8
37054	2661.7	2907.9	24698.2
6688	2655.0	2901.8	24614.4
41439	2649.1	2886.9	24714.9
56359	2640.6	2819.1	24347.9
54748	2627.4	2814.9	23961.6
1617	2642.2	2918.8	24559.0
27271	2653.2	2909.9	25446.4
56810	2637.7	2834.4	24289.0
54077	2691.6	2907.3	25579.3
61094	2659.7	2817.3	24510.8
55749	2657.5	2918.8	24973.6
72113	2650.6	2843.1	24616.7
57510	2641.9	2883.0	24693.7
38069	2642.3	2905.4	24650.5
