38542	1649.2	1877.6	10506.0
28296	1665.4	1920.6	10872.5
8126	1639.6	1906.1	10342.4
15348	1646.3	1874.5	10418.3
57849	1649.9	1920.1	10836.1
27241	1652.4	1878.0	10779.4
21105	1639.7	1885.2	10465.1
16182	1651.6	1914.8	10615.1
46639	1641.4	1871.9	10290.8
7802	1648.6	1889.1	10743.6
25852	1637.9	1894.9	10573.1
26678	1650.0	1879.3	10474.0
61551	1664.9	1908.5	10792.5
7386	1652.3	1924.3	10659.6
52761	1652.2	1947.0	10827.6
10941	1642.6	1901.2	10480.5
52100	1641.9	1813.1	10199.4
62433	1654.8	1895.7	10716.0
14874	1645.8	1917.4	10509.5
64383	1639.4	1849.5	10289.3
35020	1648.8	1893.2	10424.6
61541	1652.9	1979.5	10772.3
49419	1638.2	1869.8	10213.6
63982	1640.2	1883.7	10395.5
56762	1649.5	1942.0	10666.2
21007	1647.7	1885.7	10319.4
17904	1643.0	1874.9	10328.3
46090	1651.8	1905.2	10760.3
31852	1653.0	1923.6	10758.4
60916	1641.1	1892.3	10294.5
26088	1648.9	1911.9	10452.7
35199	1641.3	1848.2	10325.9
15649	1661.9	1959.0	10699.8
7486	1658.4	1957.1	10984.6
42355	1656.2	1885.1	10730.0
10836	1656.2	1931.9	10825.4
6242	1649.2	1934.3	10606.8
20116	1651.7	1881.7	10472.9
64178	1640.3	1857.1	10256.4
3741	1638.7	1874.3	10310.6
57244	1645.8	1820.4	10188.1
37101	1644.7	1882.2	10461.4
2178	1646.7	1871.5	10548.5
21590	1648.7	1882.7	10337.2
20840	1656.7	1958.1	10855.4
37631	1642.1	1877.0	10356.7
63529	1636.1	1834.6	10210.0
16059	1658.1	1883.7	10757.6
36986	1642.6	1894.1	10389.9
32660	1656.0	1901.1	10533.3
35983	1653.7	1853.7	10286.7
32808	1660.1	1948.3	10861.6
64450	1663.8	1949.1	10811.6
37183	1650.9	1912.3	10777.2
44924	1636.3	1816.9	10379.3
62281	1649.2	1903.3	10477.0
16305	1640.6	1874.0	10370.7
1814	1632.5	1824.1	10148.3
60332	1648.0	1885.8	10607.4
31999	1652.5	1926.1	10868.5
54320	1671.3	1944.2	10899.5
27604	1652.1	1903.0	10491.6
14369	1646.0	1882.2	10527.9
38656	1645.6	1841.4	10373.1
44318	1641.6	1876.8	10382.5
2946	1662.5	1932.0	10756.9
3110	1642.0	1920.2	10667.1
21586	1635.0	1858.6	9989.5
20289	1650.7	1902.9	10780.6
17755	1659.3	1979.1	11340.2
2903	1653.9	1867.7	10596.6
162	1651.3	1925.5	10603.1
7086	1647.6	1897.7	10383.6
4244	1655.7	1944.2	10673.8
48685	1644.5	1863.8	10525.9
48111	1658.9	1900.2	10742.5
55167	1648.4	1930.2	11140.4
20192	1642.8	1912.8	10501.6
63412	1667.4	1969.2	10962.7
53635	1650.0	1838.0	10457.9
36959	1652.2	1887.5	10434.9
40287	1642.5	1887.5	10435.3
19230	1646.4	1901.1	10675.6
11474	1633.2	1789.0	10285.4
22168	1658.7	1968.9	10813.3
20489	1638.6	1877.4	10342.5
29000	1653.8	1934.0	10554.1
58223	1654.8	1902.8	10665.0
54715	1645.4	1899.8	10717.6
26988	1650.8	1905.8	10663.0
27011	1658.3	1925.2	10679.9
54966	1649.7	1894.9	10499.8
48396	1638.0	1896.3	10752.5
53124	1642.6	1836.2	10312.3
18906	1642.8	1850.7	10303.5
17377	1649.3	1910.0	10681.9
10099	1639.5	1817.7	10343.8
64298	1641.6	1898.9	10665.5
45816	1654.9	1936.1	10701.9
55401	1643.8	1892.0	10348.1
27447	1643.8	1927.0	10845.5
11943	1634.1	1800.3	10052.2
4455	1642.6	1884.0	10492.4
39960	1651.2	1912.0	10485.1
31865	1648.5	1932.1	10829.6
11560	1646.0	1839.8	10390.2
37973	1661.9	1906.5	10704.9
10720	1648.6	1915.7	10828.7
17825	1642.2	1875.9	10522.0
30914	1654.5	1937.0	10858.7
11588	1645.1	1914.0	10628.9
38867	1658.4	1891.8	10611.4
31368	1661.4	1924.3	10844.7
41588	1638.6	1871.7	10440.9
8375	1645.1	1868.9	10333.2
14265	1630.5	1819.1	9999.6
35319	1660.3	1938.5	10904.7
59982	1654.5	1925.1	10627.2
48296	1645.5	1908.8	10500.8
32997	1645.0	1899.9	10605.8
39854	1637.2	1856.3	10253.7
3626	1646.7	1916.5	10432.1
23031	1643.2	1914.7	10725.6
21918	1644.1	1888.4	10760.4
29221	1632.6	1814.8	10098.2
41600	1633.2	1871.1	10251.7
37122	1647.4	1897.0	10396.8
48885	1644.7	1873.1	10670.0
15410	1643.5	1863.4	10487.0
21802	1649.6	1912.2	10672.8
36176	1652.7	1929.3	10778.4
134	1648.5	1889.7	10392.9
7248	1646.6	1888.2	10396.6
28652	1633.8	1836.3	10219.7
14116	1649.4	1894.6	10711.5
20904	1655.2	1899.5	10567.5
38870	1639.5	1886.3	10451.7
44865	1647.7	1930.8	10844.4
40978	1645.7	1813.0	10284.8
42106	1642.4	1910.3	10531.3
52637	1650.2	1897.8	10516.5
25373	1625.3	1866.0	10466.8
6070	1639.1	1874.5	10369.3
2077	1651.5	1905.1	10493.1
3777	1643.5	1869.5	10448.2
7537	1643.3	1879.3	10281.1
39201	1627.5	1823.5	9938.3
30636	1652.9	1968.6	10934.1
44392	1651.5	1926.0	10782.0
36620	1640.9	1855.3	10374.5
57551	1645.8	1854.8	10499.1
35212	1661.5	1941.2	10905.3
39782	1647.6	1844.3	10426.6
56368	1636.3	1849.5	10232.3
16491	1653.7	1901.2	10585.3
29307	1663.8	1909.2	10785.7
36711	1649.9	1859.6	10455.1
41794	1636.4	1869.3	10384.3
16237	1647.4	1932.8	11075.4
29647	1634.4	1866.5	10467.6
8579	1652.4	1882.9	10465.3
62647	1657.3	1892.8	10785.4
30594	1652.7	1908.0	10613.7
62010	1649.5	1903.8	10646.9
24554	1642.8	1886.2	10374.8
45841	1652.3	1875.1	10540.5
797	1637.8	1916.8	10437.7
60954	1643.4	1884.5	10690.0
12033	1639.0	1854.6	10399.3
40164	1648.2	1903.0	11048.3
38987	1650.0	1869.6	10487.4
6664	1656.2	1887.4	10555.1
46770	1659.4	1876.2	10773.4
38754	1650.4	1894.5	10768.3
44375	1642.6	1849.8	10397.0
15751	1650.5	1940.3	10879.9
26585	1637.7	1903.9	10416.1
31262	1670.8	1959.8	10936.8
29837	1641.6	1872.3	10292.7
62102	1656.5	1912.4	10794.8
6599	1637.6	1824.2	10204.8
14996	1663.4	1913.7	11155.6
30148	1646.0	1843.2	10358.2
2807	1639.6	1868.4	10379.7
33433	1638.9	1863.8	10356.9
56281	1647.0	1867.3	10311.0
32770	1637.1	1857.6	10493.3
4202	1660.9	1926.7	11056.1
6585	1644.1	1883.9	10348.0
46965	1647.8	1874.2	10412.7
10040	1644.1	1914.6	10594.2
5353	1641.8	1936.8	10637.6
51518	1638.9	1864.8	10286.2
38438	1653.9	1890.0	11323.4
3841	1659.4	1970.7	11037.5
10715	1662.9	1938.4	11087.8
42026	1655.3	1950.8	10975.0
23941	1651.6	1892.7	10637.5
10548	1633.9	1873.4	10257.7
34844	1645.8	1874.8	10563.5
57114	1667.4	1978.0	11101.6
9251	1631.9	1819.1	10054.5
6692	1649.3	1928.8	12032.4
7721	1646.2	1864.3	10508.6
62930	1640.9	1869.7	10325.0
46855	1646.2	1927.4	10676.2
46041	1638.7	1937.2	10529.5
43909	1641.9	1910.1	10344.4
62356	1650.4	1882.9	10356.7
54202	1653.3	1920.2	10554.8
62542	1640.5	1889.8	10596.1
55970	1652.6	1847.7	10529.7
57327	1653.5	1861.3	10588.2
62139	1653.6	1924.2	10652.6
33939	1649.9	1908.5	10778.3
9290	1643.3	1905.2	10663.4
43149	1642.9	1860.3	10244.8
39161	1659.0	1880.2	10820.4
29708	1666.4	1918.5	10975.6
60841	1642.4	1876.7	10405.5
60170	1638.7	1860.1	10353.8
11282	1647.6	1883.5	10517.4
54181	1647.7	1877.0	10469.3
27050	1652.8	1905.9	10908.0
45389	1649.8	1874.1	10495.7
26644	1644.7	1878.6	10220.5
8203	1658.5	1926.8	10854.7
23913	1645.7	1906.9	10754.2
37052	1642.5	1865.3	10265.3
40588	1639.3	1863.8	10275.9
27798	1626.7	1865.7	10451.6
53237	1635.8	1873.5	10516.3
63654	1652.6	1955.6	11399.0
4857	1651.7	1904.3	10530.4
27882	1647.5	1919.8	10442.9
50883	1642.0	1841.2	10354.5
17560	1648.3	1892.0	10422.7
6105	1655.3	1944.7	10873.7
39646	1659.6	1940.7	11031.5
10612	1649.8	1931.4	10828.0
55096	1651.4	1866.2	10480.8
21884	1647.3	1913.6	10775.6
35880	1653.0	1899.3	10578.0
49210	1648.2	1887.6	10718.8
31187	1640.0	1848.7	10451.5
32850	1656.2	1921.9	10558.4
60872	1636.3	1909.9	10293.4
2612	1656.3	1924.0	10819.2
45962	1636.1	1848.5	10199.9
17304	1641.4	1872.6	10707.3
19622	1642.8	1843.4	10137.2
15731	1663.1	1901.7	10684.5
1475	1631.9	1864.3	10176.2
61601	1655.7	1894.3	10502.2
183	1652.3	1904.2	10768.4
35368	1641.0	1857.3	10373.3
57922	1635.5	1853.9	10178.1
59002	1644.2	1880.3	10406.8
23341	1658.6	1910.7	11164.5
28924	1652.2	1901.8	10689.6
14926	1632.6	1835.3	10466.8
27370	1644.1	1860.5	10376.5
7435	1661.9	1874.9	10808.4
17946	1638.5	1881.2	10334.9
48990	1643.5	1872.6	10574.4
1309	1648.5	1949.9	10618.2
60216	1651.5	1914.0	10627.6
48391	1650.5	1881.5	10422.4
20838	1623.8	1837.2	10235.9
56400	1643.5	1856.8	10588.5
28711	1649.1	1870.7	10500.9
40446	1644.1	1896.3	10575.9
2212	1644.7	1882.2	10434.7
10147	1648.7	1854.8	10317.3
61016	1636.6	1880.3	10434.4
7245	1648.2	1895.0	10463.1
56511	1640.6	1872.9	10367.7
11465	1654.6	1918.8	10687.9
9914	1654.2	1877.4	10594.9
63810	1640.9	1840.5	10311.2
61470	1655.0	1886.1	10697.3
61224	1644.9	1891.3	10376.9
23494	1633.8	1854.1	10121.7
24291	1656.8	1913.4	10671.0
44125	1630.9	1840.1	10136.8
24988	1632.8	1815.1	10192.3
36141	1650.9	1880.0	10508.4
37543	1644.2	1886.6	10372.3
12017	1651.3	1919.4	10867.9
2394	1654.9	1930.5	10874.1
24431	1659.3	1891.0	10545.3
5765	1646.5	1949.8	10923.4
43457	1651.3	1937.4	10683.0
45010	1648.8	1950.9	10936.5
52267	1654.8	1906.2	10742.3
51089	1659.9	1939.8	10778.0
34561	1645.8	1881.2	10609.1
53430	1645.5	1887.2	10586.2
16099	1662.4	1916.7	10780.6
5762	1648.7	1876.8	10500.3
31812	1635.7	1866.5	10267.7
4144	1649.2	1888.4	10446.2
47187	1648.1	1865.5	10610.2
23805	1648.2	1910.5	10442.6
46323	1658.2	1911.2	10667.2
29685	1648.5	1876.9	10510.5
30421	1644.5	1875.0	10524.3
54740	1646.9	1924.9	10579.8
15379	1648.4	1871.9	10331.5
23622	1644.2	1885.7	10389.4
46497	1629.6	1868.6	10131.8
14649	1637.1	1852.0	10417.8
36629	1648.9	1847.7	10565.5
37131	1659.4	1960.7	10854.4
47571	1630.2	1835.2	10014.7
54728	1650.2	1885.4	10781.5
26420	1652.1	1909.1	10561.1
47424	1641.0	1885.6	10434.5
32840	1646.8	1910.5	10435.0
64576	1642.3	1845.6	10341.8
59818	1646.0	1838.1	10342.0
63399	1638.0	1812.7	10186.4
11852	1649.4	1866.8	10331.0
20681	1637.8	1881.1	10439.7
21757	1651.5	1862.3	10489.5
26497	1643.5	1878.7	10542.7
3073	1641.9	1901.6	10367.1
58254	1645.7	1919.1	10650.5
39794	1633.1	1842.2	10123.5
6407	1660.2	1968.1	11024.5
32346	1647.0	1870.2	10509.2
62771	1650.2	1898.4	10551.2
47708	1647.2	1873.7	10715.7
56228	1658.9	1896.0	10690.8
9711	1648.5	1893.7	10826.1
27855	1651.2	1898.5	10540.5
43427	1642.9	1854.7	10304.5
20120	1657.0	1903.6	10546.5
62940	1641.3	1841.1	10307.4
4640	1634.7	1893.4	10366.0
54364	1642.0	1835.0	10367.9
42508	1646.2	1887.0	10487.4
47106	1630.7	1842.1	10307.9
24216	1634.2	1805.9	10030.1
22952	1659.9	1892.5	10816.3
60178	1655.6	1894.5	10717.9
57980	1655.5	1892.6	10813.3
36448	1632.3	1831.6	10184.0
27035	1654.5	1884.3	10652.6
7774	1636.7	1838.0	10324.3
57220	1640.0	1877.2	10380.0
38061	1658.1	1894.2	10773.7
13601	1648.0	1868.1	10600.2
3537	1647.7	1870.5	10567.0
64046	1643.3	1819.6	10392.2
26437	1640.7	1863.9	10288.7
19736	1651.3	1872.1	10423.7
5554	1637.9	1918.4	10463.1
1610	1640.0	1898.7	10474.3
32697	1640.0	1869.8	11330.3
52067	1665.9	1901.1	10710.5
35185	1655.9	1924.3	10667.8
733	1633.8	1830.4	10154.3
9461	1661.0	1948.5	11173.5
56681	1658.8	1918.7	10922.6
44711	1653.7	1848.8	10480.5
24650	1636.9	1876.8	10211.7
41126	1652.9	1909.0	10637.1
1140	1643.3	1948.4	10840.6
58477	1646.8	1896.7	10843.4
32963	1643.3	1895.6	10660.9
53434	1639.8	1900.0	10558.8
44222	1642.7	1822.3	10333.8
40116	1640.2	1851.4	10541.5
41587	1638.3	1872.5	10399.9
43111	1636.8	1821.6	10311.7
20993	1648.3	1945.9	10795.2
28137	1641.9	1850.0	10248.8
30805	1649.4	1894.6	10397.3
2052	1644.2	1894.2	10685.1
6441	1656.5	1882.5	10560.1
41144	1634.7	1861.5	10332.0
60030	1653.5	1899.0	10821.9
43220	1646.5	1876.1	10359.2
22129	1651.3	1892.7	10610.9
62134	1662.1	1910.6	10822.6
59674	1638.2	1879.8	10327.2
45020	1642.0	1890.2	10542.8
46258	1650.8	1939.6	10611.2
39984	1650.4	1928.7	10609.7
31116	1647.3	1945.7	11362.1
45144	1635.7	1855.7	10191.1
2639	1656.5	1926.3	10549.2
25303	1651.0	1862.0	10401.9
23433	1634.0	1805.9	10136.0
48616	1654.2	1920.5	10642.2
57999	1651.8	1861.5	10507.2
6940	1651.5	1899.1	10790.8
64788	1631.2	1819.6	10100.8
7447	1651.6	1928.9	10533.9
12791	1655.3	1841.1	10323.9
11841	1641.4	1877.2	10228.7
27714	1635.7	1842.0	10273.6
42712	1643.0	1872.8	10456.1
5173	1645.2	1871.2	10401.4
2295	1656.5	1896.8	10675.5
26711	1638.3	1847.2	10253.8
28975	1646.9	1908.6	10670.7
50979	1630.0	1822.3	10089.7
53215	1648.2	1841.3	10684.4
31375	1648.0	1915.2	10583.9
3178	1650.8	1888.7	10494.8
7657	1636.9	1869.9	10204.6
10229	1644.5	1910.6	10549.9
2496	1659.6	1926.7	10754.0
57994	1644.2	1885.5	10598.6
20210	1648.8	1907.8	10625.9
24854	1643.9	1892.0	10569.8
56050	1645.8	1855.3	10340.8
52802	1637.8	1901.6	10363.6
12578	1637.4	1882.9	10181.8
27965	1651.8	1896.8	10488.3
35060	1640.4	1837.3	10233.7
56467	1638.5	1817.4	10228.6
10859	1661.1	1904.2	10618.4
55528	1664.2	1958.9	10784.8
43011	1630.1	1818.1	10072.5
61305	1633.6	1837.0	10187.3
49037	1658.3	1925.2	10721.2
59473	1663.0	1912.6	10912.6
57959	1676.3	1939.1	10936.2
48334	1648.5	1886.9	10462.1
24517	1627.6	1829.2	10202.4
601	1653.2	1891.0	10478.0
58652	1635.2	1872.9	10182.0
20685	1656.2	1911.4	10646.0
23630	1650.5	1853.3	10463.7
22505	1641.2	1881.9	10406.9
63181	1643.7	1895.5	10584.5
53253	1646.4	1846.6	10283.4
40250	1647.3	1879.4	10656.4
38857	1655.6	1920.4	10829.1
19118	1641.5	1828.2	10413.6
6873	1638.3	1870.3	10392.3
60873	1643.3	1864.1	10379.2
28938	1639.7	1898.0	10649.7
52767	1661.6	1923.4	10931.0
9740	1638.7	1891.8	10669.6
47180	1658.6	1920.8	11104.0
58034	1659.1	1867.9	10625.5
21545	1649.5	1890.6	10513.9
35111	1652.5	1929.2	10736.0
24401	1641.8	1884.7	10271.1
46247	1643.2	1878.5	10350.3
29250	1653.7	1885.6	10462.0
5556	1658.3	1931.3	10934.4
57028	1647.7	1898.1	10592.2
11166	1661.8	1971.1	10847.9
17584	1642.0	1918.9	10393.5
32003	1647.3	1897.5	10535.7
20726	1657.5	1934.0	10665.4
7744	1646.4	1889.7	11519.8
14598	1645.7	1866.2	10442.1
22771	1629.4	1805.7	10070.3
56980	1648.8	1858.6	10298.5
56887	1640.6	1869.8	10261.8
24281	1639.6	1918.4	10366.0
38189	1640.2	1880.1	10513.7
31166	1641.0	1823.5	10183.4
15589	1637.0	1814.2	10192.4
64765	1649.2	1897.8	10383.0
7114	1649.2	1920.2	10493.9
19988	1655.3	1912.5	10679.7
58129	1660.8	1937.2	10971.1
52861	1659.9	1878.8	10695.1
60969	1648.2	1864.1	10567.2
60834	1641.3	1818.1	10068.5
27896	1657.0	1890.9	10900.6
42492	1653.0	1930.1	10811.3
23044	1650.5	1916.4	10698.4
46193	1639.4	1876.2	10301.6
3891	1647.2	1912.9	10563.0
56579	1639.1	1877.2	10285.0
1969	1640.0	1864.5	10360.8
28057	1648.7	1920.5	10565.9
46521	1657.6	1874.3	10822.2
49968	1646.1	1854.8	10392.9
1515	1636.8	1906.3	10814.6
30115	1633.4	1870.5	10211.3
21905	1657.5	1955.2	10753.1
23464	1657.5	1965.1	10656.7
19177	1657.3	1953.8	10861.8
63545	1648.7	1950.7	10980.7
7848	1643.2	1859.8	10423.7
30520	1642.2	1896.4	10443.2
32486	1643.3	1911.4	10489.2
14963	1638.5	1876.0	10433.0
34629	1652.6	1897.3	10439.1
59070	1653.1	1865.2	10544.1
24983	1644.8	1847.9	10420.5
15455	1654.4	1904.2	10960.9
55363	1654.1	1866.3	10571.8
8247	1652.4	1899.2	10487.9
34778	1653.2	1941.0	11267.0
9676	1650.1	1888.3	10393.6
56237	1642.7	1851.0	10306.7
36247	1640.5	1876.7	10243.5
41354	1656.1	1937.4	10754.6
22553	1633.0	1834.4	10189.3
60182	1642.2	1869.9	10413.9
5901	1641.1	1849.5	10345.3
35309	1640.5	1838.1	10260.9
37463	1653.2	1879.3	10450.2
15895	1647.7	1911.8	10788.5
32479	1648.7	1886.5	10354.2
50370	1633.1	1825.6	10306.9
19278	1652.3	1886.8	10662.3
57271	1659.6	1920.5	10712.2
63732	1624.9	1851.6	10106.7
56101	1638.0	1878.1	10472.9
26135	1637.6	1856.1	10337.7
41184	1655.1	1903.4	10542.0
36001	1646.8	1865.1	10652.2
47355	1658.5	1902.5	10625.2
32872	1642.9	1880.5	10352.3
17253	1639.3	1801.2	10254.6
49050	1651.6	1917.6	10606.1
16430	1648.1	1909.7	10410.6
13452	1633.1	1832.5	10238.5
60549	1648.7	1921.9	10721.0
50420	1652.0	1878.7	10480.9
18611	1646.4	1921.1	10553.0
22292	1635.6	1880.1	10535.7
27216	1643.5	1876.8	10648.1
42081	1659.4	1907.3	10925.3
40414	1646.0	1885.9	10534.9
7709	1654.5	1927.1	10783.4
27755	1640.7	1895.1	10433.1
40246	1646.0	1861.5	10423.1
8491	1661.2	1950.6	10677.7
5270	1648.1	1881.5	10312.7
40304	1645.1	1920.4	10488.5
31005	1648.1	1917.4	10473.2
60536	1645.5	1883.7	10438.3
48288	1639.2	1834.0	10275.3
13788	1647.5	1907.1	10642.0
4671	1635.6	1839.1	10139.7
64488	1654.9	1907.2	10770.6
64956	1641.9	1904.9	10418.6
53002	1643.6	1863.1	10394.7
37404	1649.7	1924.2	11214.2
22477	1653.0	1936.2	10693.7
39444	1661.7	1904.5	10812.5
29527	1656.9	1913.6	10725.8
25771	1648.2	1937.5	10854.6
45529	1646.2	1857.2	10570.7
7688	1648.3	1885.0	10455.7
56664	1645.0	1905.1	10388.6
9364	1655.0	1917.8	10502.3
48270	1641.3	1817.2	10299.6
28034	1652.4	1914.4	10731.5
4604	1657.1	1935.0	10639.4
33423	1639.7	1888.0	10391.2
11861	1642.1	1875.0	10413.5
5417	1654.2	1902.2	10702.4
58410	1651.6	1861.0	10552.9
5107	1641.1	1855.0	10378.5
62636	1630.9	1833.9	10149.7
7425	1650.3	1854.2	10374.7
40088	1648.9	1867.8	10384.9
10238	1655.2	1849.8	10470.3
11254	1646.9	1860.2	10419.0
49501	1646.7	1880.8	10617.0
43914	1626.6	1843.3	10180.3
51841	1661.8	1884.7	10858.2
51426	1649.5	1889.8	10385.4
57454	1649.4	1919.1	10596.2
11229	1653.8	1916.6	10630.8
33401	1659.7	1924.9	10781.4
19596	1643.4	1895.6	10556.8
62983	1654.8	1914.1	10705.7
37236	1644.1	1936.0	11266.0
14507	1647.2	1913.0	10631.8
58704	1646.0	1866.3	10523.9
24287	1637.7	1866.4	10168.1
39941	1649.9	1921.6	10612.8
646	1670.1	1914.7	10740.2
50781	1661.5	1944.3	11046.3
45982	1645.2	1912.4	10596.0
29274	1646.3	1885.0	10338.3
48039	1650.2	1908.0	10548.8
4260	1643.3	1880.0	10369.3
23397	1645.4	1918.1	10633.0
36100	1638.4	1878.9	10323.6
42739	1645.1	1946.7	10812.5
58456	1645.4	1882.4	10626.2
35345	1655.0	1904.3	10755.1
37432	1645.0	1857.8	10480.3
46889	1658.2	1929.7	10754.4
53555	1647.6	1884.5	10628.7
3688	1661.2	1938.1	10881.5
46037	1642.2	1850.4	10389.9
62595	1662.2	1946.9	10910.7
19543	1648.8	1885.7	10979.9
42635	1635.0	1886.0	10557.3
30913	1654.8	1883.3	10422.5
29715	1646.8	1884.8	10479.9
39748	1655.4	1907.4	10694.6
45639	1651.7	1866.7	10442.0
142	1637.4	1888.5	10293.4
50785	1644.5	1933.6	10895.8
45544	1657.1	1895.2	10585.7
25793	1650.2	1872.3	10609.3
47429	1639.3	1899.5	10619.7
50850	1650.7	1899.6	10879.2
46134	1652.7	1891.3	10769.7
40876	1640.2	1808.3	10052.6
8012	1634.3	1859.9	10178.1
12954	1652.4	1901.2	10595.5
36273	1641.1	1884.9	10412.0
51083	1643.6	1884.4	10516.0
726	1642.5	1924.8	10554.4
60713	1647.1	1913.1	10734.7
17296	1639.4	1883.8	10462.6
34243	1655.9	1928.1	10756.3
39927	1646.9	1890.7	10486.6
57460	1650.4	1946.5	10829.1
48353	1639.8	1862.1	10431.2
8356	1650.0	1921.0	10619.4
32547	1652.3	1915.6	10523.0
36051	1634.1	1848.6	10142.8
1035	1632.3	1793.5	9975.1
4180	1635.6	1856.3	10248.1
1652	1636.2	1839.1	10191.9
34759	1635.9	1889.2	10423.6
13942	1645.4	1880.8	10876.4
64896	1645.1	1884.7	10304.6
43216	1643.0	1898.3	10515.8
57688	1643.3	1880.1	10584.5
57705	1642.7	1905.4	10599.6
49693	1660.2	1863.4	10582.6
23739	1654.2	1872.8	10504.7
41617	1633.2	1882.8	10403.1
47199	1664.6	1895.4	10700.9
31870	1659.4	1936.7	10758.7
9278	1647.8	1840.7	10276.8
53662	1628.9	1806.6	10172.4
41272	1660.7	1945.8	11139.2
6302	1639.8	1908.0	10548.4
41605	1638.6	1816.6	10214.8
47534	1647.4	1885.4	10430.3
26871	1647.6	1901.0	10396.1
29203	1628.0	1844.0	10257.9
49452	1646.8	1927.7	10576.8
44989	1651.8	1909.9	10868.2
52794	1644.4	1892.8	10410.0
28608	1641.3	1878.0	10337.4
25354	1649.1	1873.5	10938.6
62642	1646.6	1893.2	10589.2
25655	1640.7	1859.6	10207.0
13752	1649.3	1886.6	10455.5
25441	1647.5	1873.7	10452.6
19549	1654.2	1907.6	10794.9
339	1648.5	1950.4	10684.0
33023	1630.1	1858.1	10191.8
52499	1640.5	1880.4	10357.9
60087	1639.9	1866.7	10567.2
41974	1638.4	1860.2	10324.0
20705	1653.7	1909.5	10719.6
32241	1645.2	1865.5	10413.6
8318	1642.6	1877.3	10606.2
24702	1639.0	1878.6	10339.5
57247	1645.0	1857.7	10341.6
59698	1642.1	1864.6	10360.5
3085	1642.6	1893.2	10450.8
11369	1650.2	1884.5	10609.6
21380	1640.7	1896.3	10432.8
9495	1644.9	1899.3	10633.8
11180	1642.4	1865.7	10366.8
29323	1652.1	1896.0	10678.8
35282	1645.9	1888.4	10494.2
6791	1659.3	1917.4	10654.2
62862	1654.9	1843.5	10437.1
10980	1650.6	1891.8	10667.4
53787	1649.2	1874.1	10366.1
51564	1657.7	1950.3	11115.3
29435	1654.5	1906.6	10707.1
3125	1641.3	1875.7	10277.3
24035	1653.8	1881.1	10549.4
61379	1658.7	1933.8	10647.5
16050	1634.8	1868.8	10241.4
62194	1653.7	1923.4	10809.6
11145	1638.3	1854.0	10163.9
51446	1644.6	1898.7	10557.4
45306	1631.8	1846.8	10261.1
22754	1636.0	1834.6	10197.3
45705	1643.9	1861.1	10567.3
56645	1654.6	1959.7	10768.8
47117	1640.7	1840.1	10405.3
57993	1648.2	1858.9	10455.4
13948	1640.3	1842.9	10192.0
58539	1645.6	1825.5	10658.1
26156	1648.2	1914.8	10691.5
37937	1662.4	1990.1	12585.9
3251	1641.1	1885.7	10385.5
27465	1639.6	1863.0	10330.5
7204	1655.5	1911.7	10679.4
24271	1643.0	1897.9	10530.0
61814	1639.5	1832.8	10228.9
47519	1635.7	1843.9	10128.4
62815	1645.6	1900.7	10617.6
9335	1648.7	1913.3	10576.3
25143	1638.7	1859.7	10303.6
25953	1655.8	1916.4	10654.9
23100	1655.9	1870.7	10704.6
10399	1660.4	1900.9	10495.7
32045	1645.2	1856.9	10402.3
42142	1662.7	1924.9	10816.4
43360	1668.9	1969.6	11167.9
10516	1649.1	1895.3	10520.6
1285	1638.7	1909.8	10474.7
9144	1653.2	1909.7	10633.1
22279	1632.6	1842.3	10108.6
53723	1644.2	1895.3	10553.1
47575	1657.6	1916.1	10689.5
30680	1651.8	1915.2	10654.8
9116	1649.7	1934.2	10671.2
11131	1651.8	1880.1	10493.6
22968	1641.9	1825.7	10394.8
56071	1649.8	1885.4	10617.4
19214	1660.1	1950.3	10830.4
36963	1660.1	1866.4	10581.5
36630	1632.0	1869.0	10201.7
18538	1648.8	1909.5	10511.3
45514	1643.1	1877.8	10604.8
15351	1642.7	1865.5	10355.1
8558	1648.4	1899.8	10597.1
63903	1656.6	1849.6	10364.1
17345	1643.2	1895.0	10361.0
61569	1643.6	1860.3	10372.9
5369	1656.6	1871.3	10581.3
48881	1651.8	1933.5	10698.6
24174	1660.3	1913.1	10728.8
45957	1650.5	1912.3	10733.1
53161	1638.3	1842.1	10262.5
53755	1642.6	1900.2	10688.6
48973	1646.2	1823.4	10155.9
35186	1651.3	1880.9	10411.6
36540	1651.0	1880.8	10427.8
64395	1635.9	1877.2	10372.3
36263	1645.3	1862.1	10575.4
49259	1643.5	1839.0	10271.4
9726	1648.7	1908.0	10497.9
26722	1646.9	1881.4	10463.7
27523	1649.2	1942.2	10560.2
19525	1654.1	1855.9	10363.5
17163	1645.1	1849.7	10340.4
1273	1650.4	1915.0	10774.9
37370	1649.8	1915.3	10900.7
6632	1646.2	1889.4	10577.3
36228	1654.6	1901.4	10567.5
28321	1652.9	1910.5	10675.6
16538	1650.9	1930.8	10625.2
59581	1655.0	1917.8	10550.7
41739	1638.7	1848.7	10338.5
61943	1643.5	1828.8	10274.4
50419	1649.4	1843.3	10582.6
59209	1652.1	1892.7	10589.6
27346	1634.9	1854.0	10345.6
34705	1655.7	1904.4	10719.2
506	1635.2	1869.4	10260.5
49260	1648.7	1889.6	10453.9
48657	1641.6	1833.0	10354.0
44499	1652.0	1899.6	10703.8
8506	1641.6	1929.9	11246.2
39196	1651.3	1896.9	10581.1
9091	1644.0	1945.8	10870.8
52495	1650.5	1847.4	10479.2
58032	1644.9	1891.1	10512.9
42327	1643.6	1868.3	10397.6
37310	1641.6	1873.0	10450.4
39980	1654.7	1885.4	10514.2
19336	1642.0	1898.2	10417.4
55317	1640.4	1856.7	10344.8
54898	1641.7	1871.4	10436.4
47336	1649.7	1900.7	10522.8
4031	1652.6	1868.1	10485.5
20208	1659.5	1935.3	11887.5
11806	1658.2	1883.0	10861.8
64078	1641.2	1885.3	10421.8
58271	1634.3	1833.1	10134.6
4702	1639.7	1849.1	10432.4
8136	1653.2	1916.3	10677.3
984	1647.6	1926.7	10528.8
52921	1646.2	1861.1	10287.2
4238	1651.2	1867.9	10480.9
7513	1669.3	1862.9	10593.6
27591	1641.2	1834.7	10197.3
1053	1641.5	1889.1	10326.0
64000	1653.8	1891.2	10615.4
56640	1648.8	1873.8	10646.7
62777	1641.1	1847.8	10249.3
22592	1660.0	1939.6	10790.2
30951	1647.4	1844.5	10382.4
61553	1649.4	1853.8	10605.6
20529	1642.8	1856.7	10307.5
24596	1644.2	1839.0	10412.0
18441	1633.5	1837.9	10159.5
60049	1647.7	1827.3	10402.1
44720	1643.4	1872.6	10450.0
52641	1646.8	1894.0	10382.2
7327	1642.0	1878.8	10502.6
17967	1647.5	1865.2	10427.3
2534	1646.0	1908.9	10545.1
50531	1653.9	1910.6	10845.6
43080	1656.0	1942.9	10903.8
49026	1651.9	1912.7	10603.7
21409	1640.9	1834.5	10059.6
52832	1647.6	1894.6	10933.0
6214	1639.1	1819.3	10056.7
21013	1635.6	1901.5	10387.7
39992	1649.6	1941.9	10942.3
39224	1638.4	1877.9	10247.6
20237	1655.1	1896.4	10624.8
21193	1632.0	1897.9	10650.1
1361	1645.1	1884.4	10631.9
36979	1649.2	1929.9	10585.1
28955	1639.1	1893.8	10364.5
16874	1645.5	1873.5	10451.2
20577	1636.1	1843.3	10162.5
60995	1640.5	1839.7	10243.8
22473	1663.1	1917.5	10598.6
54028	1643.1	1884.2	10543.5
46597	1643.5	1878.9	10625.7
1862	1658.8	1872.9	10660.7
49804	1644.9	1912.6	10490.5
3734	1659.5	1911.7	10501.4
52741	1652.5	1894.9	10702.6
35895	1649.1	1872.1	10426.2
57098	1645.3	1865.4	10397.7
58163	1646.6	1911.4	10463.7
35991	1651.1	1902.9	10902.6
51516	1641.1	1904.4	10452.4
29744	1664.9	1940.1	11026.6
41984	1637.3	1873.2	10303.6
1262	1636.8	1891.3	10419.0
44201	1653.1	1908.5	10678.6
52874	1642.8	1876.8	10375.5
58447	1654.9	1941.5	10789.1
10555	1653.5	1921.9	10700.9
8523	1651.6	1907.6	10731.9
6909	1641.9	1891.0	10422.3
61492	1644.8	1894.1	10726.1
17365	1641.9	1882.9	11127.9
49011	1658.9	1906.8	10763.1
23601	1649.6	1910.0	10493.1
39106	1645.1	1840.7	10381.1
7671	1638.7	1842.7	10245.5
60698	1646.7	1883.3	10495.0
2166	1646.4	1874.7	10489.7
13090	1641.7	1908.1	10348.1
29375	1637.7	1872.8	10618.8
2596	1644.3	1855.3	10342.9
10457	1649.1	1857.6	10369.5
20719	1649.3	1911.3	10665.5
2813	1652.3	1911.3	10574.4
58921	1644.2	1862.6	10525.1
28106	1644.5	1918.1	11131.9
58346	1651.6	1865.4	10585.3
23198	1641.7	1918.2	10557.1
51570	1633.9	1868.1	10238.8
42979	1640.8	1904.6	10396.1
27030	1657.0	1928.5	10693.9
28618	1637.0	1876.8	10592.8
39375	1648.0	1916.5	10816.7
60050	1641.7	1877.1	10524.3
37932	1655.1	1876.5	10598.4
34423	1637.1	1820.8	10395.3
57345	1639.3	1911.9	10506.2
20806	1650.7	1880.6	10576.6
2568	1643.0	1868.0	10403.1
59910	1652.4	1959.0	10790.3
30964	1636.5	1892.3	10328.6
2678	1656.0	1904.7	10726.3
35436	1655.8	1908.7	10655.4
60956	1653.9	1927.9	10760.7
56425	1645.2	1882.5	10613.6
22709	1650.4	1917.4	10581.9
61534	1637.0	1886.3	10359.8
25084	1646.1	1890.0	10549.8
11566	1642.5	1881.3	10463.5
56695	1651.6	1836.0	10441.9
27961	1651.1	1886.3	10584.7
4636	1656.4	1921.4	10714.8
62049	1646.7	1868.4	10327.0
31917	1648.6	1887.0	10495.8
19403	1647.0	1864.5	10622.8
61969	1644.0	1884.4	10491.6
47831	1639.0	1898.1	10627.8
9705	1644.6	1914.8	10482.6
26666	1661.9	1967.2	11366.4
20301	1666.5	1992.9	10973.9
42005	1656.1	1922.2	10966.3
55703	1650.6	1867.7	10411.8
60500	1657.2	1923.7	10922.3
13770	1662.8	1917.5	10546.8
36595	1648.7	1885.6	10560.3
13629	1630.2	1791.7	10000.0
59256	1641.4	1869.8	10400.7
47190	1632.8	1829.9	10241.9
54961	1637.0	1849.2	10282.6
60122	1645.5	1845.8	10343.7
20435	1640.4	1833.4	10402.7
34213	1649.8	1861.0	10548.8
12123	1642.7	1852.7	10585.4
38086	1630.7	1847.4	10291.3
11808	1658.4	1947.7	11154.4
32466	1662.5	1948.6	10875.3
33807	1638.7	1810.9	10379.9
6865	1641.6	1879.9	10257.4
40373	1646.4	1899.5	10466.5
41490	1659.2	1937.4	10975.6
46177	1648.0	1894.1	10422.0
44977	1657.3	1932.0	10734.2
45313	1644.8	1937.1	10540.5
50209	1653.3	1887.3	10770.6
21279	1641.4	1906.3	10520.2
2626	1655.1	1912.8	10681.7
57772	1647.2	1889.5	10659.4
20302	1653.7	1920.4	10694.7
60493	1644.9	1904.0	10538.8
54129	1638.0	1866.0	10237.3
18623	1635.4	1880.3	10294.5
36980	1630.2	1806.5	10061.5
28302	1632.9	1871.3	10323.3
500	1645.8	1902.4	10487.3
9543	1662.0	1870.2	10725.9
62241	1644.9	1882.9	10435.0
6421	1653.3	1877.0	10790.3
5545	1634.2	1864.5	10126.2
16622	1646.9	1858.2	10391.1
29271	1655.4	1871.8	10487.2
24999	1652.0	1890.9	10503.4
43009	1640.0	1892.6	10493.0
58274	1647.8	1826.5	10377.7
37018	1655.9	1892.4	10716.3
473	1648.9	1857.3	10384.9
9974	1636.4	1882.0	10343.9
40961	1646.6	1877.0	10419.0
56236	1634.7	1862.7	10432.6
61566	1648.9	1864.4	10516.3
60627	1646.7	1856.6	10466.3
52878	1640.2	1862.8	10304.6
7695	1644.1	1889.5	10430.2
42556	1646.0	1897.6	10322.8
42438	1659.3	1913.7	10692.3
14054	1636.3	1805.2	10325.8
37704	1649.1	1849.6	10385.7
42202	1653.3	1943.0	10843.3
6787	1642.1	1904.2	10504.0
6115	1649.2	1885.5	10394.8
42807	1645.0	1890.8	10556.5
56421	1660.1	1917.4	10780.4
40900	1662.8	1880.9	10601.7
36116	1635.9	1853.5	10422.9
5390	1654.1	1911.0	10969.3
47127	1652.8	1899.0	10819.5
60518	1653.2	1899.0	10539.0
42639	1663.4	1952.3	11084.4
32107	1653.7	1901.6	10703.6
15586	1649.5	1858.9	10416.0
38667	1664.6	1941.7	10868.8
35394	1647.5	1928.0	10966.9
42306	1633.5	1850.5	10294.3
26416	1629.2	1844.9	10137.8
3134	1651.8	1898.3	10474.2
27221	1650.9	1868.3	10675.1
37387	1647.7	1887.2	10519.0
33792	1651.7	1898.7	10669.9
49201	1644.1	1865.6	10411.9
38575	1652.1	1893.9	10654.1
30719	1658.1	1937.3	10910.7
22663	1651.2	1906.8	10826.4
11986	1636.5	1862.1	10303.8
25286	1642.4	1864.1	10399.3
36566	1642.3	1871.6	10390.6
34529	1656.3	1876.9	10682.7
37128	1629.5	1864.8	10344.2
17980	1643.6	1879.1	10425.0
17406	1636.3	1852.6	10153.2
52784	1645.7	1871.6	10582.9
60402	1647.1	1889.8	10398.5
14571	1642.4	1825.4	10343.3
22833	1635.8	1866.8	10256.0
29468	1652.5	1860.8	10776.8
26187	1644.8	1916.0	10881.0
18896	1636.8	1833.4	10113.0
59338	1658.5	1937.5	10862.1
25039	1655.2	1909.2	10968.2
56056	1642.5	1852.5	10237.2
