29685	1651.1	1826.5	10400.1
37862	1662.5	1963.0	11221.1
64765	1634.1	1862.2	10158.6
60682	1631.5	1828.0	10135.2
37308	1650.2	1907.9	10758.7
4283	1653.9	1915.0	10706.5
53002	1651.4	1840.4	10536.8
36306	1634.4	1846.3	10088.0
5896	1650.1	1870.5	10484.9
5882	1649.3	1872.5	10453.0
49620	1642.6	1840.6	10252.9
16111	1647.7	1867.6	10412.2
59078	1660.7	1932.5	10785.9
8445	1635.5	1846.5	10149.3
18540	1647.3	1830.5	10288.9
32256	1656.6	1957.5	10996.2
27011	1644.5	1903.5	10438.0
13575	1646.1	1870.6	10480.6
3398	1652.6	1865.2	10475.3
37217	1638.8	1855.5	10269.2
23501	1641.1	1870.3	10298.3
64002	1638.6	1816.8	10287.8
35445	1646.8	1929.5	10680.1
49311	1650.4	1874.0	10510.8
45005	1644.7	1884.0	10475.8
20589	1646.2	1869.1	10345.8
44046	1650.2	1833.5	10414.0
14096	1641.4	1901.8	10476.1
47366	1633.2	1843.3	10234.5
45674	1654.7	1909.0	10536.3
18311	1651.7	1861.7	10376.8
3266	1638.4	1865.2	10366.6
23619	1649.2	1907.2	10606.7
37612	1660.3	1895.6	10844.8
36273	1646.6	1921.8	10531.0
73	1645.2	1905.3	10598.8
445	1646.4	1898.8	10376.0
30824	1667.6	1934.0	10872.6
18677	1653.8	1926.8	10591.9
19318	1644.5	1861.5	10241.9
35895	1642.2	1885.6	10438.5
28238	1653.8	1910.4	10912.2
23615	1660.0	1925.4	10652.7
47052	1650.8	1871.0	10522.9
21533	1641.6	1869.2	10221.9
58333	1623.0	1787.1	9920.8
46220	1657.7	1909.1	10831.1
46372	1639.9	1854.3	10274.5
56602	1636.1	1853.4	10527.3
39756	1648.1	1884.3	10565.4
40846	1652.5	1851.1	10423.6
60141	1648.6	1852.3	10396.6
55119	1637.2	1849.9	10360.0
49701	1656.8	1879.1	10544.2
64295	1643.1	1848.4	10372.7
14345	1661.0	1950.0	10921.9
34412	1647.6	1900.7	10477.6
64680	1645.7	1896.6	10395.6
39280	1649.0	1878.5	10373.9
62896	1644.8	1844.9	10214.5
58271	1643.7	1871.1	10366.1
61923	1646.1	1876.2	10616.1
43272	1640.4	1898.8	10267.1
4359	1637.8	1866.0	10217.2
24464	1636.8	1905.3	10469.2
31392	1644.0	1895.9	10507.8
54789	1649.8	1856.1	10456.8
33488	1640.2	1871.3	10460.5
16024	1646.9	1913.4	10442.7
62277	1658.3	1831.4	10534.5
5435	1653.9	1908.0	10444.5
55490	1654.7	1901.9	10767.0
9196	1643.4	1877.6	10463.5
16926	1657.0	1907.9	10536.9
58901	1637.0	1815.5	10227.5
32689	1642.3	1888.1	10384.9
45685	1636.6	1862.4	10423.1
55187	1638.1	1844.4	10437.6
46575	1657.0	1934.7	10813.0
14967	1648.4	1888.8	10438.9
1192	1642.6	1880.4	10336.2
11743	1638.9	1894.2	11332.8
6810	1662.2	1933.7	10634.1
25036	1654.7	1872.9	10500.3
49220	1633.8	1837.5	10100.1
63299	1638.1	1881.5	10586.4
40501	1660.2	1935.8	11020.3
539	1650.0	1891.3	10413.9
35932	1657.6	1958.3	11127.5
56466	1637.2	1790.9	10177.1
53594	1643.4	1854.6	10403.7
39079	1660.7	1880.6	10487.7
61819	1639.5	1854.1	10286.1
47678	1648.7	1865.7	10427.0
2600	1647.6	1933.2	10432.4
7830	1652.9	1915.5	10910.6
29160	1647.6	1891.9	10537.3
35154	1642.3	1879.3	10373.9
45967	1641.5	1828.5	10172.6
2813	1657.8	1910.6	10753.8
4471	1628.5	1875.9	10204.4
48409	1635.8	1874.2	10236.3
59587	1654.5	1910.0	10616.6
54529	1659.6	1943.1	10712.5
42638	1659.5	1968.0	10943.5
18294	1655.0	1879.1	10583.0
20418	1640.9	1869.7	10440.1
48751	1634.8	1844.7	10122.7
37436	1630.4	1865.2	10309.2
31861	1650.7	1893.1	10513.5
25689	1639.0	1919.2	10434.0
11174	1645.9	1916.3	10312.7
4557	1641.1	1919.2	10233.0
40508	1658.8	1941.6	10734.1
6378	1663.4	1925.0	11045.9
21959	1649.1	1966.3	10884.4
24395	1653.2	1890.5	10479.2
3395	1633.3	1818.1	10068.7
41893	1668.2	1953.4	11001.8
56865	1655.0	1852.1	10477.5
28662	1641.1	1934.7	10411.6
20111	1655.4	1898.2	10470.4
52051	1661.0	1948.4	10681.8
41630	1652.3	1920.5	10682.8
1075	1655.5	1934.3	10990.9
16190	1650.2	1893.0	10422.8
13310	1653.6	1922.8	10561.2
19598	1631.9	1867.5	10203.0
53978	1661.4	1936.9	10709.4
52743	1648.5	1838.5	10373.1
27042	1656.7	1919.5	10639.8
38626	1653.7	1914.4	10543.7
40578	1639.9	1878.8	10353.9
55027	1650.7	1902.3	10417.2
24239	1650.2	1897.7	10588.8
20631	1648.8	1891.9	10698.4
62435	1659.8	1913.5	10786.8
5545	1649.5	1876.6	10454.9
11	1648.6	1870.6	10467.7
22180	1650.4	1906.7	10544.2
47705	1655.8	1923.0	10631.6
25353	1652.2	1925.2	11009.9
40104	1654.8	1925.0	10785.3
55229	1634.3	1881.0	10551.3
16813	1641.9	1880.0	10315.2
13930	1648.3	1901.3	10339.0
59195	1656.3	1841.1	10606.0
13013	1646.8	1835.9	10427.9
53463	1649.1	1886.8	10336.6
16064	1648.5	1889.2	10661.2
16793	1648.8	1885.0	10422.4
30542	1647.8	1848.2	10451.7
16106	1647.9	1897.5	10397.5
50331	1650.8	1897.3	10454.0
7522	1643.1	1868.4	10330.6
27161	1642.8	1940.3	10558.6
34758	1635.3	1887.8	10374.4
39306	1651.7	1892.6	10652.5
2718	1651.5	1878.2	10444.8
24009	1640.3	1856.8	10251.5
61981	1650.6	1888.7	10450.5
39009	1652.6	1893.8	10506.7
57817	1639.7	1868.1	10219.7
32935	1639.5	1841.1	10112.8
6381	1643.3	1872.6	10515.4
40071	1649.0	1974.1	10583.9
62340	1643.2	1896.2	10396.6
41127	1640.4	1910.5	10457.1
37255	1633.6	1858.0	10323.9
57862	1653.4	1862.0	10620.3
23570	1656.2	1959.6	10919.9
10580	1646.9	1941.1	10672.7
55056	1644.5	1856.8	10323.6
17662	1646.6	1879.0	10744.5
10094	1647.6	1914.1	10391.2
11828	1650.7	1873.0	10391.9
36946	1644.9	1939.4	10688.5
58310	1649.4	1874.0	10341.0
4760	1648.6	1890.1	10445.8
29034	1642.9	1907.1	10398.4
24601	1653.2	1896.4	10657.1
34453	1634.9	1890.1	10483.4
27925	1654.7	1876.2	10460.9
41695	1651.1	1951.4	10648.1
1199	1662.0	1947.4	10732.6
34313	1659.0	1910.7	10804.4
9039	1652.0	1865.0	10499.4
55611	1649.9	1890.6	10532.9
15703	1650.5	1896.5	10622.0
51562	1647.3	1927.6	10518.4
1193	1658.2	1947.2	10814.1
29022	1648.7	1883.7	10461.2
46106	1648.7	1871.3	10511.0
49597	1630.5	1808.6	10315.1
41623	1644.0	1886.6	10379.3
60980	1637.8	1841.2	10143.0
19707	1645.4	1868.3	10276.8
22885	1646.7	1844.9	10486.0
12500	1635.0	1827.2	10044.1
36784	1649.4	1866.4	10544.8
22158	1637.2	1833.6	10239.5
27024	1635.8	1871.8	10591.4
61920	1642.9	1876.5	10285.1
36720	1633.3	1849.4	10231.3
45651	1655.7	1927.5	10655.1
23061	1641.0	1920.8	10314.0
50588	1660.0	1896.2	10647.1
58081	1649.6	1878.0	10547.0
56854	1644.8	1901.9	10723.0
11471	1650.2	1868.3	10646.2
17868	1649.2	1868.9	10326.6
51696	1645.3	1847.1	10460.7
1279	1648.1	1901.9	10807.4
32459	1654.9	1902.4	10610.2
28036	1657.2	1909.0	10572.2
42605	1644.5	1867.5	10441.6
49713	1637.7	1811.3	10131.1
34458	1654.7	1912.1	10865.3
36557	1638.5	1855.7	10214.7
19112	1656.1	1944.6	11134.1
26341	1658.2	1947.7	10786.1
41227	1651.4	1948.4	10637.9
45188	1636.2	1914.0	10429.6
28430	1641.1	1844.3	10324.2
36309	1647.9	1887.6	10452.5
61867	1639.6	1848.7	10508.2
2441	1639.1	1859.3	10226.7
24126	1657.2	1949.7	10620.7
13122	1652.0	1969.9	10807.8
60091	1645.7	1846.1	10344.9
52787	1639.9	1892.6	10289.0
20584	1650.0	1886.4	10683.5
31895	1649.2	1885.0	10426.7
22717	1651.8	1951.6	10633.9
62014	1643.6	1833.5	10222.3
47210	1649.2	1925.1	10518.0
3269	1640.7	1860.8	10388.1
30445	1647.7	1909.3	10730.9
44803	1648.4	1854.1	10514.3
60912	1651.0	1909.8	10536.9
51252	1638.7	1847.7	10293.4
16746	1653.2	1899.4	10583.9
47767	1649.5	1931.5	10925.1
27008	1668.3	1939.9	11012.4
16534	1651.8	1968.7	10908.6
796	1640.1	1936.6	10445.3
48624	1645.2	1890.4	10514.4
54512	1653.4	1881.5	10545.6
7138	1643.1	1873.4	10249.9
42474	1661.1	1892.2	10736.9
61555	1651.4	1888.5	10485.6
27251	1658.4	1927.8	10812.7
27191	1649.3	1845.1	10634.0
31266	1655.0	1951.3	10750.7
5017	1642.5	1893.3	10401.3
4467	1649.9	1861.2	10616.2
13557	1638.7	1844.2	10205.6
61848	1654.9	1900.1	10703.5
40414	1656.1	1888.6	10618.7
33615	1631.6	1836.1	10128.8
7480	1636.7	1828.4	10046.6
7001	1648.3	1905.5	10472.2
18087	1647.3	1908.0	10589.6
27760	1643.9	1863.0	10233.4
64892	1646.2	1808.8	10218.9
25137	1655.7	1874.6	10464.4
11379	1647.9	1909.6	11282.7
17393	1651.5	1873.5	10431.0
31352	1649.0	1919.8	10694.3
53538	1655.0	1920.8	10630.6
34340	1666.0	1964.6	10811.9
61129	1655.7	1917.9	10710.1
4730	1632.3	1875.1	10072.4
62100	1636.7	1845.3	10295.7
17411	1659.7	1949.3	10791.3
60984	1654.3	1892.4	10457.3
13491	1647.2	1889.6	10462.7
53952	1651.6	1901.8	10792.5
8153	1644.3	1864.5	10357.9
37763	1650.7	1884.3	10604.2
38377	1648.2	1937.9	10559.8
36730	1637.5	1834.8	9992.9
47770	1650.8	1928.3	10897.8
34102	1639.0	1869.9	10413.7
55542	1639.5	1871.7	10650.1
47841	1655.1	1885.6	10527.4
38123	1657.9	1940.7	10632.7
8026	1638.9	1871.0	10294.4
46079	1639.9	1852.0	10295.3
56582	1640.5	1836.5	10180.8
3210	1635.3	1927.8	10442.0
35826	1641.3	1876.0	10468.9
19504	1658.5	1989.4	10839.6
30063	1653.2	1892.1	10550.0
21691	1660.2	1943.0	10888.9
40974	1659.9	1946.7	10907.6
37356	1658.6	1910.5	10809.4
28753	1634.3	1869.6	10568.1
24403	1633.3	1903.1	10146.0
29595	1643.5	1903.3	10555.7
58223	1644.7	1868.5	10276.6
37136	1642.8	1904.2	10379.1
35627	1646.5	1892.7	10361.8
35397	1648.5	1939.7	10716.8
20967	1648.4	1882.8	10504.8
47384	1646.9	1890.6	10430.0
41051	1645.3	1902.4	10582.6
21254	1635.8	1857.9	10151.0
41387	1646.1	1906.6	10429.6
6414	1636.5	1869.0	10227.6
55720	1643.1	1915.2	10367.7
24221	1630.9	1866.2	10177.8
5889	1662.9	1947.1	11579.7
38097	1647.2	1838.8	10236.0
9585	1635.7	1812.6	10230.1
34969	1645.9	1857.6	10383.6
47378	1654.7	1926.1	10557.8
29694	1668.1	1925.1	10842.7
21811	1645.9	1893.0	10488.2
2069	1657.2	1937.3	10667.8
30671	1639.9	1912.9	10667.3
2423	1642.0	1811.2	10232.0
10714	1665.1	1964.2	10970.6
24245	1628.2	1797.7	10030.7
10894	1640.1	1834.8	10443.9
41371	1656.3	1980.4	11120.5
1073	1646.3	1840.7	10154.9
52007	1638.4	1879.5	10450.9
47280	1638.5	1906.9	10267.1
40968	1653.4	1918.2	10789.9
16617	1661.1	1925.3	10944.5
48014	1645.2	1845.9	10312.4
33363	1643.5	1890.9	10287.4
39846	1649.8	1913.9	10768.0
49420	1661.9	1918.7	10779.4
9706	1636.0	1851.1	10234.4
37778	1651.9	1909.5	10724.8
47233	1643.3	1905.3	10546.0
56578	1638.1	1867.5	10270.1
494	1649.6	1939.3	10714.6
59093	1651.8	1883.8	10470.1
921	1640.4	1849.1	10132.2
56082	1643.6	1895.4	10392.9
35930	1657.0	1898.9	10679.4
48697	1638.4	1871.1	10250.0
9364	1648.3	1893.1	10281.4
58647	1649.5	1901.4	10634.2
38603	1645.6	1859.6	10451.8
27118	1646.4	1899.2	10384.7
54339	1644.1	1896.8	10588.0
44964	1632.0	1826.4	10141.0
50332	1663.6	1920.3	10856.4
27511	1647.9	1917.1	10566.6
50609	1638.5	1837.8	10326.3
51539	1648.9	1940.9	10729.7
28376	1655.3	1939.3	10757.3
59126	1653.5	1911.4	10804.4
59137	1643.3	1907.1	10579.2
15134	1640.1	1861.6	10304.1
35416	1643.2	1894.9	10333.9
21558	1643.4	1878.6	10393.4
20452	1643.7	1877.8	10437.3
59318	1654.8	1887.5	10479.1
45987	1643.5	1898.2	10404.7
32352	1646.9	1880.1	10565.1
1744	1647.7	1883.7	10475.2
22480	1649.7	1863.0	10490.4
33492	1640.5	1879.7	10166.4
27983	1655.2	1908.3	10497.6
14169	1634.4	1856.3	10326.7
16548	1660.0	1913.7	10746.3
54888	1649.5	1871.2	10630.1
56178	1644.8	1899.4	10616.0
58595	1664.7	1930.4	10685.0
13644	1655.5	1920.4	10593.1
13132	1664.0	1952.7	10799.8
42658	1654.3	1916.1	10487.1
61245	1640.4	1854.3	10331.1
52741	1661.8	1950.9	10853.6
51731	1640.6	1825.9	10308.2
56284	1665.0	1953.2	10809.0
875	1644.1	1885.7	10359.2
26719	1660.0	1945.1	10848.5
30501	1633.4	1865.2	10501.9
2822	1656.0	1959.1	10595.5
56632	1648.6	1870.5	10566.9
14447	1638.2	1831.6	10201.4
35695	1653.1	1909.3	10824.5
40964	1657.0	1927.2	10937.8
62347	1631.7	1818.0	10097.8
44934	1641.7	1872.7	10254.4
42614	1644.7	1864.1	10544.5
51117	1642.3	1863.9	10326.1
8112	1644.3	1897.4	10238.6
2741	1645.0	1887.1	10344.5
60715	1639.4	1875.1	10410.0
19739	1639.6	1903.3	10739.2
57525	1652.3	1900.1	10817.6
29640	1646.6	1880.2	10404.5
48157	1638.6	1819.7	10225.5
48565	1658.7	1924.3	11292.7
11050	1648.7	1904.2	10805.1
50997	1640.0	1840.4	10252.1
11574	1646.7	1837.7	10304.8
46030	1648.9	1849.5	10460.5
35260	1643.2	1838.1	10221.1
10040	1659.5	1947.4	10709.9
57342	1654.3	1896.4	10619.3
62798	1658.0	1960.1	11245.5
32571	1653.8	1891.8	10655.6
10230	1641.2	1868.2	10233.0
11189	1645.5	1900.2	10442.1
9751	1647.8	1906.9	10466.9
61426	1646.6	1853.8	10395.5
52332	1655.7	1910.2	10683.1
4899	1649.4	1957.8	10652.5
53948	1646.8	1834.7	10796.4
54146	1657.8	1911.9	10670.5
17312	1652.3	1929.7	11011.0
45030	1651.2	1894.2	10407.6
62559	1628.3	1843.5	10074.2
54521	1656.4	1938.5	10897.5
30367	1647.7	1906.8	10486.2
48013	1640.6	1869.8	10216.4
12581	1654.2	1915.3	10699.7
22164	1648.3	1875.6	10430.3
15717	1652.3	1870.2	10388.8
64357	1659.3	1892.6	10735.6
20811	1627.8	1821.2	10090.6
46520	1659.4	1891.2	10790.3
19448	1661.9	1937.6	10632.6
23655	1636.2	1852.8	10246.6
30697	1638.7	1874.7	10254.8
63994	1649.0	1858.9	10406.1
27482	1650.4	1918.6	10834.5
41216	1650.0	1920.9	10769.3
34987	1642.0	1869.5	10495.9
53903	1641.5	1863.1	10431.0
35698	1640.6	1876.2	10489.0
36747	1645.9	1850.0	10597.0
28695	1650.9	1860.5	10393.7
16632	1645.0	1785.1	10109.5
22962	1651.5	1944.0	10668.6
21095	1642.3	1878.5	10384.1
53283	1650.4	1839.1	10380.4
37562	1638.4	1854.5	10137.0
17866	1640.3	1837.7	10317.2
43538	1648.3	1874.5	10423.0
40111	1657.4	1903.1	10612.7
4694	1630.3	1815.1	9981.7
51175	1648.1	1932.9	10536.9
15086	1652.9	1895.1	10420.3
8702	1656.5	1918.2	10777.3
44777	1658.0	1958.7	11442.6
57713	1660.1	1904.3	11099.2
7273	1657.7	1922.1	10797.5
3498	1642.0	1920.5	10393.1
62240	1647.4	1840.0	10441.2
13249	1638.4	1844.9	10379.0
24844	1643.1	1863.8	10400.0
61060	1649.4	1903.2	11634.5
53502	1648.9	1898.1	10678.3
33537	1656.4	1879.9	10826.2
38654	1653.0	1915.9	10579.8
64131	1644.7	1863.1	10325.8
63123	1623.3	1828.8	10024.0
8303	1649.7	1930.4	10775.2
26318	1643.3	1896.7	10491.3
10116	1637.2	1921.2	10259.0
19944	1647.3	1887.2	10674.4
23862	1650.3	1875.6	10298.0
53136	1652.7	1891.4	10461.1
56658	1646.3	1897.5	10681.3
21406	1645.2	1931.2	10489.0
32706	1651.7	1931.3	10702.6
5998	1652.8	1876.1	10529.4
36288	1653.6	1909.6	10719.9
49434	1656.4	1889.7	10596.3
14801	1658.1	1957.2	10662.3
38329	1635.9	1865.9	10199.5
49501	1663.3	1937.6	10754.7
40067	1638.2	1866.6	10423.0
53009	1658.6	1922.0	10807.7
4679	1659.9	1905.7	10737.3
61578	1635.3	1870.3	10290.1
23612	1655.1	1919.0	10813.4
46993	1648.3	1877.7	10542.4
44402	1641.7	1908.3	10282.9
61609	1630.8	1880.6	10173.8
19345	1650.2	1898.2	11012.5
1086	1643.5	1866.5	10308.1
56156	1647.5	1858.0	10285.6
29144	1663.5	1959.2	11462.0
7588	1657.1	1947.8	10771.7
20160	1645.2	1873.7	10425.9
31709	1644.5	1870.0	10486.9
23852	1647.1	1893.7	10558.8
33587	1644.1	1932.7	10471.8
29352	1651.6	1925.7	10530.5
10123	1651.0	1888.0	10366.1
44857	1631.3	1893.2	10287.8
21280	1657.4	1896.8	10512.1
784	1654.9	1922.6	10726.7
64116	1658.4	1893.7	10789.8
46479	1655.8	1908.1	10510.5
63511	1634.4	1893.4	10383.8
59676	1644.1	1885.5	10551.8
27810	1638.1	1827.5	10155.0
4583	1634.3	1860.7	10249.9
14003	1632.2	1854.8	10273.0
31011	1657.3	1968.4	10930.9
21122	1638.4	1912.0	10518.6
23553	1656.1	1915.5	10820.6
4550	1651.9	1898.0	10561.8
59651	1644.3	1917.7	10625.9
15856	1636.8	1843.7	10347.2
4155	1641.4	1887.7	10419.7
47247	1631.2	1849.4	10226.3
39129	1638.2	1858.3	10478.1
36512	1654.1	1891.2	10635.9
13544	1651.4	1892.9	10514.0
47293	1643.1	1871.0	10455.0
43598	1645.8	1877.4	10403.3
59409	1643.2	1863.1	10569.6
18179	1643.7	1846.5	10441.5
54167	1641.3	1892.2	10733.8
52509	1633.6	1843.0	10076.2
63042	1639.7	1861.8	10411.5
53426	1642.1	1871.7	10430.7
2595	1645.6	1852.0	10317.5
23863	1650.2	1890.5	10582.7
741	1630.8	1841.8	10121.9
7392	1655.0	1963.5	11034.4
40749	1647.3	1886.5	10523.1
28305	1645.4	1911.1	10605.1
11347	1651.8	1917.5	10776.8
42980	1653.8	1903.2	10484.3
31903	1653.5	1886.6	10639.9
40327	1655.0	1933.6	10902.2
41397	1633.8	1858.8	10329.6
11285	1643.4	1847.6	10325.5
56784	1646.2	1848.8	10835.8
57927	1652.4	1866.8	10524.3
16113	1653.1	1884.1	10556.6
62183	1655.5	1861.4	10857.9
43655	1668.0	1932.2	10844.1
17671	1646.5	1839.0	10374.5
26694	1653.2	1918.3	10956.5
30613	1643.6	1897.5	10375.5
1064	1657.5	1913.7	10748.1
63599	1634.4	1871.3	10281.2
41970	1654.4	1930.8	10898.9
14114	1655.6	1917.6	10579.7
63341	1646.9	1847.2	10396.3
6356	1640.5	1875.4	10279.1
44058	1645.0	1869.2	10311.4
21849	1657.6	1862.2	10557.3
10207	1661.2	1942.9	10931.6
59113	1646.4	1890.3	10540.5
59056	1638.0	1858.1	10316.1
62745	1669.7	1922.0	10911.0
30221	1638.8	1887.6	10443.7
18246	1656.8	1907.9	10406.1
25472	1644.4	1870.7	10504.1
54951	1651.7	1916.5	10664.6
1783	1667.1	1955.3	10866.3
62380	1644.0	1829.9	10212.4
2421	1652.5	1965.9	10740.6
35820	1642.0	1887.2	10292.8
6652	1648.0	1929.1	10526.8
56283	1654.2	1873.5	10553.6
11443	1647.8	1861.9	10448.2
11353	1652.2	1919.4	10561.7
42577	1633.4	1855.5	10353.9
60458	1631.6	1872.7	10340.1
11020	1641.7	1875.0	10078.5
51616	1641.3	1873.0	10405.3
11244	1640.0	1950.2	10569.1
57557	1642.0	1867.7	10391.2
35084	1654.8	1909.1	10503.2
58877	1647.0	1904.3	10619.0
20049	1638.9	1867.9	10543.4
24027	1630.7	1843.6	10011.6
25242	1651.4	1906.7	10843.3
61656	1654.9	1910.6	10639.6
57482	1647.4	1911.8	10607.1
64954	1643.0	1838.2	10406.0
49222	1639.0	1899.3	10506.9
12899	1645.2	1882.1	10471.9
766	1634.5	1907.0	10190.3
8444	1640.9	1881.9	10306.8
26939	1633.6	1863.7	10212.5
18680	1655.6	1943.4	10743.5
49496	1645.5	1863.1	10383.9
11551	1647.2	1878.9	10390.7
20239	1649.5	1912.9	10679.0
49763	1628.5	1871.3	10342.3
25167	1657.0	1885.2	10560.5
55642	1645.4	1928.7	10751.1
25437	1641.6	1815.8	10137.3
55926	1647.8	1906.1	10641.3
48679	1640.6	1848.0	10337.1
27717	1651.3	1895.3	10459.6
60220	1645.9	1903.3	10526.3
17707	1649.2	1914.3	10638.7
14772	1645.3	1871.3	10590.7
43931	1646.9	1866.1	10369.2
16288	1652.6	1942.5	10760.2
46999	1640.7	1860.0	10315.2
55008	1646.4	1841.9	10430.8
52819	1645.6	1864.4	10390.3
37075	1647.7	1897.9	10552.4
32570	1645.7	1859.7	10347.1
52937	1655.9	1930.4	10868.3
9268	1638.2	1891.8	10707.3
2650	1651.9	1906.0	10477.3
36761	1647.5	1875.2	10386.7
50733	1660.0	1877.0	10637.8
21156	1641.5	1881.3	10361.1
35800	1647.8	1892.5	10566.1
23343	1629.8	1847.6	10039.7
8385	1656.2	1966.4	10860.0
54988	1659.4	1890.8	11034.2
30269	1643.4	1868.5	10483.1
793	1648.2	1883.7	10642.4
17984	1647.9	1914.2	10380.4
41692	1645.6	1894.7	10482.9
64361	1647.0	1849.7	10362.3
56514	1653.7	1874.4	10708.5
28605	1642.4	1926.1	10505.1
61634	1648.1	1876.8	10566.5
12177	1639.5	1889.0	10382.9
14106	1633.7	1857.0	10218.3
8049	1664.6	1975.3	10844.0
5151	1637.8	1854.2	10151.1
26769	1641.1	1899.7	10379.9
24719	1644.3	1880.6	10400.0
20454	1644.0	1824.0	10295.6
42217	1655.9	1942.7	10672.6
42386	1647.5	1860.5	10496.7
34425	1649.9	1939.2	10494.2
47127	1654.8	1916.2	10594.8
56331	1640.2	1842.5	10091.3
32498	1656.5	1935.5	10946.5
14979	1648.3	1872.9	10350.4
32499	1640.0	1922.9	10577.9
22902	1662.5	1899.2	10735.1
23097	1659.7	1962.8	10732.7
23152	1635.7	1808.8	10170.3
33484	1654.8	1892.1	10762.4
45178	1642.2	1834.4	10301.2
14458	1638.8	1869.1	10221.0
46862	1646.2	1839.5	10513.2
10083	1656.5	1925.3	10704.0
41562	1646.3	1867.4	10455.2
52918	1644.3	1879.8	10441.7
52715	1632.9	1861.1	10273.5
36900	1652.0	1889.6	10454.6
55657	1645.4	1875.2	10468.8
14484	1654.8	1894.8	10476.4
42401	1651.3	1905.8	10818.6
10710	1659.7	1897.0	10659.7
28333	1644.9	1889.6	10481.2
31267	1650.7	1912.5	10745.1
28086	1649.4	1845.5	10306.0
19282	1642.3	1895.6	10306.9
38614	1647.4	1908.3	10549.8
12611	1661.2	1903.5	10577.1
62602	1657.6	1943.9	11177.7
21907	1641.9	1888.4	10235.4
34009	1642.4	1852.9	10383.3
25165	1637.5	1834.8	10127.7
55636	1637.7	1850.7	10187.6
49977	1636.3	1829.5	10201.4
19582	1648.3	1917.0	10553.6
47601	1651.9	1893.6	10420.8
35255	1645.7	1864.9	10363.1
31442	1649.1	1916.1	10574.4
34265	1643.8	1871.5	10383.5
59916	1645.0	1894.1	10507.4
10751	1651.2	1888.6	10594.0
9425	1659.6	1950.4	11052.2
698	1650.2	1928.3	10890.4
5629	1640.3	1862.4	10230.0
15234	1644.9	1878.3	10410.7
33089	1647.0	1932.1	10894.0
23726	1644.0	1934.2	10426.7
4663	1646.7	1928.1	10483.5
4389	1660.5	1873.6	10503.7
47622	1645.6	1867.7	10455.9
60383	1653.6	1892.0	10454.4
23400	1663.1	1911.4	10623.5
14295	1656.2	1875.2	10634.8
56887	1652.0	1900.0	10676.7
39010	1636.4	1895.3	10556.1
15644	1662.8	1972.7	10962.8
8301	1647.8	1889.5	10425.7
9188	1640.9	1866.0	10344.4
44606	1648.7	1884.2	10440.2
32711	1637.4	1885.7	10819.0
50638	1648.3	1909.6	10683.8
59134	1646.3	1875.9	10316.2
37365	1656.9	1928.4	10624.0
36703	1654.9	1848.5	10298.0
11758	1637.2	1869.5	10312.6
4454	1638.2	1858.6	10418.9
8251	1650.7	1902.6	10546.8
29846	1650.2	1874.5	10570.4
58151	1653.4	1914.6	10609.1
47221	1657.4	1917.8	10530.8
36228	1641.5	1835.1	10339.1
23177	1652.1	1888.6	10611.7
46326	1657.6	1872.4	10460.1
14524	1649.0	1923.4	10552.0
43489	1645.5	1864.4	10345.7
49959	1651.9	1871.4	10773.8
29965	1666.5	1914.6	10598.9
13835	1657.5	1934.2	10837.1
50768	1663.6	1970.5	10749.1
55287	1637.8	1900.1	10470.1
43399	1657.2	1934.7	10616.8
42172	1669.3	1915.6	10763.6
37407	1647.6	1890.9	10328.5
54021	1655.8	1921.2	11051.1
39669	1656.2	1889.9	10646.1
17412	1649.1	1917.3	10629.9
25074	1646.5	1890.9	10297.6
35360	1642.5	1845.3	10308.7
10974	1645.8	1868.8	10428.9
58902	1651.2	1914.3	10756.8
44631	1644.8	1882.1	10394.2
14551	1637.9	1832.3	10214.5
32266	1659.8	1900.8	10789.9
526	1652.5	1907.2	10579.0
49305	1649.7	1880.6	10639.2
12014	1665.2	1965.4	10731.7
54166	1647.0	1877.0	10431.8
59296	1636.9	1853.5	10167.5
15195	1652.0	1928.3	10699.2
7227	1647.4	1870.5	10323.2
19977	1649.0	1866.5	10397.0
28734	1650.9	1942.3	10618.0
56057	1654.2	1870.3	10562.7
64352	1641.2	1820.3	10186.6
59119	1648.9	1889.6	10412.5
29570	1651.2	1898.0	10568.1
12487	1642.3	1908.1	10447.1
16316	1647.6	1918.5	10641.1
43023	1638.7	1901.6	10400.3
1373	1645.1	1901.1	10511.8
5217	1651.5	1880.1	10429.2
57604	1637.0	1841.5	10277.7
30941	1660.1	1954.6	10836.8
12747	1652.2	1940.1	10616.9
60001	1641.0	1857.9	10308.6
17713	1646.8	1922.7	10575.1
1791	1649.4	1918.8	10470.6
10541	1647.0	1919.8	10450.6
60397	1653.3	1907.0	10723.8
49562	1648.7	1909.1	10326.0
47521	1663.0	1959.7	11143.5
1067	1650.3	1888.1	10557.3
36713	1651.4	1877.0	10405.9
35209	1656.7	1921.4	10849.4
692	1650.9	1931.1	10481.0
54065	1657.9	1875.4	10725.8
57581	1648.3	1883.2	10613.4
17472	1637.2	1823.1	10115.6
9742	1638.1	1920.5	10572.5
21682	1657.4	1897.0	10550.5
38348	1647.3	1889.1	10634.1
51332	1658.5	1927.3	11018.1
5588	1661.8	1963.3	10784.4
60399	1637.2	1835.8	10135.5
50891	1655.0	1891.9	10596.6
25664	1638.7	1870.0	10256.9
48338	1643.9	1891.7	10609.3
18654	1641.5	1854.6	10313.8
359	1653.6	1940.5	10716.8
23000	1637.0	1870.6	10182.0
31901	1649.8	1899.9	10534.3
9487	1657.7	1905.5	10551.8
45667	1656.0	1887.1	10623.3
52385	1644.7	1916.0	10678.6
33406	1649.7	1929.6	10691.0
56509	1638.4	1890.9	10340.3
3080	1648.2	1894.7	10627.9
37415	1647.3	1885.6	10421.4
60549	1637.6	1864.6	10033.4
13625	1638.7	1866.3	10286.0
61103	1639.4	1846.9	10253.9
60597	1654.9	1940.5	10740.2
28879	1649.1	1929.1	10338.2
35477	1643.5	1884.0	10323.4
39002	1640.4	1907.1	10550.7
57493	1635.2	1888.0	10310.9
15458	1646.3	1859.9	10402.4
19236	1653.1	1854.5	10879.8
42927	1645.7	1907.4	10659.3
55924	1640.5	1878.1	10462.1
23264	1640.9	1863.3	10383.7
2179	1648.5	1914.6	10704.1
13464	1653.6	1876.3	10608.7
52139	1650.2	1912.8	10488.6
5011	1640.5	1871.8	10195.5
1475	1639.0	1848.6	10077.6
49430	1641.8	1839.5	10386.7
60269	1647.6	1884.6	10483.5
53259	1652.5	1909.3	10923.1
48539	1656.0	1933.3	10826.1
38487	1643.1	1892.2	10481.5
63057	1640.8	1927.0	10600.7
34755	1656.6	1904.1	10667.0
13991	1657.4	1933.8	10706.3
27144	1651.6	1882.9	10511.6
1618	1651.0	1892.3	10564.8
20373	1649.9	1914.1	10469.1
11326	1660.5	1978.6	10996.6
84	1651.4	1918.9	10588.8
41337	1651.5	2005.5	11247.2
39989	1638.4	1888.7	10545.7
35562	1632.6	1793.4	10038.7
22201	1633.6	1814.9	10293.8
9140	1638.8	1902.7	10207.8
29598	1646.9	1884.5	10350.5
57866	1666.1	1932.2	10808.2
36916	1643.2	1852.1	10268.7
45248	1649.1	1845.5	10391.3
50959	1653.4	1933.9	11388.5
15634	1638.8	1916.0	10584.7
51651	1650.8	1854.9	10384.3
40728	1654.3	1901.1	10338.9
1529	1659.2	1912.2	10762.4
62522	1648.6	1870.8	10449.9
62940	1659.0	1889.0	10785.7
17146	1642.1	1858.6	10364.3
45486	1650.7	1959.4	10806.4
44403	1652.5	1913.7	10433.9
48596	1653.6	1905.3	10561.1
29911	1646.6	1842.9	10304.6
16382	1651.3	1901.9	10585.1
7090	1653.6	1905.2	10842.2
63810	1639.8	1853.5	10141.5
31084	1639.6	1884.8	10591.0
51541	1639.6	1871.7	10359.5
58935	1655.7	1923.4	10669.3
39122	1647.1	1882.3	10682.3
18043	1645.6	1901.0	10384.9
54514	1636.3	1892.3	10237.0
13061	1639.8	1858.2	10289.4
39922	1651.9	1903.3	10633.0
43705	1647.4	1867.7	10480.7
46669	1656.8	1884.9	10527.0
38695	1631.5	1869.1	10160.3
60592	1642.7	1872.6	10544.7
50505	1659.1	1916.0	10642.4
25902	1635.3	1864.7	10172.4
44097	1657.8	1938.9	10669.9
42941	1654.1	1890.5	10497.8
33664	1657.1	1923.1	10603.0
53369	1655.9	1918.2	10809.3
58711	1643.9	1862.9	10495.7
60454	1646.9	1877.6	10511.3
44401	1645.7	1892.8	10559.9
23495	1651.9	1944.9	10805.3
58465	1651.4	1855.2	10395.7
27711	1655.1	1936.0	10980.8
40837	1659.7	1999.9	11353.5
39264	1651.2	1864.7	10542.5
12905	1649.3	1882.6	10284.9
34364	1658.6	1919.8	10594.6
7214	1648.5	1835.3	10364.1
27741	1644.4	1881.0	10515.4
15751	1653.5	1885.5	10536.0
986	1657.1	1909.9	10510.8
61571	1629.3	1859.2	10041.7
25646	1637.8	1836.6	10340.8
21358	1646.5	1883.3	10524.8
52710	1650.4	1874.9	10352.3
29874	1661.5	1941.4	10773.0
39789	1656.8	1932.5	10897.3
1088	1652.9	1906.3	10483.7
35407	1652.8	1888.1	10439.7
9862	1647.1	1895.2	10331.6
57597	1638.3	1818.8	10183.6
54424	1655.7	1884.0	10650.8
46847	1654.2	1882.3	10409.9
22722	1649.9	1902.8	10502.5
6496	1655.2	1929.8	10493.9
5299	1647.9	1876.5	10385.9
23013	1654.0	1921.4	10399.7
45707	1629.1	1851.4	10115.9
34053	1656.5	1919.2	10827.4
55075	1639.2	1863.1	10471.6
39467	1645.1	1896.1	10393.8
18055	1640.0	1909.8	10314.7
34195	1661.4	1872.4	10851.3
43768	1628.3	1774.2	9972.0
43830	1643.8	1878.4	10492.8
42144	1655.8	1907.8	10616.2
39153	1645.8	1875.9	10521.2
37433	1657.3	1903.6	10729.9
62890	1644.5	1855.8	10230.9
6960	1642.4	1884.5	10351.2
52367	1631.5	1857.3	10201.9
32581	1651.8	1866.2	10417.0
14176	1640.6	1929.2	10254.8
27299	1647.3	1858.7	10346.3
12148	1647.7	1912.1	10458.9
1074	1650.8	1926.8	10646.5
59597	1636.4	1845.5	10040.2
7461	1641.4	1903.2	10484.8
3325	1650.1	1922.6	11027.0
8331	1654.8	1997.6	10850.7
26648	1655.9	1910.1	10585.2
37759	1638.3	1861.0	10473.0
14047	1656.0	1958.7	10856.5
31871	1656.3	1857.3	10462.0
19693	1642.5	1880.3	10347.2
3162	1632.5	1869.0	10120.3
62720	1656.6	1885.6	10614.0
53398	1650.7	1867.4	10567.3
9532	1642.1	1892.3	10564.1
44441	1655.7	1901.1	10717.9
58352	1650.1	1911.9	10584.6
32179	1657.9	1903.3	10830.9
13163	1630.6	1837.2	9971.9
52316	1639.4	1816.2	10229.8
44719	1642.0	1842.7	10453.4
52354	1653.7	1858.4	10459.2
16520	1630.8	1895.4	10369.1
37090	1651.9	1863.1	10386.0
3071	1661.5	1945.0	10960.7
12057	1644.2	1891.1	10401.0
41376	1651.8	1933.9	10578.5
150	1637.9	1884.9	10506.2
13570	1647.2	1870.4	10431.5
56839	1641.3	1894.9	10314.3
15430	1645.9	1917.9	10657.1
35223	1645.7	1893.8	10358.5
38405	1643.8	1864.8	10421.1
24873	1656.5	1933.2	10648.7
33832	1653.6	1902.0	10548.1
60331	1650.4	1944.6	10637.4
54774	1662.5	1933.4	11048.5
5892	1635.0	1885.4	10189.8
6445	1659.4	1941.9	10587.9
5144	1648.6	1943.6	10950.8
13071	1650.6	1903.7	10452.8
5238	1640.4	1845.2	10414.2
46313	1648.7	1885.1	10498.4
43619	1641.4	1848.0	10576.3
44839	1646.4	1867.5	10549.5
36905	1635.0	1812.9	10192.2
63715	1653.5	1896.6	10506.4
56841	1640.5	1843.8	10309.9
63393	1651.7	1871.4	10569.1
53582	1645.8	1887.8	10484.7
29578	1653.5	1879.1	10607.5
61789	1654.5	1878.0	10635.3
17956	1648.4	1876.4	10602.5
34151	1650.8	1922.3	10657.7
38046	1635.1	1845.7	10206.2
10205	1652.1	1947.1	10677.5
31290	1652.7	1947.8	10779.5
62455	1644.7	1892.6	10384.3
52455	1654.1	1904.5	10790.2
53195	1633.9	1897.1	10803.6
42049	1650.8	1853.2	10383.9
18660	1657.1	1896.5	10554.7
27580	1645.1	1899.4	10551.0
41133	1657.4	1874.3	10672.8
46561	1651.8	1889.9	10387.2
14	1643.3	1883.1	10280.3
32389	1635.9	1850.0	10425.3
11767	1634.4	1868.6	10330.7
37990	1665.6	1936.4	10905.4
45614	1646.2	1858.6	10462.3
5468	1641.5	1863.8	10330.3
54746	1641.0	1896.6	10287.1
58975	1652.5	1895.8	10710.7
46048	1655.5	1948.1	10683.0
25063	1652.5	1927.2	10730.0
56327	1658.3	1889.0	10449.4
64399	1647.8	1917.2	10679.7
1737	1652.4	1893.3	10428.1
39709	1636.8	1900.6	10198.5
12444	1657.0	1854.1	10359.2
10787	1656.3	1935.1	10568.1
40037	1637.6	1849.2	10180.2
42975	1660.4	1891.4	10611.5
4325	1643.3	1846.5	10387.7
25247	1635.3	1885.8	10216.4
42096	1645.2	1913.8	10483.6
9695	1644.4	1855.4	10337.9
54825	1665.1	1948.7	10721.1
39338	1648.8	1918.8	10382.9
14766	1641.7	1894.2	10378.4
15631	1649.8	1913.8	10600.1
43438	1671.5	1931.9	10940.4
