49733	1740.9	2003.4	12229.4
25210	1737.1	1996.5	12197.2
46588	1727.1	1945.7	12006.4
7337	1731.3	1986.2	12362.8
13525	1721.2	1996.7	12256.1
23485	1734.3	1988.3	12218.5
24496	1716.8	1921.9	11783.6
66724	1730.6	1961.4	12295.9
27959	1727.2	1976.3	12105.2
60647	1727.4	1991.7	12228.1
47211	1732.0	1989.9	12129.4
14947	1744.9	2058.1	12660.1
76950	1718.9	1899.4	11660.0
3276	1724.8	1956.8	12218.9
34575	1719.4	1950.5	12112.7
33357	1737.4	2010.8	12264.5
52903	1743.0	1926.0	12404.3
31275	1740.4	2021.9	12508.0
50656	1742.7	1990.4	12507.0
54513	1737.1	2066.4	12691.3
17662	1735.2	1979.7	12334.5
50555	1729.4	1960.0	12150.2
1690	1739.4	2038.9	12284.1
48044	1734.1	2006.3	12314.2
71388	1747.8	1980.4	12476.1
50820	1726.5	1990.7	12321.3
9705	1740.7	1988.3	12183.1
27231	1731.2	2037.4	12544.6
67799	1727.6	1949.5	12078.8
33042	1727.2	1979.3	11829.8
75292	1743.3	2030.1	12955.8
71091	1733.6	1971.0	12251.5
14713	1719.2	1919.4	11750.3
54714	1725.3	1949.3	11964.1
64266	1737.8	1997.7	12288.2
63921	1742.1	1970.3	12377.5
51609	1717.2	1933.6	11739.2
9547	1718.1	1932.0	11677.1
49297	1731.8	1955.1	12176.8
15886	1722.3	1972.2	12019.0
54698	1730.9	2005.6	12218.1
63325	1728.3	1958.0	12306.7
59336	1740.3	1971.7	12246.7
69999	1720.7	1948.8	12274.4
16225	1742.5	2030.5	12501.4
4278	1733.6	1962.2	12157.6
75529	1732.4	2029.9	12181.4
1037	1740.0	2015.5	12438.4
29875	1723.6	1986.9	12097.0
57143	1746.0	2044.5	12776.6
16941	1743.5	2019.1	12349.2
17046	1734.9	2043.7	12510.9
40559	1729.1	1931.3	12038.8
32263	1734.7	1976.4	12198.8
65323	1738.4	1958.9	12146.1
26379	1731.0	1989.8	12262.5
31869	1735.1	1976.3	12369.6
8793	1722.2	1937.2	11978.7
79916	1730.9	1978.5	12087.5
10831	1731.7	1964.2	12221.4
18531	1733.7	1926.5	12116.5
38641	1742.3	1984.3	12431.7
11960	1716.2	1933.3	11766.6
14266	1733.0	1951.1	12130.3
59817	1736.4	1956.6	12121.7
64282	1730.6	1980.4	12265.2
72535	1719.9	1948.5	12346.5
77438	1728.5	1916.0	11976.8
79864	1750.0	1981.3	12921.3
46732	1706.0	1898.7	11770.5
57447	1726.5	1956.1	11976.5
41682	1749.6	2016.2	12668.2
60178	1751.7	1980.7	12454.6
24118	1735.0	2018.7	12341.4
65041	1737.3	2005.3	12286.2
35345	1754.4	2064.2	12705.0
77018	1727.3	1951.4	12092.7
39709	1724.7	1963.4	12346.8
22524	1749.5	2007.4	12439.5
75732	1732.1	1981.8	12278.4
4516	1743.0	2009.2	12853.7
77361	1736.0	1931.9	11977.5
12305	1729.3	1957.7	12163.9
57972	1734.7	2010.9	12227.6
20084	1729.5	1993.9	12507.3
48441	1729.7	1925.8	12165.6
72982	1743.1	1989.8	12365.2
26927	1730.0	1974.9	12062.3
49286	1724.6	1924.9	11960.4
62741	1741.3	1962.5	12383.1
71066	1722.9	1958.6	11927.2
4642	1727.2	1940.8	11992.9
51488	1739.2	2002.5	12591.4
25023	1737.4	1963.0	12138.1
35429	1721.6	1986.2	12095.8
42689	1742.0	2065.4	12784.4
3426	1720.8	1931.9	12022.7
57437	1732.0	2006.2	12573.2
23910	1735.2	2022.4	12241.1
74167	1740.6	1961.3	12355.2
1589	1748.2	1988.2	12519.6
73906	1735.6	1966.3	12270.5
20562	1715.6	1933.7	11967.6
43025	1728.3	1928.9	11971.2
28002	1733.8	1940.5	12275.5
60850	1736.2	1992.5	12418.3
29651	1715.4	1954.0	11953.5
71921	1720.8	1931.0	12288.5
37158	1732.1	1980.6	12201.0
2362	1743.6	2018.4	12329.7
59529	1725.0	1941.2	11937.0
50780	1724.8	1904.1	11851.2
78960	1732.7	2044.1	13061.3
30456	1745.2	2033.4	12804.1
42344	1728.6	1964.8	12133.7
12317	1754.3	2004.8	12496.4
76398	1731.8	1988.5	12308.1
25101	1732.8	1938.5	12257.4
56394	1735.9	1951.8	12040.3
11213	1743.6	2058.0	12573.0
42024	1728.0	1979.9	12094.9
31366	1739.5	2023.2	12934.4
35140	1727.7	1951.5	12033.9
67347	1716.7	1924.3	11947.6
6219	1726.5	1923.4	11741.8
47968	1718.9	1938.6	11882.9
34212	1739.8	2003.1	12248.2
64677	1737.2	2013.2	12357.4
20292	1742.5	1964.9	12301.4
14843	1730.6	1970.6	12197.6
41867	1735.0	1984.0	12202.3
74284	1730.9	1966.1	12360.9
58614	1737.4	1971.7	12236.1
57471	1737.9	1983.3	12360.5
3679	1732.1	1940.3	12074.5
42050	1745.4	2003.1	12545.9
54456	1733.4	1951.8	12117.6
53412	1720.2	1933.3	11855.1
30427	1728.7	1978.1	12231.3
46707	1728.2	1978.1	12311.8
79652	1737.9	1956.0	12100.6
28963	1726.3	1927.0	11871.5
23601	1740.4	2056.1	12882.6
52239	1734.7	1978.9	12355.5
6788	1739.6	1962.2	12369.4
35279	1757.9	2083.9	12993.1
18358	1735.1	1976.2	12239.4
33871	1732.3	1953.7	12150.8
51146	1722.7	1961.4	12067.9
66515	1720.3	1914.3	11804.6
52571	1726.0	1954.9	12091.7
23954	1745.8	1982.6	12930.3
42883	1735.6	2019.8	12495.5
76895	1720.0	1941.0	11969.4
16459	1732.0	1984.1	12344.6
23192	1728.0	2041.3	12330.1
64062	1726.4	1932.2	12198.9
25323	1722.3	1943.4	11956.7
21785	1736.0	1988.6	12115.0
77453	1734.6	1958.1	12063.9
4994	1729.8	1965.4	11943.6
35522	1738.0	1945.6	12136.0
26811	1719.8	1954.0	12199.2
51938	1743.6	2014.8	12659.2
64615	1720.7	1931.3	11899.5
49491	1732.1	1936.7	12139.2
41606	1733.4	1984.1	12212.9
45433	1728.4	1969.7	12150.5
63679	1725.4	1936.8	11933.6
25289	1730.3	1959.7	12033.7
27675	1721.0	1987.6	12180.0
6849	1710.6	1862.7	11639.5
79385	1719.8	1922.1	12214.6
72959	1735.0	1948.2	12175.2
40521	1719.1	1947.2	12024.7
48317	1726.2	1942.3	11978.8
61761	1732.0	1986.9	12232.3
58217	1723.2	1935.4	12011.6
18185	1727.4	1944.8	12206.6
564	1728.7	1968.7	12278.8
57363	1735.3	1960.7	12381.4
54002	1731.2	1942.1	12072.8
61129	1737.4	2000.7	12748.8
26667	1716.8	1938.8	11863.3
67461	1753.2	1986.3	12408.9
11900	1735.4	2016.5	12482.1
12231	1730.2	1978.1	12328.5
28616	1726.7	1975.8	11986.9
56005	1724.9	1964.7	12392.2
37383	1747.3	2066.1	12723.2
36379	1727.3	1955.3	12007.6
30934	1740.7	1999.2	12087.6
64245	1750.0	2027.4	12426.1
74577	1725.7	1908.4	11822.2
40731	1721.9	1990.3	12074.7
44126	1728.5	1933.4	11994.6
63430	1735.5	2015.9	12582.4
54580	1749.9	1993.2	12589.7
25188	1727.0	1970.4	12077.3
23995	1723.9	1982.3	12059.9
73176	1732.9	1940.3	12088.0
20257	1734.0	1987.2	12058.7
4370	1733.4	1962.9	11948.8
69488	1736.3	2016.5	12213.8
79665	1739.4	2042.8	12627.0
54870	1739.5	1979.3	12253.3
44623	1725.2	1930.4	11812.2
66193	1724.4	1951.4	11948.4
32776	1738.3	1958.4	12292.0
492	1733.6	2007.7	12304.3
69897	1752.3	1994.6	12508.5
5840	1716.4	1917.2	12016.4
26703	1737.0	1979.3	12137.0
39698	1737.6	1978.0	12272.0
1421	1726.8	1919.4	11949.8
41780	1723.4	1957.3	11970.6
50536	1740.5	2046.8	12549.9
67173	1726.6	1960.2	12111.6
24296	1744.3	1993.4	12352.8
3005	1734.5	1980.8	12209.0
66905	1709.1	1912.1	11600.1
52641	1734.0	1902.6	12011.9
37081	1733.1	1961.9	12301.8
49370	1726.1	1907.6	11859.8
22934	1725.1	1915.8	11979.0
50653	1722.5	1994.8	12203.7
69161	1725.2	1940.7	12001.4
24104	1729.8	1986.2	12069.0
54269	1751.2	2004.4	12430.3
35004	1728.0	1920.4	12072.0
57975	1736.0	1962.3	12579.0
3763	1742.1	2001.0	12474.3
11052	1739.5	2022.8	12434.5
50210	1724.5	1965.1	11945.2
13625	1730.5	1955.1	12113.1
19276	1736.9	1999.5	12780.4
41339	1732.5	1941.7	11944.6
55260	1744.5	2005.4	12530.1
36369	1733.7	1968.9	12468.1
72338	1721.3	2010.6	12019.3
29289	1717.3	1888.8	12004.3
3394	1730.6	1950.5	12328.3
63328	1743.7	1995.4	12442.5
3845	1719.3	2012.0	12117.3
31992	1739.0	2004.5	12349.6
50357	1723.6	1948.1	11953.9
2573	1727.1	1955.0	11992.3
57563	1728.4	1942.9	12081.0
6966	1731.3	1998.9	12162.7
6921	1729.1	1999.5	12355.7
8087	1737.7	1993.0	12247.5
70094	1715.3	1890.1	11694.8
77532	1743.9	2001.3	12413.0
24576	1743.4	1951.4	12063.6
30581	1725.7	1933.0	12050.1
17466	1737.1	2000.4	12487.9
54862	1728.8	1971.7	12299.2
46132	1728.1	1953.9	12204.1
14938	1745.2	1968.8	12512.4
35730	1730.2	1951.5	12155.5
26916	1738.0	1984.3	12384.7
29375	1745.5	1957.8	12193.4
24890	1737.2	2016.2	12549.8
15819	1739.4	2002.3	12222.3
79977	1740.4	2011.7	12231.5
44589	1735.5	1991.3	12283.0
78953	1731.0	1943.8	12041.2
27514	1753.8	2050.2	13945.4
6465	1723.5	1978.0	11965.6
22089	1738.9	1992.7	12454.7
3149	1732.9	1995.2	12179.7
15734	1720.3	1955.1	11920.7
7695	1721.7	1983.6	11973.9
65037	1723.3	1923.3	11938.1
4846	1726.6	1979.3	12314.2
1153	1736.9	2010.7	12369.0
57485	1728.9	1961.6	12235.8
45506	1745.6	1994.6	12509.6
63907	1723.6	1971.1	12122.1
53370	1715.5	1978.1	11953.7
15657	1740.6	1944.2	12287.3
18828	1743.7	2027.3	12569.5
47112	1729.6	1949.7	12146.4
16939	1728.2	2001.1	12206.7
50072	1722.2	1950.9	12072.8
44747	1728.9	1962.3	12060.6
75654	1742.3	1964.8	12278.9
72840	1732.0	1936.2	12253.9
27707	1728.8	1951.3	12058.7
77941	1732.5	1929.5	12233.5
12378	1742.7	2016.5	12151.1
13567	1721.6	1924.5	11879.7
38058	1726.8	1925.1	12147.9
54593	1737.6	1994.8	12431.6
42712	1745.5	1966.8	12217.2
20190	1738.9	2026.2	12729.6
18925	1725.8	1963.0	12075.6
34268	1738.4	2002.8	12403.7
33123	1729.6	1943.4	12012.3
21560	1742.7	1968.2	12285.8
67219	1709.6	1910.2	11558.9
59840	1729.8	1962.0	12225.4
10856	1722.2	1932.8	12218.2
60838	1732.6	1982.8	12117.1
34335	1742.8	1995.5	12329.9
11835	1732.1	1999.7	12188.0
3721	1730.5	1963.2	12054.3
24407	1721.7	1964.7	12145.0
78900	1733.1	1959.1	12247.2
57978	1732.8	1973.4	12334.0
10092	1723.9	1976.3	11841.3
77676	1736.6	2008.6	12683.2
37490	1723.9	2005.2	12068.1
11567	1730.2	1981.2	11988.3
75461	1712.0	1922.1	11773.7
44789	1727.2	1940.5	12355.1
24147	1733.8	1950.7	12269.1
16615	1719.3	1954.6	11880.0
2	1731.7	1942.5	12265.5
36103	1742.0	2020.7	12484.8
13058	1736.4	1993.1	12158.3
66213	1740.6	1988.5	12368.1
49716	1745.3	1988.5	12544.7
70270	1736.8	1991.8	12647.4
46640	1741.5	2022.0	12660.8
60266	1744.6	1963.0	12553.9
68296	1725.8	1903.8	11942.7
54237	1735.9	1969.5	12238.1
36669	1710.1	1937.6	11678.8
43932	1739.1	2046.7	12375.1
43723	1741.7	2006.2	12613.0
37262	1720.5	1942.2	12138.0
68624	1721.9	1902.9	11774.9
73592	1732.1	1956.4	12045.8
52216	1730.5	1939.3	12000.5
39460	1741.8	2016.6	12561.7
4544	1709.6	1979.7	12442.8
60783	1726.1	1943.5	12203.4
62408	1731.2	1921.6	12119.8
13979	1728.9	1997.3	12306.0
46577	1729.9	1979.6	12132.5
77771	1744.4	1984.3	12300.2
64168	1735.1	1998.9	12634.7
45274	1733.8	1952.9	12311.5
56771	1739.6	2005.6	12483.4
9969	1723.2	1953.2	12220.8
61886	1725.3	1977.8	12114.1
55748	1735.5	1959.3	12297.5
59399	1739.5	1947.2	12296.5
4366	1743.7	2028.5	12641.1
56418	1744.5	1999.7	12478.0
47110	1736.0	2001.9	12366.2
33932	1737.9	1991.4	12321.2
33031	1740.8	1970.0	12924.7
27244	1729.8	1934.1	11958.2
33277	1732.7	1967.1	12065.8
67049	1740.9	1966.1	12291.1
34820	1730.0	1939.5	12101.3
15118	1743.2	2001.3	12478.7
29143	1727.6	1964.0	12262.6
64481	1739.9	1987.7	12273.9
34890	1721.5	1973.1	12157.6
43722	1732.0	1954.7	12174.8
43590	1738.5	1959.5	12484.1
22832	1722.7	1952.2	11766.9
12287	1741.6	1994.6	12320.8
36238	1725.2	1941.5	11901.7
74594	1718.0	1928.7	11955.2
25675	1727.8	1947.6	12346.5
68593	1738.7	2010.0	12249.0
75070	1741.2	2033.1	12549.0
33328	1722.5	1927.8	11930.5
22575	1750.7	2025.7	12528.4
37590	1737.7	1930.0	12156.5
57631	1734.1	1950.0	12098.8
47572	1740.7	2011.3	12186.2
15043	1729.8	1972.7	12077.6
23608	1737.6	1972.8	12275.7
8053	1719.5	1987.9	12055.4
57613	1746.2	2004.5	12584.9
79169	1730.0	1908.3	11956.1
28309	1723.2	1979.4	12267.3
27776	1711.5	1974.9	11870.8
16965	1745.2	2024.5	12442.1
77595	1750.2	2022.3	12584.9
31663	1739.0	1925.0	11962.4
48885	1729.4	1994.1	12354.2
62744	1736.5	1957.7	12228.7
64857	1728.4	1926.9	12086.2
2553	1726.8	1954.1	11877.8
34685	1744.1	1996.7	12351.9
24267	1730.9	1913.1	12041.0
33789	1740.2	1984.1	12362.6
46907	1741.3	2026.7	12474.2
51683	1745.5	1984.2	12810.6
79960	1744.4	1970.6	12473.4
24705	1732.2	1988.2	12133.2
14504	1715.8	1902.2	11946.3
46603	1734.7	2000.9	12322.6
69702	1722.0	1965.1	12268.4
72500	1757.6	2053.9	12736.6
5675	1745.1	2031.5	12472.0
67827	1743.6	2003.5	13163.6
44170	1733.6	1937.9	12279.1
9084	1735.9	2017.3	12605.9
28697	1733.2	1947.4	12249.5
28852	1733.6	1946.2	12045.9
24511	1718.3	1944.5	12002.2
13524	1735.0	2020.1	12410.8
65795	1727.4	1932.4	11990.3
54914	1749.6	1996.9	12553.5
7955	1714.4	1947.9	11920.3
4852	1736.9	1940.0	12087.0
66512	1733.2	1940.1	11968.5
414	1724.3	1946.4	12010.8
15512	1735.6	1947.2	12161.0
3859	1719.6	1980.8	12002.9
20296	1716.9	1929.2	11755.5
44056	1731.0	1939.8	11929.8
21407	1735.6	1953.6	12299.4
547	1730.9	1948.4	12160.3
44660	1725.8	1944.1	11929.3
19998	1739.5	1972.7	12432.0
75263	1733.9	1988.1	12187.5
9321	1741.2	1986.6	12176.5
61036	1714.4	1954.1	11734.7
30521	1737.1	1968.9	12156.4
77591	1720.5	1937.9	11873.6
70134	1728.0	1920.8	11977.6
12467	1731.7	1971.1	12366.3
22081	1737.4	1997.6	12298.4
24525	1738.3	1979.8	12718.4
33095	1730.1	2002.9	12777.3
60980	1726.9	1973.5	12134.5
13904	1726.0	1961.0	12151.8
49617	1741.8	1963.0	12377.6
40452	1734.5	1988.8	12274.3
13955	1735.4	2020.3	12306.1
79177	1738.7	1963.2	12274.9
54	1720.9	2004.0	12025.5
79722	1728.5	1979.4	12121.6
64953	1737.9	2033.7	12929.5
26009	1733.0	1964.5	12030.3
5406	1735.1	1970.3	12537.9
76021	1738.0	1981.0	12356.1
10759	1732.3	1983.3	12126.2
35007	1717.5	1969.0	11946.0
51475	1742.6	1973.0	12323.8
78757	1734.2	1934.0	12267.8
50582	1725.2	1907.2	11750.0
43519	1738.0	1928.0	12107.9
79221	1730.7	1952.2	12110.5
70995	1745.9	2014.0	12694.1
17207	1734.4	2010.8	12369.0
78324	1716.8	1950.6	12011.0
44587	1741.1	2021.6	12494.1
59790	1735.2	1955.6	12171.3
61179	1739.1	1966.7	12504.6
78432	1728.5	1934.1	12028.8
7401	1716.7	1895.1	11752.9
42317	1728.3	1931.6	11924.5
77509	1728.8	1930.2	12086.6
14775	1732.4	2005.9	12181.4
64687	1728.2	1980.7	12104.4
13462	1742.2	2020.1	12256.1
8660	1727.5	1972.8	12123.9
25277	1742.4	1985.3	12261.7
30	1734.2	1949.9	12481.4
52162	1733.8	1939.9	12196.3
10825	1713.5	1947.5	11981.3
40620	1731.9	1957.2	12202.2
74943	1728.3	1949.1	12105.6
52235	1740.6	2029.4	12552.8
36179	1737.4	2015.9	12322.0
29162	1725.2	1965.6	12073.4
22809	1737.8	1965.1	12440.4
28323	1725.5	1954.4	12284.4
76704	1725.3	1918.9	11811.4
20790	1741.9	1975.9	12201.4
75441	1737.4	1895.3	12204.2
18100	1728.3	1931.3	12017.3
66599	1721.7	1965.7	12102.4
37752	1733.1	1927.5	12364.9
44006	1742.5	2027.0	12611.2
46797	1728.3	1932.0	12067.6
23637	1722.9	1944.4	11918.7
62938	1741.4	2014.4	12653.8
50983	1732.2	1952.5	12468.8
64623	1739.6	2004.4	12617.5
38901	1739.9	1995.2	12345.6
20705	1736.9	1988.4	12435.9
18115	1729.6	1974.7	12155.4
43504	1737.5	2017.3	12297.4
63229	1740.8	2002.3	12328.5
69091	1730.3	1959.0	12130.1
30396	1708.4	1917.1	11609.9
3589	1711.8	1922.2	11843.0
60600	1736.4	1965.1	12307.5
40517	1743.4	1995.8	12428.4
41548	1752.5	1990.1	12783.7
79407	1738.2	1964.0	12273.1
12048	1740.3	2029.5	12440.5
64954	1744.7	2006.2	12625.2
2480	1722.3	1967.7	11814.3
3299	1739.3	1962.6	12177.5
10903	1745.3	2018.9	12428.9
59793	1746.8	2021.2	12862.9
60085	1744.2	2038.6	12482.8
24271	1737.4	1972.6	12042.9
72330	1733.3	1957.5	12123.9
67677	1728.2	1962.2	12130.7
686	1737.8	1999.4	12289.8
54794	1729.0	1914.6	11820.8
22278	1733.8	1994.5	12314.5
5976	1729.3	1968.5	12033.4
40247	1732.4	1966.9	11997.1
59281	1742.2	2005.3	12431.6
37405	1726.2	1938.2	11941.0
66505	1725.5	1987.8	12163.0
32452	1728.9	1935.5	12015.0
54822	1740.1	1992.5	12304.2
62404	1725.0	1967.4	12177.9
25769	1755.0	2048.6	12660.2
17283	1739.9	1948.1	12124.5
33700	1735.8	2000.0	12411.7
42387	1714.0	1918.6	11714.1
35430	1745.1	1997.7	13076.7
12648	1741.9	1973.8	12436.6
73726	1744.7	1972.6	12307.4
1561	1722.6	1941.3	11793.9
2481	1736.7	1938.1	12178.1
28379	1724.3	1995.5	12293.4
53417	1720.3	1908.5	11805.2
12871	1714.6	1962.0	12023.3
8240	1743.7	2035.1	12442.4
53558	1737.9	1911.5	12007.3
70463	1721.1	1948.1	11991.6
48	1733.5	2028.2	12594.3
12402	1746.2	1993.5	12419.7
18159	1731.3	1982.8	12489.4
375	1717.5	1926.9	11880.6
65640	1725.0	1991.3	12118.9
13048	1731.7	1984.4	12287.9
63977	1738.1	1984.8	12325.9
65005	1746.7	1964.4	12205.1
34265	1728.6	1925.7	11980.4
64777	1734.5	1927.3	12215.7
60799	1736.7	1912.9	12215.4
11983	1721.6	1938.5	11915.0
5902	1736.0	1978.5	12210.2
66985	1723.3	1986.5	12052.8
71089	1743.9	1981.6	12415.0
35833	1739.6	2018.3	12477.2
3876	1723.0	1947.3	11998.9
27565	1734.5	1984.7	12208.4
23564	1713.0	1905.3	11711.4
11389	1733.0	1963.4	12072.5
21660	1729.4	1971.2	11957.8
54483	1726.4	1928.3	12073.8
39537	1729.4	1952.1	12310.4
69185	1746.3	1966.3	12627.0
60367	1730.2	1953.1	12048.9
31708	1739.9	1996.1	12386.2
9240	1726.2	1947.9	12041.7
24915	1739.8	1972.0	12337.3
30153	1733.8	1942.7	11988.8
58209	1720.2	1992.2	12139.5
10784	1748.8	2034.6	12686.9
11195	1731.0	1955.0	12155.8
33260	1730.5	1979.5	12438.6
40441	1744.2	2000.0	12569.8
69495	1746.2	2013.2	12759.2
60928	1739.7	1967.5	12562.6
32154	1737.1	1956.9	12261.8
34730	1724.5	2018.1	12189.9
68942	1719.8	1932.8	12110.7
31766	1733.1	1982.5	12556.7
37569	1724.9	1942.0	11905.4
15980	1720.6	1986.0	12131.6
50525	1744.8	2016.4	12438.8
55877	1731.8	1977.1	12258.7
45407	1738.4	1975.9	12185.1
43705	1730.1	1933.4	11975.4
43428	1732.7	2013.8	12345.4
29395	1716.8	1911.0	11959.5
57070	1751.7	2044.6	12985.2
66715	1736.1	1957.1	12121.0
66887	1730.8	1973.5	12542.3
54247	1746.4	1956.7	12326.9
16387	1738.3	2018.9	12301.7
35304	1738.9	2001.3	12305.7
10663	1720.6	1947.8	12014.2
53280	1738.0	2001.4	12245.4
46778	1740.1	1954.2	12160.9
39134	1723.9	1945.1	12137.3
63238	1739.1	2011.4	12446.9
17340	1726.6	2029.7	12225.7
43426	1724.6	1925.3	11770.8
76197	1733.2	1950.7	12133.8
51162	1737.0	2024.1	12353.4
9836	1727.4	1960.5	12149.7
58164	1731.1	1979.9	12708.4
66915	1713.3	1916.8	11792.3
56616	1735.6	2025.1	12701.6
76852	1737.8	1945.9	12337.4
70608	1731.2	1973.7	12250.9
74515	1716.1	1947.4	12111.0
47137	1731.6	1946.1	12077.0
79944	1740.7	1972.2	12323.8
64049	1740.1	1999.0	12350.0
60945	1735.0	1934.4	12023.5
60476	1736.4	1982.2	12132.5
53377	1731.4	1955.6	12230.1
34758	1745.3	2031.2	12574.6
41963	1739.9	1995.1	12188.9
50664	1718.6	1956.8	12104.4
35858	1731.9	1960.9	12425.5
14053	1743.5	2027.5	12795.0
54510	1726.2	1973.1	12179.4
19893	1721.8	1975.7	11981.2
22930	1739.3	1982.9	12449.6
22516	1727.3	2009.4	12353.5
6813	1733.0	1999.6	12565.7
57813	1727.2	1952.5	12018.8
20914	1721.2	1963.6	11969.1
38626	1731.7	1953.5	12135.7
26271	1729.9	1957.8	12157.7
60351	1735.0	1955.4	12071.8
4658	1730.8	1998.4	12371.5
56070	1746.4	2019.8	12658.3
42431	1724.8	1955.0	11868.5
53794	1736.7	1987.5	12287.1
53115	1735.2	1929.7	12018.7
79005	1730.9	1940.3	11857.9
43209	1719.2	1951.6	11839.0
42776	1733.6	1983.0	12477.3
37446	1718.3	1995.7	11824.7
64501	1737.9	1954.8	12431.2
39397	1733.2	2035.0	12434.1
17799	1732.5	1993.4	12318.8
25813	1720.7	1973.6	12031.2
47510	1739.2	1988.7	12121.9
22653	1732.9	1919.0	12391.3
79276	1756.6	2004.2	12509.7
43353	1717.3	1918.9	11721.0
9618	1731.6	1963.6	12215.4
63481	1728.4	1931.1	11751.8
72715	1742.3	1950.5	12277.6
16088	1731.7	1935.2	12202.3
59599	1716.6	1988.1	11941.8
37655	1722.5	1950.8	12086.8
16436	1735.8	2023.1	12193.3
49989	1724.2	1958.9	12028.1
8842	1730.8	1899.0	12076.9
60144	1736.6	1997.7	12267.1
34420	1734.0	1989.6	12341.4
10267	1720.7	1953.5	12029.3
44778	1730.2	1937.7	12176.6
56610	1731.5	1986.2	12282.5
23949	1724.0	1919.3	12219.8
13526	1747.0	2003.9	12682.0
46586	1722.9	1914.2	11804.4
64407	1731.2	1940.6	12140.3
32938	1728.8	1960.6	12244.0
31276	1724.9	1936.5	12078.7
65291	1742.1	1995.0	12337.9
66898	1724.8	1954.8	11921.7
67457	1727.7	1908.8	12031.8
38069	1739.3	1968.5	12455.6
1791	1737.9	2011.1	12277.1
38405	1736.3	1925.9	12105.5
56815	1733.1	1912.4	11838.8
5979	1725.6	1934.1	11937.7
7159	1747.0	2033.9	12517.7
72551	1726.3	1979.2	12343.2
68782	1722.1	1946.6	12057.1
66624	1717.6	1913.6	11681.9
6572	1738.1	1951.7	12231.8
28404	1726.7	1972.5	12316.3
34470	1740.6	2001.6	12488.9
38555	1725.7	1921.0	11904.4
62966	1757.3	2061.7	12888.2
20018	1732.3	1939.6	12272.6
49560	1713.8	1901.9	11628.3
5050	1741.9	1985.6	12598.7
51593	1733.7	1950.9	12060.8
37782	1729.9	1888.2	11821.5
74110	1726.0	1909.7	11788.7
71624	1737.5	2015.2	12476.2
68690	1738.6	1974.9	12222.6
19827	1720.7	1953.4	12511.3
45809	1722.7	1931.1	11857.4
79659	1743.2	1979.7	12690.4
70047	1728.2	1932.6	11972.2
52430	1721.6	1949.5	12092.6
53612	1727.3	1946.8	11996.3
65675	1743.0	2001.2	12413.4
29661	1741.6	1976.0	12412.9
4585	1716.4	1979.8	12159.0
67299	1725.3	1894.6	11855.4
5314	1732.0	1981.1	12341.5
62726	1740.2	1978.3	12388.6
24274	1742.8	1958.0	12333.1
50888	1727.1	1938.8	12009.1
12409	1733.7	2003.1	12346.1
69375	1743.5	2035.1	12747.9
70741	1737.9	1984.6	12277.6
58997	1733.0	1986.9	12197.9
61334	1725.5	1959.5	12087.3
70501	1734.9	1980.2	12209.6
67507	1729.9	1928.8	12105.6
67975	1730.3	1957.6	12421.3
72944	1725.3	1967.7	13062.3
18435	1728.8	1956.7	12220.1
61666	1731.0	1984.4	12354.7
48401	1724.6	1992.7	12367.1
66901	1739.4	1959.4	12081.6
70246	1712.4	1915.8	11516.2
62612	1725.6	1938.1	12118.5
12038	1724.3	1904.1	12092.4
4694	1736.1	1953.3	12526.6
44441	1725.3	1946.7	12064.6
14525	1732.1	1974.0	12052.4
70556	1733.9	1987.2	12260.1
4562	1737.9	1981.6	12381.9
43384	1731.1	2005.9	12471.4
75137	1715.5	1926.4	11858.5
30124	1734.1	1933.8	12203.4
4626	1728.8	2010.0	12238.8
52856	1734.9	1938.1	12200.5
27635	1728.0	1941.2	12251.8
34003	1747.1	2021.8	12978.8
49659	1729.1	1957.6	12236.6
32074	1739.8	1957.5	12211.0
22677	1729.6	1963.0	12129.4
61963	1740.1	1980.0	12463.4
22916	1741.4	2030.6	12535.1
43216	1732.0	1988.0	12218.9
1095	1754.1	1993.0	12709.4
26321	1731.7	1985.8	12226.0
4341	1733.1	1977.4	12028.4
4061	1726.6	1992.0	12123.8
18487	1721.2	1970.3	12209.5
44844	1735.9	2012.3	12722.1
59250	1729.1	1982.8	12008.0
20405	1736.0	1962.8	12265.2
2140	1741.1	1974.2	12298.2
59737	1737.9	1930.8	12241.0
73767	1722.3	1923.8	11944.6
40486	1740.3	2048.3	12350.5
16852	1727.0	1940.4	11922.4
16646	1732.0	1956.5	12146.4
18404	1734.7	1966.4	12175.1
78018	1732.2	1992.0	12605.3
1610	1733.8	1929.7	12094.6
21184	1733.6	1922.9	11803.0
48887	1750.7	2057.3	12634.7
45516	1727.4	1943.9	12082.1
32903	1737.5	2064.6	12740.5
45878	1734.6	1999.1	12185.0
66790	1736.8	1993.3	12518.1
40649	1716.9	1924.6	11963.1
75330	1730.2	1959.2	12243.4
54872	1727.7	1931.5	12115.9
50787	1728.0	1939.7	11931.5
53237	1742.5	2013.1	12887.8
45875	1732.5	1984.4	12075.4
32703	1737.4	1981.5	12244.1
72734	1735.3	1977.1	12477.3
7033	1714.3	1949.5	11883.6
64091	1720.6	1924.6	12003.8
2715	1740.3	1953.6	12502.9
67187	1732.5	1994.0	12432.0
3024	1729.1	1963.2	12456.0
74628	1741.9	1983.1	12325.5
70079	1733.6	1950.3	12055.1
44901	1728.7	2000.6	12228.1
5378	1744.7	1971.5	12331.4
11238	1731.9	1974.5	12090.6
4470	1732.7	1988.0	12253.4
57162	1751.5	2000.4	12668.4
42795	1730.3	1955.7	12314.9
60200	1728.6	1954.9	12120.6
37097	1729.0	1989.9	12316.3
59741	1739.5	1967.5	12237.8
7392	1716.9	1930.7	11795.1
61964	1742.2	2015.8	12535.4
26266	1727.1	1944.3	11977.3
35104	1716.5	1934.8	12200.8
46479	1723.0	1980.4	12143.8
42682	1731.7	1961.8	12147.9
43293	1723.5	1983.7	12124.8
38521	1736.0	1992.6	12548.5
18295	1750.5	1991.6	12377.8
59498	1731.2	1940.6	12189.0
38072	1742.5	2002.7	12298.0
40384	1733.5	1984.8	12217.1
16257	1735.7	2007.8	12210.1
17577	1715.0	1954.7	11919.7
685	1728.8	1997.8	12003.0
40443	1735.4	1981.8	12218.9
25928	1747.1	2021.7	14792.2
77480	1752.6	2012.7	12658.3
74410	1752.8	2003.0	12390.3
9069	1721.0	1944.2	11940.9
2970	1729.4	1971.5	12278.3
54138	1717.4	1911.5	12042.6
75153	1735.6	1995.8	12656.6
23301	1729.6	1978.5	12328.8
38230	1743.0	1995.2	12575.6
173	1740.1	2012.1	12542.4
74492	1729.0	1990.4	12237.1
76566	1725.1	1946.3	11810.4
15105	1728.5	2009.9	12261.7
9443	1732.8	1970.1	12180.9
65481	1743.6	2034.8	12929.7
59327	1730.5	1930.9	11973.7
25727	1736.0	1987.4	12213.5
68692	1720.6	1936.8	11718.5
54783	1735.9	1983.2	12422.0
72474	1745.7	1964.1	12337.7
72300	1718.6	1905.7	11838.6
10575	1732.7	1994.1	12354.6
55969	1743.4	1968.9	12312.9
79575	1739.6	1963.0	12192.0
40588	1731.7	1955.1	12037.8
51712	1724.7	1926.7	11925.2
48909	1735.0	1965.1	12632.6
65154	1730.6	1984.6	12309.9
13585	1740.3	2083.6	12561.9
47966	1728.1	1994.5	12345.0
3181	1746.0	1985.3	12231.4
59179	1710.3	1931.5	11911.9
58401	1737.6	1952.9	12180.7
44873	1725.7	1990.8	12703.4
25978	1739.5	1995.7	12284.5
22371	1736.5	1948.8	12213.5
14759	1717.4	1900.6	11850.7
37662	1730.5	1982.9	12358.1
59978	1736.3	1973.3	12403.1
56607	1739.3	2008.9	12446.6
36527	1746.0	2070.8	12499.5
31528	1738.0	1983.5	12315.4
31434	1741.4	2028.5	12577.3
52995	1718.3	1875.9	11879.6
40151	1745.6	2024.6	12575.8
66932	1737.3	1969.4	12222.3
58001	1748.2	2050.3	13041.7
6433	1751.2	2010.6	12826.4
17113	1743.8	2003.4	12488.3
63147	1721.7	1945.3	12058.2
55094	1729.4	1935.3	12034.0
41349	1720.3	1945.5	12093.9
20064	1738.3	1970.6	12153.4
6930	1728.9	1963.8	12052.3
66012	1717.4	1928.0	11793.6
33853	1741.1	1950.2	12328.6
27286	1731.0	1929.3	11968.7
45726	1746.0	2015.3	12698.0
42777	1733.0	1968.0	12586.5
71935	1734.2	1971.2	12165.0
60153	1726.4	1971.0	12220.2
27301	1728.0	1982.3	12141.5
54531	1724.4	1919.2	12019.6
34999	1742.9	1985.8	12249.2
68468	1734.4	1987.1	12208.8
43795	1727.1	1976.6	12339.3
22038	1728.2	1985.1	12226.8
75806	1728.4	1961.8	11911.0
42215	1724.8	1969.6	11989.9
77336	1733.9	2011.6	12765.1
75724	1737.4	1977.4	12194.5
36878	1734.8	1916.3	12065.8
34689	1730.5	1950.4	12160.4
46061	1743.9	2061.7	12577.8
46859	1740.2	1961.3	12226.1
49717	1725.1	2007.6	12438.9
22220	1736.2	1968.8	12336.0
14530	1734.6	1975.0	12312.4
79975	1739.8	1945.3	12240.7
32052	1741.1	2039.4	12721.6
24288	1748.7	2011.4	12856.1
17000	1737.9	2025.5	12325.0
19103	1737.3	1993.4	12458.7
8977	1710.8	1947.5	11651.0
2726	1744.0	2003.3	12319.0
688	1747.1	2019.9	12565.7
2019	1722.9	1985.9	12038.5
63052	1721.8	1957.2	12608.0
3767	1729.1	1964.7	11891.4
66960	1732.6	1962.1	12217.8
79270	1742.4	2015.7	12968.2
70842	1712.2	1916.9	11638.8
7935	1727.2	1989.8	12140.9
1032	1740.3	1977.4	12331.5
41991	1742.8	2008.5	12478.8
19703	1737.0	1992.5	12179.7
33958	1738.6	1991.6	12375.9
77661	1735.3	1975.4	12471.5
21719	1727.2	1943.2	12168.8
56176	1713.1	1925.0	11668.3
7819	1725.4	1979.4	12000.4
56071	1731.8	1917.6	12097.0
33199	1725.4	1925.0	12019.6
29864	1731.7	1976.6	12051.1
233	1726.5	1955.1	12108.7
9719	1743.9	2040.0	12685.2
42630	1734.8	1967.3	12179.9
55671	1736.8	1960.5	11987.3
47607	1738.6	1983.1	12220.6
30845	1722.9	1953.5	12217.1
8049	1738.5	2051.1	12524.5
40406	1728.2	1957.1	12134.1
76588	1724.1	1929.6	12006.0
61307	1727.8	1914.4	11990.8
28568	1732.2	2017.0	12346.1
60190	1728.6	1924.7	12087.1
7856	1743.7	1998.8	12283.3
32113	1729.4	1935.3	12105.3
46636	1736.8	1970.3	12425.8
41474	1736.0	2008.1	12379.6
52942	1738.7	1975.0	12456.1
33451	1733.0	1976.6	12397.5
64473	1733.5	1949.7	12125.2
28305	1737.6	1935.1	12133.2
47020	1725.4	1974.8	12144.5
25247	1727.1	1971.0	12169.8
34095	1711.4	1903.8	11831.1
51348	1739.2	1982.7	12350.7
69274	1744.7	1955.5	12220.9
21573	1746.7	2042.5	12615.3
9763	1726.2	1996.0	12109.2
38668	1740.2	1981.5	12450.5
30482	1749.6	2004.0	12686.0
6456	1730.8	1993.7	11990.7
76154	1750.5	2070.4	12766.0
77114	1736.5	1937.5	12223.2
41243	1742.0	2024.3	12268.1
47788	1728.8	1960.9	12150.9
70822	1736.2	1940.5	12321.4
47899	1735.6	1955.4	12275.8
50959	1734.9	1967.8	12273.4
11629	1731.0	1922.6	11909.8
64593	1746.7	1973.2	12433.7
45221	1735.1	1992.8	12228.7
75681	1736.9	1968.3	12325.3
1790	1732.6	2043.7	12866.1
23545	1733.3	1943.6	12083.6
12218	1724.8	1936.6	12029.1
77400	1730.9	1945.2	12063.3
44574	1729.9	1960.1	11912.5
33697	1733.4	1978.6	12350.4
55213	1739.8	1995.9	12305.6
9117	1748.8	2022.1	12748.5
20492	1743.3	1969.0	12573.3
25846	1724.7	1981.5	12152.0
54172	1729.2	1977.3	12095.3
71145	1728.6	1996.0	12271.7
26876	1733.4	1971.1	12130.5
29176	1728.9	1948.1	12112.8
54750	1747.6	1983.6	12449.4
20360	1730.8	2004.0	12400.5
19991	1718.6	1972.2	11962.6
29740	1750.9	2005.0	12528.7
22260	1742.2	2031.1	12356.6
37036	1752.3	2072.9	13184.1
72743	1741.6	2052.5	12604.3
65513	1753.7	1986.2	12595.7
44821	1737.0	1964.6	12141.6
67085	1738.4	1981.6	12697.7
70424	1748.9	2006.0	12576.2
73651	1731.9	1985.0	12216.1
61188	1729.2	1986.4	12193.8
16232	1725.0	2000.7	12309.6
6252	1707.3	1930.1	11992.6
7103	1731.3	1995.0	12258.1
77792	1736.1	1938.9	12174.3
59287	1725.4	2003.2	12108.3
13407	1741.2	2020.5	12682.9
26297	1737.6	1975.5	12227.4
41709	1736.2	1965.3	12098.0
68529	1735.7	1959.9	12101.5
62239	1744.1	1971.9	12221.2
7167	1726.5	1981.0	12082.6
58458	1721.8	1899.4	11700.9
19811	1744.2	1979.6	12352.8
22851	1729.5	1943.2	12170.7
19745	1719.5	1942.0	12404.7
41074	1749.0	1991.1	12397.6
60657	1729.7	1907.8	11996.2
3348	1727.7	1990.4	11916.2
59172	1727.6	1896.5	11885.5
52808	1732.1	1980.0	12344.5
18383	1713.5	1979.8	12101.2
65319	1719.4	1957.7	11980.8
26086	1730.3	1918.4	11947.0
62359	1736.5	1951.3	12464.7
50682	1728.5	2011.1	12251.1
30915	1728.1	1933.4	12096.4
46537	1704.0	1920.8	11707.3
