32132	1767.7	2012.7	13457.2
57591	1769.9	1984.4	12678.2
3689	1790.5	2044.7	13227.3
9008	1777.5	2031.1	12908.2
62869	1769.4	2012.9	13304.6
77733	1799.4	2150.3	14084.1
83393	1781.0	2012.4	13176.7
54688	1756.3	1948.8	12559.1
42015	1776.8	2009.6	13045.7
78720	1780.4	1985.5	12843.7
75750	1769.6	2031.7	12811.1
16184	1777.5	2008.1	13047.5
10830	1774.3	2033.2	12830.2
45030	1792.5	2127.7	13615.7
42801	1765.8	2025.4	12805.9
60477	1784.9	1999.2	12802.7
34326	1772.7	2029.5	13031.5
66529	1762.1	1963.1	12589.8
12265	1772.3	2023.7	12715.8
21222	1769.6	2091.6	13376.1
24608	1778.3	2002.0	12831.9
26814	1765.0	2012.4	12939.8
22637	1770.5	2029.4	12902.3
26189	1776.7	1991.8	12851.1
51573	1784.9	1946.5	12762.1
6129	1770.9	1992.6	12635.8
65893	1766.1	2002.1	12644.0
69192	1781.4	2044.6	13238.8
11570	1768.2	2008.9	12902.5
56792	1770.5	1978.7	12944.4
38242	1784.1	2052.7	13088.6
30819	1785.3	2032.1	13010.6
54287	1780.4	2034.3	13047.0
16182	1792.5	2058.0	13428.2
53652	1774.5	2069.6	13423.0
67924	1774.6	2010.3	13173.2
24288	1774.7	2024.3	13210.0
7109	1777.8	2018.7	12988.3
50717	1769.3	2034.4	13099.2
65605	1787.0	2101.9	13529.6
61184	1763.5	1994.7	12646.6
41169	1777.9	2060.9	13057.1
34346	1783.7	2024.6	13159.2
73596	1792.7	2029.1	13920.3
30923	1778.7	2057.2	13196.2
29695	1792.8	2063.7	13327.7
320	1782.4	2054.1	13283.0
57055	1766.9	2008.8	12757.6
74171	1769.4	1972.2	12676.9
63666	1761.4	1969.0	12597.6
43429	1771.1	2024.6	12823.3
65871	1773.9	2008.8	13028.4
27117	1786.1	2005.4	13034.2
51051	1787.9	2015.4	13266.0
1492	1773.7	1953.5	12824.0
24474	1789.0	2013.9	13002.1
16363	1780.6	2030.2	12877.8
49282	1771.6	2004.0	12818.7
39702	1780.7	2045.4	13272.8
39442	1766.4	2023.7	12921.2
18025	1775.1	1975.3	12988.9
71125	1771.3	1969.9	12629.7
79147	1778.8	2005.8	13031.6
31936	1775.6	1975.7	12862.4
3175	1769.9	2022.5	12903.6
46835	1776.3	2013.5	13159.1
29208	1778.4	2085.4	13191.4
55651	1778.9	2018.6	12979.9
73329	1773.0	1968.7	12821.6
78087	1780.9	2032.0	13523.5
29907	1768.3	2023.8	13031.5
622	1788.9	2026.1	13143.2
37228	1795.6	2028.7	13199.9
1291	1757.7	1948.6	12492.4
17925	1766.3	1963.1	12391.3
53819	1770.9	2004.0	13322.7
46195	1775.5	2006.3	12986.1
18283	1793.4	2053.8	13375.1
81235	1782.2	2028.1	13231.6
13901	1776.1	2042.9	13056.3
73485	1783.1	1981.7	13065.9
64807	1769.3	1997.4	13149.9
31848	1777.2	2009.7	13019.9
9117	1788.5	2046.6	13416.8
23011	1775.7	1987.0	13021.6
48644	1772.0	2011.0	12855.2
12898	1781.9	2037.7	13054.5
21245	1759.0	1975.5	12692.2
63211	1782.0	2017.9	13031.7
9675	1771.3	2044.4	12755.4
33743	1772.3	1994.8	13093.2
59570	1782.6	2002.3	13135.6
46821	1776.1	1998.0	13013.3
4560	1764.8	1985.0	12505.2
31081	1800.3	2082.7	13565.3
66460	1772.8	2001.5	12930.2
8842	1787.4	2047.3	13952.3
18734	1775.7	2027.4	12888.5
66906	1766.7	2002.7	12963.8
58734	1769.1	1994.5	13098.1
10575	1776.6	1959.0	12840.8
22199	1778.0	2040.5	13280.7
38715	1773.9	2006.9	12814.6
78038	1781.2	2054.3	13164.9
3160	1774.4	1959.9	12700.0
40459	1790.1	2068.7	13774.0
73641	1776.4	2010.4	12885.4
69438	1765.3	2003.0	12637.9
12093	1781.5	2044.2	13096.0
423	1767.6	2016.6	12788.5
7969	1778.5	2008.6	12937.6
54682	1765.2	1991.0	12879.9
22517	1775.7	2003.2	12960.5
45548	1786.4	2032.4	13075.4
23034	1787.6	2010.3	13158.8
64438	1766.5	1963.0	12622.9
50454	1765.7	2017.2	12892.1
7180	1769.1	1970.9	12594.7
27767	1789.7	2033.2	13072.9
50795	1791.0	2039.4	13209.6
35153	1775.1	1936.4	12749.3
66031	1777.3	2014.7	13076.8
21225	1767.6	2034.1	13077.9
73943	1770.6	2002.5	12798.7
30969	1769.1	1960.5	12810.3
24875	1753.3	1895.1	12269.1
21743	1757.5	1988.0	13150.1
79792	1792.4	2058.2	13436.2
409	1772.1	1967.0	12674.8
43761	1765.1	2001.7	12702.7
81076	1778.5	2015.8	13110.1
40456	1777.9	2051.5	13285.8
15590	1780.4	2022.3	12808.4
47853	1776.1	2025.7	13546.8
38393	1776.9	2003.3	12830.8
80776	1798.3	2048.9	13542.9
79680	1770.2	2047.7	13510.8
65889	1780.5	2000.3	13129.5
79497	1760.5	1987.3	12622.5
10133	1784.3	2076.5	13387.3
10104	1784.5	2055.1	13058.0
84982	1784.6	1988.0	13045.9
5878	1775.4	2014.5	13056.3
4248	1786.6	2078.6	13235.2
24832	1786.6	2029.8	13294.1
80084	1777.7	2055.3	13175.1
7009	1773.3	1987.3	12894.6
57304	1774.1	1994.9	13077.9
46386	1770.0	2028.4	13105.4
12707	1776.2	1994.4	13139.2
29209	1781.5	2089.5	13786.5
10693	1772.5	2031.2	12864.3
42358	1759.8	1988.5	12673.7
2887	1773.4	2014.9	12854.7
29645	1775.8	2025.7	12828.9
40075	1769.6	1991.4	12891.7
11456	1779.0	2054.9	13079.0
24665	1789.7	2032.9	13213.1
22050	1776.3	2004.1	12972.2
48541	1766.9	1988.7	12919.3
37125	1766.7	2009.1	12671.7
32658	1776.5	2045.3	12849.9
46685	1761.9	1964.5	12550.8
41194	1776.7	2044.8	13158.3
63161	1763.9	1990.1	12754.2
27033	1774.9	1957.6	12650.8
78939	1787.7	2053.9	13240.7
23234	1759.2	1977.9	12661.9
49867	1770.8	2008.8	13042.5
30473	1772.6	2037.5	13017.4
39210	1786.0	2042.9	13184.3
31513	1762.8	1977.6	12692.2
6351	1793.0	2080.3	13341.5
40621	1768.7	2003.4	12908.3
65783	1771.8	1952.9	12655.1
77282	1779.3	2047.4	13158.7
10978	1772.3	2010.9	13014.2
23582	1796.4	2045.5	13207.4
29102	1770.3	1971.8	12722.2
30582	1768.0	1958.1	13085.4
20565	1777.7	2026.7	12870.5
56953	1767.0	2002.2	12725.5
56964	1776.2	1987.4	12867.4
65752	1770.3	1998.0	12875.2
15773	1781.2	2054.9	13060.0
2495	1788.3	2086.8	13272.4
66889	1779.5	1985.1	12724.0
5461	1791.2	2100.5	13501.8
83767	1775.7	2007.8	13189.1
6919	1785.3	2043.6	13104.9
66085	1759.0	1924.6	12419.8
81906	1778.2	1963.2	13077.6
36269	1777.7	2006.3	13023.3
44915	1768.3	2030.4	13158.8
41232	1774.2	2073.0	13200.0
52177	1758.2	1940.3	12635.0
64689	1775.2	2015.8	12947.5
21329	1764.9	2004.7	12893.9
54866	1769.6	2014.1	12772.0
8560	1770.4	2027.1	12840.3
42071	1772.3	2032.3	13466.5
76568	1789.8	2076.1	13405.0
13442	1769.7	2018.1	12641.6
65394	1793.3	2008.1	13076.9
66268	1791.1	2006.3	14238.0
21107	1783.2	2066.8	13541.7
62318	1763.5	1980.1	12840.2
75967	1776.6	2030.0	12885.4
54838	1776.0	2061.2	13244.4
8259	1760.8	2014.7	12699.9
30607	1765.3	1991.6	12723.6
78440	1769.5	2002.9	12944.9
21295	1773.0	2035.6	13101.3
39549	1767.4	2004.1	12723.1
32965	1776.0	1992.7	13084.8
1396	1777.8	2013.5	12842.9
25257	1774.8	2044.1	13150.7
30199	1756.3	2003.1	12515.1
63228	1782.6	1997.1	13048.2
75678	1775.7	1999.5	12837.4
24938	1774.3	2019.6	13127.1
52372	1759.1	1970.3	12605.2
72126	1769.3	2005.8	12859.3
14892	1775.2	2024.0	12782.2
23165	1773.4	2036.8	12883.8
23550	1780.8	2031.9	13180.6
77756	1772.0	1991.7	13353.9
69248	1785.2	2020.3	13129.6
82864	1776.2	1989.4	13181.9
58956	1785.0	2006.8	13145.4
79662	1757.5	1980.2	12693.3
47705	1790.9	2036.5	13174.4
52251	1775.0	2001.9	12933.2
50025	1776.5	1985.5	12866.6
58828	1769.8	1970.5	12649.6
13728	1765.3	1981.8	12676.5
5403	1780.3	2060.0	13021.0
33063	1763.8	2004.4	12759.6
56840	1769.2	1951.7	12488.5
82413	1766.9	1995.2	13007.8
79557	1785.7	2005.3	13166.2
32816	1773.6	2064.4	13165.4
72776	1771.1	2001.4	12757.8
80351	1773.8	2002.0	12847.3
64270	1771.8	2023.9	12947.5
71920	1759.4	1990.8	13098.3
37526	1779.6	2029.2	13051.3
12476	1772.8	1989.5	12750.7
9230	1760.4	2025.0	12636.1
19395	1781.2	2014.1	13052.5
33741	1769.5	1992.9	12829.1
12684	1779.8	2040.4	13269.6
36937	1774.8	2018.6	12922.7
11468	1781.3	2073.8	13330.6
67059	1781.3	2000.4	13038.4
26550	1786.4	2086.2	13763.3
21400	1781.5	1987.7	12925.2
22540	1775.2	2067.3	13461.7
67566	1769.1	1960.6	12751.3
6203	1785.3	2094.2	13286.0
49966	1790.6	2034.6	13333.4
35635	1779.2	1986.6	12931.1
76820	1779.3	1997.0	12964.7
10915	1774.2	2007.2	12811.2
47108	1770.4	1992.7	13757.3
12272	1765.2	2001.9	12790.3
16281	1787.3	2043.4	13168.5
45499	1770.6	1974.6	12849.4
36391	1764.2	1949.7	12725.9
24194	1770.8	2021.9	13031.1
29207	1758.0	1987.0	12716.6
56323	1776.8	2057.4	13291.2
55985	1761.2	1973.1	12569.0
36400	1758.8	1991.7	12484.7
51763	1767.2	2016.4	13015.0
24330	1774.0	2005.9	12819.0
32777	1781.6	2065.6	13508.1
56116	1759.2	2017.0	12660.7
61869	1753.1	1998.3	12667.0
6685	1788.1	2050.5	13174.0
48993	1779.1	1965.6	12726.3
84374	1776.7	1992.7	13255.1
19134	1753.7	1972.1	12748.5
84252	1784.8	2026.0	12964.0
44621	1784.4	2055.7	13079.5
82148	1778.8	1981.0	13084.7
22850	1771.6	2040.1	12913.9
14723	1774.3	2024.2	12933.3
66119	1781.7	1989.8	13066.2
41166	1769.4	1984.7	12860.4
15780	1780.1	2050.9	13194.7
20707	1769.0	2017.1	13084.0
14539	1775.4	2025.6	12883.0
30470	1769.6	1974.7	12870.2
8410	1767.1	1973.4	12613.8
35540	1779.2	2054.4	13141.8
25173	1759.2	1957.1	12516.6
74231	1764.4	2025.5	12904.6
19627	1771.8	1957.3	12797.0
64907	1771.5	2004.6	12742.3
29350	1769.9	1981.3	12700.6
5175	1791.9	2027.0	13242.5
35843	1758.2	2004.3	12573.7
75819	1775.8	2013.0	13298.1
53787	1768.9	1995.2	12892.4
49584	1774.2	1999.8	12727.6
50415	1765.7	2021.2	12933.2
75266	1770.1	2005.3	12939.5
4729	1779.4	2006.7	12890.0
62633	1785.7	1992.4	12938.0
62132	1775.9	1999.3	12811.9
72773	1760.0	1964.1	12514.3
14415	1790.5	2052.4	13399.7
55293	1771.0	2016.5	12805.5
40676	1766.9	2017.9	12914.2
67731	1770.0	2013.2	13010.8
27802	1753.5	1989.5	12923.8
57811	1782.2	2033.9	13033.5
13228	1776.0	2036.1	12845.8
10558	1769.6	2044.0	12733.3
12857	1782.7	2036.7	13067.0
50970	1786.1	2061.8	13375.2
46590	1786.9	2049.2	13298.6
47265	1779.0	2069.5	13251.5
19037	1795.2	2041.1	13453.4
28480	1772.5	1995.3	12925.2
16532	1776.8	2001.1	12891.5
51332	1773.1	1961.6	13030.3
36511	1789.0	2048.5	13238.8
79041	1782.6	1998.1	13793.6
78787	1769.4	1993.9	12975.3
18600	1799.1	2036.5	13331.6
66076	1784.9	2067.5	13215.9
2383	1757.9	1984.9	12677.7
61856	1787.0	2008.2	13004.7
51139	1771.0	2019.9	12973.2
25140	1773.6	2022.0	12849.0
75167	1774.6	2026.2	12957.9
60144	1776.6	2022.4	13033.5
347	1766.9	2010.7	12796.6
9956	1772.3	1969.4	12864.4
19067	1772.3	1980.6	12717.5
47910	1773.8	1981.7	12888.7
44208	1767.4	2011.6	12841.1
35126	1762.2	1967.8	12530.5
28089	1784.3	2069.3	13639.6
56648	1780.9	2016.4	12770.3
5099	1759.9	2005.9	12638.8
55456	1783.9	2040.8	13204.9
54619	1770.8	2071.1	13005.6
7001	1785.5	2025.7	13102.2
80926	1775.6	1967.4	12878.7
10892	1773.7	2000.3	12751.0
43487	1776.0	2036.1	13235.3
10143	1795.2	2094.6	13818.7
57613	1792.8	2036.5	13334.3
60291	1786.8	2000.1	12978.9
1005	1787.8	2061.1	13126.7
15375	1770.2	1988.6	12592.4
37491	1764.2	1978.2	12687.8
20834	1770.8	1976.1	12785.3
25897	1782.6	1971.7	13046.1
82411	1780.7	2019.7	13061.2
68755	1775.8	2016.3	12902.6
22848	1785.2	1988.4	13264.6
82621	1765.4	1953.6	12558.3
46561	1770.7	2011.8	12861.5
10992	1781.7	2066.4	13179.3
2469	1771.4	2005.7	12899.4
21856	1765.4	1999.8	12881.2
72531	1789.9	2039.6	13265.3
44967	1774.5	2031.1	13349.3
49520	1772.5	2012.3	12941.4
36811	1766.3	2001.6	12821.7
12398	1771.3	2016.8	12929.5
45389	1780.9	2042.1	13330.5
73377	1759.2	1980.8	12852.7
35681	1772.2	1995.6	12894.7
50860	1791.4	2048.6	13361.1
11746	1790.3	2084.2	13411.0
1698	1795.9	2123.7	13507.4
24526	1766.1	2002.5	12746.2
82623	1797.4	2043.6	13540.0
59141	1777.1	2020.7	12899.0
41988	1764.4	2000.3	12543.6
8448	1774.8	2026.3	13066.9
19776	1769.0	2024.7	12876.5
84216	1770.8	1983.7	12855.0
46207	1763.5	1952.7	13018.9
33449	1783.9	2048.3	13207.2
79759	1782.0	2002.5	13152.3
61056	1783.5	1997.4	13072.4
4462	1777.3	2004.6	13178.5
43519	1785.6	2072.4	13191.7
53371	1776.7	2025.9	13263.0
9826	1760.5	1969.4	13004.4
53248	1767.9	1968.9	12685.2
78546	1786.4	1946.6	13084.6
31356	1773.5	2007.8	13163.1
18186	1777.0	1982.2	12816.1
2376	1766.0	2004.6	12797.0
34975	1773.7	2026.8	12934.2
76909	1778.6	2002.2	13020.8
49816	1775.0	2013.3	12977.2
82395	1779.8	2002.1	12995.1
14520	1766.5	2028.8	12792.0
23697	1774.7	1980.4	12780.1
7299	1778.8	2009.2	12929.8
47716	1797.7	2050.8	13181.2
71510	1770.3	2015.0	12890.2
84512	1773.4	1984.1	12951.4
51138	1775.7	1963.4	13054.2
80123	1762.4	2001.1	12612.0
40869	1778.3	2048.2	13294.6
18404	1763.8	1921.7	12338.8
28096	1770.3	1970.0	12743.9
40746	1764.2	2012.0	12993.2
76240	1759.9	1980.9	12515.0
23966	1770.3	1997.6	12913.8
30015	1770.8	2019.0	12825.0
59480	1781.1	2017.9	13628.5
71523	1755.5	1963.5	12610.8
54717	1767.9	2049.1	12956.6
34253	1774.3	2077.3	13125.5
54817	1771.4	1950.5	12790.7
8318	1763.1	2017.0	12784.5
11267	1788.4	2108.3	13404.2
52131	1781.0	2028.3	13060.9
67692	1775.8	2003.0	12945.5
67449	1768.2	1975.9	12955.0
79766	1788.0	1981.3	13067.5
14043	1787.6	2050.4	13402.6
49164	1770.7	2041.2	12714.5
3033	1772.2	2017.0	12849.2
46321	1766.5	2008.5	12857.9
9457	1781.5	2038.7	13236.4
72567	1770.4	1960.3	12673.7
6406	1791.0	2071.6	13652.3
53101	1768.8	1989.2	12667.3
54806	1775.9	2008.5	12822.6
62058	1761.6	1973.8	12614.9
59239	1783.3	2015.1	13180.4
39138	1779.6	2034.8	13423.6
51617	1762.9	2011.4	12747.0
54761	1780.8	1983.3	12982.1
56179	1793.2	2083.0	13780.2
81527	1782.6	1996.2	13131.3
18184	1767.8	2025.4	12878.8
27468	1762.2	1968.4	12488.4
62204	1783.0	2055.7	13385.5
16652	1771.9	1982.5	12756.9
45821	1786.9	2055.1	13260.4
72679	1778.5	2034.5	12993.7
82128	1779.1	2013.8	13373.6
81327	1777.8	2006.1	13108.2
61042	1780.1	2030.9	13251.4
63855	1764.0	1933.7	12474.6
35682	1785.3	2074.4	13397.0
40073	1788.9	2049.5	13279.1
6416	1779.0	2006.2	12996.5
25410	1771.7	1961.3	12655.2
58699	1789.9	2088.2	13305.1
47591	1760.4	2015.8	12465.9
29902	1789.5	2086.6	13221.4
37974	1775.6	2039.2	13447.1
7681	1764.6	2012.4	12617.0
75341	1778.9	2022.9	13368.7
20140	1790.2	2080.9	13662.7
32944	1771.9	1986.8	12849.3
71349	1781.7	2029.3	13173.8
66284	1761.1	1956.7	12513.2
2282	1764.3	2000.8	12825.7
33433	1779.1	2045.3	13099.9
74645	1778.8	1975.0	12790.5
29641	1759.2	2002.4	12751.3
43409	1773.2	2005.6	12728.5
22444	1775.3	2033.0	13030.2
38281	1769.3	2003.4	12816.0
54741	1779.8	2031.8	12987.4
33837	1783.9	2023.5	13129.4
73334	1781.3	2012.6	13176.4
5416	1770.8	2015.1	13613.0
2369	1778.0	1990.5	12648.4
57307	1769.6	2035.4	13054.0
12333	1770.3	2012.9	13000.3
34344	1772.4	2008.6	12749.9
19467	1767.8	2018.5	13124.9
23241	1777.3	1995.6	12921.2
62347	1763.5	1942.9	12440.2
38420	1776.4	2014.6	13001.1
40530	1775.2	2034.0	13035.6
74949	1772.4	2017.2	12961.1
35507	1782.9	2005.6	12875.6
58743	1785.6	2039.5	13107.4
37143	1780.2	2056.5	13056.4
62888	1783.1	1956.7	13040.8
59245	1782.4	2037.5	13143.6
68032	1772.2	2035.2	13068.0
11569	1772.1	2030.6	12776.0
21964	1773.9	2079.8	13506.7
69493	1775.5	1992.4	12775.1
59556	1776.0	2020.7	13023.2
22314	1787.5	2036.3	13235.9
63684	1781.6	2025.3	13244.2
25808	1790.8	2062.2	13361.6
78308	1787.5	2055.1	13189.8
10399	1793.9	2095.7	13431.5
58564	1789.1	2048.2	13289.7
56694	1785.2	2053.6	13426.0
53632	1779.7	2036.0	12908.6
82675	1781.5	2035.6	12993.7
18209	1775.4	2023.2	12968.3
21251	1760.4	1963.9	12617.0
74577	1784.4	1963.3	12871.6
36633	1777.5	1946.5	13048.2
67285	1776.1	1999.8	13394.0
35478	1768.6	2011.3	12756.0
1820	1775.4	2022.4	13252.7
11644	1780.0	2048.2	13141.3
26969	1788.1	2039.6	13280.6
70125	1767.6	2010.0	13020.6
20348	1764.2	1964.5	12762.7
62452	1765.6	2003.3	12792.2
14848	1773.6	2006.1	13009.5
15479	1786.6	2026.6	12955.4
7919	1777.6	1971.1	12948.2
50695	1752.8	1967.9	12441.8
22864	1775.3	2060.8	13122.0
43634	1754.6	1935.5	12315.9
27489	1766.1	1991.2	12861.4
40207	1772.4	2023.3	12949.7
21906	1763.8	2030.2	12935.5
58939	1795.2	2036.9	13220.2
38309	1780.4	1977.9	12848.9
40435	1763.4	2019.8	13198.3
63268	1777.8	2075.7	13226.0
34369	1790.4	2059.3	13122.8
4942	1761.3	1991.2	12554.8
27021	1798.6	2107.6	13717.9
79380	1787.7	2028.2	13397.7
80898	1774.8	2012.1	13019.8
62805	1776.7	2041.3	12983.6
58706	1769.2	1972.7	12820.4
59081	1787.9	2034.3	13255.3
44911	1771.7	1975.3	12818.6
38900	1781.8	1990.2	13168.7
53934	1790.6	2075.9	13924.3
70591	1769.8	2025.8	13086.6
73879	1777.0	2050.4	13158.2
33829	1763.1	1993.4	12745.7
45687	1760.6	1945.5	12355.1
80600	1779.6	2068.6	13189.2
54874	1763.0	1980.8	12560.8
17097	1779.3	2063.3	13005.9
72583	1770.8	1982.7	12971.1
76173	1776.2	1989.1	12978.0
16164	1776.8	2017.8	12887.8
45019	1776.7	2018.3	12892.2
42686	1770.8	2031.6	13099.5
29276	1784.0	2043.8	13241.8
59859	1775.2	2019.6	13598.0
48652	1766.4	2043.9	13046.4
35574	1774.5	2080.3	13413.4
27443	1768.7	1970.3	12846.6
84486	1779.1	2030.4	13304.7
14494	1783.6	2001.4	13065.7
11889	1762.7	1920.4	12502.8
35471	1763.3	1963.2	12548.0
6140	1786.3	2027.6	13564.4
3683	1766.9	1982.4	12855.2
52129	1765.4	1989.4	12931.4
25249	1779.7	2057.7	13073.6
36220	1782.2	2049.6	13275.5
11148	1777.8	2035.3	12891.9
52700	1781.0	2047.4	13384.0
70230	1772.3	2019.4	13001.5
70414	1778.9	2014.2	12786.5
57751	1767.6	2003.1	12869.1
11288	1761.9	1990.8	12761.3
70360	1769.3	2011.5	13089.8
9495	1771.8	1997.0	12809.4
23242	1764.0	1964.5	12518.5
58294	1770.7	2001.1	12938.1
20614	1782.1	2042.4	13384.3
49241	1777.1	2014.0	13083.9
31773	1782.8	2003.4	12939.2
46346	1776.4	2033.2	13035.7
32683	1776.8	1998.1	13068.9
22475	1784.9	2044.1	13498.0
81023	1779.8	2002.3	12907.0
72829	1779.8	2000.8	13085.8
37605	1773.1	1986.4	13072.1
2577	1764.4	2034.0	12771.6
26716	1769.4	1974.9	12851.9
37965	1795.8	2028.7	13565.0
10220	1769.2	2000.8	12747.2
16569	1772.9	1998.9	12882.6
4809	1775.7	2045.5	13130.9
69146	1777.7	2012.5	13016.3
34621	1786.5	2034.4	13344.2
71927	1769.9	2004.4	12736.2
47060	1770.9	1984.5	12894.4
26777	1775.7	1996.1	12805.6
1289	1761.9	2068.5	12862.3
55560	1768.7	1969.2	12781.7
36543	1788.7	2062.3	13243.2
64814	1769.9	2005.8	12708.0
9752	1771.1	2046.3	12961.3
61426	1776.3	2043.7	13080.0
79712	1777.0	2007.5	12967.7
84694	1775.5	2004.7	13109.5
12876	1771.5	1987.9	13029.9
82281	1770.6	1994.6	13025.3
33929	1794.2	2055.2	13233.7
6114	1780.9	2035.7	13103.6
83000	1782.9	2036.6	13255.2
57201	1766.0	2004.9	12816.9
78567	1785.5	2045.6	13305.2
62811	1761.1	1915.5	12387.0
35616	1752.5	1944.4	12474.6
45723	1761.4	1973.9	12785.0
77427	1777.0	1991.1	12800.8
50016	1788.1	2063.2	13352.2
31193	1771.1	1997.5	12676.7
47539	1772.9	2078.1	13389.2
71494	1793.3	2091.1	13479.1
78969	1767.1	1953.9	12731.5
79131	1768.9	1983.8	12852.4
9713	1765.4	1987.9	12868.0
57985	1759.9	1981.7	12665.6
62421	1777.2	2049.6	13065.6
55255	1775.5	2021.8	13115.0
39821	1767.5	1979.4	12852.3
25435	1780.1	2022.1	13194.6
23884	1774.6	2062.7	12998.0
84740	1779.0	2021.7	13068.7
22038	1755.9	1991.7	12603.8
25343	1777.0	2028.9	13270.9
13156	1782.6	2034.0	13286.2
57507	1776.1	2016.8	12837.1
64369	1772.3	1999.6	12947.1
64104	1772.9	2031.4	12971.7
50256	1786.1	2047.5	13256.1
58388	1791.2	2075.1	13546.0
8458	1769.7	2005.1	12714.0
17444	1766.4	1998.9	13007.7
19883	1773.9	2014.4	12943.9
39891	1762.8	2009.6	12731.9
79054	1774.2	2022.7	13944.5
22836	1765.1	2039.0	13228.5
14084	1773.1	2001.5	12892.8
8435	1775.8	2011.4	12924.4
7230	1766.0	1984.7	12555.6
52846	1767.1	1964.7	12879.7
78954	1774.8	1965.3	12808.5
50621	1765.5	1987.9	12857.9
57137	1767.5	2018.2	12887.1
60012	1776.6	2041.0	13041.8
6430	1786.0	2019.6	13280.6
36846	1773.1	1993.2	12660.7
52813	1783.6	2039.4	13293.5
23076	1763.5	1986.3	12562.3
10549	1769.0	2029.7	12992.4
19757	1780.2	2016.4	12819.6
17888	1773.8	2041.4	13041.8
68805	1789.6	2045.3	13229.8
50798	1764.8	1970.2	12694.1
80509	1766.6	1985.5	12773.4
20624	1767.3	1983.6	13122.5
65913	1763.9	1984.1	12998.4
880	1773.6	2019.3	12840.5
49249	1756.8	1967.1	12792.7
75234	1800.2	2012.4	13200.3
27923	1774.3	2020.0	12863.5
18286	1760.1	1972.9	12614.8
31165	1773.1	1984.4	13230.2
16274	1782.4	2121.2	13719.4
23774	1771.0	1998.6	12772.9
55672	1778.5	2041.9	13134.8
32178	1779.4	2038.3	13020.6
83183	1773.7	1967.9	12804.0
16412	1789.1	2069.2	13960.4
54209	1777.5	1983.5	12793.1
24183	1785.1	2075.9	13653.5
64750	1789.1	2006.5	13124.5
11965	1794.6	2026.8	13450.2
26488	1781.9	2020.3	13283.5
11447	1783.0	2042.8	12990.6
59855	1784.1	2037.3	13269.5
16946	1772.1	1993.6	12909.8
41104	1780.2	2069.4	13319.0
33727	1778.8	2027.8	13620.6
39452	1771.8	2009.0	12906.3
43682	1768.2	1982.8	12782.4
2090	1770.3	2086.8	13178.0
83315	1784.2	2060.4	13184.4
65316	1786.7	2038.3	13240.6
79858	1774.9	1975.3	13079.1
65530	1777.4	1998.0	12943.5
58365	1775.3	2024.1	13068.5
28240	1764.2	1996.0	12716.1
51566	1778.8	2041.0	13283.6
84259	1775.4	2021.5	13614.7
10588	1791.0	2086.2	13491.7
44040	1760.4	1979.7	12431.6
55394	1772.4	1988.6	12860.1
75772	1788.0	2027.9	13115.4
58947	1777.8	2042.1	13093.0
32123	1761.8	2002.2	12794.9
16679	1778.8	2055.7	13193.0
10327	1784.0	2064.9	13266.5
27830	1778.4	2033.6	13087.5
44863	1774.1	1999.9	12809.0
2888	1759.8	1971.1	12510.3
78978	1785.8	2060.6	13285.0
62933	1782.3	2055.0	13400.7
8416	1786.6	2075.8	13366.8
83149	1776.0	2020.3	13159.0
74564	1767.0	2002.2	12749.5
80502	1783.2	2032.4	13401.3
772	1772.0	2026.0	13023.1
35740	1787.9	2002.6	13335.6
69721	1772.1	2011.9	12923.4
60461	1784.5	1992.6	12959.2
82693	1782.5	2046.6	13056.0
69024	1782.9	2019.3	13167.3
8204	1789.9	2047.5	13320.3
33967	1785.8	2049.4	13627.4
27393	1767.2	2055.0	12826.1
69550	1785.1	2056.1	13394.4
54407	1775.8	2017.3	13250.7
65742	1771.0	1998.9	12986.7
14716	1753.7	1975.0	12696.0
15909	1780.9	1996.3	13195.4
9766	1786.6	2025.6	13177.0
42300	1800.4	2050.6	13522.7
74026	1780.7	2003.3	13034.5
33877	1778.1	1970.5	12948.1
74477	1779.2	2059.8	13352.9
31534	1770.5	2018.8	12953.9
77045	1774.0	1973.9	12793.2
53442	1791.9	2062.2	13287.9
14530	1780.3	1962.8	13049.0
37022	1789.7	2017.7	13443.1
18560	1795.2	2026.5	13080.7
57562	1771.9	1985.4	12822.0
22329	1768.2	2001.3	12716.6
67142	1787.8	2025.8	13251.5
52116	1784.5	1982.8	12971.3
78807	1776.9	2043.8	13147.0
31250	1772.9	2050.7	13169.4
52960	1784.3	2050.0	13432.7
58319	1779.7	1990.8	12819.3
8121	1770.4	2045.7	13008.1
54020	1757.3	1942.7	12662.4
65196	1793.8	2056.9	13368.3
29312	1789.1	2022.2	12896.6
83845	1775.6	1989.8	12945.5
62893	1754.9	1971.2	12835.5
11067	1770.1	2005.0	12986.7
19474	1767.2	1995.6	12998.3
63033	1758.9	1956.6	12499.7
78012	1774.1	2002.8	12970.5
59441	1787.7	1997.1	13391.4
70369	1776.6	2047.3	13109.7
5489	1776.2	2055.8	13056.3
20020	1773.5	2043.6	13230.9
42296	1770.5	1996.2	13232.3
61982	1766.8	2013.2	12997.9
43840	1775.7	2022.4	12927.2
72434	1765.9	2018.5	12859.3
42200	1774.5	1989.8	12943.6
18828	1785.3	2021.0	13275.1
45111	1771.5	1968.5	12753.1
3558	1784.4	2055.5	13436.4
24233	1765.8	2003.8	12742.4
80636	1782.2	1996.2	13022.1
42758	1766.8	1996.2	12730.7
45387	1767.1	1974.8	12761.6
5244	1771.6	2005.0	12837.8
47458	1775.2	2064.2	12922.6
13462	1777.6	2077.5	13323.3
45549	1764.7	2026.4	12781.0
19459	1788.3	2038.2	13226.6
58411	1791.4	2001.1	13096.7
73929	1773.2	2036.3	13049.4
9334	1786.9	2000.5	12995.1
84494	1790.5	2019.1	13038.4
52489	1751.4	1967.8	12692.7
59048	1767.7	1986.6	13044.8
83137	1779.5	2024.0	13173.3
6808	1782.3	2063.8	13120.6
12413	1778.9	2029.3	13049.2
41903	1768.6	1968.4	12430.7
14531	1769.4	2037.7	13247.4
38070	1774.3	2034.4	13034.4
46389	1759.5	1975.2	12665.4
68811	1777.9	1967.7	12822.0
17318	1777.5	1985.4	12894.0
40	1766.7	2011.6	12889.7
76467	1760.8	1977.5	12800.0
68407	1773.5	2002.7	13168.5
72014	1771.0	1974.7	12660.6
24936	1767.7	1999.2	12975.9
59217	1779.9	1969.6	12980.6
32828	1778.1	2003.5	13022.2
74802	1788.0	2072.3	13647.4
77993	1767.0	1986.6	12696.6
56695	1772.0	1983.9	12805.9
44467	1754.9	1963.6	12355.8
83518	1773.1	1991.7	12860.8
8788	1773.4	1984.6	12908.1
73237	1762.2	2001.8	12943.1
11471	1771.8	2064.7	12954.2
15106	1769.9	1939.1	12630.9
18728	1767.5	1990.0	12704.7
27029	1763.5	1990.8	13138.9
67029	1761.0	1944.9	12424.3
3793	1777.0	2031.9	13158.7
37423	1764.4	2024.1	12779.5
43264	1770.2	1984.8	12693.9
17101	1775.8	2025.2	12882.9
9061	1787.1	2026.5	12982.6
6738	1785.7	2041.9	13030.0
80102	1785.0	2029.0	13319.3
42178	1783.4	2072.0	14142.8
82921	1759.0	1997.5	12772.7
21227	1784.0	2082.5	13308.1
60623	1772.4	2004.1	12941.6
71925	1786.6	2072.8	13450.8
24249	1764.1	1932.3	12567.0
12297	1768.6	1995.7	12925.2
1150	1774.6	2023.9	13032.7
38386	1785.8	2018.3	13226.8
27784	1786.8	2045.8	13335.2
16979	1773.5	1992.4	12811.3
64653	1786.5	2074.0	13196.8
72169	1764.4	1945.4	12783.6
51630	1772.8	1977.7	12794.3
80797	1783.1	2032.2	12993.7
53392	1790.1	2041.9	13209.7
71774	1768.8	2007.0	12612.2
9962	1787.5	2090.4	13524.9
73789	1778.1	2037.5	12991.5
42311	1773.5	2002.2	12808.2
43064	1757.3	2011.8	13160.4
40625	1777.0	1976.3	12967.9
19453	1789.5	2026.7	13196.9
55857	1773.1	2010.9	12932.1
40206	1773.1	1970.7	12675.9
65295	1767.4	2034.6	12890.1
14740	1766.6	1952.1	12621.1
39854	1779.5	1984.5	12786.1
12018	1783.7	2015.5	13025.2
41254	1798.5	2085.9	13644.3
82762	1769.0	2013.5	13120.9
31719	1761.4	1982.9	12562.1
41991	1786.8	2040.2	13579.8
55840	1773.4	2015.5	12860.5
31888	1782.8	1998.5	12869.3
7413	1772.3	2007.6	12808.7
19906	1785.5	2059.9	13329.1
58390	1781.8	2018.5	13307.7
72305	1777.3	2021.0	12916.2
68164	1761.4	2006.5	12617.5
31161	1778.3	2019.6	13019.5
13702	1778.5	2042.2	13362.3
16995	1768.4	2023.6	12848.1
59918	1787.6	2039.0	13191.3
75813	1763.7	1982.9	12633.5
24250	1755.9	1948.8	12398.3
28397	1767.1	1952.8	12895.0
60628	1773.4	2021.5	13552.2
25351	1792.2	2072.8	13438.6
60129	1776.7	1996.9	13001.4
58545	1780.8	1987.3	13156.8
71737	1785.3	2048.8	13173.4
30143	1773.7	1993.1	12823.8
61458	1783.7	2009.0	13010.3
74446	1794.6	2075.4	13707.1
29105	1758.0	1975.4	12484.3
23635	1776.2	1975.0	13007.3
3362	1771.5	2068.9	13160.2
75372	1788.3	2046.2	13387.4
52505	1761.4	2063.4	13068.4
28941	1781.3	2059.2	13170.0
52493	1779.0	1999.0	13014.8
26421	1775.4	2026.3	13157.9
41782	1772.4	2024.9	12923.3
45520	1779.4	2031.4	13192.8
61611	1783.7	2071.6	13305.8
10380	1769.5	1963.7	12696.2
36175	1782.0	1989.1	12824.2
56255	1754.1	1968.8	12715.0
83662	1760.8	1987.8	12678.8
65610	1759.3	2031.3	12946.6
84263	1787.4	2058.6	13224.2
24282	1776.1	2011.3	12896.7
68794	1772.8	1997.6	12901.1
30476	1791.8	2142.4	13760.6
81492	1781.8	1994.9	13112.4
23321	1774.6	2031.1	12776.5
208	1780.4	2037.8	13118.7
68050	1791.8	2024.6	13435.1
29752	1785.6	1995.1	13043.9
78446	1777.6	2052.9	13882.5
16119	1773.6	2025.1	13164.9
72785	1775.2	2018.0	12884.1
44974	1779.5	2019.6	13092.2
72502	1774.8	1994.1	12805.1
16186	1776.3	2040.1	13055.0
51081	1774.5	1995.3	12857.0
83224	1787.1	2030.0	13496.0
36952	1783.4	2052.7	13078.5
83541	1771.5	2002.4	13058.7
67056	1756.2	1949.8	12628.2
69432	1777.3	1989.7	13000.6
37813	1775.6	1993.4	13283.1
37985	1763.9	1959.5	12827.1
50110	1775.9	2022.3	12838.7
59151	1770.7	2027.5	12898.9
60409	1759.9	1945.2	12586.1
81416	1782.4	2028.5	13209.9
56264	1773.8	1995.8	12817.9
26157	1791.3	2077.6	13453.9
45592	1778.5	2034.7	13547.0
33330	1773.2	2091.1	13671.0
4630	1801.1	2054.9	13648.2
79199	1773.6	2005.9	12925.2
44684	1775.1	2048.4	13160.9
5498	1778.7	2059.3	13256.0
50204	1777.9	2051.8	13076.3
39314	1779.1	2025.5	13252.7
8211	1772.8	1999.8	12943.5
18164	1777.9	2016.1	13226.0
24661	1770.8	2011.2	12900.0
45974	1761.3	2035.3	13068.0
77074	1778.3	2027.7	13146.0
51348	1777.7	2003.9	12917.7
54498	1778.9	2034.2	13157.2
53708	1777.3	2014.2	12987.2
84927	1767.3	1959.1	12584.4
79657	1768.3	1996.2	12844.7
49720	1775.8	2021.5	12995.2
65773	1769.4	1992.0	12751.9
47246	1771.9	2005.2	13059.8
48982	1770.0	2025.5	13281.2
11950	1776.1	2041.4	13031.4
47363	1785.4	2034.3	13543.4
41689	1783.7	1974.8	12965.4
74013	1797.7	2026.2	13552.7
4997	1787.1	2095.2	13721.9
41975	1781.6	2095.9	13490.0
37221	1759.4	1979.6	12560.0
81495	1786.9	2031.8	13476.4
42125	1758.5	2013.2	12693.9
67283	1779.4	1993.0	12752.1
12002	1790.3	2009.7	13377.0
62688	1775.0	2041.0	13207.8
12891	1772.4	2001.5	12966.5
53011	1761.8	2029.7	12927.8
56661	1775.1	2010.7	13031.1
72650	1777.0	2050.0	13359.7
7505	1761.9	1954.2	12505.4
60423	1777.3	2065.2	13242.9
31974	1751.7	2031.2	12491.8
38322	1788.1	2022.6	13250.1
17291	1766.5	2002.8	12691.8
58630	1773.9	2021.0	12953.8
78506	1773.8	2029.1	13535.7
18947	1771.7	2008.3	12941.9
49436	1781.4	2038.6	13059.0
15243	1773.0	2030.6	13000.3
42079	1769.1	2014.2	12710.8
33228	1773.9	1976.6	12961.1
35613	1781.1	2043.8	12992.8
47534	1777.9	2018.4	12921.0
52056	1789.3	2052.9	13211.8
70974	1768.0	1985.6	12615.5
69843	1755.1	1944.1	12394.5
21356	1781.7	2020.6	13162.5
75267	1777.8	1981.9	13061.6
18800	1780.9	2009.5	13307.0
65826	1796.0	2083.7	13652.1
62808	1772.9	2023.4	13181.6
13621	1779.4	2064.8	12980.7
7174	1771.5	2005.7	12999.0
30661	1784.2	2059.6	13126.9
10259	1766.1	1956.1	12696.0
64943	1781.2	2039.0	13535.2
69952	1772.8	1983.0	12893.4
42949	1775.2	2007.1	12891.8
65741	1782.8	2025.7	13008.7
45488	1774.7	2012.0	13019.9
56386	1767.4	1988.2	12925.7
41422	1781.3	1996.8	12745.7
47117	1780.0	2037.0	13099.0
65547	1764.2	1954.9	12573.2
19173	1796.9	2072.7	13368.1
32442	1777.3	2046.7	12946.6
