75596	1778.5	1979.6	12786.5
55384	1781.0	2054.4	12974.7
56221	1786.8	2026.5	13125.1
17521	1773.3	2088.0	13950.5
77191	1762.0	1945.8	12824.0
37722	1767.9	1971.8	12731.8
72332	1756.7	1980.6	12576.1
62043	1770.4	1976.4	12665.2
77736	1791.9	2044.5	13484.0
12968	1765.4	1997.0	12943.5
76989	1778.8	2014.6	13540.2
76053	1760.1	1973.4	12854.8
79483	1772.7	1998.4	12794.8
51846	1770.6	2023.0	12821.5
62764	1770.3	1970.4	12707.0
17440	1776.2	2047.1	12989.5
54295	1777.2	2002.7	13217.9
36970	1783.1	2065.8	13336.3
58072	1778.2	2008.7	12885.8
10860	1768.6	2019.8	12932.4
13422	1766.2	2012.0	12805.0
24939	1781.0	2022.4	12822.4
64485	1774.4	2022.3	13135.2
68500	1786.1	2029.1	13294.0
65898	1759.0	1918.1	12483.4
73474	1786.9	2029.8	13197.4
20291	1777.5	2039.2	13199.9
37053	1768.8	1949.3	12794.1
2479	1779.5	2036.9	12980.5
67652	1800.4	2096.5	13574.8
33927	1761.8	1982.7	12732.6
74345	1765.1	1971.1	12950.7
42340	1760.8	1949.2	12647.6
83331	1768.1	1986.1	12790.9
37435	1773.0	2013.7	12965.4
1033	1775.8	1975.0	12883.6
26955	1758.6	1989.2	12701.0
21496	1767.4	1974.6	12629.1
38321	1788.6	2027.4	13150.7
73988	1764.4	1956.1	12757.3
66817	1775.9	1999.8	13031.4
47345	1774.8	1997.2	12972.9
78480	1775.8	1965.0	12899.9
47301	1781.0	2036.8	13251.9
30646	1769.8	1954.3	12963.1
1704	1782.8	2061.3	13358.7
17535	1790.8	2019.1	13300.0
19687	1778.8	2083.5	13022.6
81126	1765.1	2007.2	12744.7
2702	1771.6	2029.0	12817.1
69153	1772.7	1980.6	13057.6
82068	1779.9	2005.6	13239.3
46149	1797.9	2064.5	13516.5
68414	1781.2	2017.1	13241.2
80062	1777.1	1997.2	12692.0
55803	1779.7	2016.7	12982.3
29365	1764.5	2067.8	13088.7
74669	1759.2	1966.0	12618.3
32335	1768.4	2003.8	12684.4
73839	1781.4	1991.0	12976.0
78927	1764.9	1997.1	13130.6
72417	1763.4	2003.8	12826.1
63759	1779.7	1946.1	12936.0
65324	1769.2	1983.1	12703.0
61919	1779.5	2066.9	13197.6
22743	1774.5	2038.3	13146.7
15623	1783.5	2087.5	13832.8
36699	1770.1	2022.1	13015.9
8882	1771.5	2044.5	13039.3
15239	1769.0	1996.5	12662.9
12461	1775.9	2010.5	13015.0
34672	1786.4	2005.1	13174.7
65085	1776.5	1993.0	12965.1
29888	1780.1	2032.7	13174.4
413	1776.5	2020.4	13060.2
47834	1765.6	2046.3	13044.4
63928	1781.1	2003.2	13046.4
49242	1772.2	1958.7	12602.4
67284	1787.3	2030.9	13545.8
14878	1787.6	2061.8	13366.2
59266	1774.7	2050.7	13113.8
74927	1771.3	2019.7	12877.1
65218	1764.8	1968.4	12661.6
30183	1771.3	2003.6	13082.1
78059	1784.4	2000.8	13075.7
65075	1765.5	1981.9	12641.1
32201	1776.9	2015.5	12996.9
70764	1788.3	2082.0	13580.3
20407	1768.3	2012.3	12690.1
65525	1786.6	1986.1	13030.9
11310	1774.0	1973.2	12953.9
50544	1767.6	2007.7	12926.4
19726	1773.9	2010.2	12768.0
27948	1781.6	2042.4	13186.5
36789	1774.3	1963.4	12885.0
15083	1772.0	2001.5	12825.0
8009	1770.3	2087.2	12871.7
13264	1783.2	1961.3	12724.3
4711	1780.7	2085.2	14542.3
52285	1771.7	1961.4	12852.3
74657	1779.8	2038.8	13203.8
1846	1776.5	1958.5	12882.5
71510	1761.8	1959.6	12503.7
77417	1767.0	1985.6	12585.4
26016	1779.6	2009.2	13171.6
32422	1787.1	2028.3	12945.3
80779	1785.5	2013.4	13150.2
6685	1771.1	1971.7	12620.3
65264	1773.1	2016.4	12985.8
7542	1764.8	1972.0	12694.6
18172	1783.1	2018.7	13908.4
83710	1763.5	1992.9	12580.2
53439	1762.2	2013.2	12810.3
37028	1773.1	1967.6	12918.9
58837	1787.2	2049.4	13353.5
60683	1774.6	2029.0	12927.1
46973	1781.2	2021.7	13212.2
23789	1764.0	1967.9	12606.1
35976	1773.7	1965.1	12737.4
64182	1781.3	2022.5	12894.1
7225	1784.0	2047.8	13375.0
51100	1771.6	1961.3	12887.4
83114	1776.3	2036.7	13369.8
27626	1783.1	2003.6	13626.4
67079	1778.0	2022.8	13135.9
2238	1789.7	2094.2	13526.8
77827	1776.2	1957.7	12780.0
160	1785.2	2057.8	13164.0
60456	1767.5	2008.3	13021.2
12570	1772.5	2033.6	12925.1
12520	1777.5	2019.4	13192.6
40897	1768.6	1955.9	12623.9
30780	1765.8	2030.3	12876.7
3502	1770.7	2006.9	12910.8
60234	1761.2	1999.8	12577.6
30899	1768.4	1981.3	12709.0
46400	1785.0	1996.2	12874.3
18408	1766.5	1990.2	12726.6
47412	1773.5	2035.2	12910.0
77547	1772.7	2078.7	13861.4
18987	1763.6	1962.5	12527.2
12532	1777.4	2006.6	13155.1
49697	1778.4	2051.5	13842.4
78597	1780.7	1975.4	12883.1
74762	1773.8	2002.7	12891.8
44197	1777.3	1967.6	12882.4
30593	1767.4	1998.5	12681.4
55029	1759.0	1974.0	12528.5
33149	1781.1	2003.6	13112.9
34897	1766.9	2018.1	13237.8
50570	1771.5	1996.6	12846.4
60946	1754.5	1934.7	12273.8
40859	1761.5	1967.4	12793.3
52882	1782.1	2022.5	13175.1
82815	1783.3	2044.7	12925.7
46036	1770.3	1998.4	13031.5
43655	1778.4	2041.3	13023.6
3776	1790.2	2034.3	13329.7
69510	1780.5	1978.1	12774.4
72420	1765.1	1998.7	12853.6
42291	1777.4	2064.8	12991.2
57940	1774.4	2020.6	12850.5
75110	1780.4	2065.3	13455.0
66170	1767.3	2025.1	12982.5
40378	1768.3	2011.0	12730.6
2105	1772.1	1996.5	12811.4
21677	1778.0	2075.9	13162.9
75513	1789.4	2069.3	13514.4
69138	1768.6	1988.0	12707.2
83630	1771.5	2010.8	12916.3
53956	1777.7	2027.7	13358.5
77306	1773.2	2027.6	12891.0
37083	1773.0	1987.0	12856.1
50465	1791.3	2113.7	13597.0
58469	1780.0	2009.9	13023.8
18006	1781.6	2042.6	13308.8
25377	1758.2	2026.2	12723.6
49	1775.7	2012.8	12942.7
81319	1766.5	1965.0	12612.1
64121	1780.6	2037.0	12982.5
50504	1779.6	1990.7	12915.4
5205	1767.2	2012.5	12732.3
27688	1776.0	2089.6	13412.2
57301	1756.9	1962.0	12705.2
29228	1790.6	2009.8	13039.6
29129	1782.9	2018.6	13209.8
18629	1779.3	2056.0	13094.4
16603	1782.9	2027.4	13101.5
55510	1778.3	1968.8	12971.9
54340	1776.4	1941.4	12576.2
84908	1777.4	1994.8	13071.0
47349	1756.6	1924.3	12402.7
59877	1776.7	2001.3	12714.0
68920	1776.0	2016.3	12960.9
12016	1786.4	2033.4	13513.8
15580	1758.6	2009.4	12782.9
26050	1764.4	1973.1	12636.5
16614	1760.1	2005.6	12626.8
7930	1782.2	2080.3	13293.1
72188	1783.8	2036.8	13627.7
38084	1792.0	2033.7	13477.1
67487	1766.2	1972.5	12839.1
54869	1781.4	2037.0	13253.2
49700	1769.6	1984.3	12647.3
50687	1773.3	1984.6	12967.0
44798	1781.0	2079.1	13183.3
29686	1775.9	1999.4	13017.7
39481	1767.6	2006.0	12989.5
38558	1770.6	1991.6	12820.4
61789	1782.1	2057.2	13223.5
12209	1754.8	1957.0	12392.1
54060	1772.2	1997.2	12905.9
66587	1761.0	2037.0	12854.5
3715	1774.6	2085.5	13119.9
46142	1781.6	2038.5	13272.4
29405	1752.4	1922.4	12136.0
37939	1791.7	2031.6	13272.3
71259	1787.1	2078.2	13238.9
10066	1785.6	2059.5	13758.1
77962	1772.0	1994.6	12874.0
38673	1774.2	1998.9	12803.3
15046	1769.5	2014.7	12768.2
82070	1765.5	1957.6	12801.0
59070	1777.7	1979.8	13045.6
45086	1770.6	1975.0	12710.1
14737	1772.0	2052.4	12829.6
82271	1765.8	1961.3	12668.1
5626	1775.9	2076.0	13182.6
28424	1789.8	2026.8	13249.5
71079	1785.0	2027.1	13329.4
80284	1774.5	1980.0	12933.8
63181	1781.3	2063.8	13464.8
24158	1784.5	2065.4	13288.1
54901	1777.6	2014.0	12968.5
84744	1777.0	2005.6	12882.2
15822	1768.4	1987.2	12833.6
59652	1785.1	1975.9	12797.9
31127	1776.7	2030.3	13259.2
14744	1768.2	2023.9	12732.6
45851	1778.5	1966.6	12884.0
81013	1787.2	2107.9	13511.2
59464	1765.4	1966.8	12721.9
84551	1775.8	2036.1	13114.5
64779	1775.9	1984.3	13075.4
83944	1787.2	2000.2	13113.8
33409	1778.7	2010.7	13021.0
68594	1777.8	2036.9	13336.5
20431	1785.4	2058.4	13603.5
13864	1765.3	1943.6	12554.5
69755	1756.8	1970.3	12698.3
46658	1776.8	2039.1	13007.8
77406	1782.2	2024.7	12946.8
71839	1782.7	1995.4	12981.3
83195	1782.3	1979.8	13140.5
74460	1787.3	2057.7	13263.9
64964	1762.2	1954.6	12623.7
63719	1784.2	2039.5	13090.2
8551	1769.1	2050.0	13325.7
17803	1771.2	1978.0	12986.4
35215	1791.5	2051.2	13484.8
71836	1764.0	2026.6	12774.5
39278	1770.2	2030.2	12920.6
69407	1777.1	2040.2	13069.7
65281	1776.7	2053.1	13629.6
28768	1770.7	2027.5	12730.9
51559	1781.4	2011.5	13104.6
54921	1774.7	1993.4	12827.9
59200	1793.8	2080.9	13538.2
82282	1773.1	2003.0	12895.4
18942	1762.6	1949.7	12543.4
2130	1779.8	2032.8	13334.0
79716	1765.2	1950.3	12568.0
14319	1789.8	2010.2	13290.8
28208	1767.5	2006.1	12645.8
38011	1775.0	2027.8	12955.0
65172	1767.7	2008.8	12692.8
50356	1771.3	1997.2	12766.4
27942	1788.0	2006.9	13372.9
33832	1759.8	1967.9	12625.6
62238	1784.4	2035.0	13080.8
54917	1781.6	2012.7	12962.8
63965	1770.3	2017.0	13094.3
75	1769.7	2000.1	12967.6
79462	1774.6	2048.0	13341.1
11148	1767.3	1992.0	12591.5
49848	1785.1	2009.8	13352.9
81047	1764.0	1965.7	12898.3
33260	1780.2	2056.8	13155.2
56346	1780.8	2027.7	13134.5
59162	1771.2	1988.3	12933.7
11894	1778.7	2049.4	13234.3
79527	1780.1	2042.1	13093.8
8683	1771.7	2023.0	13036.4
14834	1752.5	1919.6	12507.6
28834	1766.4	1973.8	12869.1
81982	1784.8	2007.9	13220.7
69691	1773.1	2030.9	13025.3
40433	1785.2	2023.7	13316.2
40871	1779.0	2029.4	13163.5
44317	1771.0	1961.1	12797.2
25745	1782.4	2052.0	13088.9
60878	1775.5	1993.0	12782.1
47953	1776.8	2004.3	13334.0
15427	1768.8	2036.1	12976.9
66304	1778.2	2045.0	13021.8
1778	1780.5	2040.1	13206.2
70088	1772.3	1971.4	12531.8
77614	1767.8	1983.0	12902.2
13729	1779.4	1997.0	12806.9
8623	1783.0	2037.9	13260.9
64624	1769.4	2028.2	12935.9
70233	1767.2	2038.6	13373.7
82259	1761.9	1993.3	12586.9
41643	1773.0	1998.3	12914.3
20951	1773.8	2038.3	13124.7
66371	1775.6	2029.0	12979.2
63091	1769.0	1968.0	12727.9
18808	1798.4	2058.7	13675.4
27486	1781.6	2061.5	13401.2
83247	1790.6	2095.0	13276.7
45358	1784.7	2054.1	13367.1
67942	1765.8	1951.9	12631.7
33138	1764.7	1986.3	12929.6
2819	1776.4	2024.7	13310.2
25441	1772.1	1927.3	12571.0
66716	1768.1	2030.9	13033.7
914	1775.8	1991.3	12803.6
71564	1774.8	2026.5	12964.0
33703	1789.3	2055.8	13237.3
62022	1769.0	1972.1	12753.4
38076	1770.6	2016.2	12883.8
9762	1780.1	2027.1	13112.0
80299	1772.7	1955.6	13058.3
69843	1777.0	1993.6	12839.5
44044	1782.6	2059.4	13189.4
14184	1762.0	1993.7	12528.4
3078	1784.4	2102.8	14136.1
30724	1794.6	2056.6	13379.2
82671	1768.5	2006.8	12691.5
19891	1767.0	1995.1	12736.2
54641	1769.6	2036.1	13160.7
31375	1785.1	2046.9	13400.9
65951	1757.9	1978.6	12645.2
14496	1786.2	2020.7	13230.2
7662	1767.1	2019.5	13197.8
43657	1773.5	1989.0	12785.4
38280	1769.7	2000.5	12794.2
74185	1769.8	1990.5	12745.5
39383	1769.8	1989.0	12894.9
64766	1768.2	2017.2	13045.1
25623	1768.6	1965.7	12787.6
22291	1793.8	2057.9	13228.3
81204	1788.4	2072.3	13237.1
44164	1778.9	2016.0	13516.4
45253	1784.3	2047.5	13338.9
51216	1774.0	2007.6	12879.2
6931	1766.3	2019.2	12702.2
31352	1759.9	1940.2	12683.6
54159	1775.2	2016.6	13036.0
1248	1788.2	2060.0	13127.6
70099	1759.6	1959.6	12530.3
419	1772.8	2006.0	12935.8
28177	1771.0	2006.5	13114.7
52273	1774.4	2010.3	12900.8
7858	1761.3	2002.7	12798.4
69942	1770.5	2028.0	13119.8
21420	1757.6	1939.6	12250.5
77925	1767.6	2024.6	13061.6
6959	1775.8	1985.3	12891.3
67057	1777.8	2009.8	13003.6
45196	1771.1	1998.1	12774.4
40176	1771.0	1997.3	12962.3
52436	1777.1	2049.1	12938.5
33266	1777.2	2038.4	13566.0
41103	1777.4	2075.2	13415.5
74366	1773.5	2033.5	13087.8
61331	1773.5	1983.0	13198.0
83938	1761.6	1986.2	12637.1
74764	1761.8	1987.6	12551.4
27430	1754.9	1975.7	12562.3
78390	1771.7	1991.4	12706.8
83799	1778.1	2048.5	13205.2
18549	1774.7	2017.9	12850.9
1558	1786.2	2025.9	12906.6
6190	1776.1	1958.1	12828.4
31508	1770.2	1994.0	12753.0
48853	1768.0	1970.4	12519.1
32782	1781.0	2026.0	13255.4
16888	1771.0	2020.5	12830.8
21483	1781.8	2053.3	12961.1
20492	1766.2	1985.8	12832.1
30430	1786.2	2052.6	13415.1
29461	1762.1	2015.9	12674.0
12864	1784.0	2016.9	13017.8
23713	1789.2	2054.4	13336.9
71	1773.6	2014.9	12868.5
8453	1779.7	2078.2	13250.0
34698	1778.3	2047.9	13220.1
1988	1768.8	2005.1	12986.7
21388	1787.0	2042.1	13155.2
57231	1781.7	2052.8	13145.3
5515	1790.5	2042.4	13727.0
49651	1769.3	2014.2	12794.9
21297	1785.5	2044.9	13126.7
27208	1766.5	1972.8	12853.1
11280	1771.9	2038.2	13092.3
38307	1777.8	1996.8	12930.8
20917	1780.4	2016.3	13183.2
20614	1776.3	2012.6	16248.8
1659	1785.3	2062.9	13465.3
72871	1780.1	2025.0	13139.9
5206	1779.8	1992.3	13022.8
78986	1772.7	2014.7	12890.2
40223	1781.1	2019.5	13133.7
48718	1780.0	1992.9	12973.6
49270	1778.5	2039.3	13050.0
63468	1775.0	2000.0	12838.3
78459	1784.1	2022.0	13753.4
55507	1767.3	2021.0	12970.9
48759	1781.6	2018.9	13441.0
6697	1772.2	1973.6	12718.1
22129	1753.1	1986.0	12785.6
20561	1755.9	2013.4	12711.2
50353	1769.7	1971.6	12626.1
537	1757.4	2042.2	12781.5
84918	1774.1	2018.1	13104.0
40016	1779.2	2032.4	13056.1
18321	1769.3	1987.1	12764.8
21983	1789.1	2092.2	13149.4
34936	1785.4	2031.4	13040.0
8345	1786.9	2048.2	13183.1
36861	1771.4	2030.2	13206.8
21941	1772.0	1974.1	12804.7
76402	1774.2	2030.1	13023.8
54438	1780.2	2035.1	13253.1
23297	1767.1	2005.4	12893.9
54146	1770.2	2030.0	13028.5
53482	1776.2	1990.8	12791.5
52506	1781.3	1997.4	13147.6
41860	1779.0	2013.9	12917.7
70753	1771.5	1946.1	12708.2
77080	1771.9	2042.3	13145.1
57110	1768.2	1964.9	12652.7
83030	1773.6	2030.6	12975.2
58733	1767.9	1964.4	13016.3
28692	1786.0	2066.6	13405.0
62346	1759.6	1915.3	12344.8
31883	1779.4	1994.1	12710.3
53309	1779.3	2016.6	12973.8
47478	1773.1	2006.8	12854.2
82067	1767.0	1939.8	12635.2
77950	1781.2	2008.0	13109.7
18667	1770.9	2007.5	12961.3
79392	1775.8	2008.5	12899.2
79130	1771.6	1969.1	12811.9
66433	1777.1	2059.3	13200.3
18144	1776.2	2039.8	12965.3
10996	1783.5	2146.6	13293.1
29760	1769.3	1963.1	12681.9
9455	1762.8	1979.5	12709.4
16303	1759.6	1999.1	12585.9
13123	1772.7	2027.0	13075.5
68556	1778.2	2032.0	13029.6
72010	1784.9	1987.8	12903.2
76455	1767.9	1980.7	12861.8
19046	1791.1	2059.1	13324.7
56433	1776.4	2039.4	13442.6
49413	1783.3	2058.5	13273.5
22956	1780.0	2021.2	12954.0
16792	1776.2	2008.4	13385.7
76306	1778.6	2010.0	12996.6
16716	1780.2	2065.9	13254.8
47574	1756.2	1973.8	12460.5
69876	1780.6	2010.8	12972.0
53843	1780.0	2049.0	14393.3
4031	1771.3	2109.7	13236.8
82555	1759.7	1947.1	12742.0
5762	1778.6	2017.0	12992.6
72763	1768.9	2018.8	12935.0
28926	1784.7	2038.1	13255.2
39752	1768.9	1995.1	12861.7
7406	1783.8	2027.0	12921.3
84270	1760.6	1961.0	12630.7
11867	1780.0	2021.3	13128.0
56786	1787.3	2049.9	13342.1
4354	1779.4	2027.8	12947.7
59950	1776.4	1964.9	13000.6
81446	1761.3	1953.8	12555.0
72109	1769.1	2018.0	12822.6
2450	1776.6	2033.3	12978.7
24176	1770.0	2043.9	13310.2
22457	1768.4	2002.2	12638.9
29532	1784.8	2059.3	13382.7
21597	1781.1	2066.1	13624.4
54095	1764.8	1981.1	12876.9
53711	1770.9	2014.8	12938.2
47217	1781.2	2019.5	12913.4
18818	1755.8	1979.5	12706.4
57475	1770.8	1954.6	12663.6
63079	1783.3	2044.8	13317.0
48777	1768.1	1997.1	12812.4
22261	1780.2	1995.7	13149.9
29980	1768.7	1996.0	12874.5
30434	1773.6	2009.4	12951.7
27567	1767.7	2002.1	13160.2
76479	1773.8	2021.8	13439.6
25105	1756.7	1947.8	12579.2
78742	1778.2	1997.8	13322.9
44149	1796.2	2075.7	14189.8
75776	1762.3	1952.1	12669.6
67637	1751.3	1970.7	12616.6
40651	1769.2	1977.1	12916.8
63414	1772.3	2042.5	13174.7
5885	1771.9	2037.0	13064.2
28517	1772.5	2037.3	13206.6
41630	1777.0	2031.5	12868.5
58717	1778.3	1990.7	13322.9
5849	1764.6	1977.4	12761.6
45984	1763.3	2005.4	12815.3
17570	1768.3	2001.0	12764.5
3398	1779.3	2002.3	13029.8
69641	1770.3	1985.8	12719.8
35965	1778.4	2026.6	12985.3
18446	1773.3	2022.9	12938.6
60868	1773.4	1994.5	13056.7
30	1782.2	2016.4	13252.2
17191	1762.6	1972.0	12654.9
10770	1784.2	2050.3	13405.3
3275	1776.6	2004.7	12911.4
25727	1776.2	2017.1	12879.8
11704	1779.8	2004.3	13023.9
25542	1787.2	2004.8	12956.3
76529	1772.4	2039.1	13066.7
82954	1751.6	2029.6	12701.8
44592	1791.7	2027.3	13155.3
65453	1762.7	1958.3	12541.9
82920	1761.0	2006.8	12748.5
68266	1757.3	1965.7	12625.6
69531	1776.1	2002.8	12851.0
83381	1769.5	1952.6	12521.2
72352	1772.0	2002.6	12739.3
45908	1794.5	2048.9	13702.5
25375	1764.6	1971.1	12779.9
63002	1768.2	2001.1	13202.3
82038	1768.0	1942.4	12629.4
38452	1781.7	2007.8	13027.7
39400	1774.3	1980.0	13020.1
82570	1772.0	2041.4	13243.0
66225	1777.5	2009.4	12877.6
64514	1774.8	1971.2	12884.6
24327	1775.5	2047.2	13242.2
68003	1780.6	2008.9	13270.8
83375	1784.1	2048.9	13345.9
25637	1763.6	1913.4	12508.8
47544	1771.5	2040.7	12927.9
22931	1781.9	2042.3	13233.3
11906	1761.5	1979.5	12862.9
32666	1769.9	1986.7	13199.1
83736	1764.2	2013.2	12872.3
11462	1779.1	2058.7	15136.1
16689	1784.4	2056.7	13240.2
79489	1783.9	2040.6	13588.5
55150	1783.0	2044.9	13177.1
24943	1770.5	2012.6	13020.5
38118	1770.2	1975.4	12735.6
81128	1770.6	1961.3	12793.3
8201	1774.2	2094.7	12971.0
23280	1780.8	2025.0	13036.0
51909	1781.8	1985.8	13029.3
58696	1765.5	1925.0	12930.9
24508	1770.3	2027.8	12852.7
2226	1779.3	2033.1	12892.7
74128	1780.1	2035.3	13174.0
61747	1786.9	1996.3	13036.1
43684	1779.2	2068.6	13339.9
62542	1769.9	1998.3	12791.1
1173	1781.6	2038.0	13102.2
59995	1786.2	2036.1	13309.0
56957	1778.1	2054.3	13140.1
47807	1756.3	1994.4	12539.7
31062	1765.8	1980.4	12725.1
45504	1790.5	2021.2	13357.9
28894	1804.2	2132.1	13773.1
64154	1772.9	1973.0	12535.7
5423	1769.0	1978.2	12757.1
28207	1771.2	1988.2	14492.2
58363	1772.5	2026.4	12812.0
78068	1776.9	2003.3	13132.8
34578	1778.4	2041.6	13329.1
18936	1786.5	2054.6	13512.7
55193	1770.5	1980.5	12761.4
21105	1795.8	2105.5	13577.8
8560	1773.3	2031.5	12825.5
10698	1775.8	2050.9	13022.3
4835	1776.2	2032.1	12836.7
26196	1771.6	2033.2	13160.6
16375	1770.0	2000.6	12881.2
11751	1778.7	2031.1	13008.9
47619	1781.1	2006.2	12881.9
39485	1773.3	2007.6	12770.8
20692	1766.7	2004.2	12710.9
63077	1768.8	1992.2	12861.6
37453	1775.0	2018.9	13336.7
59720	1770.7	2025.2	13043.5
50999	1778.7	1978.4	12736.4
15594	1772.0	1995.4	12674.2
43147	1781.8	2026.3	13060.7
53984	1786.9	2026.9	13195.2
78458	1763.8	1996.3	12838.4
47973	1794.4	2106.3	13658.0
61486	1786.6	2035.8	12998.3
4528	1782.0	1999.1	12868.6
10979	1760.9	1962.8	12528.6
84369	1773.9	1990.7	13037.8
42778	1780.2	2043.8	12985.8
31616	1771.3	1984.8	12833.6
27449	1781.4	2053.9	13139.4
71454	1776.4	1965.4	13049.2
49338	1778.3	2032.5	12990.1
63361	1776.2	1979.9	12760.9
1013	1784.5	2029.3	13106.8
68464	1783.8	1976.6	12930.5
8924	1781.2	2059.5	13753.4
25407	1786.4	2073.2	13385.3
30272	1782.2	2069.3	13089.4
73226	1779.5	2031.7	13457.8
12015	1773.3	2025.9	12859.4
83378	1782.9	2007.6	13037.2
37549	1767.0	2029.6	12892.5
56831	1807.3	2031.3	13464.7
50929	1770.8	2007.5	13273.9
46573	1768.4	2023.1	13130.7
62867	1780.1	2036.6	13574.6
53768	1779.1	2037.9	12978.8
14340	1778.7	2002.6	13246.4
83552	1765.4	1941.7	12562.2
3857	1763.5	2001.9	12754.7
84925	1777.5	2028.1	12910.8
49281	1770.9	1997.4	12858.9
18715	1759.3	1972.4	12656.2
52619	1771.5	2031.3	13066.7
71502	1782.2	2007.9	13174.5
40792	1786.6	2042.4	13281.7
83265	1767.1	1970.8	12801.0
2370	1783.6	1990.4	12897.0
1792	1780.2	2027.7	12725.1
44897	1769.0	1985.7	12930.9
13800	1760.8	1995.2	12649.6
31436	1768.0	2005.0	12803.3
72204	1767.4	1984.2	12799.8
54010	1789.4	2106.6	13446.4
42048	1792.2	2053.5	13292.8
73549	1778.4	2032.7	13841.5
75330	1777.9	1991.7	13022.8
64471	1774.8	2006.5	12994.7
11597	1788.8	2007.3	13350.1
31014	1790.7	2099.1	13711.8
75928	1765.9	1976.6	12792.8
25716	1774.0	2030.4	12672.6
78407	1764.0	1955.3	12339.1
51257	1761.8	1922.6	12500.9
47609	1784.4	2041.7	13613.0
4171	1781.4	1997.3	13038.4
20987	1778.4	2042.4	13272.4
27536	1783.3	2029.9	13057.5
64535	1768.8	1960.7	12863.4
52989	1769.1	1968.2	12886.1
76955	1776.6	1991.3	12954.2
83295	1772.4	2013.7	13215.0
21850	1776.0	2073.4	13022.6
65851	1785.1	1999.4	13329.4
9267	1783.0	2035.2	13036.5
5005	1781.4	2027.2	13098.6
13029	1770.9	1993.4	12787.0
18188	1773.5	2000.8	12916.9
15987	1776.4	2045.1	12902.1
57298	1759.2	1959.4	12879.2
8194	1767.6	2037.6	13217.0
39987	1778.4	2056.6	13092.5
55023	1769.9	1996.0	12911.8
52675	1770.0	1957.2	12808.6
67307	1781.0	2019.7	13080.5
29145	1773.0	2036.2	13450.6
62446	1762.9	1984.0	12805.7
38877	1785.1	2059.5	13308.2
84697	1766.5	1991.7	12712.9
41074	1775.3	2034.6	12813.3
61400	1777.4	2034.9	13352.8
21072	1777.7	2055.2	13164.5
36981	1777.9	1995.5	12935.0
65777	1781.9	1988.2	12873.9
57825	1757.5	1977.2	12865.2
30030	1770.2	2007.0	12826.8
27434	1760.4	1987.2	12595.9
13606	1788.3	1994.6	13115.8
40356	1761.2	1953.5	12605.0
23304	1780.1	1981.7	13191.7
59813	1784.3	2060.7	13069.7
49368	1769.0	1974.9	12689.0
41710	1758.4	2003.1	12596.5
35082	1756.8	1961.1	12657.5
82714	1756.9	1908.7	12438.3
68909	1778.4	1997.5	12759.0
30016	1798.4	2101.5	13577.0
44022	1781.4	2016.6	12874.1
65619	1781.2	1978.3	13151.3
31780	1770.1	2066.6	13093.4
403	1768.3	2098.3	13044.2
5200	1790.2	2059.3	13304.9
72282	1770.5	1950.0	12664.3
62292	1786.9	2063.3	13432.6
38728	1767.2	1997.5	12841.6
2067	1775.5	2027.8	12846.6
52381	1781.3	1993.8	13186.4
83617	1770.3	1976.1	12851.3
77649	1774.3	2037.9	13246.6
43627	1773.0	1987.5	12821.5
84651	1762.7	1976.2	12648.0
7039	1780.0	2044.4	13171.2
62276	1780.3	2002.0	13243.4
39726	1788.1	2094.4	13826.1
44115	1786.2	2014.7	13261.1
57919	1774.8	1982.9	12963.9
49717	1763.0	1943.2	12499.0
81005	1790.7	2023.7	13364.4
36120	1781.9	2005.2	12941.2
84179	1772.3	2037.1	12898.2
83572	1779.4	2042.1	13126.2
55797	1785.8	2012.4	13093.9
41486	1787.4	2086.6	13378.2
46058	1763.0	1984.7	12626.3
73052	1769.1	1966.7	12907.0
65184	1771.9	2014.1	13106.0
63286	1767.9	1970.9	12738.8
56755	1786.8	2060.9	13405.9
22836	1763.0	1979.1	12642.5
42670	1789.7	2065.6	13915.1
76334	1772.4	1929.6	12804.2
9896	1787.6	2058.8	13194.8
5489	1771.1	2002.3	12795.2
10347	1777.6	2055.2	13367.8
51361	1758.1	1992.0	12694.5
27630	1761.1	1948.1	12739.4
75358	1770.7	1983.1	12711.0
58017	1768.7	1985.4	12852.5
20802	1781.0	2046.6	12998.9
16872	1773.6	2057.1	13171.6
57819	1771.8	1960.9	12724.0
3113	1767.9	2069.1	13060.4
65040	1765.8	2017.1	12909.3
20535	1764.4	1960.0	12544.3
63382	1776.4	2022.4	12911.4
11388	1759.6	2007.5	12494.0
62474	1783.4	2002.4	12987.7
73415	1793.8	2057.8	13528.4
45998	1778.5	1995.5	12870.8
82423	1774.7	1998.8	12672.3
21969	1775.8	2027.3	12832.5
25041	1789.1	2058.0	13208.9
77039	1778.0	2002.2	12969.3
55783	1761.4	1981.9	12887.7
76346	1772.7	2024.2	12961.4
76312	1778.5	2041.3	13250.0
22507	1775.5	2023.3	13052.5
47401	1773.0	2003.4	12973.0
54289	1786.9	2011.9	13332.5
7580	1792.7	2049.9	13640.2
31851	1779.0	1995.3	12833.9
50075	1780.8	2001.1	13076.6
47080	1768.2	1991.7	12768.7
62498	1780.7	1960.3	12714.2
38704	1784.7	2013.8	13154.5
72896	1779.1	2016.1	13090.6
20678	1758.1	1907.8	12483.6
71967	1785.0	2020.7	13248.8
24403	1791.6	2097.3	13459.1
45231	1763.0	2001.1	12885.0
76247	1764.2	2025.3	12746.4
45929	1775.2	2001.9	13356.1
77777	1768.2	1998.1	12777.4
3800	1775.8	1997.9	13007.5
68905	1771.2	1993.7	12747.2
52896	1772.5	1952.5	12835.1
7287	1756.7	1966.8	12666.6
41267	1763.3	1943.2	12418.2
48016	1789.6	2054.7	13317.1
80506	1763.6	1955.6	12649.9
20015	1780.8	1972.5	12802.2
21130	1774.4	1996.0	13199.9
46230	1774.4	2062.1	12992.2
9285	1778.3	2023.7	12993.0
80536	1764.9	1949.7	12536.7
33861	1794.4	2027.7	13204.0
64348	1774.7	1990.1	12949.0
17477	1790.2	2085.3	13476.4
17228	1793.5	2073.2	13300.3
78595	1776.4	2043.4	13174.4
31414	1767.7	1962.7	12478.0
24919	1769.6	1980.5	12657.1
65709	1773.1	1982.0	12832.9
52530	1755.1	1968.1	12553.7
17922	1780.7	1979.7	12672.5
46421	1781.8	2039.8	13024.3
47236	1750.8	1959.7	12602.6
81569	1780.4	1994.6	12941.4
46793	1775.8	2021.4	13023.3
16547	1782.7	2094.8	13360.0
16203	1764.3	2014.6	12927.1
58262	1766.8	2031.3	12794.1
74455	1781.4	2004.8	13432.4
67328	1773.9	2003.9	12815.4
41825	1791.8	2033.6	13129.0
80418	1787.3	1997.5	12844.4
16168	1772.8	2008.0	12995.7
77968	1766.2	1976.2	12600.7
13534	1768.0	1982.3	12755.6
4979	1776.9	2023.0	12998.0
20971	1771.5	2043.5	13050.4
38026	1752.3	1898.4	12403.1
34541	1787.2	2055.1	13355.4
79410	1774.1	1981.3	12957.8
61909	1758.8	1981.4	12713.5
74178	1788.8	2023.9	13101.2
15321	1775.1	2017.6	12947.6
55947	1764.1	2020.2	13088.6
35559	1774.3	1980.9	12704.1
2359	1768.2	2030.8	13127.1
74276	1786.9	2024.9	13574.9
60103	1766.8	2033.0	12918.9
72184	1779.5	2033.5	13095.6
45873	1779.3	2051.6	12937.2
22320	1775.6	2057.4	13182.1
6493	1768.3	2035.4	13015.4
30224	1786.9	2029.8	13116.4
19352	1776.3	2042.7	13155.8
35804	1777.7	2029.7	13053.7
25473	1751.0	1960.0	12506.3
15520	1766.0	1936.0	12486.9
32971	1760.1	1978.4	12632.6
50869	1780.6	2063.0	13220.0
27621	1772.0	2018.8	13148.2
48865	1786.6	1997.9	13176.8
65958	1775.4	2029.4	13216.6
7738	1783.4	2014.4	13005.2
45837	1759.5	1950.7	12518.1
63649	1779.4	1992.0	12674.8
65082	1775.2	2032.7	13229.7
78120	1774.9	2012.1	12960.3
32104	1771.2	2037.4	13016.2
9516	1781.1	2035.3	12956.4
47696	1771.8	2049.3	13234.9
22980	1779.8	2019.1	13256.1
12805	1772.2	2015.9	12989.4
77599	1771.3	2010.7	12853.9
53494	1774.3	2025.9	12851.2
72176	1761.6	1953.8	12533.2
35279	1773.4	2008.8	12777.3
74991	1784.2	2029.1	13249.3
18701	1770.5	2019.0	12834.5
70837	1778.6	2037.3	13025.6
39819	1771.0	1957.0	12762.5
51522	1777.0	2013.5	13210.5
81608	1773.7	2012.1	13020.1
54972	1768.2	1998.4	12931.6
81861	1767.0	2012.0	12796.5
56124	1770.7	2068.8	13080.5
65394	1770.4	2008.3	12891.8
63042	1769.9	2010.0	12824.1
80733	1775.1	1979.0	12879.5
13973	1782.4	2044.8	12796.7
28526	1762.5	1974.7	12763.8
79123	1762.6	1964.5	12589.7
53292	1761.1	1973.1	12487.5
4693	1779.8	1987.1	12758.0
34955	1770.9	2047.8	12809.7
63837	1766.9	1969.1	12705.8
21010	1772.6	1992.7	12791.7
70391	1752.2	1953.4	12480.1
43996	1789.0	2054.6	13167.3
2557	1782.5	2045.5	13393.5
36106	1784.6	2088.9	13640.7
33847	1757.7	1966.5	12545.6
82304	1766.3	1959.4	12639.2
70613	1767.9	1984.7	12764.0
67442	1770.0	1976.7	12767.8
28096	1758.7	1929.0	12578.4
39564	1793.2	2045.6	13351.0
75397	1782.4	2058.8	13448.3
77529	1786.4	2050.2	13205.2
48863	1775.5	2010.8	12832.2
32870	1774.3	2013.4	12970.5
31266	1762.7	1942.7	12898.5
30982	1761.5	1992.5	12606.2
67584	1782.1	2016.1	13410.4
12458	1778.6	2032.5	13398.3
42064	1777.7	2023.0	13267.4
23900	1765.0	1965.8	12597.0
36176	1773.9	2028.8	12929.2
82195	1779.4	2073.0	13372.8
1591	1780.7	2070.4	13247.8
43037	1785.8	2040.6	13576.4
8356	1745.2	1952.0	12128.8
81167	1771.9	1957.7	12881.8
42836	1756.4	1961.9	12466.9
6222	1802.9	2083.3	13953.5
11809	1789.3	2034.5	13331.2
8593	1770.7	2051.5	12943.0
80921	1789.1	2075.1	13292.2
46419	1774.1	2053.1	13117.2
37438	1786.0	2047.9	13268.8
9795	1780.7	2019.5	13256.3
73194	1775.6	1994.9	13020.4
28004	1796.9	2063.7	13710.0
13271	1749.0	1913.6	12262.6
68077	1786.3	2018.6	13071.9
12905	1767.4	2007.1	12654.0
79379	1786.4	2025.6	13439.0
6036	1759.3	1989.6	12723.5
72235	1779.4	2058.6	12990.7
68255	1779.6	2090.6	13357.1
48191	1790.9	2051.8	13390.4
83910	1786.6	2041.2	13368.6
34935	1775.5	2046.5	13269.0
44998	1776.6	2001.6	12842.4
43024	1784.5	2050.9	12963.8
50264	1776.0	1981.4	12831.1
56942	1788.2	2047.3	13665.5
12800	1771.9	2055.3	12946.8
79632	1770.9	1991.6	12859.7
37255	1769.1	2007.0	12953.4
55526	1795.9	2040.9	13439.8
59922	1767.2	1984.1	12876.9
4580	1767.7	1916.9	12505.7
73673	1764.9	1995.2	12822.7
44531	1780.2	2072.1	13397.7
25166	1770.8	1997.2	12937.4
33967	1783.8	2053.0	13166.2
75761	1767.8	2009.4	12715.2
65895	1782.0	2079.4	13718.7
13624	1777.7	2028.5	13219.9
41636	1778.4	2043.1	13158.7
21303	1776.5	2032.9	13103.5
51875	1772.3	1988.5	12861.3
58971	1763.9	1975.1	12784.6
45448	1767.0	1998.2	12725.2
37944	1769.9	1981.5	12994.8
22679	1789.7	2069.3	13729.7
24461	1776.4	2091.1	13461.0
36658	1785.6	2026.2	13294.3
65893	1777.6	2000.9	12974.9
13296	1767.2	2021.6	13015.1
63130	1770.0	1995.0	13014.2
25931	1772.4	2010.0	12891.2
59536	1771.9	1966.6	12682.7
82380	1779.0	1988.0	12875.0
39549	1768.8	2021.6	12745.0
62187	1781.2	2019.9	13404.1
23935	1784.6	2037.4	13035.5
63376	1773.6	2000.2	13083.5
84931	1784.1	2015.4	13208.8
31614	1776.8	2010.0	12881.6
24938	1779.1	2036.2	13222.1
37166	1775.9	2058.4	13130.7
76797	1780.0	1955.4	12890.6
48086	1780.8	2061.3	13556.1
33560	1778.5	1994.6	12825.3
57089	1759.6	1949.1	12607.6
43063	1756.5	2023.2	13199.5
47817	1783.2	2018.0	13101.3
54989	1768.7	1987.0	12916.2
44080	1769.2	2042.7	12922.1
43323	1787.5	2041.8	13434.7
72120	1771.5	1976.6	12847.7
9009	1795.2	2090.3	13472.8
22690	1783.1	2007.1	12999.7
59097	1780.1	2017.4	12939.6
37314	1769.6	1974.3	12681.7
9142	1783.5	1975.4	12753.7
77913	1763.5	1939.9	12876.4
79049	1770.6	1986.3	12953.1
62205	1773.9	1959.7	12797.5
11445	1771.4	2009.0	12866.5
54189	1774.5	2013.5	12734.0
67706	1775.6	1971.6	12884.8
73471	1766.8	2026.0	12904.1
25177	1770.6	2019.3	12730.0
26022	1771.9	1975.5	12841.3
10395	1760.2	1972.2	12837.9
25876	1782.3	2029.4	13171.0
45	1773.8	1964.9	12750.5
48640	1780.0	1976.9	12880.7
49414	1764.6	2000.4	12559.2
15735	1779.3	2014.9	13066.5
15683	1762.7	1982.1	12547.0
43972	1782.7	2059.2	13308.3
10777	1783.5	2101.3	13450.1
58753	1784.8	2001.8	12981.0
20524	1781.3	2017.3	12897.9
60044	1759.4	1985.1	12687.0
79921	1772.8	2011.5	13061.8
