34906	1336.9	1600.2	6147.8
16059	1351.0	1567.1	6140.5
25940	1337.8	1580.0	6106.6
30456	1340.5	1622.6	6136.9
22215	1338.1	1584.9	6300.5
16540	1340.1	1631.4	6278.5
11307	1338.8	1592.3	6215.8
18973	1338.1	1561.5	6052.6
23968	1340.6	1584.0	6052.7
22304	1355.0	1552.5	6236.0
24916	1347.9	1639.2	6424.1
5260	1331.0	1579.0	6014.9
13501	1347.6	1639.5	6444.2
32803	1336.3	1588.3	6033.7
28222	1333.5	1566.5	6220.9
9047	1345.9	1561.7	6173.9
28028	1356.0	1604.8	6374.1
16115	1342.8	1579.7	6196.6
12326	1352.2	1592.7	6195.7
5834	1336.1	1547.4	6086.6
27818	1348.7	1616.4	6312.7
21824	1342.6	1580.6	6269.0
27294	1352.5	1559.2	6168.5
26296	1347.0	1583.1	6234.3
18874	1331.5	1566.1	5921.4
26615	1360.9	1652.4	6374.3
1618	1341.3	1583.4	6071.0
25776	1341.8	1562.8	6096.1
21465	1339.8	1592.8	6102.8
8547	1359.8	1622.1	6218.6
6956	1341.4	1587.9	6242.4
25380	1334.1	1585.8	6129.1
34656	1335.6	1521.0	5901.6
17343	1341.7	1635.8	6266.7
14400	1351.8	1638.9	6761.8
27970	1330.6	1618.8	6105.4
17749	1334.3	1588.0	5967.6
26536	1346.6	1576.5	6161.6
18561	1322.6	1546.9	5962.8
33834	1346.8	1588.7	6171.8
26823	1336.1	1615.4	6095.3
33855	1335.8	1580.2	6287.6
30278	1339.3	1546.0	6069.4
19195	1332.2	1555.3	6067.7
29235	1346.9	1587.7	6273.0
8476	1338.2	1544.5	6062.6
32507	1340.4	1597.6	6078.8
13478	1334.5	1545.9	6047.8
19452	1339.4	1536.6	6092.3
9218	1330.8	1544.5	5918.0
23767	1334.8	1512.2	6016.0
22531	1342.9	1560.8	6159.2
30204	1347.7	1579.9	6299.7
10379	1328.2	1525.2	5893.9
18214	1338.4	1579.5	6028.1
29827	1332.6	1531.7	5950.4
34489	1341.6	1617.8	6254.8
16851	1341.0	1563.2	6107.7
24543	1324.5	1562.3	5947.6
34877	1332.9	1589.9	6038.1
183	1336.0	1580.4	6030.7
32397	1333.7	1565.6	6125.8
30656	1335.5	1628.0	6158.4
28806	1339.6	1597.1	6137.9
1347	1339.0	1574.3	6273.5
15241	1335.6	1554.8	6076.2
28131	1340.4	1579.5	6180.6
24176	1335.0	1567.4	6188.5
16744	1333.5	1536.9	5952.5
3144	1345.8	1598.3	6229.7
12963	1338.1	1550.1	6066.5
13555	1330.9	1573.2	5909.1
10725	1348.9	1632.7	6537.4
14319	1346.8	1621.6	6228.6
31076	1345.2	1572.8	6130.2
23787	1330.2	1537.0	5945.3
27774	1321.6	1526.1	5815.8
20403	1336.9	1572.9	6146.3
4094	1343.1	1598.2	6209.2
22475	1345.6	1569.6	6123.3
17021	1342.6	1625.3	6275.3
13859	1335.2	1624.9	6118.8
2573	1358.6	1631.2	6291.3
8180	1337.7	1590.2	6151.3
20476	1344.6	1596.3	6138.5
30401	1342.6	1491.4	6012.7
34604	1340.2	1609.1	6105.4
9343	1324.1	1537.7	5973.0
1620	1345.1	1606.6	6223.7
9906	1346.1	1611.4	6239.5
31446	1334.2	1556.2	6421.9
27459	1331.7	1565.1	6059.7
25887	1344.7	1573.1	6236.5
22182	1346.7	1611.3	6198.0
5217	1342.3	1535.5	6096.3
14279	1330.0	1584.0	5932.9
28332	1335.7	1563.1	5980.5
16445	1336.9	1611.9	6244.3
24941	1334.8	1560.7	6090.5
22409	1341.4	1549.6	6040.9
21917	1339.9	1560.5	6090.8
31333	1343.2	1589.4	6101.7
15897	1339.2	1564.9	6226.9
5604	1342.5	1561.1	6180.1
1354	1346.3	1589.3	6143.7
27843	1331.4	1510.8	5893.6
26208	1341.9	1543.0	6198.0
24842	1345.7	1534.7	6006.8
17764	1329.2	1566.6	6055.4
7602	1349.3	1632.7	6377.1
32388	1340.1	1603.5	6261.7
30759	1340.0	1583.9	6079.1
27158	1334.9	1548.5	5999.2
1325	1338.0	1586.7	6097.2
2058	1335.7	1596.9	6221.3
21444	1338.8	1536.3	6068.8
11778	1350.1	1593.3	6314.2
3969	1345.9	1610.4	6292.1
4784	1338.6	1598.3	6179.4
18504	1337.7	1559.5	6039.9
18789	1349.8	1616.7	6276.1
29966	1350.0	1638.0	6349.4
31281	1339.5	1568.5	6228.7
23047	1336.9	1585.5	6107.1
18103	1325.1	1518.1	5901.5
6102	1334.7	1518.4	6000.3
25941	1349.5	1591.1	6200.2
21013	1336.3	1581.7	6132.7
31115	1347.2	1602.1	6216.0
7347	1332.5	1545.7	5988.4
23793	1344.4	1576.6	6145.5
166	1339.9	1536.7	5916.0
20785	1349.9	1625.9	6421.0
33479	1346.8	1579.5	6184.3
12284	1338.1	1546.2	5969.7
25979	1354.6	1646.7	6564.8
32135	1337.9	1560.4	6079.5
30505	1346.4	1602.9	6286.0
8579	1338.0	1587.5	6099.7
18231	1355.5	1625.7	6359.0
26620	1337.5	1627.2	6265.1
13770	1342.3	1570.2	6137.8
26668	1361.6	1669.8	6564.3
13937	1344.5	1579.8	6352.2
12747	1353.7	1651.4	6325.6
14234	1345.0	1602.6	6202.7
4938	1347.8	1591.2	6153.0
27573	1359.2	1644.4	6648.4
8445	1337.6	1591.0	6172.5
7009	1333.1	1598.8	6069.6
29716	1341.2	1554.7	6143.0
13817	1337.4	1548.7	6129.8
25819	1329.3	1523.2	5907.8
3911	1338.8	1626.9	6274.6
83	1338.6	1581.8	6176.2
25301	1334.0	1532.3	6028.6
2379	1338.4	1576.7	6248.3
4030	1337.8	1584.6	6167.9
7993	1331.2	1516.9	5902.2
34011	1335.5	1552.2	6084.9
7911	1338.2	1596.0	6061.9
5311	1332.1	1623.6	6295.7
30397	1341.2	1552.2	6087.3
33577	1342.4	1587.8	6104.0
12215	1340.4	1613.6	6169.9
12022	1341.6	1609.2	6282.0
7575	1328.4	1551.4	5904.5
9042	1348.6	1575.0	6282.9
26248	1338.9	1576.3	6076.6
20215	1343.0	1610.8	6242.7
21762	1347.8	1556.8	6168.9
21900	1343.7	1615.2	6298.2
3928	1343.5	1605.0	6235.9
31351	1327.3	1531.8	6199.7
14891	1334.2	1591.5	6105.7
6208	1334.5	1601.7	6077.7
557	1348.6	1627.2	6358.8
2566	1346.9	1620.2	6248.9
10120	1341.5	1611.7	6204.1
6129	1331.6	1573.4	6166.5
29456	1319.8	1516.7	5830.4
1449	1337.6	1580.7	6097.0
15758	1324.4	1551.5	5863.0
10176	1338.1	1607.1	6162.4
20193	1339.6	1599.2	6173.4
3661	1331.8	1562.1	6066.1
2714	1343.5	1567.2	6165.9
27992	1344.1	1576.7	6308.5
22536	1340.7	1571.1	6083.4
16112	1337.2	1627.7	6178.2
13333	1334.8	1565.5	5967.2
27243	1349.2	1633.3	6318.5
28324	1332.7	1530.5	5942.2
28648	1353.3	1604.3	6354.7
20443	1338.1	1589.0	6108.0
22183	1339.7	1551.1	6039.0
16102	1358.2	1634.0	6576.7
16878	1357.2	1625.2	6354.4
22021	1329.0	1528.5	5929.9
33205	1343.6	1599.8	6231.7
7685	1344.0	1557.1	6124.7
5682	1340.4	1576.5	6578.4
7230	1344.3	1599.8	6185.2
2110	1335.3	1550.5	6062.3
26120	1327.7	1510.1	5886.9
364	1351.9	1659.3	6339.3
3949	1337.6	1570.8	6106.7
172	1331.4	1566.6	6012.4
20131	1348.6	1614.2	6254.1
7143	1340.8	1586.3	6086.9
9352	1347.6	1615.8	6256.7
2823	1343.9	1599.1	6263.3
24636	1336.6	1552.7	6054.2
34548	1341.0	1602.1	6188.5
25226	1335.7	1576.3	6214.2
18915	1339.8	1574.2	5987.0
31653	1342.6	1565.2	6023.6
34730	1347.2	1597.2	6240.5
24327	1338.0	1599.3	6054.3
16525	1351.1	1627.0	6415.3
4009	1341.1	1604.4	6206.3
9744	1334.7	1602.3	6243.8
20789	1332.5	1553.8	6103.4
34690	1338.6	1560.2	6110.6
30030	1340.9	1601.8	6010.5
28704	1331.9	1556.7	6064.5
31897	1340.3	1571.9	6186.2
14807	1334.7	1565.3	6204.5
25311	1343.1	1593.9	6136.5
11430	1336.3	1560.0	6092.7
16417	1329.5	1564.0	6053.5
8439	1337.7	1586.6	6093.3
4576	1340.7	1576.5	6177.8
19683	1325.8	1558.9	5851.2
18309	1337.9	1573.3	6082.5
16381	1346.0	1623.6	6252.2
15323	1341.4	1600.0	6202.7
13713	1343.5	1589.5	6160.1
29539	1330.4	1529.0	5918.7
31056	1342.7	1591.8	6178.2
1542	1337.5	1562.2	5991.3
21883	1344.6	1544.5	6071.4
16815	1336.4	1573.8	6053.5
23365	1341.2	1610.3	6078.2
22315	1343.1	1611.3	6260.5
22918	1354.4	1591.9	6199.4
22436	1337.7	1582.0	6143.6
5989	1352.7	1650.2	6275.4
22417	1326.3	1534.4	5974.4
21150	1340.8	1609.5	6469.2
13617	1332.7	1546.4	5966.5
34397	1356.2	1582.0	6279.4
20185	1343.2	1586.7	6157.3
2914	1343.8	1590.9	6129.8
28945	1341.0	1586.5	6456.1
34595	1340.8	1614.3	6264.3
14954	1341.4	1536.7	6025.6
10300	1359.8	1643.5	6519.3
24067	1333.3	1571.3	6069.3
2949	1336.0	1592.1	6106.6
28559	1330.7	1537.6	6007.6
31155	1346.4	1636.2	6916.9
23048	1329.4	1509.7	5981.7
30610	1336.6	1538.3	5923.3
6525	1334.1	1528.1	5981.7
15316	1337.2	1591.4	6052.8
24362	1331.3	1570.3	5949.9
22743	1340.3	1588.3	6125.4
4628	1349.9	1606.5	6504.9
23956	1339.6	1573.2	6062.7
17574	1346.5	1560.6	6128.6
6725	1343.7	1583.1	6225.7
34819	1340.8	1578.8	6132.6
34827	1341.7	1568.0	6164.0
29542	1346.5	1588.6	6191.9
5934	1340.1	1606.7	6147.0
11076	1345.9	1623.6	6299.1
405	1335.3	1583.0	6098.9
3674	1339.6	1561.2	6111.0
33206	1341.1	1604.8	6189.8
5488	1341.8	1626.9	6129.3
28754	1331.7	1558.7	6077.9
20289	1342.9	1612.7	6211.2
15440	1344.1	1563.8	6030.6
32585	1362.0	1657.9	6522.4
8007	1333.7	1584.6	6056.0
10598	1331.6	1568.0	5997.1
33486	1348.9	1605.1	6334.3
21530	1322.8	1543.9	5905.8
30351	1347.3	1597.0	6225.6
5566	1348.8	1640.4	6295.4
9890	1343.0	1587.9	6147.1
6981	1337.2	1639.3	6209.5
14429	1340.0	1625.7	6099.0
3140	1333.5	1594.0	6142.8
22515	1346.3	1556.1	6155.9
16891	1355.4	1602.9	6237.9
16875	1334.1	1563.9	6016.5
6029	1338.4	1597.9	6065.2
34142	1336.4	1580.6	6052.3
30622	1337.0	1544.5	5954.7
6199	1348.3	1561.7	6267.6
2860	1332.6	1577.6	6090.5
14589	1338.6	1563.5	6118.7
19780	1332.6	1549.1	5978.6
5536	1349.8	1645.9	6257.4
20438	1329.0	1543.4	6004.7
32212	1333.8	1598.1	6043.8
3447	1335.6	1601.9	5992.9
24544	1334.4	1575.9	6061.3
28780	1334.5	1558.3	5983.4
9889	1350.1	1621.2	6351.1
5666	1335.5	1579.0	6290.5
21160	1346.7	1633.5	6222.2
5059	1337.8	1617.9	6194.2
16040	1344.2	1558.7	6232.4
8418	1338.2	1618.1	6219.8
20206	1339.7	1586.5	6151.7
25719	1339.3	1580.8	6257.3
33058	1341.7	1569.4	6065.9
31409	1341.0	1612.2	6151.5
27764	1352.7	1602.6	6215.2
24419	1338.2	1571.2	6094.0
19459	1345.5	1607.0	6392.7
3053	1346.2	1582.3	6108.8
9423	1353.3	1634.0	6305.8
19118	1342.6	1557.0	6126.5
12020	1347.0	1607.3	6381.6
13976	1346.7	1587.6	6212.9
13325	1343.5	1620.8	6162.2
617	1338.4	1556.8	6223.2
3134	1345.5	1637.3	6234.4
5170	1332.9	1543.3	5969.7
28056	1358.9	1638.0	6464.6
19097	1340.9	1608.9	6105.8
28882	1335.0	1549.8	5963.3
25172	1342.7	1562.2	6159.6
20084	1341.5	1575.0	6149.4
5790	1339.8	1570.0	6026.8
15654	1341.7	1605.9	6136.1
30371	1346.7	1578.5	6196.8
13593	1338.9	1571.2	6098.2
11574	1330.3	1555.9	5920.1
1030	1344.2	1648.0	6418.4
9966	1340.1	1619.5	6131.1
16063	1350.7	1581.5	6270.0
17790	1347.3	1600.3	6268.1
8207	1342.4	1538.7	6091.4
9908	1334.0	1565.8	6173.0
29574	1343.2	1597.4	6266.7
26632	1341.3	1562.0	6201.7
2192	1336.2	1643.2	6186.5
33851	1342.5	1565.9	6104.9
21906	1347.8	1645.1	6327.4
15225	1332.6	1553.6	6088.9
29023	1335.3	1580.5	6018.7
11757	1345.6	1638.8	6486.5
28940	1341.9	1591.8	6230.8
12476	1345.3	1658.3	6554.7
10577	1345.7	1551.2	6066.4
1466	1343.4	1544.1	6122.7
33043	1327.3	1518.5	5843.4
1874	1343.2	1640.1	6129.0
29103	1335.2	1556.0	6009.2
28322	1345.0	1612.7	6250.6
18227	1345.7	1620.6	6267.8
30184	1349.6	1626.0	6303.9
23314	1340.8	1581.1	6075.7
2769	1337.4	1566.9	6222.5
8156	1344.2	1606.7	6191.8
34277	1336.5	1542.1	6051.2
10329	1337.4	1619.6	6446.6
12502	1333.4	1540.3	5917.6
26351	1340.1	1574.9	6092.0
10628	1329.8	1561.8	5898.8
2833	1343.3	1591.6	6167.2
26547	1349.2	1653.3	6444.6
22399	1357.5	1646.9	6430.2
34873	1348.6	1596.0	6309.6
34306	1340.0	1566.5	6114.7
34508	1336.3	1551.7	6105.8
11202	1329.8	1557.3	5892.9
14389	1349.4	1622.7	6354.7
25353	1338.9	1556.0	6116.9
28457	1327.5	1536.7	5923.3
31655	1343.0	1563.2	6059.0
14973	1337.1	1598.3	6039.8
16330	1342.4	1618.0	6322.4
27112	1335.0	1609.1	6101.0
24059	1327.8	1588.7	6053.5
27862	1335.4	1558.7	6102.7
3336	1341.4	1604.7	6175.9
32403	1350.9	1606.1	6254.6
20680	1349.9	1608.2	6304.1
4465	1341.9	1581.3	6112.4
8738	1344.8	1587.9	6119.6
32277	1340.0	1557.3	6128.2
14491	1343.8	1569.0	6175.8
23151	1336.6	1546.3	6003.0
5379	1332.9	1572.8	5987.8
3085	1350.0	1625.5	6316.4
16619	1353.2	1613.4	6372.2
12799	1342.6	1582.7	6112.0
25864	1331.7	1548.1	6079.0
25496	1337.8	1567.3	6148.9
11138	1349.8	1630.3	6203.1
14512	1343.1	1612.3	6199.1
34327	1343.5	1564.0	6260.0
360	1347.4	1581.8	6120.3
33777	1338.4	1564.7	6118.0
25818	1337.7	1568.2	6050.7
4692	1346.6	1633.7	6263.6
27131	1340.9	1523.6	5976.3
4379	1342.9	1608.0	6218.4
17758	1346.9	1557.8	6074.3
24710	1333.8	1542.6	6040.1
1180	1337.4	1562.2	6011.6
7852	1346.1	1587.1	6144.7
5704	1341.8	1598.5	6182.9
15410	1349.5	1619.3	6322.2
19932	1338.4	1582.5	6080.6
9668	1348.4	1580.0	6172.6
25560	1332.2	1594.8	6150.6
15520	1331.1	1532.1	5996.3
29979	1340.6	1594.0	6114.2
34596	1330.3	1557.3	6059.2
22402	1340.1	1629.0	6324.4
11817	1345.6	1583.0	6272.2
25331	1346.2	1571.2	6154.0
3631	1351.0	1598.0	6298.5
19028	1333.9	1495.7	5952.5
34922	1348.3	1619.6	6221.4
25637	1337.7	1559.8	6110.6
30398	1337.6	1571.4	6134.2
16273	1347.5	1630.2	6629.3
33817	1345.3	1641.3	6301.3
5430	1338.1	1595.5	6038.6
7134	1334.4	1574.4	6058.3
26999	1338.2	1532.0	6021.5
33244	1349.1	1608.3	6333.9
30953	1348.3	1601.1	6264.4
12602	1348.0	1574.2	6076.0
17174	1333.8	1575.6	6160.1
2431	1342.2	1590.7	6155.7
32853	1324.4	1506.1	5828.2
32056	1340.3	1641.4	6373.2
4275	1339.9	1566.8	6121.0
24560	1344.0	1561.4	6129.4
2212	1350.0	1566.9	6216.7
23010	1340.0	1632.7	6202.5
8121	1340.2	1576.9	6072.9
1623	1344.5	1577.3	5999.9
18213	1331.9	1572.0	6069.3
32573	1345.9	1603.8	6239.6
33227	1339.3	1551.1	6196.9
13342	1336.1	1532.7	6058.0
981	1330.0	1580.7	6173.3
1837	1323.6	1525.2	5910.4
34094	1341.6	1582.8	6182.0
25270	1353.0	1652.9	6459.0
7065	1334.1	1538.9	6035.8
32213	1325.6	1565.1	5910.1
11054	1343.3	1614.0	6305.9
9188	1346.1	1611.0	6435.1
22959	1339.0	1555.4	6097.0
26338	1343.5	1561.9	6166.9
12958	1332.5	1574.9	6023.6
21700	1338.6	1619.2	6146.2
10192	1355.6	1633.4	6265.5
32914	1342.5	1581.2	6246.6
5570	1321.4	1523.3	5897.7
19973	1344.7	1579.8	6114.4
21318	1334.4	1547.5	6001.7
24979	1340.5	1582.0	6139.1
25183	1345.8	1584.7	6189.4
5582	1339.1	1538.6	6097.1
1655	1336.9	1608.7	6192.8
28097	1340.0	1560.4	6083.9
2930	1346.6	1559.8	6181.0
27059	1337.3	1575.9	6098.9
31028	1342.8	1558.6	6027.6
4545	1343.5	1572.4	6253.0
1431	1347.4	1616.0	6257.5
12334	1347.1	1533.2	6237.5
13984	1335.4	1580.2	6093.1
9219	1343.4	1556.8	6099.5
2189	1343.2	1616.6	6198.6
12138	1350.9	1631.2	6344.3
12519	1341.8	1574.0	6128.1
8460	1334.9	1579.1	6110.4
14183	1356.1	1584.1	6196.9
25993	1355.4	1647.5	6427.1
20073	1346.6	1578.0	6167.8
9963	1345.3	1602.4	6340.3
5694	1342.0	1549.9	6129.5
3624	1344.7	1609.0	6116.3
17513	1344.6	1569.7	6078.0
2595	1328.3	1552.4	6032.7
1027	1337.4	1615.8	6196.4
20114	1342.9	1586.5	6258.6
11152	1334.8	1586.7	6060.9
30776	1340.2	1516.5	5988.6
9981	1339.9	1608.6	6083.4
25499	1336.3	1568.6	6677.7
1877	1345.8	1569.5	6274.9
26015	1328.2	1554.4	5920.7
7928	1351.2	1669.0	6350.7
50	1331.0	1554.1	6054.6
1092	1339.6	1567.1	6088.8
21206	1331.7	1538.9	5973.7
17115	1335.3	1550.1	5984.0
16317	1333.3	1562.6	5972.1
11461	1336.6	1563.1	6231.8
31198	1338.7	1546.2	6115.5
13436	1344.7	1526.8	6177.1
27423	1342.4	1585.1	6100.2
23733	1345.3	1578.0	6197.4
13461	1351.9	1649.6	6578.5
23191	1341.7	1580.5	6187.2
3659	1348.5	1597.3	6246.1
3599	1349.4	1601.4	6259.6
4980	1338.1	1542.0	6119.2
9046	1340.1	1600.2	6134.6
29470	1339.1	1588.1	6249.5
14573	1335.2	1531.6	6025.6
22260	1351.0	1632.1	6379.2
1286	1334.1	1628.0	6108.3
30001	1333.6	1534.6	5968.1
4623	1347.2	1579.0	6245.6
29711	1337.2	1601.0	6184.4
5061	1359.8	1650.2	6412.3
5037	1343.5	1613.6	6250.9
5443	1338.2	1579.2	6094.8
28442	1343.5	1595.7	6156.3
1903	1339.7	1571.3	6120.7
13094	1346.1	1589.0	6220.1
7359	1338.2	1575.2	6082.5
19168	1343.7	1580.7	6212.9
5186	1348.4	1574.0	6244.3
20148	1356.3	1666.7	6403.7
32681	1344.1	1579.9	6159.3
5735	1344.1	1631.9	6255.8
8999	1325.8	1567.9	5964.1
34281	1350.3	1580.8	6334.1
8224	1347.0	1646.7	6433.6
23664	1333.8	1613.5	6113.4
28137	1331.1	1566.1	6019.4
12231	1351.9	1678.1	6254.9
31475	1331.1	1547.9	6057.7
27572	1346.6	1572.4	6284.6
29680	1345.4	1597.0	6198.3
15660	1344.7	1620.3	6178.8
12941	1342.8	1604.1	6132.4
21751	1337.8	1561.2	6159.8
17338	1341.3	1538.9	5981.6
592	1335.4	1573.3	6173.3
13439	1334.5	1569.9	6010.1
2214	1337.6	1592.6	5998.5
14979	1329.8	1581.7	6133.7
26287	1350.3	1591.9	6088.2
8220	1331.0	1558.0	6069.8
9492	1341.1	1595.0	6048.2
12410	1344.3	1599.0	6220.3
30412	1340.9	1559.2	5982.7
30343	1340.0	1587.6	6100.1
5718	1354.8	1646.7	6341.5
2834	1337.1	1560.3	6023.2
34198	1334.4	1553.2	6065.6
6076	1335.8	1602.5	6392.2
8846	1333.1	1551.6	5986.0
23457	1354.0	1647.3	6365.1
2216	1350.6	1669.1	6320.2
22929	1347.2	1608.1	6247.4
28932	1338.1	1575.6	6073.2
33401	1353.6	1584.5	6146.5
12175	1339.0	1580.4	6096.0
29439	1346.6	1608.7	6266.1
33535	1347.8	1600.4	6123.4
4759	1349.0	1609.2	6293.6
27549	1352.1	1560.3	6155.2
34272	1332.4	1563.1	6002.6
11891	1340.8	1575.5	6124.9
7819	1338.3	1582.5	6005.2
16072	1337.5	1580.7	5993.2
13466	1345.3	1581.5	6158.5
8708	1326.9	1570.3	5961.0
1760	1334.0	1539.7	5966.2
25316	1335.5	1533.5	6219.8
29810	1340.1	1559.0	6137.4
10530	1342.1	1597.7	6066.7
28079	1342.4	1572.3	6157.0
31195	1334.7	1560.2	6132.2
26177	1333.9	1615.2	6135.9
26014	1343.0	1569.8	6195.2
8019	1343.2	1634.6	6509.2
23190	1347.6	1599.5	6202.1
30769	1352.3	1567.8	6240.0
19117	1333.4	1564.6	6183.6
6154	1339.8	1538.0	6086.7
29109	1335.5	1547.3	6027.7
23193	1338.6	1611.0	6176.5
13312	1343.6	1606.4	6169.7
24661	1342.8	1609.6	6156.9
29046	1345.0	1598.2	6274.7
2292	1342.2	1595.3	6123.5
28791	1344.3	1559.0	6216.9
31907	1339.0	1568.3	6315.4
13458	1345.6	1626.1	6174.9
34472	1345.7	1596.1	6179.8
5214	1351.3	1588.2	6224.1
14283	1345.3	1565.3	6609.0
4075	1342.7	1586.5	6114.1
19503	1342.7	1572.9	6148.2
31686	1337.3	1544.3	6087.6
1733	1338.9	1604.6	6119.5
9660	1341.6	1596.0	6115.3
31399	1341.2	1568.4	6098.4
4814	1341.7	1570.5	6147.3
15973	1344.8	1581.2	6066.6
20851	1333.9	1596.1	6097.2
29133	1343.6	1619.9	6411.5
32535	1332.2	1529.4	5923.8
21661	1334.1	1537.1	6048.1
19350	1344.0	1650.4	6205.4
24246	1333.0	1517.4	5989.1
6178	1327.1	1517.9	5824.9
7946	1333.3	1571.6	6117.5
11675	1338.1	1586.2	6146.0
31145	1351.4	1605.5	6232.8
28460	1335.6	1634.4	6168.7
18833	1356.4	1603.8	6288.6
17444	1335.3	1604.4	6197.8
10048	1331.3	1601.8	6011.2
23548	1356.6	1638.0	6355.5
24545	1338.1	1567.5	6095.4
15043	1346.0	1597.8	6285.3
10944	1336.0	1595.6	6180.8
10605	1343.3	1601.3	6310.3
20560	1338.8	1582.8	6001.6
12217	1329.6	1514.7	5948.1
31590	1359.8	1615.4	6358.0
33037	1341.5	1563.0	6210.6
16669	1346.1	1554.6	6212.6
17235	1348.6	1582.7	6121.1
4982	1333.2	1537.3	5967.1
26737	1341.7	1578.1	6213.9
24428	1349.7	1612.6	6266.5
29420	1341.6	1616.0	6175.2
1783	1339.2	1599.1	6199.8
15674	1353.2	1646.9	6488.1
14305	1351.1	1651.1	6361.9
7409	1338.0	1566.8	6084.4
6391	1348.2	1588.6	6252.2
4146	1345.5	1582.7	6259.9
23402	1355.8	1624.4	6264.8
13135	1328.4	1615.4	6295.0
22190	1337.6	1543.9	5913.0
16611	1329.6	1561.7	5989.2
21726	1342.7	1520.4	5980.7
14306	1341.2	1516.0	6018.1
27011	1333.6	1540.6	5914.1
24490	1343.7	1622.6	6135.0
31318	1341.7	1634.7	6201.2
34415	1348.9	1588.8	6224.8
26590	1341.7	1582.2	6187.2
25718	1349.7	1637.4	6340.6
18293	1339.6	1578.1	6056.8
17557	1340.5	1554.5	6022.7
560	1338.3	1585.2	6195.5
9685	1350.2	1627.5	6340.6
3708	1341.4	1566.2	6150.2
25623	1339.6	1545.9	6076.4
12314	1341.3	1597.5	6161.3
16898	1354.9	1629.2	6509.9
4774	1354.8	1635.0	6330.2
8158	1332.6	1563.0	5897.7
7805	1343.9	1559.0	6074.9
15681	1326.8	1541.2	5956.2
20144	1322.3	1541.5	5960.3
17277	1353.4	1628.2	6286.5
21831	1330.8	1601.3	6249.7
18769	1346.9	1563.7	6151.8
20805	1335.8	1545.4	6054.3
33896	1344.9	1609.9	6293.0
16551	1336.5	1586.8	6041.3
20923	1346.3	1576.2	6260.3
15068	1333.2	1590.9	6077.0
32634	1348.0	1628.3	6379.0
33315	1338.6	1644.9	6470.5
17009	1350.3	1658.2	6605.0
27857	1337.0	1606.6	6133.7
8751	1339.9	1565.5	6163.3
24479	1341.6	1551.0	6105.2
4966	1345.9	1570.8	6198.0
9937	1336.2	1579.7	6061.2
21620	1351.9	1596.5	6308.9
13965	1330.7	1534.7	5955.2
14808	1338.1	1652.0	6224.0
18734	1346.1	1564.6	6178.8
21985	1340.3	1610.0	6271.1
21890	1343.6	1582.0	6224.5
8558	1342.5	1611.1	6080.3
28106	1343.1	1600.2	6250.8
22009	1331.4	1604.3	6049.7
4428	1325.8	1555.4	5966.6
26064	1337.7	1615.2	6250.5
682	1345.7	1617.3	6221.4
7058	1341.1	1618.5	6168.4
21394	1349.1	1600.9	6224.7
12345	1354.3	1603.8	6292.5
17520	1343.3	1597.5	6187.5
12125	1337.9	1606.3	6260.4
20509	1337.9	1516.3	5960.6
15027	1349.0	1612.3	6177.3
6691	1346.6	1569.1	6109.2
33473	1330.2	1558.2	6070.7
33951	1341.8	1593.1	6162.8
248	1344.3	1580.2	6325.2
15619	1334.9	1522.6	5947.4
34301	1333.4	1510.8	5956.6
16921	1337.6	1556.9	6096.5
31445	1342.8	1609.5	6188.0
23442	1331.2	1556.3	5970.6
11497	1352.1	1644.6	6360.2
14096	1332.0	1607.4	6163.6
34740	1361.5	1686.6	6436.6
9705	1339.4	1584.1	6173.3
30581	1333.6	1588.6	6243.2
3893	1344.8	1618.4	6285.1
18305	1327.9	1558.9	6065.9
28199	1353.5	1615.7	6422.7
1121	1338.7	1570.8	6051.7
32437	1344.2	1597.4	6207.8
24066	1323.9	1552.6	5876.4
10301	1343.5	1607.6	6167.7
17403	1341.2	1615.1	6338.4
17451	1342.0	1584.6	6301.3
1257	1340.2	1550.0	6076.2
9277	1349.1	1629.4	6428.9
20918	1335.9	1549.1	6054.4
11263	1353.8	1639.2	6383.5
11704	1339.7	1626.7	6173.7
14297	1350.8	1576.5	6285.1
8080	1340.1	1596.6	6229.8
11308	1339.6	1549.6	6113.4
9152	1341.1	1562.8	6160.7
29276	1345.7	1628.6	6151.1
12449	1335.2	1560.1	6058.7
2875	1344.0	1570.3	6142.2
22449	1338.7	1573.1	6105.5
26958	1349.8	1641.8	6223.6
5760	1342.8	1568.0	6128.3
18248	1344.8	1590.3	6097.6
25997	1336.8	1562.6	6065.3
18307	1358.9	1638.7	6370.9
29434	1353.9	1652.0	6315.5
25112	1334.9	1554.6	6038.1
3249	1340.0	1562.5	6066.0
31233	1336.8	1538.6	6050.7
33057	1326.1	1519.5	5884.3
20177	1343.3	1595.3	6145.7
17911	1335.3	1542.9	5984.0
14058	1341.3	1590.1	6085.5
19700	1343.5	1599.5	6101.3
32625	1344.6	1661.2	6242.5
465	1333.4	1584.0	6006.1
3716	1336.7	1573.2	6112.6
29514	1337.4	1597.4	6064.9
18591	1340.9	1529.3	5988.1
27351	1343.6	1582.4	6150.4
13264	1334.1	1568.4	6087.9
12123	1325.0	1569.2	5988.0
22051	1342.3	1608.1	6137.9
4108	1344.9	1657.3	6262.1
8902	1339.4	1536.8	6016.5
13142	1341.4	1564.2	6022.1
2398	1341.1	1606.8	6256.3
26251	1343.4	1597.5	6272.7
11671	1353.7	1608.4	6290.2
23154	1329.6	1535.3	5952.6
6565	1340.3	1575.2	6059.2
9638	1342.5	1592.2	6123.4
24213	1348.2	1552.9	6141.8
26820	1331.0	1588.4	5985.8
11447	1339.4	1593.9	6055.7
1400	1338.1	1566.0	6048.8
10889	1338.9	1529.9	6039.7
18246	1350.3	1592.0	6234.0
14240	1342.8	1578.1	6188.8
14731	1325.9	1525.4	5905.0
4902	1339.7	1530.6	5969.5
33265	1344.4	1586.0	6156.8
24026	1341.4	1580.4	6150.6
17605	1336.6	1615.9	6256.4
13822	1363.0	1651.8	6562.5
23416	1336.5	1594.0	6092.7
27711	1335.8	1527.8	6468.8
817	1347.7	1566.5	6179.1
24358	1342.7	1618.9	6239.0
34544	1337.9	1550.8	6080.5
14733	1337.0	1545.1	6097.7
21877	1342.5	1589.9	6126.5
32889	1351.9	1669.7	6438.0
31672	1337.1	1567.4	6071.8
2964	1341.1	1609.1	6064.0
12085	1338.8	1561.1	5966.9
27793	1342.5	1551.9	6156.0
31509	1337.5	1556.7	6055.7
12419	1336.8	1572.9	6115.7
27224	1341.6	1578.2	6041.3
1413	1342.2	1641.7	6332.1
20275	1334.4	1549.1	5936.2
9574	1335.7	1580.9	6015.9
6593	1338.3	1571.0	6147.7
1207	1327.9	1549.9	5900.0
32706	1336.4	1569.9	6039.3
6171	1333.7	1575.5	6022.3
25122	1330.6	1532.1	5936.7
21257	1343.1	1630.2	6323.8
1934	1334.0	1559.2	6009.4
29860	1337.6	1573.1	6034.8
10042	1352.5	1613.2	6249.2
28378	1343.2	1647.9	6238.5
12034	1334.9	1545.7	6048.3
2505	1328.1	1550.1	5951.3
16745	1344.8	1610.1	6210.5
7099	1341.4	1604.7	6175.8
16954	1337.7	1563.4	6051.3
30379	1349.2	1628.2	6252.1
25760	1334.3	1562.2	6056.8
1399	1343.6	1636.1	6206.9
21888	1339.9	1576.2	6034.8
32993	1350.6	1598.1	6288.3
22886	1343.8	1588.5	6154.8
29591	1348.6	1643.2	6414.4
25508	1342.4	1586.6	6176.8
31629	1337.3	1536.5	6243.4
29214	1337.8	1537.0	6023.9
13820	1333.3	1511.8	6007.1
20607	1351.9	1595.6	6339.0
12677	1337.1	1598.6	6004.1
1019	1340.3	1527.8	5985.2
21632	1354.6	1633.4	6424.1
1865	1337.7	1578.7	6160.9
5384	1337.6	1545.1	5926.1
26419	1337.6	1586.6	6079.0
31158	1346.5	1580.1	6247.5
6333	1336.9	1533.1	5971.2
29324	1342.5	1617.2	6241.9
31156	1339.3	1577.8	6168.6
7120	1338.8	1523.3	5971.5
17592	1346.9	1621.6	6445.7
27215	1333.9	1603.3	6088.9
6513	1339.7	1566.8	6086.0
9747	1348.1	1633.5	6312.6
24484	1325.1	1522.5	5937.2
7923	1335.4	1604.6	6298.7
26265	1337.1	1555.5	6079.8
11615	1334.4	1590.4	6218.0
21429	1351.0	1610.9	6560.0
15189	1343.1	1601.3	6123.3
14413	1326.8	1593.1	6122.4
14922	1344.2	1603.5	6311.8
13215	1342.2	1555.0	6039.4
3302	1358.6	1607.9	6337.2
30747	1348.2	1615.0	6359.5
16268	1338.8	1566.1	6070.9
14960	1335.7	1565.5	6068.8
9256	1355.4	1578.0	6238.6
9737	1340.0	1546.3	6181.2
19876	1346.4	1616.7	6294.2
4699	1344.4	1597.8	6160.7
25470	1333.5	1552.0	6017.8
9145	1346.5	1603.2	6217.0
11510	1349.7	1579.5	6233.0
28532	1345.4	1593.4	6282.9
1176	1334.0	1584.4	6057.3
11754	1343.1	1535.5	6023.1
11742	1341.8	1574.8	6069.1
9529	1339.1	1585.7	6242.4
25711	1340.7	1631.4	6248.4
18446	1341.2	1576.9	6089.9
33155	1348.6	1628.6	6166.6
32825	1345.8	1545.3	6175.3
26263	1338.5	1541.1	6033.8
2224	1344.6	1595.9	6119.4
950	1329.8	1581.1	6102.0
25204	1338.0	1567.8	6029.6
18127	1330.6	1552.4	6000.6
30710	1340.2	1550.3	6058.6
9626	1354.2	1639.9	6319.6
17930	1337.9	1603.0	6150.7
12460	1345.6	1567.3	6187.2
6881	1332.0	1530.4	5962.3
16461	1336.9	1593.1	6141.0
7533	1342.3	1569.3	6078.8
32981	1350.6	1595.1	6237.9
21630	1351.8	1664.2	6540.1
9090	1343.8	1571.6	6162.1
2495	1346.9	1612.6	6347.3
18736	1336.3	1605.4	6377.9
16790	1340.8	1575.6	6328.4
9672	1339.6	1573.6	6122.2
10058	1355.2	1629.0	6280.8
20823	1328.2	1536.8	5897.0
25889	1332.0	1548.1	6199.5
30686	1340.0	1567.1	6248.7
22161	1350.8	1592.8	6164.9
23317	1338.6	1655.8	6351.0
28710	1342.1	1570.6	6153.3
18459	1339.8	1566.0	6146.2
11326	1337.9	1551.3	6078.0
27786	1347.3	1640.5	6256.9
27582	1340.1	1580.4	6148.6
16489	1334.0	1561.1	6031.9
30630	1345.4	1634.4	6432.3
7691	1330.3	1600.4	6028.3
268	1338.8	1536.2	6040.5
19472	1338.3	1605.5	6080.4
17671	1348.4	1666.3	6488.2
31385	1345.1	1592.9	6282.5
18318	1335.6	1544.7	5968.0
29558	1323.7	1471.3	5881.8
32666	1333.3	1541.7	6071.0
20841	1349.6	1600.0	6324.5
25059	1346.5	1555.5	6171.6
9296	1341.7	1569.7	6153.7
2847	1343.6	1596.9	6185.9
33386	1347.3	1621.3	6183.3
24844	1341.9	1612.7	6189.0
27241	1346.0	1605.4	6339.0
15125	1334.9	1550.3	6135.6
51	1339.2	1620.1	6242.2
17701	1347.9	1621.6	6253.4
24564	1338.0	1583.7	6104.2
15121	1335.9	1563.8	6063.6
4747	1340.7	1592.4	6080.2
624	1341.2	1606.6	6227.6
28064	1341.3	1588.9	6035.2
7283	1341.9	1597.8	6125.8
30193	1341.8	1565.4	6005.0
21534	1330.7	1569.6	6057.0
26454	1332.2	1508.0	5986.6
14468	1338.7	1614.5	6177.0
11908	1338.5	1557.3	6103.6
2027	1338.3	1592.3	6125.5
14368	1347.3	1590.0	6263.2
29212	1347.2	1637.5	6321.3
25803	1342.1	1596.7	6186.1
8152	1336.3	1602.8	6092.6
61	1349.9	1603.7	6293.9
21415	1343.1	1709.0	6567.7
5642	1348.6	1593.4	6610.1
34305	1332.4	1544.7	5965.7
30650	1341.6	1573.7	6058.9
2218	1339.8	1596.1	6159.1
1228	1341.1	1673.4	6425.8
12573	1343.0	1580.4	6117.0
33358	1337.0	1599.6	6134.9
28446	1343.6	1616.4	6254.9
17382	1350.2	1613.4	6335.7
17314	1343.7	1642.4	6431.9
27670	1344.7	1563.7	6158.8
34139	1338.2	1580.3	6014.5
11362	1341.3	1619.6	6239.8
26228	1341.3	1658.0	6525.3
12541	1325.3	1557.0	5926.4
21449	1341.5	1581.9	6105.8
19134	1338.3	1600.1	6128.7
20890	1342.2	1570.2	6054.3
12749	1343.4	1645.9	6239.5
14051	1340.4	1556.1	6178.9
28088	1341.7	1548.1	5996.3
21185	1336.3	1573.6	6125.6
24496	1342.4	1610.0	6185.4
25884	1335.4	1592.8	6408.4
29138	1328.5	1582.6	6084.2
31669	1327.4	1542.5	5994.0
21936	1331.9	1601.5	6144.9
8033	1344.9	1581.9	6196.6
13785	1334.3	1588.0	6176.3
26337	1345.5	1586.5	6154.7
13188	1339.3	1585.3	6028.6
15090	1331.2	1532.9	5952.0
19102	1340.2	1590.4	6095.8
15980	1343.9	1632.5	6268.6
2185	1340.5	1584.0	6175.1
7584	1331.1	1528.3	5851.4
19231	1342.3	1607.8	6242.5
4072	1328.2	1546.8	6009.9
206	1344.0	1587.5	6110.7
12993	1333.1	1569.6	5997.8
32173	1337.8	1549.0	6073.5
11366	1355.2	1682.8	6533.0
9377	1342.3	1639.3	6310.8
32124	1356.2	1599.5	6384.8
33272	1338.4	1598.8	6027.4
11620	1330.5	1566.4	6009.9
18066	1346.3	1604.2	6237.3
12199	1348.6	1665.4	6413.2
