53366	1804.2	2017.3	13603.7
39179	1809.3	2088.1	12912.1
11251	1810.8	2026.1	12995.4
21251	1827.4	2080.4	13272.5
80098	1831.1	2087.6	13624.9
37717	1810.2	2008.0	12993.7
29222	1823.5	2090.9	13597.0
22403	1809.6	2066.0	13095.5
64576	1814.1	2018.4	12934.2
10800	1821.4	2093.7	13254.5
35793	1820.6	2053.8	13303.4
36937	1813.3	2030.9	12962.4
85225	1835.0	2130.2	13714.4
10222	1811.1	2064.0	13181.9
73053	1816.1	2014.0	13364.7
15145	1825.0	2093.8	13451.6
72138	1814.1	2042.6	12928.8
86445	1812.7	2044.4	13235.1
20590	1819.0	2073.1	12974.7
89146	1817.1	2053.7	13225.4
48486	1821.1	2085.1	13221.8
85210	1822.1	2035.2	13169.5
68425	1827.7	2057.4	13315.7
88590	1805.5	1995.3	12847.9
78593	1817.3	2003.7	13359.5
29081	1815.3	2074.3	13219.5
24783	1814.0	1994.5	12990.3
63814	1809.4	2040.1	13111.5
44097	1837.1	2070.4	13671.7
84345	1830.7	2082.5	13702.3
36115	1837.7	2098.3	14003.6
48732	1817.4	2045.4	13202.4
21659	1825.2	2079.8	13908.9
10354	1824.1	2098.5	13343.1
58640	1829.8	2096.4	13667.4
14992	1818.8	2034.5	12973.7
8630	1812.5	2020.8	12880.9
27844	1816.4	2068.3	13163.6
88862	1822.4	2037.9	13372.2
5166	1801.5	1993.1	12624.2
79259	1816.9	2064.2	13447.1
51364	1818.0	2028.9	13157.7
3000	1819.2	2085.6	13179.5
29883	1833.8	2027.7	13236.0
28844	1829.1	2093.0	13282.9
52098	1825.9	2060.7	13361.0
87963	1813.7	2031.5	13141.9
22222	1817.3	2082.9	13172.2
51203	1822.9	2030.5	13130.6
45212	1827.1	2062.9	13347.6
49814	1818.3	2042.6	13008.6
45417	1823.4	2052.2	13230.7
89238	1827.8	2113.6	13611.9
51475	1807.8	1991.2	12787.3
62197	1810.4	1996.0	13139.1
86235	1815.6	2012.4	12946.3
22560	1824.9	2085.7	13318.3
2491	1830.5	2100.2	13410.1
83536	1816.7	2023.4	12790.1
44294	1817.4	2065.1	13516.5
75209	1802.1	1941.8	12570.6
38207	1815.3	2034.5	13214.3
19877	1826.1	2104.4	13998.3
53514	1812.8	2051.2	13081.9
61355	1823.1	2041.6	13136.7
4056	1810.6	2047.2	13117.6
4282	1812.5	2064.0	13283.4
29871	1837.0	2034.1	13183.3
28075	1815.8	2088.2	13516.7
24565	1814.0	2030.6	12977.9
3995	1821.4	2063.8	13132.1
197	1802.9	2033.0	12939.7
9787	1822.6	2051.5	13036.1
5851	1830.8	2084.8	13264.5
67403	1827.2	2076.5	13448.8
66608	1815.1	2071.9	13151.3
76380	1811.9	2067.9	13209.9
27938	1837.5	2080.6	13496.5
87800	1825.9	2053.4	13409.4
74259	1811.0	2025.5	13113.5
51161	1830.3	2097.8	14004.7
55771	1812.5	2117.2	13347.5
26604	1831.2	2157.9	13422.1
15861	1826.0	2028.3	13216.6
30674	1831.0	2074.1	13422.4
28348	1806.8	2029.4	12931.9
40136	1828.1	2147.5	13706.1
80614	1821.5	2070.9	13253.5
75754	1814.7	2010.1	13350.7
37348	1823.2	2102.3	13566.0
37380	1841.7	2050.2	13644.6
76102	1832.6	2068.2	13590.1
67001	1820.7	2071.7	13392.9
73549	1833.9	2109.1	13534.1
26153	1834.3	2121.4	13626.2
24034	1812.8	2034.8	12880.2
13952	1803.7	2020.5	12854.2
89028	1815.3	2047.5	13151.3
63426	1810.1	2075.3	12989.4
76703	1836.8	2117.4	13657.0
37982	1814.7	2063.8	13316.5
16505	1821.9	2072.6	13241.2
6133	1812.7	2060.4	13265.3
55314	1817.7	2070.8	13400.0
44100	1832.3	2059.7	13403.6
15973	1825.5	2091.8	13323.9
52562	1836.5	2066.5	13502.4
14809	1811.9	2080.0	13035.1
24651	1812.2	2068.3	13103.9
42782	1821.9	2125.3	13618.2
16010	1829.0	2069.7	13516.2
53799	1828.0	2026.8	13162.1
43411	1828.3	2083.3	13367.5
57568	1821.9	2043.5	13343.6
11558	1811.2	2069.4	13040.2
19717	1813.4	2019.6	12946.6
48883	1823.4	2068.4	13322.4
83048	1818.7	2068.0	13422.9
66860	1826.5	2072.5	13466.2
45666	1828.1	2101.2	13866.0
55164	1820.2	2038.1	13419.9
4976	1819.8	2068.6	13201.0
31858	1809.1	2098.6	13386.9
30317	1830.3	2071.0	13451.5
40433	1818.9	2095.3	13134.7
57582	1818.9	2077.7	13303.1
51379	1824.2	2059.9	13222.6
67675	1819.4	2042.7	13185.3
21299	1821.3	2088.0	13395.9
30154	1813.3	2035.7	13392.3
50068	1825.5	2053.7	13460.5
135	1815.6	2044.0	13127.1
9991	1817.6	2087.5	13268.6
39644	1815.6	2016.1	12989.4
19506	1823.3	2063.0	13327.9
28909	1830.4	2033.4	13274.3
111	1806.7	2073.9	13127.8
62105	1827.3	1999.1	13057.9
56719	1820.8	2024.5	13144.6
58282	1827.0	2051.1	13457.2
72873	1818.3	2059.6	13282.8
35098	1818.3	2068.9	13080.5
8355	1807.4	2024.8	12964.4
2823	1827.4	2115.9	13309.9
5178	1820.0	2059.2	13158.0
10387	1823.0	2032.8	13137.4
54256	1807.7	1997.4	13094.3
42389	1811.8	2073.4	13040.1
61447	1833.5	2107.1	13475.7
50679	1811.9	2038.0	13217.8
79679	1803.3	1986.3	12708.0
48728	1823.3	2060.2	13403.5
55061	1832.7	2118.0	13517.4
78040	1811.7	2042.9	12978.7
22789	1824.3	2090.6	13392.8
40547	1852.1	2128.5	13984.0
50804	1818.2	2049.2	13153.1
57847	1818.9	2082.5	13260.5
22436	1808.8	2009.3	12863.2
41016	1807.6	2062.9	12969.8
11825	1830.6	2076.0	13215.3
86740	1821.9	2023.8	13010.7
42328	1812.2	2026.6	13053.7
85857	1816.5	2019.1	13221.0
33958	1810.8	2027.6	12955.3
63453	1808.7	2062.8	13471.0
1041	1803.0	2005.8	12804.7
84394	1821.8	2063.9	13100.8
16608	1833.4	2092.3	13455.0
55587	1836.4	2117.4	13814.7
53955	1817.5	2098.1	13552.5
9168	1816.0	2095.7	13155.2
64740	1818.3	2054.9	13113.0
53633	1820.5	2062.9	13228.8
61422	1817.7	2077.5	13329.5
21758	1838.7	2153.3	13708.8
36771	1816.8	2037.1	12998.8
43250	1831.2	2094.3	13362.0
41276	1827.9	2126.5	14049.4
85985	1815.7	2018.2	13012.4
9075	1814.0	2033.4	13108.6
20710	1820.6	2069.4	13484.2
41705	1822.2	2026.5	13278.0
3819	1821.4	2093.0	13317.7
46257	1800.4	1952.2	12681.0
77919	1810.4	2029.5	12822.4
45338	1808.4	2061.0	13026.2
5750	1823.2	2112.2	13379.7
9053	1832.4	2101.8	13384.1
65008	1821.1	2059.3	13218.2
13840	1819.2	2121.5	13273.6
7344	1811.0	2025.8	13175.7
71317	1825.4	2121.9	13334.9
53192	1822.8	2071.5	13421.1
5248	1837.0	2129.7	13690.6
14774	1809.3	2057.9	13204.3
58164	1806.6	2064.2	13135.1
33101	1802.2	2017.4	12855.7
14542	1819.8	2073.7	13133.5
48210	1803.4	2017.3	12831.4
79071	1815.0	2053.9	12957.7
12743	1802.8	1997.6	12665.5
9196	1839.8	2066.2	13590.1
10621	1808.4	2027.9	13064.5
87131	1810.9	2004.8	12825.8
64854	1814.9	2020.2	13053.4
63726	1824.4	2059.5	13244.0
60771	1828.2	2017.1	13182.1
86336	1824.0	2096.0	13486.1
75036	1812.2	2048.1	13085.7
86593	1827.5	2071.8	13490.1
77486	1823.0	2024.6	13183.8
79366	1821.9	2103.5	13423.0
86036	1829.9	2070.7	13462.4
46953	1825.5	2100.7	13325.5
12792	1829.8	2112.7	13680.6
59718	1810.9	2050.0	13100.3
54190	1828.1	2039.6	13399.6
41088	1847.2	2145.3	14267.3
84236	1821.9	2033.4	12993.5
83306	1816.5	2005.9	13202.7
15551	1819.6	2011.8	13231.0
75006	1819.5	2022.8	13080.6
37404	1821.7	2106.2	14014.7
62820	1829.9	2085.4	13402.9
36841	1816.1	2034.5	12958.0
11281	1833.5	2059.0	13434.1
33055	1822.4	2059.4	13189.7
51265	1817.0	2055.4	13175.6
56166	1801.9	2009.7	12862.9
38438	1830.3	2074.9	14270.5
73697	1808.7	2039.8	13270.1
88135	1829.2	2025.4	13175.3
6642	1812.7	2046.5	13184.3
38555	1816.3	2009.9	13092.1
70434	1818.5	2006.3	12845.9
24248	1816.1	2029.1	12940.6
8371	1816.7	2062.9	13230.0
54859	1827.9	2078.7	13663.0
14617	1815.6	2057.7	13252.4
76273	1817.2	2081.7	13143.4
30239	1820.9	2076.1	13410.6
49639	1816.3	2030.7	12991.3
68114	1819.9	2034.4	13365.9
43134	1831.8	2078.3	13357.7
45438	1831.7	2066.7	13509.0
84278	1811.7	1998.4	12832.1
3525	1827.7	2058.6	13410.4
63612	1819.2	2030.7	13133.5
23889	1825.7	2092.0	13481.2
27102	1812.3	2024.2	12919.6
21707	1837.0	2153.9	13869.3
1947	1841.3	2096.5	13566.9
85289	1825.6	2072.7	13664.4
3793	1824.0	2085.5	13451.2
48927	1802.5	2025.6	13116.5
80189	1836.3	2053.6	13440.1
81686	1826.4	2063.9	13555.7
32255	1816.0	1992.8	13136.5
39994	1826.9	2059.1	13236.2
20589	1821.3	2090.5	13639.2
37839	1805.8	2031.3	12931.2
10205	1816.9	2050.5	13024.6
24775	1816.5	2082.4	13399.1
67807	1819.8	2033.4	13243.2
1712	1817.4	2033.3	12918.9
83368	1833.5	2045.7	13520.9
66976	1823.4	2064.7	13472.3
28782	1809.7	2047.9	13014.2
78079	1814.8	2065.7	13461.0
39696	1816.2	2069.7	13537.6
55963	1826.5	2076.7	13699.2
2962	1839.0	2155.3	14722.0
13960	1818.5	2048.5	13120.7
84477	1814.9	2022.1	13355.6
9938	1824.1	2025.9	13096.3
78232	1811.1	2054.0	13042.3
15787	1823.2	2049.9	13602.3
13637	1811.5	2044.4	12966.6
88350	1821.7	2052.7	13218.6
85106	1823.4	2065.4	13386.0
84766	1820.8	2005.9	13119.4
32461	1812.8	2044.7	13070.0
33566	1812.4	2001.2	12909.2
61061	1822.1	2081.1	14765.6
34532	1821.2	2115.0	13632.5
49993	1795.6	1985.2	12640.9
51935	1820.3	2038.3	13098.2
16549	1834.6	2117.6	13545.9
3208	1825.0	2104.7	13728.8
33758	1827.0	2032.4	13232.8
7880	1813.9	2052.3	13082.3
60134	1831.3	2041.9	13261.6
62286	1826.9	2018.8	13214.3
72347	1836.1	2112.9	13640.6
70715	1807.6	2011.7	12792.6
47801	1823.5	2034.4	12986.5
73959	1805.8	2000.0	12972.5
22205	1825.2	2090.4	13399.9
7873	1803.0	2039.3	12783.8
43989	1819.9	2049.3	13168.6
5630	1814.1	2050.1	13064.3
65304	1822.0	2055.8	13323.4
32887	1834.6	2096.0	13656.2
64106	1827.7	2066.8	13448.0
41039	1842.0	2136.9	13954.6
42058	1819.4	2060.6	13164.9
75775	1811.2	1986.1	13124.6
21204	1804.9	2006.5	12709.0
32631	1822.0	2069.8	13287.5
64346	1816.2	2005.6	12893.6
20190	1823.0	2051.7	13252.0
50665	1821.9	2028.4	13454.0
51361	1817.7	2056.7	13359.8
65835	1805.9	2060.6	12803.1
75758	1812.1	2028.5	12960.8
36509	1828.4	2086.8	13589.7
65631	1827.9	2107.4	13648.9
45409	1821.9	2067.9	13234.2
89413	1827.9	2081.6	13674.9
82816	1826.4	2083.5	13378.9
87781	1816.0	2068.2	13266.5
16309	1809.8	2009.8	12973.0
28551	1819.3	2070.3	13430.6
30042	1834.0	2085.9	14047.1
36614	1819.0	2095.0	13259.5
4135	1817.6	2096.5	13282.2
80646	1814.6	2032.0	12918.1
55051	1846.7	2087.8	13780.4
8757	1810.6	2060.1	13086.3
44723	1817.2	2034.2	13309.8
86910	1814.3	2046.7	13101.5
66024	1807.4	2068.8	13095.1
77837	1821.6	2065.0	13234.8
13337	1825.9	2106.3	13323.9
38495	1816.2	2092.0	13230.4
60087	1810.5	2032.2	13301.5
27769	1832.5	2089.2	13240.0
87143	1827.9	2051.7	13365.3
6303	1825.3	2117.9	13631.0
75253	1805.2	1993.2	12731.5
58811	1804.2	2010.1	12836.8
65188	1818.2	2069.8	13383.2
33447	1809.3	1997.6	12627.1
31694	1805.8	1960.4	12683.0
83314	1829.8	2056.7	14135.0
80266	1818.3	2017.0	13319.5
50407	1817.5	2041.6	13056.5
37355	1816.6	2056.7	13059.0
10645	1818.5	2134.6	13352.1
79212	1811.8	2001.7	12766.6
52643	1832.8	2129.2	13625.3
18724	1809.9	2058.4	12909.1
4768	1819.7	2052.0	13225.7
88678	1814.9	2051.5	13112.0
36523	1811.4	2024.8	12806.5
27231	1833.1	2100.4	13623.3
7564	1821.4	2087.6	13331.5
2094	1814.5	1988.9	12744.0
45205	1809.1	2026.9	13006.2
72065	1835.2	2080.0	13651.9
48654	1808.9	2034.3	12980.0
877	1800.4	2044.9	12759.2
12980	1817.0	2044.9	13362.9
78464	1826.7	2058.8	13597.9
61863	1813.9	2031.7	13275.3
34042	1815.8	2098.8	13530.3
56892	1836.9	2081.2	13482.6
1439	1803.7	1989.2	12887.2
80954	1823.5	2062.4	13152.1
45571	1831.6	2067.5	13459.6
73960	1812.5	2042.1	12969.1
61184	1817.0	2031.6	13239.0
55490	1813.1	2058.7	13084.1
57531	1817.9	2040.4	12968.7
59644	1824.6	2084.4	13437.6
28969	1819.5	2038.9	13593.9
38877	1828.7	2087.6	13463.8
42576	1847.8	2160.8	14073.1
2699	1817.4	2046.9	13098.6
8786	1811.5	2048.3	13027.2
56915	1817.2	2049.5	13388.7
83108	1819.4	2061.1	13194.9
59794	1803.7	2025.8	12920.6
30542	1834.7	2059.1	13352.7
86025	1818.0	2033.6	13086.4
82613	1811.4	1969.6	13127.5
62290	1796.5	2036.7	12910.4
64007	1808.0	1986.9	13139.3
55305	1816.1	2004.3	13054.0
43005	1832.6	2120.1	13627.7
62460	1803.6	2003.8	13120.3
3509	1807.6	2084.0	13249.9
34942	1825.2	2060.6	13243.3
32348	1783.6	1970.4	12594.4
67276	1833.6	2098.7	14199.4
80290	1824.5	2005.3	13128.3
9472	1821.4	2089.7	13060.6
89706	1834.5	2054.3	14107.1
10175	1817.9	2101.0	13298.8
17587	1832.8	2082.8	13529.8
16268	1827.0	2123.4	13458.3
38284	1807.7	1977.8	12772.9
59086	1820.2	2075.5	13186.7
7019	1817.6	2054.3	13229.2
3026	1827.3	2050.6	13492.5
36892	1807.0	2029.0	12802.3
40031	1812.7	2036.4	13079.0
70552	1819.7	2042.5	12980.8
73653	1816.7	1999.3	12898.6
43360	1844.2	2143.5	14171.7
4249	1826.0	1991.2	13128.7
10462	1826.0	2048.6	13186.6
14028	1827.5	2075.3	13485.5
3302	1824.1	2081.4	13708.5
80283	1826.7	2040.5	13528.3
27872	1832.2	2098.8	13464.3
34313	1820.2	2060.0	13366.1
77585	1807.7	1987.6	12662.4
73080	1806.7	2000.2	12726.8
17285	1824.0	2069.8	13296.3
38628	1820.1	2094.8	13566.0
48470	1818.3	2022.7	13068.4
78164	1813.8	2039.0	13047.8
14899	1819.4	2072.3	13497.5
76861	1835.3	2086.9	13947.7
59498	1826.8	2096.6	13442.9
84874	1801.2	1986.6	12997.7
67857	1800.3	2040.1	12998.7
82333	1816.3	2068.6	13263.4
80233	1796.6	2000.2	12660.6
66881	1836.7	2077.5	13588.9
33842	1826.2	2042.6	13623.7
666	1830.7	2111.4	13650.5
81194	1823.4	2072.3	13599.3
28525	1829.0	2108.0	13676.0
32611	1825.0	2103.8	13601.5
31050	1830.5	2085.4	13467.3
87477	1807.0	1996.9	12738.7
73705	1819.5	2036.0	13218.0
55666	1821.1	2041.1	13028.4
53733	1817.0	2041.7	13185.5
26351	1815.8	2055.7	13381.0
9364	1831.0	2095.2	13260.6
84275	1802.9	1990.7	12800.8
39972	1822.1	2009.2	13064.3
73030	1817.2	2083.9	13498.4
13339	1819.9	2051.7	13022.3
65279	1828.3	2026.4	13335.8
80337	1818.5	2075.9	13530.9
29715	1817.7	2060.4	13168.1
48535	1827.3	2050.4	13062.6
33677	1808.4	1992.4	12999.0
63984	1828.1	2042.3	13299.3
40404	1810.7	1994.8	13105.5
7532	1818.5	2016.4	13117.5
78940	1818.4	1998.6	13114.9
15314	1817.2	2053.4	13114.1
24218	1816.8	2011.8	12845.6
44222	1814.9	1991.8	13009.3
28577	1829.4	2106.1	13851.2
10565	1818.9	2011.7	12972.8
20074	1821.4	2051.6	13013.1
31413	1825.1	2146.2	13768.1
78873	1812.4	2035.6	13116.7
78744	1822.6	2049.3	13281.3
33507	1828.4	2069.2	13730.0
52803	1820.2	2048.0	13364.2
43059	1804.6	2039.9	13043.4
21446	1807.4	2056.0	12888.6
89674	1812.4	2017.3	12985.7
9688	1824.8	2046.9	12961.2
27549	1814.2	2029.2	12970.7
80468	1826.6	2064.3	13696.2
73158	1828.2	2108.3	13728.7
84408	1828.0	2085.2	13389.7
84220	1834.1	2081.1	13606.9
38520	1820.7	2033.0	13167.6
58772	1809.3	2048.3	12927.9
31788	1800.2	1978.8	12864.9
63906	1820.4	2028.3	13123.4
5213	1828.1	2051.5	13313.2
78316	1812.8	2008.7	13080.5
2545	1826.0	2057.3	13199.5
38741	1816.3	2074.8	13096.2
64361	1827.5	2072.6	13350.3
69143	1822.5	2053.4	13249.5
1914	1825.9	2078.1	13305.4
41597	1801.5	1997.4	12850.1
30205	1816.8	2048.7	13048.7
32368	1821.5	2090.6	13305.7
26419	1828.8	2096.4	14119.7
87981	1807.9	1967.4	12629.2
10698	1809.9	2012.4	12875.8
42157	1824.4	2061.8	13092.3
44885	1805.5	2027.7	12823.4
20570	1832.4	2142.5	13456.5
47858	1810.1	2016.1	12873.7
81772	1808.6	2022.4	12970.5
34473	1820.2	2080.1	13325.5
21252	1819.2	2050.9	12970.0
76628	1811.4	2003.6	13012.6
11249	1816.7	2056.1	13198.2
48063	1808.3	2059.6	12857.2
13232	1812.9	2033.1	13020.9
77841	1822.8	2032.0	13099.9
50101	1806.4	2035.4	13062.6
57188	1820.3	2053.6	13390.0
31098	1815.1	2090.2	13267.5
83315	1828.6	2067.6	13305.9
7992	1805.8	1989.4	12749.3
48799	1835.2	2071.3	13517.1
51788	1806.5	2033.0	12822.3
21859	1827.5	2074.5	13192.6
44871	1821.9	2091.8	13400.2
69698	1826.5	2044.8	13281.4
26553	1818.6	2040.7	13068.5
79275	1811.2	2021.2	13291.3
88241	1841.0	2102.1	13710.2
77651	1808.3	2013.7	12936.6
36066	1829.2	2132.2	13569.8
56950	1822.4	2076.3	13318.7
49758	1822.9	2033.3	13344.4
65514	1805.3	2036.1	13126.2
45415	1797.8	2021.7	12902.7
23739	1825.5	2046.9	13240.6
67866	1834.9	2098.2	13839.3
22597	1813.4	2064.8	13093.0
18464	1808.2	2043.7	13747.9
83823	1842.8	2108.6	14095.1
69766	1811.5	2019.0	12976.9
25622	1816.6	2036.7	13098.9
30731	1816.4	2080.9	13248.7
37564	1811.1	2010.0	12868.1
58193	1806.5	2051.3	13177.9
55880	1833.0	2105.1	13486.3
10490	1810.9	2014.7	12905.1
38311	1828.6	2055.9	13614.1
55646	1824.8	2048.0	13465.0
11575	1820.5	2020.2	13032.4
7105	1823.3	2061.8	13203.8
55726	1816.1	2031.1	12951.0
42820	1814.2	2041.1	13221.1
83805	1819.0	2089.2	13321.6
66807	1836.2	2082.4	13512.2
18925	1807.5	2029.0	12818.4
6271	1816.8	2102.1	13268.0
89290	1823.7	2046.9	13323.3
89940	1810.0	2027.5	12955.3
73349	1830.0	2024.4	13471.3
51700	1814.9	2049.6	13074.1
30982	1814.6	2059.2	13189.1
54530	1830.3	2085.9	13575.6
40767	1805.2	2021.9	13118.3
35554	1817.8	2072.0	13357.0
62975	1819.7	2045.5	13166.2
10454	1815.1	2055.2	13277.8
78430	1818.8	2027.4	13205.5
12781	1812.5	2053.6	13171.3
66780	1814.9	2008.0	12898.9
38693	1820.9	2020.1	13024.5
6173	1816.4	2032.6	13063.9
46172	1809.1	2030.9	13001.6
16245	1824.8	2103.4	13556.0
7300	1812.0	2023.1	12864.1
80854	1820.4	2082.3	13216.1
6869	1822.0	2050.1	13131.1
86719	1813.3	2016.3	12830.9
10086	1814.9	2071.3	13050.5
55422	1822.4	2049.4	13299.9
13990	1819.6	2071.0	13140.7
15399	1805.0	1957.2	12640.0
68488	1820.7	2029.7	13210.2
60732	1813.3	1994.6	13086.7
71734	1794.2	1994.6	13022.6
71159	1824.8	2007.3	13333.3
79526	1828.2	2073.5	13482.4
15363	1826.8	2104.5	13360.9
46138	1801.5	2024.6	13066.4
26977	1816.4	2040.0	13035.2
87200	1825.2	2076.6	13843.7
51462	1807.9	2020.7	12980.4
19911	1821.9	2074.9	13549.8
81260	1816.0	2087.4	13196.5
33487	1830.0	2088.8	13688.1
55216	1825.7	2043.3	13324.8
669	1817.5	2062.4	13290.5
70262	1813.3	2018.7	13038.5
63601	1814.7	2048.6	13142.5
40408	1822.1	2047.7	13277.4
66456	1815.4	2020.4	13142.7
5685	1826.4	2099.3	13619.7
32249	1809.2	2071.1	13305.0
49883	1838.5	2044.7	13866.5
59099	1811.9	2037.4	12921.0
80916	1811.3	2005.0	12887.1
48834	1817.1	2054.1	13206.7
51731	1810.2	2085.3	13211.8
64858	1804.7	2028.2	12765.9
74112	1818.3	2069.6	13180.3
4887	1806.2	2005.1	12997.4
63676	1823.9	2081.7	13354.4
86662	1823.9	2051.9	13374.5
26896	1818.4	2065.7	13354.0
58952	1826.0	2091.2	13307.9
42680	1826.2	2067.4	13654.6
159	1829.9	2141.5	13895.3
54945	1815.0	2026.4	13147.6
63123	1825.1	2026.3	12999.8
8191	1813.0	2053.9	13454.7
70266	1815.7	2055.1	13060.3
62990	1812.8	2044.6	13089.9
35571	1822.0	2041.6	13203.7
65607	1816.0	2065.5	13466.2
70356	1815.1	2043.1	13352.8
63808	1826.2	2059.7	13068.1
56509	1819.2	2028.3	13141.1
10883	1833.3	2069.4	13501.3
17744	1834.8	2111.9	13593.0
50118	1812.5	2090.5	13076.8
70679	1807.6	2031.8	13010.7
766	1822.3	2093.5	13583.9
84048	1811.1	2051.9	13244.6
23771	1820.9	2018.8	12944.5
47298	1823.8	2102.6	13597.1
55189	1821.9	2065.5	13292.2
79532	1828.0	2052.1	13294.3
66888	1830.4	2082.7	13865.2
11357	1803.1	1992.5	12635.1
44943	1827.2	2046.1	13434.1
49807	1821.2	2090.5	13296.1
1193	1813.3	2053.6	13043.7
5558	1826.8	2070.0	13228.0
2047	1800.9	2012.9	12565.6
48014	1814.0	2038.8	12991.6
19111	1812.8	2040.1	13313.8
89856	1823.4	2079.8	13256.2
59755	1830.7	2076.0	13453.6
79848	1811.7	1995.4	12884.2
79872	1809.6	2013.9	12875.2
68747	1834.1	2117.0	13942.4
32711	1806.4	1998.2	12869.0
57534	1819.3	2051.2	13287.0
65284	1819.2	2012.7	12847.9
44001	1829.6	2118.6	13749.8
12631	1814.4	2032.1	13094.1
74258	1818.0	2028.3	13279.5
57055	1831.2	2109.6	13553.0
8499	1805.1	1997.4	12771.8
57516	1817.5	2079.0	13208.2
65748	1813.6	2036.1	13123.7
37058	1849.5	2125.3	14031.4
40296	1827.9	2112.2	13563.5
68412	1830.5	2071.7	13499.0
62215	1811.2	2011.2	13024.3
73052	1813.4	2067.8	13337.5
39468	1817.6	2068.5	13125.0
34950	1821.9	2075.2	13134.3
86726	1824.2	2060.8	13923.0
35368	1815.8	2027.1	13070.4
18839	1805.7	2025.5	13111.4
35069	1824.4	2044.1	13198.0
26888	1820.9	2029.6	13385.7
6186	1821.5	2024.4	13301.0
45597	1823.7	2049.2	13176.1
72641	1828.6	2071.0	13527.8
83177	1812.7	2056.2	13061.2
58027	1827.0	2031.0	13302.2
28492	1831.3	2047.2	13421.5
44511	1821.5	2046.4	13497.2
11290	1824.0	2110.9	13257.1
366	1820.2	2065.6	13102.5
79234	1816.8	2033.7	13217.5
82638	1821.6	2082.6	13491.7
4022	1817.5	2045.2	13121.3
15525	1815.7	2100.1	13247.4
29427	1809.9	2014.0	12822.8
12922	1818.0	2039.8	13000.9
15262	1827.3	2082.0	13094.8
40456	1827.2	2093.8	13295.7
48731	1824.5	2079.9	13479.2
9167	1827.5	2082.5	13358.5
87032	1817.2	2106.6	13379.8
14983	1832.5	2016.8	13652.3
74428	1830.1	2066.3	13493.6
71341	1827.4	2052.4	13517.4
40611	1818.1	2016.4	13088.8
4073	1808.7	2067.8	13190.0
33111	1823.7	2092.8	13326.1
84972	1815.8	2045.7	13194.6
22021	1816.5	2060.0	13228.1
86103	1809.1	2029.5	13075.1
15208	1804.5	2008.4	12613.1
71178	1810.3	2022.0	12938.6
62649	1817.3	2026.2	13111.7
31330	1819.2	2062.5	13120.3
63204	1813.4	2062.9	13612.7
78397	1812.9	2011.2	13257.4
65164	1815.9	2056.9	13265.6
80268	1823.7	2066.5	13360.1
19099	1824.2	2069.1	13182.8
81028	1814.3	2065.4	13144.2
36054	1810.0	2021.8	12895.1
52415	1827.5	2125.5	13492.3
4241	1831.2	2091.4	13430.6
37871	1816.5	2070.8	13264.6
9731	1811.4	1987.7	12684.7
33434	1824.5	2075.3	13460.0
85575	1810.9	2036.2	13176.6
65722	1811.0	2050.3	13081.1
86965	1816.5	2018.8	13342.1
12689	1822.5	2066.6	13336.8
34643	1810.3	2008.0	12890.3
35769	1823.1	2080.6	13437.2
31806	1827.7	2087.2	13625.6
14166	1795.7	1984.6	12685.0
44230	1820.2	2027.6	13169.9
58252	1810.4	2059.9	13065.4
59945	1826.2	2041.6	13334.4
14327	1817.4	2066.6	13052.2
1505	1822.7	2097.8	13146.5
12420	1819.3	2023.3	12992.8
30664	1819.0	2045.7	13104.5
74337	1816.3	2074.5	13064.9
65798	1807.9	1990.2	12853.6
42332	1788.3	2020.3	12552.7
12380	1826.6	2078.1	13639.9
15179	1833.1	2076.8	13459.2
31618	1823.7	2039.8	13061.9
77598	1810.0	2021.9	13051.1
26404	1819.9	2044.9	13315.7
51057	1820.9	2045.4	13271.7
50595	1819.1	2081.7	13290.8
25465	1816.0	2084.3	13093.9
62934	1816.9	2014.7	12987.2
21037	1815.5	2055.4	13345.2
11602	1826.9	2043.0	13239.6
88476	1824.2	2063.2	13564.3
23806	1807.1	2037.0	13006.2
85234	1833.2	2053.0	13272.8
7170	1817.1	2058.4	13257.7
67610	1816.5	2008.7	13238.3
33290	1814.6	2047.4	13281.3
63548	1804.2	2034.6	12773.4
73555	1820.5	2049.0	13313.3
74380	1820.8	2067.7	13389.0
67737	1817.9	2053.5	13408.6
48586	1808.0	2053.9	13007.6
50466	1820.3	2003.0	13289.3
89160	1815.0	2066.7	13179.2
50082	1818.2	2024.9	13189.5
68134	1817.7	2076.8	13214.9
13218	1830.0	2115.7	13370.2
36827	1829.8	2059.0	13416.0
37940	1815.4	2056.1	13183.4
26829	1822.5	2043.0	13165.5
23548	1831.7	2103.5	13820.0
1473	1809.7	2019.4	13386.4
51618	1833.4	2049.0	13434.9
8918	1806.5	1982.1	12720.5
50032	1841.7	2100.4	13687.4
39046	1825.5	2102.7	13520.8
22678	1804.9	2048.3	13030.9
82473	1817.4	2040.1	13117.6
57686	1815.4	2010.9	12963.5
85753	1835.3	2140.9	16746.0
69744	1820.4	1982.9	13170.5
81955	1814.8	2046.0	13297.2
37691	1811.2	2004.3	12703.0
47914	1812.0	2029.5	13176.3
50055	1833.4	2105.1	13498.6
751	1811.7	2147.2	13275.0
67296	1828.3	2066.8	13447.7
61520	1820.6	2022.1	13139.2
11516	1817.7	2049.2	13071.1
54152	1830.6	2085.2	13449.5
12328	1810.1	2032.3	13122.0
72628	1824.2	2043.2	13017.0
80320	1810.5	2055.3	12991.5
58502	1830.7	2090.5	13623.2
51531	1809.4	2080.8	13269.4
55241	1829.6	2060.7	13634.8
26559	1813.2	2069.9	13087.1
76548	1830.0	2060.0	13764.8
75966	1819.0	2022.6	13206.4
65459	1804.7	2054.5	13057.5
5294	1816.0	2052.3	13001.9
337	1813.1	2051.4	13095.1
16096	1818.7	1999.8	13248.5
88719	1842.0	2090.2	13567.8
80651	1810.0	2042.3	13125.4
6225	1823.6	2041.8	13089.7
10996	1813.3	2049.5	13031.6
1059	1812.0	2057.8	13166.0
73218	1814.3	2075.8	13356.5
5580	1834.3	2132.8	13639.5
10128	1829.8	2098.0	13480.5
38024	1826.5	2109.1	13448.8
1152	1814.0	2055.8	13159.2
88611	1803.9	2047.9	13048.8
78385	1813.6	2043.4	13271.3
86911	1825.4	2072.9	13659.8
31077	1846.2	2121.1	13927.4
42691	1825.3	2053.6	13310.4
85211	1823.4	2074.1	13206.3
28211	1809.8	2054.6	12939.8
33861	1816.4	2061.8	13527.2
25308	1816.8	2028.1	13170.9
83121	1822.3	2066.5	13334.3
61822	1825.6	2080.4	13439.4
72828	1824.1	2084.6	13382.9
9865	1818.3	2037.0	13352.1
24648	1834.9	2068.3	13236.0
3204	1834.6	2092.1	13679.3
69896	1808.3	2038.8	13074.4
59542	1828.4	2061.9	13249.5
67804	1806.3	2049.8	12886.2
29430	1816.1	2048.1	13289.9
73093	1816.4	2033.9	13339.9
8316	1826.9	2120.7	13500.2
28879	1839.2	2147.5	13856.8
55251	1822.3	2067.4	13341.7
54183	1810.1	2040.9	13016.7
27800	1821.9	2107.5	13419.6
29129	1817.3	2059.7	13093.8
1570	1833.2	2103.0	13338.4
51063	1822.5	2029.7	13342.2
39912	1824.4	2069.5	13405.2
23125	1835.5	2172.3	14082.9
28270	1827.1	2067.2	13250.7
84434	1827.0	2073.6	13513.8
30905	1808.0	1979.6	12834.0
74754	1810.8	2008.2	12877.8
64427	1825.7	2106.6	13516.8
2263	1816.6	2049.4	13050.6
68884	1824.7	2076.8	13394.8
4863	1822.6	2089.0	13599.9
72965	1833.3	2117.4	16101.8
49555	1798.6	2002.3	12611.5
79019	1809.5	2025.1	13092.6
80499	1830.6	2061.7	13937.2
49688	1817.2	2020.6	13124.9
71262	1818.1	2003.2	13131.2
41006	1823.7	2070.1	13610.3
58016	1823.4	2048.5	13058.4
1425	1818.1	2059.6	12950.8
61096	1814.7	1979.9	12870.4
73149	1824.5	2106.5	13540.8
80893	1820.9	2070.2	13339.9
14338	1822.5	2069.1	13617.8
11514	1810.7	2065.6	13266.7
9271	1826.2	2112.3	13256.9
85124	1801.9	2006.6	12947.7
23800	1802.2	2003.0	13089.6
67780	1816.1	2052.3	13091.0
32467	1821.9	2061.4	13283.3
54014	1846.1	2193.8	14474.7
10327	1815.5	2074.1	13222.5
84022	1814.0	2034.8	13069.3
2675	1821.6	2064.0	13300.6
17858	1810.3	2032.3	12816.4
40489	1837.8	2060.2	13707.5
3272	1823.1	2059.0	13157.9
14197	1814.8	2046.7	13277.0
28459	1815.8	2083.4	13318.4
3572	1818.3	2094.9	13290.7
81552	1822.1	2057.8	13162.4
38724	1820.3	2021.5	13088.4
80752	1823.2	2045.6	13279.4
31903	1813.6	2062.7	13112.3
71335	1826.1	2038.6	13313.7
59394	1823.3	2066.9	13339.8
37228	1827.4	2120.0	13542.3
39434	1821.3	2021.1	13136.7
54385	1816.5	2037.7	13789.2
83120	1804.5	2030.1	12945.4
52380	1827.6	2033.6	13394.8
47503	1814.8	2026.4	13429.0
79361	1830.0	2048.3	13237.5
28575	1844.8	2141.5	13805.8
3227	1820.3	2092.6	13177.2
82926	1817.3	2056.8	13055.9
42693	1809.0	2034.6	13048.9
3378	1811.1	1999.4	12959.1
48909	1821.0	2066.0	13208.8
84380	1830.1	2093.7	13555.8
78081	1812.8	2068.1	13226.2
31218	1821.1	2080.6	13554.9
85182	1827.1	2054.3	13375.6
34519	1808.3	2002.6	12792.8
15730	1831.6	2115.7	13621.7
78457	1818.6	2034.6	13233.4
38517	1823.6	2043.3	13367.4
6096	1827.8	2056.0	13254.1
85898	1812.0	2080.1	13291.8
44016	1820.0	2074.7	13111.4
26621	1820.1	2065.8	13113.2
85787	1815.7	2069.6	13147.8
66135	1822.8	2047.1	13200.3
13139	1811.8	1981.3	12925.3
36715	1817.8	2034.1	13225.3
27868	1822.9	2061.2	13036.2
58037	1823.6	2073.2	13838.1
77077	1816.5	2091.6	13482.2
83745	1825.5	2074.0	13432.9
18789	1828.2	2116.5	13371.9
50516	1812.4	2008.1	12774.7
18591	1820.3	2008.7	12850.2
82016	1826.2	2115.7	13430.5
65244	1812.7	2014.6	13117.5
76045	1820.9	2039.3	13171.1
83219	1818.3	2043.7	13354.6
28050	1823.7	2049.2	13074.0
47203	1806.9	2007.0	12897.9
16496	1808.9	2037.3	13481.0
52587	1800.0	2022.7	13073.1
16057	1809.1	2019.8	12992.8
44774	1824.7	2054.3	13279.8
46638	1815.9	2043.8	13073.3
9185	1826.6	2060.3	13321.5
55765	1820.1	2071.7	13148.9
57318	1822.6	2057.8	13099.5
63834	1813.2	2010.2	12913.4
62165	1813.0	2070.6	13592.4
62632	1822.7	2072.8	13978.2
69439	1827.3	2059.7	13261.3
29221	1802.2	1988.3	12665.9
3289	1825.1	2088.5	13311.6
79952	1805.6	1995.7	12895.0
27862	1807.5	2028.7	12897.8
83735	1824.0	2063.2	13234.5
74887	1821.7	2054.4	13223.1
25526	1816.3	2061.4	13224.5
51047	1829.1	2065.9	13531.0
38981	1820.3	2016.0	13060.2
21121	1825.6	2066.7	13333.8
12902	1814.4	2059.3	13010.6
86164	1826.3	2139.2	13717.4
8561	1820.0	2103.2	13221.5
7343	1819.3	2090.6	13397.3
22742	1813.7	2069.8	13164.3
40328	1829.3	2097.1	13730.9
34388	1816.2	2076.9	13148.4
59427	1830.6	2121.0	13496.0
80650	1820.6	2063.7	13323.4
51097	1816.1	2026.7	13090.6
80447	1812.6	2022.2	13224.3
13498	1816.1	2015.8	12766.6
56579	1811.2	2046.7	12955.4
77816	1831.0	2101.2	13827.5
85226	1809.8	2031.4	13039.9
83920	1824.2	2081.0	13340.1
73146	1821.2	2067.5	13259.7
10326	1820.8	2096.6	13172.6
58795	1813.3	2046.1	12885.5
58631	1808.6	2037.7	13180.0
19167	1825.6	2065.4	13362.8
52049	1810.0	2010.4	12905.6
58302	1834.3	2064.6	13469.7
9063	1826.8	2117.9	13370.2
8127	1804.3	2000.6	12740.2
59143	1820.4	2043.2	13067.0
78071	1838.4	2095.7	13602.8
56492	1815.8	2006.0	13019.6
49840	1814.4	1989.8	12965.7
7118	1813.7	2057.9	13032.2
65149	1818.5	2072.9	13161.7
83769	1821.7	2125.2	13828.8
58908	1826.8	2001.6	13092.8
44265	1827.6	2098.5	13610.5
21293	1811.5	2029.5	13309.6
53386	1815.6	2042.8	13258.3
48835	1819.4	2091.2	13294.8
58445	1810.8	2009.5	12768.5
36351	1832.7	2128.4	14019.4
3978	1820.7	2030.8	13104.9
37470	1815.5	2045.0	13245.6
51605	1828.2	2072.4	13416.6
46605	1820.6	2100.9	13365.8
68031	1828.7	2089.8	13383.7
53256	1820.1	2064.0	13229.6
725	1828.6	2094.3	13479.2
31130	1807.1	2055.5	12772.9
16283	1821.7	2088.7	13611.3
34776	1817.8	2076.5	13105.2
50462	1834.0	2122.9	13882.0
47629	1824.1	2046.0	13843.2
51243	1829.5	2033.7	13400.3
24617	1812.6	2051.1	12816.4
23818	1830.6	2086.9	13525.9
73014	1814.3	2010.8	12814.9
83606	1806.3	2029.0	12947.5
19876	1817.2	2103.2	14649.5
31363	1826.0	2096.7	13475.2
40590	1821.7	2067.4	13317.6
36027	1793.4	1998.9	13013.8
25888	1811.4	2047.5	13479.5
82127	1828.5	2043.6	13424.1
34430	1819.3	2020.8	13027.9
77562	1825.3	2071.7	13463.8
