31128	2113.4	2324.8	12874.5
22805	2117.7	2372.1	13181.4
23150	2108.8	2347.4	13061.8
7216	2095.7	2325.8	12733.4
31785	2092.9	2380.7	12967.3
15534	2097.1	2340.9	13308.7
29784	2102.1	2331.2	12875.3
25548	2120.0	2397.5	13262.6
32009	2100.3	2348.0	12788.4
5344	2101.5	2382.5	12889.3
31702	2097.5	2314.4	12769.4
31316	2094.3	2309.4	12826.0
32728	2098.2	2312.2	12812.7
21351	2108.3	2292.5	13007.7
25846	2110.0	2407.8	13135.7
7188	2097.3	2296.1	12746.4
22360	2099.4	2318.3	13202.8
15228	2102.9	2356.1	12922.0
23915	2101.4	2322.5	12928.0
4481	2096.0	2374.9	12956.0
5536	2106.7	2389.6	13117.5
10278	2109.9	2369.8	13382.8
26556	2094.4	2322.6	12794.1
28208	2093.9	2340.8	12841.3
27137	2091.2	2308.9	12770.4
30256	2110.0	2355.0	13092.2
8366	2099.2	2313.7	12875.1
15266	2095.4	2370.1	12806.3
1036	2111.4	2337.8	13024.6
27860	2099.6	2353.6	13019.8
13980	2087.7	2282.4	12639.1
30615	2115.6	2404.7	13341.0
17443	2098.0	2328.8	12911.1
34313	2102.4	2342.9	13088.1
15425	2096.3	2357.5	12954.9
445	2096.2	2282.2	12789.1
11113	2090.6	2351.1	12865.7
8867	2088.2	2309.5	12874.9
15791	2102.5	2341.9	12834.8
30468	2093.6	2285.9	12854.8
27517	2109.9	2357.6	13171.8
19506	2081.0	2280.8	12486.9
32317	2106.3	2343.7	12896.2
19488	2109.8	2406.9	13268.6
12635	2098.7	2337.1	12780.5
727	2104.8	2347.8	12939.6
7241	2120.1	2347.4	13168.6
8127	2098.0	2361.6	12912.8
33406	2101.1	2334.6	13466.3
1140	2096.2	2352.7	12979.5
28480	2112.9	2334.0	12925.1
33794	2104.9	2305.6	12889.4
19016	2114.6	2346.3	13111.6
28176	2115.5	2424.3	13076.5
32968	2105.9	2365.3	13035.6
22988	2098.1	2319.9	13057.0
12113	2083.7	2338.2	12727.5
30750	2105.3	2354.2	13013.0
13335	2090.5	2316.2	12604.0
30409	2103.5	2360.4	13145.5
32501	2107.6	2389.2	13102.4
29824	2090.4	2340.0	12741.6
26263	2104.0	2338.0	12811.4
26907	2093.2	2326.7	12898.0
25506	2097.3	2333.4	12815.7
9393	2099.0	2356.2	12962.7
6465	2100.3	2305.6	12813.4
15134	2101.2	2360.6	12917.3
3693	2085.2	2330.8	12838.2
6308	2109.1	2391.4	13055.4
5166	2119.6	2367.6	13192.5
14301	2104.4	2353.6	13012.1
26809	2088.2	2334.7	12780.8
12334	2102.0	2348.2	13102.4
213	2091.3	2333.9	12814.6
19715	2101.6	2360.2	13092.7
26334	2100.6	2317.1	12846.9
20295	2099.0	2324.3	12822.9
27714	2121.9	2384.8	13220.5
6164	2092.1	2318.3	12848.2
24418	2098.5	2330.5	12706.5
30858	2104.5	2392.0	12895.5
26865	2110.5	2344.7	13020.4
12460	2102.9	2379.3	13034.5
32145	2090.5	2257.8	12800.3
26807	2094.4	2317.1	12895.2
13290	2086.2	2324.7	12739.0
29146	2091.8	2330.9	12657.6
8442	2096.5	2370.0	12953.8
26993	2100.4	2273.5	12672.0
4703	2099.8	2351.0	12824.4
20834	2105.7	2322.2	12866.2
8164	2105.6	2357.6	12911.2
11545	2104.3	2413.5	13231.2
15180	2089.3	2299.0	12789.9
6257	2101.3	2337.5	12886.5
3349	2097.8	2356.7	12828.9
5510	2088.2	2300.6	12633.3
1994	2112.7	2364.2	13075.1
21551	2081.6	2333.6	12746.8
30748	2085.8	2324.4	12820.0
818	2089.8	2291.2	12666.0
29455	2089.8	2335.4	12698.1
31883	2101.0	2290.2	12742.2
10755	2105.9	2340.5	13027.8
13388	2096.8	2378.9	12946.3
33265	2105.8	2370.2	13065.9
2810	2104.7	2328.4	12904.3
26888	2102.9	2320.1	12998.5
3164	2089.6	2377.9	12687.2
7533	2099.7	2311.8	13027.0
34470	2109.1	2326.4	13010.0
22028	2101.4	2276.3	12809.3
15284	2099.0	2310.3	12779.6
24248	2109.3	2305.4	12903.7
25006	2106.6	2337.9	12873.4
19372	2096.5	2293.6	12797.7
9845	2106.4	2358.3	12995.0
14853	2086.5	2334.8	12643.9
26445	2105.1	2279.8	12908.6
3039	2107.0	2384.5	13065.8
21069	2096.2	2345.5	12845.6
34225	2087.3	2336.6	12774.8
11424	2084.6	2339.1	12752.8
27636	2092.8	2322.0	12866.5
993	2095.0	2426.0	13094.1
32052	2104.0	2347.2	13081.1
140	2107.4	2291.3	12819.0
24915	2099.8	2351.9	13025.2
5240	2105.5	2369.4	12995.9
5220	2118.6	2355.3	13003.1
16880	2120.5	2375.6	13243.1
12723	2111.4	2468.9	13311.4
1517	2118.3	2364.6	13317.9
24825	2090.3	2348.6	12858.9
12774	2094.4	2348.2	12871.4
19142	2100.4	2336.2	12872.6
7643	2107.5	2363.4	13000.2
19558	2099.9	2341.3	12856.6
31938	2081.6	2281.0	12601.5
7882	2111.6	2318.0	13054.9
5231	2102.0	2348.1	13066.5
20498	2107.5	2376.1	13059.4
32369	2107.0	2338.7	12991.4
30794	2109.7	2353.2	13070.3
18239	2093.5	2313.8	12746.5
12652	2096.0	2331.3	12733.5
22689	2104.2	2324.8	13008.0
13703	2105.8	2338.6	12981.7
14421	2094.5	2385.0	13121.4
20858	2095.6	2342.6	12872.0
25120	2109.0	2373.1	12848.8
16870	2102.9	2359.5	12910.0
21809	2118.3	2403.0	13180.9
34102	2082.5	2296.2	12606.2
18998	2107.4	2381.7	13133.0
18020	2097.6	2356.3	12872.9
1643	2118.3	2320.7	13030.0
28639	2106.0	2328.7	13080.9
29834	2082.9	2283.7	12649.3
17461	2106.9	2354.5	13029.8
23887	2106.0	2346.9	13010.6
30939	2092.9	2301.1	12711.6
27267	2100.1	2307.1	12899.9
16677	2113.6	2353.7	13052.3
961	2091.0	2327.5	12750.2
8998	2090.8	2325.1	12594.4
31104	2087.4	2329.0	13001.0
28487	2101.2	2361.0	13059.3
34437	2102.7	2368.7	12925.4
22254	2095.2	2314.2	12905.1
31841	2107.7	2368.6	12912.0
15326	2114.8	2379.8	13291.6
20821	2099.1	2332.4	12890.2
24107	2093.3	2332.7	12819.5
7495	2105.9	2356.7	13066.2
10522	2100.8	2342.0	13000.4
1213	2102.1	2377.2	12964.1
33488	2107.5	2369.8	13101.4
26428	2106.9	2356.4	13029.9
20838	2115.1	2380.7	13097.8
2243	2100.1	2288.2	12997.7
11473	2103.0	2336.6	12956.3
23629	2100.9	2306.4	12992.7
12106	2116.2	2393.1	13161.6
12066	2099.0	2294.5	12740.4
7756	2106.1	2379.5	13022.7
6925	2100.5	2339.5	12821.8
22895	2110.6	2372.6	13019.9
22415	2113.3	2351.8	13057.7
34962	2118.2	2377.0	13079.1
19546	2104.4	2364.8	13244.8
24688	2108.4	2351.9	12908.5
28400	2115.1	2440.3	13170.3
5046	2105.5	2368.3	13145.2
6509	2095.3	2341.2	12809.4
10806	2103.4	2332.4	13147.6
6934	2096.6	2344.0	12831.7
3371	2110.2	2380.8	13188.5
29742	2095.4	2349.5	12871.0
15746	2095.9	2292.1	12892.6
27813	2105.2	2323.4	12834.2
22635	2096.5	2285.7	12728.4
20514	2087.4	2315.4	12660.9
20920	2100.3	2338.2	12797.4
18503	2095.4	2329.6	12690.5
12303	2095.7	2292.7	12793.2
16322	2103.7	2339.4	12922.3
15943	2092.3	2317.5	12657.3
25476	2095.1	2377.7	12969.3
5133	2091.5	2366.4	12907.5
22305	2090.6	2365.7	13012.9
27445	2088.3	2295.6	12860.6
1650	2092.7	2334.0	12750.5
19057	2114.4	2355.1	12975.3
12191	2103.0	2357.4	12865.7
15692	2096.6	2334.1	12862.8
29362	2113.0	2323.3	13022.1
4258	2098.3	2338.9	12923.9
32112	2107.0	2361.8	13001.9
15995	2102.6	2309.2	12828.8
6302	2091.2	2332.3	12690.9
33798	2098.0	2302.6	12790.1
24363	2099.6	2286.4	12801.8
18627	2091.5	2317.3	12663.3
6178	2105.6	2345.5	13029.7
33880	2094.8	2380.0	12788.9
2441	2115.5	2354.4	13104.5
11793	2102.4	2317.3	12922.6
29290	2109.3	2338.5	13079.9
33065	2079.8	2307.9	12535.6
26050	2102.4	2328.6	12838.9
10045	2095.8	2361.4	12849.8
22655	2117.4	2413.3	13376.7
34895	2106.1	2353.3	12847.9
6627	2095.5	2309.0	12807.1
24604	2120.7	2388.0	13228.6
12905	2103.4	2337.6	12895.6
6187	2096.6	2331.3	12752.7
18944	2099.5	2368.1	13037.6
33365	2112.2	2326.8	13028.0
24528	2108.2	2386.6	13087.9
34815	2102.3	2334.3	12903.8
26707	2112.2	2356.1	13136.4
34567	2090.5	2294.0	12717.3
13844	2095.3	2313.0	12796.4
28272	2096.1	2322.1	12810.6
8523	2092.2	2350.9	12876.6
5831	2101.3	2354.4	13045.3
28749	2092.8	2303.8	12827.3
19278	2100.9	2352.7	12894.7
31886	2103.9	2340.0	12891.8
29603	2105.0	2391.0	13126.1
34259	2093.6	2343.3	12950.7
30678	2090.7	2294.3	12686.9
26785	2102.2	2306.0	12872.3
26275	2123.5	2422.3	14013.3
3657	2106.1	2367.0	12942.0
7451	2108.6	2371.9	12984.0
14589	2101.6	2358.0	12960.2
252	2089.0	2352.8	12855.3
16256	2101.1	2362.3	13023.6
28608	2108.4	2366.5	13053.2
26916	2111.6	2351.1	13072.9
11948	2095.3	2347.1	12868.7
21291	2096.1	2342.8	12803.2
22670	2103.8	2328.7	12997.0
24424	2099.3	2317.8	12895.9
33885	2125.6	2425.3	13390.4
7923	2096.6	2332.1	12925.7
1032	2113.5	2416.2	13222.1
32834	2108.6	2326.1	12866.9
6029	2091.5	2314.2	12682.6
11722	2101.5	2346.6	13005.2
15741	2095.3	2319.4	12724.0
26873	2111.9	2458.5	13351.6
20801	2095.9	2359.6	12847.2
11615	2094.6	2304.4	12882.0
14029	2084.5	2293.3	12543.6
25671	2092.1	2364.9	12855.1
22671	2106.5	2328.4	12857.5
26379	2103.0	2320.4	12832.4
19769	2101.9	2292.9	12815.4
32730	2096.4	2326.0	12851.6
4736	2113.3	2358.2	13070.9
20595	2095.8	2351.4	12869.3
33380	2104.4	2364.9	12946.5
13798	2093.4	2319.7	12806.6
23258	2097.4	2321.1	12858.2
24412	2082.9	2312.7	12756.3
5044	2111.2	2395.8	13138.0
32757	2094.3	2301.1	12745.4
3730	2101.5	2339.4	12921.8
6250	2084.4	2334.6	12777.8
11987	2085.4	2312.3	12967.5
33763	2088.7	2274.8	12736.0
28727	2103.6	2348.9	13027.4
16741	2098.3	2325.5	12804.2
16920	2095.4	2333.9	12866.9
18332	2092.6	2328.5	12789.2
10724	2096.5	2346.1	12842.7
25117	2097.7	2308.7	12741.7
19823	2116.7	2363.3	13127.0
6499	2109.3	2381.7	12928.9
27341	2091.4	2320.0	12675.4
908	2101.8	2335.7	12817.6
28891	2096.0	2302.2	12776.5
31974	2114.8	2346.2	13019.1
5805	2092.5	2310.3	12908.0
3714	2096.3	2387.8	13021.0
26653	2100.2	2348.2	12873.4
28951	2100.0	2331.9	12918.3
33877	2097.2	2334.3	12918.7
17241	2089.2	2298.6	12657.1
8766	2120.0	2351.0	13260.8
27370	2103.5	2350.4	13032.8
26026	2085.5	2315.7	12960.5
7890	2107.2	2326.1	12888.0
11445	2103.2	2332.2	12904.5
34282	2097.2	2447.2	13148.2
18765	2085.1	2276.5	12730.8
28014	2106.3	2323.5	12895.8
13761	2099.7	2314.9	12916.5
1345	2098.2	2355.6	12907.5
10609	2108.8	2340.5	13100.4
27512	2108.5	2420.7	13835.4
567	2110.8	2372.3	12948.6
29498	2098.5	2363.1	12908.0
13994	2109.2	2422.3	13132.8
25591	2087.9	2290.5	12684.1
15786	2106.2	2373.0	13037.9
4192	2106.0	2393.5	13010.6
33075	2114.8	2363.1	13130.4
28794	2098.9	2368.7	12863.5
18230	2091.8	2364.7	12800.6
6005	2083.2	2293.9	12674.0
1458	2111.2	2353.1	13020.5
12778	2078.5	2315.3	12531.8
34046	2101.8	2317.4	12932.0
8344	2122.8	2407.2	13189.4
22571	2108.0	2347.0	13040.8
13046	2097.6	2356.0	12860.3
27201	2100.1	2338.7	12913.7
6137	2113.5	2334.2	13015.1
3340	2094.0	2367.1	12858.3
18075	2104.2	2331.9	13047.3
15874	2105.4	2361.1	13089.9
30573	2099.4	2345.0	12910.6
16327	2100.8	2334.4	12970.8
26717	2086.6	2336.7	12726.6
10695	2108.7	2353.7	13062.4
9331	2104.6	2302.5	12924.4
33446	2102.5	2342.5	12898.9
18285	2100.1	2318.2	12879.9
18731	2109.0	2384.3	13120.2
21172	2102.8	2335.5	13005.9
3047	2094.6	2334.4	12901.8
13043	2099.8	2326.5	12863.2
22377	2106.0	2432.0	13540.1
722	2090.2	2319.2	12649.5
28901	2080.5	2307.8	12671.2
385	2099.6	2373.8	12968.3
11745	2097.2	2380.2	13051.5
21607	2101.2	2384.1	12934.2
3431	2093.9	2289.6	12719.7
28838	2108.2	2315.1	13008.3
8981	2096.1	2357.5	12866.8
32104	2093.2	2371.6	12911.7
3065	2097.4	2348.5	12949.1
27657	2099.3	2366.2	12901.3
18712	2099.0	2316.9	12722.9
16658	2086.3	2315.1	12652.6
21675	2099.9	2326.9	12838.8
13831	2085.9	2328.5	12685.6
17039	2098.1	2369.5	12894.0
30649	2100.7	2325.3	12907.7
25315	2096.8	2308.9	12751.8
34565	2099.5	2304.4	12918.1
30812	2106.1	2346.5	12920.4
11446	2112.3	2376.1	13048.9
32295	2104.0	2375.7	13074.5
34508	2096.8	2334.6	12781.2
7814	2094.5	2327.9	12923.1
864	2102.2	2336.9	12799.2
2759	2104.4	2401.6	13125.0
13117	2102.1	2310.8	12877.2
20213	2114.3	2402.2	13130.7
13638	2094.6	2268.9	12771.3
7137	2082.9	2300.0	12759.8
9018	2115.6	2343.6	13214.5
8613	2093.0	2325.5	12745.6
12678	2101.4	2361.3	12839.2
12282	2104.0	2395.1	13037.6
5494	2114.1	2367.6	13055.8
9932	2096.7	2327.4	12848.3
14414	2114.8	2392.7	13240.3
3691	2107.1	2361.5	13151.6
14426	2109.5	2370.3	13130.5
1048	2114.0	2405.4	13202.3
8983	2106.5	2313.8	12957.5
23643	2091.8	2313.7	12841.7
2492	2104.1	2343.7	12941.4
20543	2104.6	2352.3	13119.8
8947	2109.1	2343.8	12971.0
11365	2092.6	2334.7	12844.8
4852	2106.8	2373.7	13130.7
15905	2079.8	2307.0	12696.2
8794	2095.6	2314.1	12908.5
8670	2103.0	2340.3	12964.0
920	2104.0	2315.7	12950.7
30040	2091.5	2329.5	12809.1
2371	2089.9	2309.6	12774.1
32541	2104.2	2401.1	13030.3
16691	2108.2	2358.3	12948.3
20165	2109.0	2376.0	13100.8
20390	2102.5	2372.5	12956.1
26196	2102.6	2383.3	13089.7
32325	2095.3	2312.9	12732.5
22941	2090.9	2352.3	12858.6
20183	2110.5	2360.9	12905.4
2986	2090.4	2373.6	12850.3
9296	2092.9	2334.0	12738.2
8655	2095.8	2335.4	12878.4
20835	2096.0	2315.7	12822.3
470	2108.7	2386.2	12986.8
34966	2092.8	2300.6	12780.5
16610	2113.7	2357.2	13008.1
7742	2106.5	2444.6	13288.3
9239	2117.0	2384.2	13232.9
14535	2099.8	2373.1	12926.0
3665	2097.9	2366.2	12753.1
15322	2105.2	2366.6	12946.5
9224	2111.4	2370.9	13044.4
31485	2105.3	2334.5	13049.7
22508	2104.8	2336.2	13027.2
9779	2100.2	2314.1	12951.4
22389	2087.0	2346.6	12882.6
22118	2100.3	2341.5	12805.4
21719	2109.1	2375.4	12977.5
17368	2105.8	2349.1	13354.4
29177	2114.8	2374.4	13163.1
31763	2100.5	2349.4	12810.5
23601	2115.7	2361.3	13031.1
34195	2102.7	2332.7	13026.6
24265	2102.1	2326.2	12925.0
11988	2101.3	2334.6	12822.3
25742	2114.6	2364.5	13065.2
13293	2106.9	2378.4	13032.8
22049	2106.7	2361.4	12875.9
19667	2096.1	2347.6	12908.1
33801	2110.9	2367.2	13133.6
32119	2110.1	2369.2	13041.7
7895	2100.1	2295.0	12863.4
32708	2104.0	2356.3	12887.1
32601	2117.5	2376.9	13155.7
27413	2109.5	2349.9	13197.6
7683	2113.3	2399.5	13380.5
4763	2110.1	2311.2	13084.0
12430	2100.1	2375.8	12818.2
4134	2113.5	2345.2	12936.8
6933	2082.5	2299.9	12687.1
5634	2086.8	2325.2	12735.5
28281	2106.4	2335.0	12887.9
29693	2108.0	2385.9	13088.3
31509	2102.9	2384.4	13159.4
8055	2084.7	2361.0	12795.1
23329	2105.9	2442.3	13076.9
20462	2086.8	2302.4	12707.4
9654	2087.5	2328.0	12834.1
7136	2106.1	2376.0	12879.2
31448	2088.0	2316.5	13069.2
7106	2117.9	2339.9	13251.4
19712	2099.6	2319.0	12823.5
28822	2116.2	2356.0	13016.1
22273	2107.3	2336.7	13074.3
1927	2093.8	2361.3	12786.2
34001	2118.2	2409.3	13479.7
2635	2096.3	2335.8	12914.4
30002	2109.2	2378.4	13862.3
12097	2119.2	2359.0	13190.9
16519	2110.9	2353.9	13005.6
3309	2100.0	2322.8	12895.6
34702	2094.1	2312.3	12762.1
5132	2104.5	2328.5	12944.6
23477	2115.2	2390.6	13133.7
2065	2108.9	2359.1	13048.5
24770	2092.0	2266.0	12589.6
33548	2114.0	2321.3	12957.9
29735	2097.2	2335.2	12981.8
1290	2085.9	2279.9	12602.0
10162	2099.4	2387.4	13142.4
9460	2107.6	2318.0	13016.2
12350	2095.6	2350.6	12913.0
9110	2108.4	2349.9	13121.3
22380	2088.1	2296.2	12696.1
22224	2106.8	2295.8	12972.9
19572	2118.8	2431.1	13212.4
7977	2102.5	2343.7	12848.5
23761	2118.2	2386.0	13120.9
26049	2098.2	2320.7	12731.0
20210	2095.4	2287.9	12730.3
9385	2097.3	2298.6	12862.0
12537	2095.1	2338.3	12901.2
12722	2103.4	2316.2	13063.0
11552	2102.8	2347.1	12964.7
31521	2087.8	2344.5	12798.9
10548	2089.7	2357.1	12836.1
32445	2091.5	2326.1	13026.1
18323	2106.3	2344.3	13087.4
31234	2098.5	2319.1	12908.6
27912	2099.3	2338.0	12917.8
16896	2101.9	2345.1	12891.2
26188	2089.4	2324.2	12759.3
2705	2086.7	2298.6	12704.8
11944	2098.9	2401.3	12921.7
17297	2107.5	2322.8	12903.3
24272	2117.2	2370.7	13216.8
2693	2107.6	2354.2	12989.1
19075	2099.5	2352.3	12806.9
7478	2093.7	2298.0	12603.1
1694	2099.0	2334.9	12959.8
28731	2086.5	2311.8	12766.1
14987	2106.5	2344.5	12951.4
7838	2098.8	2355.3	12915.7
25151	2093.0	2316.7	12781.2
14156	2103.6	2377.3	12969.2
7327	2102.3	2312.7	12743.6
4707	2102.3	2373.4	12953.5
1649	2095.1	2365.0	12834.3
10812	2102.4	2385.5	12916.4
5090	2099.5	2373.8	12882.5
10737	2106.9	2287.1	12825.8
31543	2102.6	2399.9	13206.8
34165	2091.5	2322.1	12752.7
18511	2098.5	2289.9	12751.4
27024	2096.9	2329.4	12991.1
34151	2094.0	2310.8	12703.7
28172	2095.7	2330.7	12954.4
28688	2097.1	2358.2	12922.0
34339	2102.3	2283.6	12825.5
29839	2099.6	2327.7	13104.1
19050	2100.2	2320.0	12882.8
10673	2091.5	2376.2	12856.9
26025	2101.5	2346.8	13078.0
33791	2095.9	2291.7	12764.7
16010	2096.9	2347.2	12811.4
16397	2094.9	2272.0	12708.9
34008	2105.4	2344.3	13026.2
304	2123.5	2409.7	13142.3
26642	2099.3	2330.9	12847.5
10249	2112.4	2334.7	13121.5
28066	2097.8	2292.1	12766.1
34337	2104.1	2353.0	12947.9
10785	2105.6	2344.1	13006.9
19721	2102.3	2368.6	12915.9
9682	2093.8	2270.8	12788.6
5185	2095.6	2345.1	12890.6
13654	2087.1	2344.7	12655.4
34484	2097.8	2334.8	12815.6
5006	2100.5	2338.1	12688.8
7138	2101.1	2370.1	12883.0
32752	2096.6	2355.8	12866.5
22826	2090.0	2353.3	12940.4
10506	2098.9	2319.9	12960.9
15879	2083.9	2311.0	12924.0
33420	2095.0	2325.2	12833.9
3679	2110.4	2388.1	13128.3
9829	2097.8	2345.0	12793.6
21505	2103.9	2329.5	12805.3
24273	2105.5	2375.5	13178.5
10332	2090.3	2343.8	12867.2
1246	2101.1	2381.5	12898.7
30566	2093.9	2310.6	12752.1
25518	2116.5	2389.2	13551.8
18152	2093.3	2353.8	12845.4
25842	2110.1	2396.7	13122.7
819	2110.1	2352.4	13004.9
24804	2102.3	2366.8	12935.4
23565	2113.4	2373.2	13129.7
19835	2083.3	2314.2	12661.2
13008	2094.4	2342.4	12879.6
18897	2097.8	2332.2	12865.3
12125	2094.4	2317.2	12740.0
26501	2111.1	2418.7	13218.3
2557	2110.1	2419.4	13087.6
11846	2088.6	2291.8	12682.6
24140	2099.1	2354.0	12901.6
32174	2096.9	2302.3	12678.1
14444	2099.1	2320.1	12913.9
8068	2115.5	2376.5	13105.7
22849	2108.3	2357.9	13001.5
8953	2089.8	2251.9	12603.9
3840	2097.7	2356.7	13082.4
4712	2093.8	2350.6	12839.6
2323	2104.8	2342.6	12911.7
11030	2088.1	2307.5	12677.8
7027	2113.7	2371.0	13135.3
5143	2095.3	2371.3	12887.2
19763	2100.8	2319.4	12865.8
16448	2105.6	2336.5	12899.8
8789	2086.3	2344.7	12682.0
26065	2089.7	2314.4	12788.1
15621	2093.4	2294.2	12805.4
24696	2098.9	2359.0	12886.1
21142	2111.3	2316.0	12949.5
6713	2095.1	2333.2	12750.1
17943	2106.5	2351.0	13058.1
16	2097.3	2321.3	12801.3
32334	2097.2	2283.5	12781.9
19910	2095.2	2348.4	12729.4
25418	2105.5	2356.8	12928.6
2207	2098.4	2340.0	12847.5
4836	2091.7	2305.3	12605.8
34743	2096.3	2323.8	12889.9
17795	2094.6	2320.2	12806.2
13247	2112.8	2410.8	13360.9
11549	2107.8	2432.9	13349.3
29480	2101.7	2306.6	12849.5
20469	2112.3	2409.2	13172.4
26183	2113.3	2374.1	13092.7
780	2104.2	2374.6	13032.1
28262	2095.9	2293.3	12820.3
4004	2103.1	2312.6	12767.1
10720	2108.6	2306.4	12941.6
12703	2086.7	2324.0	12779.2
30203	2112.1	2379.1	13027.2
5266	2095.4	2339.7	12947.3
539	2096.1	2342.4	12830.7
15669	2096.4	2316.1	12818.2
23524	2109.9	2356.6	12976.7
21120	2104.7	2336.0	12749.1
19346	2107.2	2407.2	13048.5
25983	2101.3	2366.2	13064.1
22278	2096.4	2338.4	12892.4
6217	2087.4	2260.8	12528.3
34410	2100.7	2342.8	12910.8
1948	2101.4	2314.6	12851.8
34969	2091.1	2338.6	12756.4
20451	2106.1	2376.3	13029.1
8001	2088.5	2296.4	12860.0
21811	2076.5	2319.7	12681.4
29502	2096.0	2318.5	12768.5
16994	2098.5	2352.8	12915.0
34293	2085.6	2298.5	12697.0
1347	2100.6	2365.2	12762.3
1112	2107.4	2382.2	13047.2
18667	2100.9	2347.0	12962.3
6003	2090.6	2359.8	12849.9
13186	2109.4	2349.9	13051.3
29789	2090.7	2327.6	12687.2
494	2094.1	2301.4	12884.2
17508	2112.6	2370.6	12943.5
30336	2091.7	2364.5	12869.0
31062	2094.5	2317.1	12874.6
26640	2105.1	2354.8	12947.0
5110	2108.3	2335.7	12918.9
13017	2101.2	2300.9	12894.6
31306	2119.5	2372.6	13170.0
10861	2103.6	2327.8	12976.8
32315	2102.5	2404.3	12993.7
21261	2100.2	2356.2	13065.7
19776	2104.4	2316.4	12942.3
2091	2106.8	2351.5	13129.0
8937	2110.6	2429.9	13032.7
11604	2111.2	2348.7	12932.5
26668	2101.0	2317.6	12774.1
21967	2114.1	2352.5	13057.3
31724	2093.4	2325.8	12706.8
34306	2111.4	2438.9	13033.4
9292	2115.9	2444.0	13267.2
27204	2092.0	2355.0	12750.7
4170	2110.5	2317.4	12961.7
2435	2103.8	2401.7	13449.1
5702	2107.6	2390.2	13189.9
7803	2095.8	2391.4	12944.6
6908	2101.7	2388.9	13081.1
23723	2091.4	2328.0	12911.7
3736	2092.0	2327.1	12766.7
16678	2100.0	2378.8	12974.4
22798	2096.4	2337.9	12829.8
21843	2086.7	2311.4	12797.4
27798	2102.6	2367.2	13008.0
12266	2089.4	2301.7	12651.2
25820	2105.1	2328.6	12871.3
16228	2099.4	2404.9	13117.5
34876	2107.2	2308.1	12907.7
17123	2108.9	2385.9	13040.7
25395	2084.4	2314.8	12673.3
399	2104.8	2349.2	13037.3
15458	2118.3	2358.5	13318.4
27177	2091.0	2272.7	12675.5
23941	2112.3	2367.6	12897.8
12631	2092.2	2357.6	12818.4
11574	2093.3	2355.7	12801.2
5948	2104.1	2316.6	12900.6
16834	2100.9	2294.9	12902.6
9895	2091.8	2347.4	12949.3
24751	2104.7	2359.3	12996.9
20501	2100.0	2348.4	12817.5
17386	2093.0	2329.6	12865.5
14689	2099.9	2271.1	12790.6
34070	2100.7	2346.0	12853.3
28453	2111.2	2408.8	13055.7
12629	2104.1	2396.9	13126.1
18328	2103.3	2357.4	12901.6
27115	2100.7	2293.3	12812.9
13348	2120.5	2378.7	13150.3
9083	2091.6	2306.2	12827.0
2535	2096.5	2390.1	13054.3
29826	2098.8	2353.2	13537.8
25762	2084.9	2309.7	12764.4
16176	2103.6	2322.3	12826.4
1263	2113.7	2347.5	13381.8
21731	2110.2	2361.7	13053.4
169	2094.9	2346.6	12738.0
32010	2089.9	2269.0	12772.1
18170	2087.4	2350.0	12778.9
34858	2101.9	2371.4	13022.8
3289	2091.7	2329.3	12788.7
25757	2084.9	2370.9	12763.8
16585	2105.7	2392.3	13091.7
18370	2091.0	2407.7	12871.7
23985	2100.0	2325.6	13040.7
20649	2112.2	2382.6	13421.3
33375	2105.2	2317.8	12888.8
15120	2095.7	2309.7	12659.1
34666	2100.1	2309.2	12871.1
34419	2093.3	2299.9	12718.4
23123	2100.0	2319.7	12911.3
17304	2112.4	2369.9	13003.1
19163	2103.8	2369.5	13090.6
30141	2106.0	2355.9	13058.3
26942	2099.3	2326.9	12895.8
26170	2116.0	2362.2	13113.2
23514	2084.4	2297.3	12641.0
9722	2111.8	2315.6	12968.4
17787	2100.4	2341.9	12921.7
31476	2105.7	2355.9	13202.6
4461	2109.4	2347.3	13120.1
2670	2095.3	2340.6	12867.0
4646	2104.2	2379.4	13067.5
21323	2109.5	2441.2	13118.9
11674	2087.1	2326.0	12904.6
31080	2120.0	2405.0	13293.5
24029	2103.4	2371.6	13030.8
8899	2099.0	2378.3	12984.1
7302	2095.2	2293.1	12767.6
23949	2100.1	2313.8	12838.1
1709	2099.9	2346.7	12849.0
26885	2094.1	2345.6	12883.6
8793	2102.9	2353.0	12866.5
26212	2098.6	2313.5	12881.1
5075	2091.1	2331.0	12912.2
25843	2100.4	2336.0	12888.2
30290	2115.6	2339.0	13122.2
19146	2100.7	2354.3	13037.7
33952	2103.7	2348.4	12941.8
9379	2115.0	2380.2	13248.1
10628	2089.3	2367.8	12796.6
31764	2109.3	2332.1	13088.5
23124	2099.6	2346.8	12931.9
31482	2090.1	2302.5	12920.3
31468	2092.1	2307.8	12810.0
9600	2096.9	2339.3	12962.7
19719	2103.3	2354.5	12950.4
22518	2104.5	2326.9	12941.2
3535	2103.4	2338.8	13006.4
13399	2105.0	2285.7	12944.2
20806	2098.3	2301.2	12857.8
19589	2090.0	2308.9	12646.4
25855	2102.9	2365.4	13017.4
16186	2111.1	2359.1	13148.9
30081	2109.1	2339.7	13010.5
8861	2092.5	2305.1	12738.0
29703	2114.0	2380.0	12890.1
10376	2101.5	2347.1	13033.6
18840	2107.3	2323.1	12918.3
31443	2104.2	2359.1	13132.2
19124	2087.5	2336.0	12797.1
32065	2097.2	2317.9	12774.9
2007	2101.6	2369.9	13012.8
28460	2098.2	2322.0	12715.4
21956	2107.9	2315.1	12840.9
3425	2098.2	2383.3	12829.5
17232	2097.1	2368.2	13045.1
19974	2108.1	2352.1	12931.2
33174	2087.1	2331.5	12785.5
8598	2118.4	2431.9	13347.6
9052	2094.7	2277.5	12768.3
19249	2105.5	2361.7	13045.9
4241	2105.0	2316.5	12894.7
33186	2078.0	2301.5	12560.5
14225	2099.7	2345.3	12785.6
26610	2097.2	2312.1	12719.2
7571	2118.9	2420.1	13274.3
7470	2106.2	2327.8	12877.7
32398	2094.7	2302.0	12758.7
13233	2097.7	2274.3	12779.1
10595	2109.0	2311.3	13075.3
27164	2100.3	2355.5	12696.1
640	2095.2	2359.1	12944.0
7755	2104.7	2307.3	12874.1
19330	2101.5	2357.9	13016.6
19662	2091.9	2293.2	12817.5
33606	2113.0	2389.4	13428.7
19482	2104.4	2314.9	12797.2
7199	2089.4	2297.4	12532.4
7060	2098.0	2387.1	12837.9
24141	2101.7	2363.3	13127.7
30717	2099.2	2330.8	12835.3
27823	2104.4	2330.3	13056.8
17466	2104.4	2283.0	12923.6
33139	2114.6	2368.6	12937.4
7048	2101.9	2372.8	13050.6
32144	2106.5	2376.0	13022.1
5979	2100.0	2320.7	12741.2
2506	2110.0	2351.8	13150.2
9000	2088.1	2337.0	12810.4
15926	2087.8	2326.4	12823.0
14511	2107.5	2402.0	13109.8
283	2094.0	2321.6	12814.4
25624	2088.7	2295.3	12765.9
30606	2098.3	2352.5	12886.4
6709	2113.7	2371.8	13170.0
23204	2090.0	2312.6	12636.0
14927	2101.6	2354.9	12948.6
1448	2099.7	2389.5	13188.0
30646	2094.1	2310.9	12849.1
24892	2094.0	2313.2	12795.3
29797	2099.7	2358.9	12849.8
19115	2110.7	2403.3	13104.9
9554	2112.2	2336.1	13022.1
3130	2096.2	2326.6	12785.3
12764	2089.6	2286.1	12705.4
8351	2095.1	2354.6	12828.5
15030	2095.4	2373.7	12896.4
10836	2097.1	2305.4	12794.4
6797	2099.0	2319.2	12891.8
13881	2090.7	2343.0	12960.7
21146	2109.5	2379.8	13068.8
11710	2105.3	2337.3	12811.2
20333	2097.8	2325.0	12831.8
27271	2110.9	2335.9	12912.7
3641	2090.0	2290.6	12660.8
19105	2103.4	2398.0	13168.4
76	2113.1	2414.2	13148.7
263	2099.6	2356.4	13014.1
32208	2101.8	2316.1	12843.2
13533	2105.4	2371.6	13050.7
4366	2098.4	2299.6	13019.9
19861	2105.6	2319.6	12851.7
9831	2108.0	2366.3	13137.1
673	2100.4	2304.1	12934.8
31996	2099.5	2315.9	12927.6
22215	2101.7	2376.1	12956.6
29796	2092.2	2349.8	12870.1
14824	2092.3	2322.7	12681.8
30938	2103.0	2327.3	12904.7
8098	2105.7	2375.4	13011.7
29253	2104.8	2336.7	12962.9
16667	2099.5	2324.5	12874.4
21416	2100.2	2372.5	13033.7
33623	2095.4	2388.7	12929.8
22816	2103.6	2357.6	13052.0
33726	2091.9	2347.4	13192.8
23284	2096.2	2301.5	12872.2
27045	2085.6	2254.9	12648.0
26091	2106.3	2386.9	12902.4
33268	2096.0	2366.9	13028.3
6185	2104.2	2387.0	13092.5
12089	2103.1	2345.1	12955.7
32615	2099.2	2377.5	12981.2
22137	2100.1	2326.5	12942.1
2422	2111.4	2404.2	13119.9
14699	2107.2	2392.2	13106.0
26415	2092.4	2313.8	12582.1
9043	2093.0	2331.5	12750.8
29074	2084.7	2293.5	12734.6
18368	2103.4	2316.0	12897.4
1559	2094.7	2276.6	12695.1
15168	2104.8	2366.7	13001.4
14252	2103.4	2367.6	13137.5
33906	2110.4	2368.7	12935.4
29165	2093.1	2331.4	12981.9
27878	2100.7	2333.1	13059.1
11921	2095.3	2351.5	12835.0
16572	2119.6	2382.7	13289.7
31105	2099.2	2299.0	12837.0
31970	2109.6	2383.6	13042.2
20345	2112.9	2381.8	13082.6
13859	2095.9	2373.8	12955.3
13209	2102.3	2356.2	13008.2
13094	2099.5	2323.0	12822.0
27937	2094.2	2380.7	13014.0
5583	2116.1	2423.4	13255.0
17589	2100.8	2298.9	12897.2
10224	2101.7	2365.6	12925.3
15202	2092.3	2312.2	12774.9
33862	2101.1	2390.8	12864.1
1179	2105.1	2360.8	13154.9
17985	2108.4	2346.3	12881.7
3923	2093.5	2340.2	12851.6
352	2087.5	2303.7	12733.3
17904	2092.1	2321.7	12868.5
3060	2103.9	2349.1	12963.9
5325	2103.4	2357.5	12967.6
4022	2106.4	2312.4	12925.5
33346	2097.7	2346.3	12945.4
19359	2101.8	2330.5	12968.7
15718	2107.7	2323.8	12971.1
4512	2092.3	2291.8	12622.7
30214	2104.3	2356.3	13097.2
11894	2101.8	2370.0	13035.1
5922	2097.3	2362.0	12995.0
28140	2098.9	2304.5	12729.9
5775	2098.7	2412.5	13155.3
32721	2091.2	2324.8	12740.0
2992	2106.6	2323.5	12877.1
29825	2098.8	2392.2	12987.6
28212	2099.7	2360.8	12830.3
20080	2108.9	2397.4	13107.0
34558	2099.7	2428.3	13031.8
14708	2117.1	2414.8	13264.8
18787	2087.1	2312.1	12599.4
17987	2118.8	2395.7	13241.7
20921	2115.0	2355.5	13032.9
23628	2099.8	2342.1	13005.7
5739	2103.2	2359.0	13084.2
32824	2101.4	2274.9	12899.6
15650	2103.4	2378.0	12832.3
23055	2097.3	2304.3	12804.3
24837	2097.4	2289.0	12809.5
2410	2095.3	2296.6	12865.0
30410	2099.1	2317.5	12844.9
18600	2096.6	2305.8	12781.0
10753	2097.7	2358.9	13176.2
14320	2097.7	2339.5	12799.3
31256	2103.5	2367.5	13139.6
27258	2112.6	2341.9	13230.4
6079	2101.1	2391.3	13030.0
17429	2087.5	2324.2	12665.7
9191	2098.7	2332.1	12861.1
21578	2101.4	2320.6	12769.2
24454	2093.4	2356.2	12888.0
18975	2095.3	2329.5	12799.5
15935	2097.7	2320.4	12971.8
9751	2107.7	2381.0	13044.1
10473	2092.8	2357.9	12813.0
15415	2118.3	2348.8	13208.3
27259	2084.3	2358.8	12849.1
5951	2099.6	2319.2	12882.0
26140	2108.6	2337.7	13090.4
11071	2078.9	2280.0	12610.2
24684	2100.7	2348.9	13015.1
33938	2095.9	2338.0	12795.9
16588	2102.5	2365.3	12927.6
25759	2088.0	2300.6	12743.5
10264	2103.9	2305.3	12767.8
26241	2099.3	2301.3	12885.4
34972	2099.1	2389.3	12982.1
13376	2094.2	2330.5	12801.0
10672	2102.9	2375.7	13117.9
15625	2113.3	2369.3	13315.6
31677	2095.6	2342.1	12818.5
20049	2108.7	2411.2	13431.2
14166	2104.6	2342.4	12891.4
23696	2090.1	2303.9	12704.1
18015	2089.5	2328.2	12724.1
19941	2098.7	2320.5	12757.7
22846	2099.2	2326.7	12860.7
18428	2082.6	2352.2	12813.8
18122	2112.1	2452.9	13222.2
6	2099.1	2323.7	12948.0
4227	2106.8	2368.6	12872.1
9768	2091.9	2302.0	12714.2
24511	2103.7	2348.5	12961.2
15690	2099.4	2352.6	12922.2
4283	2117.7	2411.6	13315.8
32130	2096.3	2342.8	12812.2
32590	2102.3	2311.1	12858.7
25770	2109.1	2355.4	13051.5
5218	2102.3	2345.0	12934.6
22525	2108.6	2341.8	13069.8
27998	2116.2	2383.8	13284.1
30332	2115.9	2420.6	13206.6
10779	2095.9	2345.7	12797.6
11122	2120.3	2379.2	13217.1
4795	2099.3	2389.3	12892.8
11064	2096.5	2321.8	12799.4
1278	2107.4	2354.3	12975.5
20280	2103.1	2302.3	12848.0
20593	2105.1	2348.1	12989.3
6960	2101.7	2345.8	13064.6
6939	2108.4	2322.6	12945.7
18391	2094.5	2355.6	12929.0
4955	2091.5	2298.4	12634.1
24375	2103.0	2359.3	13052.2
8901	2103.1	2359.2	12896.7
24898	2082.8	2304.3	12782.2
32944	2096.9	2349.7	12874.8
