32359	1713.9	2002.1	11962.5
53399	1712.0	1890.5	11295.8
46898	1722.5	2009.9	11869.4
61466	1723.9	1952.9	11883.4
69477	1732.6	2021.6	12335.0
69077	1729.3	1970.4	12074.8
72400	1696.3	1889.4	11383.5
68805	1716.8	1934.5	11558.1
14509	1710.2	1965.3	11840.5
66217	1698.2	1898.5	11179.6
36068	1699.1	1901.3	11540.7
68781	1713.1	1992.5	11933.8
28302	1715.2	1994.2	11856.1
32278	1712.0	1994.1	11654.6
39149	1719.0	1967.4	11684.4
21353	1713.1	1928.0	11568.8
34949	1721.4	2008.3	11737.1
39073	1701.3	1932.3	11220.3
31801	1711.3	1943.5	11439.8
14678	1714.3	1940.1	11630.7
74310	1718.9	1963.8	11607.5
62074	1709.3	1925.8	11495.9
69951	1702.5	1936.6	11429.5
46882	1718.8	1939.0	11613.5
13839	1714.5	1977.7	11431.6
39951	1726.1	1980.4	11865.8
68395	1718.9	1901.8	11443.8
56346	1712.4	1913.2	11701.0
35020	1698.5	1901.4	11352.0
11352	1712.5	1976.6	11651.9
18865	1704.5	1926.8	11306.0
9828	1713.5	1987.2	11832.7
67394	1713.2	1991.6	11865.5
19524	1705.5	1959.5	11391.7
30443	1695.7	1864.5	11190.1
29159	1705.6	1961.8	11385.5
26373	1716.6	1915.5	11599.8
57765	1709.3	1924.3	11299.1
66346	1713.2	1984.6	11761.8
44006	1729.1	1994.8	12022.0
20698	1714.8	1938.8	11445.7
69411	1721.0	1950.2	11522.9
38979	1728.8	1991.5	12252.0
31142	1721.0	1993.2	11622.1
73290	1724.8	1963.0	11838.9
15767	1720.5	2051.6	11941.8
60831	1698.2	1896.2	11236.0
14883	1719.8	1943.8	11713.0
27733	1700.0	1912.2	11364.2
65916	1711.0	1946.8	11582.2
64588	1730.8	1949.6	11782.3
8038	1713.6	1965.2	11330.0
42068	1705.8	1898.8	11309.6
40749	1718.8	1955.1	11591.9
28350	1717.8	2010.2	12002.7
35636	1714.6	1959.9	11614.1
9383	1719.8	1940.4	11857.1
41100	1705.2	1936.4	11370.8
14681	1715.6	1957.5	11406.8
55704	1699.0	1902.8	11119.2
47729	1715.4	1933.1	11686.8
22759	1731.3	1980.8	12032.6
67928	1712.3	1951.7	11738.4
42260	1717.6	1961.3	11646.8
22679	1722.9	1962.2	11706.3
7297	1718.2	1961.3	11515.8
47389	1714.7	1951.3	11757.2
14845	1707.3	1935.7	11521.6
38920	1697.4	1939.4	11260.7
14005	1734.2	2078.2	12353.6
53831	1716.4	1923.7	11400.3
47698	1723.1	1957.3	11774.8
31813	1729.8	1992.8	12129.7
33727	1706.8	1950.6	11205.3
52120	1711.5	1894.0	11340.4
58544	1717.9	1959.0	11670.3
32243	1726.9	2014.0	11979.0
23741	1719.8	1999.9	11764.8
42352	1718.8	1993.8	11821.6
52512	1713.5	1955.9	11740.0
65511	1721.4	1983.6	11836.6
27856	1716.2	1990.9	11790.2
42885	1711.4	1914.0	11672.0
23125	1709.0	1960.7	11485.1
2169	1745.2	2029.6	12184.2
47017	1711.5	1965.5	11826.9
7036	1714.9	1966.0	11814.3
6009	1711.3	2008.9	11803.7
44529	1699.0	1892.0	11227.4
38671	1724.2	1972.4	11669.1
26125	1716.8	1950.3	11680.3
18848	1714.1	1951.0	11753.8
8948	1730.5	2020.9	12038.6
24899	1713.1	1942.5	11529.9
4390	1712.9	1937.7	11419.7
65036	1730.4	1939.0	11811.4
22809	1725.1	1967.0	11928.6
23262	1725.2	1993.7	11776.6
59436	1724.9	2020.2	12175.3
12063	1711.7	1963.2	11315.4
14923	1704.2	1930.3	11726.5
47997	1715.1	1950.1	11477.7
47963	1701.4	1922.0	11522.3
9398	1707.3	1930.4	11409.1
68749	1712.1	1963.5	11507.4
51423	1720.3	1990.3	11944.1
61169	1716.9	1955.1	11480.3
6397	1718.9	1947.7	11739.0
57617	1703.2	1931.6	11367.0
70795	1720.2	1940.9	11750.4
21458	1713.6	1931.7	11590.7
67837	1704.8	1898.2	11256.9
23825	1715.8	1968.1	11609.7
33546	1709.8	1936.9	11637.7
66974	1713.1	1932.3	11526.0
70858	1711.4	1892.4	11552.1
2844	1726.2	1969.6	11847.2
3184	1711.1	1966.0	11533.6
12222	1711.4	1987.5	11788.9
43235	1716.2	1968.8	11611.9
34637	1720.2	1987.8	12018.0
8613	1705.7	1949.4	11443.3
22282	1717.5	1939.4	11543.5
58177	1707.0	1982.1	11553.5
4466	1723.4	2018.3	12053.4
66501	1725.8	1930.3	11645.5
56069	1698.2	1907.0	11415.7
20647	1700.5	1946.7	11218.9
42662	1709.7	1998.8	11770.2
61570	1714.5	1930.4	11652.6
14684	1705.2	1955.6	11564.1
2192	1712.5	1958.3	11614.5
32457	1709.1	1968.0	11524.6
18386	1710.9	1957.2	11540.8
34595	1718.9	1939.1	11732.3
15632	1718.8	1962.0	11799.2
70763	1701.3	1955.6	11380.5
37746	1730.9	2083.5	12453.0
11526	1715.4	1880.3	11477.7
72601	1704.2	1965.9	11527.6
38970	1716.0	1896.3	11410.4
54549	1708.7	1921.8	12088.2
62653	1706.4	1922.9	11377.2
56804	1719.9	1980.3	11742.6
30767	1725.2	1952.0	11705.3
46024	1716.8	1908.7	11492.9
62134	1734.7	1977.3	12070.8
15763	1710.7	1947.8	11444.2
19905	1726.6	2013.1	11862.0
42207	1706.6	1961.7	11618.5
46151	1712.8	1949.9	11715.5
73119	1716.1	1935.9	11623.7
16297	1728.8	2032.2	12011.7
71057	1705.5	1916.3	11360.4
30314	1724.3	1953.0	11702.3
3058	1710.7	1968.4	11679.8
71842	1709.6	1923.4	11247.8
27462	1711.9	1996.8	11601.9
16258	1715.1	1971.9	11674.9
30697	1709.1	1950.2	11525.4
7566	1713.7	1969.2	11596.6
38680	1721.4	1979.6	11903.7
46757	1713.5	1951.4	11694.9
28158	1721.2	2014.6	11818.0
55595	1714.7	1952.2	11806.2
12379	1713.9	2028.2	11833.6
50860	1707.5	1903.7	11322.5
11859	1713.0	1953.0	11495.9
7391	1716.4	1962.5	11785.2
27231	1719.0	1974.7	11682.8
64323	1728.2	1999.9	12066.4
25850	1717.6	1922.3	11702.6
15354	1711.7	1903.6	11447.3
15096	1713.5	1989.9	11681.0
199	1725.5	2008.8	12664.2
65991	1711.5	1947.2	11717.9
12335	1727.9	1936.5	11631.6
26708	1711.4	1928.0	11560.7
19820	1704.6	1942.1	11490.1
22003	1704.1	1928.8	11272.6
772	1719.9	1973.3	11738.5
50963	1706.5	1979.1	11619.7
72709	1705.7	1910.4	11351.9
16687	1700.3	1924.0	11336.7
10714	1710.4	1958.7	11731.7
61945	1707.2	1970.5	11612.2
52401	1712.6	1952.9	11610.7
28162	1712.6	1942.4	11500.6
46600	1724.9	1955.9	11765.5
69020	1715.4	1933.2	11486.0
19964	1707.5	1942.7	11378.4
57198	1706.3	1911.1	11297.2
24089	1723.7	1969.8	11727.6
32548	1720.3	1975.3	11708.5
9130	1718.1	1952.3	11715.3
57191	1703.9	1917.4	11353.9
28136	1709.9	1965.3	11974.9
63825	1730.5	2025.2	12119.4
26460	1718.8	2005.2	11910.4
7374	1707.5	2000.7	11624.6
32823	1732.3	1980.9	12404.0
17409	1721.1	2021.4	11768.6
54972	1731.3	1980.7	12084.8
58925	1714.5	2007.2	11843.2
15459	1713.3	1898.1	11411.9
8234	1723.5	1970.8	11529.1
65569	1713.0	1933.2	11445.5
70903	1709.6	1951.5	11534.2
63626	1716.5	1980.2	11779.0
58210	1715.5	1943.0	11787.1
12989	1707.9	1922.7	11258.6
20350	1717.6	1921.0	11683.6
32219	1718.1	1925.3	11716.7
13377	1697.7	1893.9	11272.6
38823	1731.5	1980.1	11808.0
18194	1717.6	1972.4	11659.4
47843	1719.1	1984.8	11746.7
39038	1709.9	1930.4	11570.6
50069	1710.5	1904.9	11474.6
22229	1712.8	1968.7	11492.6
68085	1708.0	1923.1	11271.3
24004	1726.7	1951.2	11683.8
30161	1711.2	1937.1	11544.9
25059	1706.2	1884.3	11192.9
14327	1702.0	1901.6	11379.4
58420	1710.2	1991.3	11956.7
69671	1711.9	1927.0	11755.6
53336	1738.1	1922.7	12055.3
54787	1699.2	1897.2	11335.6
30987	1695.3	1912.3	11193.4
12557	1701.1	1913.3	11182.5
20960	1705.6	1985.1	11553.5
38427	1714.8	1941.6	11659.8
28488	1727.4	1963.3	11817.3
14374	1701.8	1914.2	11264.2
15069	1710.6	1975.1	11607.1
3521	1723.0	1988.2	11724.6
18695	1710.3	1903.7	11571.9
56977	1713.2	1962.9	11677.6
21611	1721.8	2047.6	11876.4
38503	1711.9	1947.4	11717.0
3814	1712.8	1940.2	11449.5
40202	1721.2	1976.5	11791.4
23022	1710.7	1987.3	11852.6
15952	1716.1	1934.6	11453.3
69971	1720.5	2025.4	12108.0
12653	1731.4	2001.5	11971.2
57394	1701.7	1949.1	11960.0
20314	1723.2	2007.0	11977.1
8767	1706.4	1898.7	11270.4
16345	1728.1	1985.1	11839.4
67520	1717.1	1942.0	11659.1
32586	1717.5	2004.3	11958.5
70427	1716.7	1934.1	11565.9
25614	1716.2	1967.1	11584.5
13989	1723.1	1998.9	12076.6
58134	1717.0	2005.0	11767.1
13846	1720.5	1982.1	11591.8
13412	1717.1	1987.4	11557.5
73353	1707.1	1925.5	11352.1
4489	1703.6	1966.6	11441.1
71083	1712.6	1925.8	11602.5
45949	1709.4	1908.8	11440.8
21596	1710.0	1888.1	11301.6
58956	1716.6	1941.5	11779.8
12909	1716.0	1899.9	11417.0
14986	1717.0	1934.8	11701.6
58047	1721.1	1965.3	11766.7
4152	1707.3	1966.0	11542.6
16086	1711.1	1965.8	11704.4
53651	1705.3	1956.6	11457.2
69568	1711.0	1937.0	11522.0
20337	1714.9	1936.3	11566.2
4470	1727.2	2043.6	12173.5
5581	1734.4	2009.2	11921.7
53091	1712.3	1909.7	11538.0
259	1715.7	1938.9	11529.1
22249	1721.0	1947.5	11609.8
56321	1727.9	2007.0	11935.8
67405	1721.8	1923.6	11603.1
40195	1715.1	1923.9	11397.2
54453	1721.1	1939.3	11592.3
53983	1733.0	2000.3	12056.4
20111	1727.5	2025.9	12365.8
6757	1723.7	2008.4	11725.4
38137	1716.9	1993.6	12024.7
55825	1703.3	1944.7	11376.3
10134	1727.8	1955.2	11665.5
11136	1718.6	1943.9	11624.7
63981	1715.2	1912.5	11431.6
74870	1715.7	1911.4	11727.4
64395	1709.1	1911.5	11405.7
6117	1722.1	2013.3	11953.6
58914	1715.3	1918.7	11698.9
57496	1718.2	1949.1	11601.4
29043	1711.1	1917.0	11453.7
32169	1714.5	1987.8	11561.0
61164	1712.0	1949.2	11652.5
57078	1715.5	1970.6	11795.5
3724	1715.0	1973.1	11851.7
52968	1706.4	1967.0	11703.9
42017	1707.4	2005.8	12302.5
4580	1700.9	1901.9	11472.5
51870	1716.3	1942.6	11637.3
31753	1708.8	1910.6	11315.3
41237	1702.9	1902.3	11177.0
8833	1710.4	1903.5	11363.6
51323	1722.7	1970.3	11705.8
54916	1713.9	1974.1	11437.9
73762	1731.6	2021.7	12202.3
71246	1705.8	1929.1	11795.6
34402	1722.0	1931.1	11946.4
36149	1719.5	1956.6	11791.8
24023	1726.7	1963.3	11864.9
54978	1726.0	1956.7	11595.5
22401	1724.6	1979.9	11799.1
36004	1711.2	1919.3	11391.2
12426	1719.6	2001.1	11829.6
64723	1714.1	1950.9	11562.5
66869	1710.4	1894.7	11430.1
65021	1719.7	1987.7	11788.2
16076	1710.3	1912.3	11512.4
37997	1739.0	2009.8	12084.7
53483	1710.1	1945.7	11626.7
46639	1720.9	1947.0	11526.4
55370	1709.9	1953.5	11250.5
41901	1727.5	1989.2	11780.8
3819	1709.1	1955.2	11621.2
20784	1706.8	1910.1	11674.8
63326	1719.1	1950.3	11692.7
53179	1713.7	1959.5	11598.0
39725	1718.6	1947.6	11703.1
38797	1726.0	1980.8	11910.8
19580	1715.7	1971.5	12549.4
31877	1729.7	1958.2	11900.7
17947	1690.5	1885.1	11041.8
31738	1721.0	1933.3	11664.5
39469	1717.7	1923.6	11632.8
42559	1711.9	1967.0	11713.5
41632	1719.7	2009.7	12504.4
71349	1731.1	1951.3	11766.2
29261	1716.6	1947.5	11815.9
73093	1720.3	1958.5	12254.3
62732	1723.7	1945.9	11852.2
28242	1701.5	1916.8	11585.2
66997	1716.7	1979.0	11817.9
4289	1721.1	1957.6	11875.4
28319	1703.9	1920.4	11234.7
2672	1695.5	1935.3	11212.9
68114	1724.5	1924.5	11754.1
71632	1730.8	1976.2	12010.3
6040	1726.8	1972.0	11683.6
68143	1719.8	1971.4	12023.2
50794	1712.4	1949.6	11767.5
73189	1709.0	1910.4	11386.6
58014	1706.6	1935.5	11430.8
43544	1707.5	1939.1	11470.6
53742	1722.1	1991.7	11783.8
13346	1712.9	1977.5	11817.8
73705	1700.2	1899.6	11175.6
22016	1699.9	1917.6	11195.6
10194	1709.0	1933.1	11425.8
25416	1707.7	1958.0	11651.9
5222	1716.5	1971.1	11838.2
13533	1700.4	1908.5	11266.1
14398	1712.3	1976.5	11492.3
17957	1711.8	2037.7	11773.0
71965	1710.4	1973.3	11682.4
39726	1719.4	1944.9	11506.3
43791	1709.6	1943.0	11919.5
22489	1713.1	1939.4	11506.4
65841	1703.5	1902.1	11350.3
53904	1722.8	1963.5	12043.9
19189	1701.1	1918.9	11348.6
6725	1720.5	1985.8	11773.1
10324	1709.8	1996.3	12151.4
72066	1715.4	1974.0	11714.8
21549	1722.8	1974.2	11669.1
70677	1713.0	1918.0	11524.0
16512	1721.2	1969.4	11716.3
22739	1704.6	1915.0	11170.1
13337	1712.6	1947.3	11518.1
33057	1719.8	1939.7	11613.5
5423	1705.1	1971.7	11477.9
17811	1709.5	1958.6	11566.7
56392	1722.8	1990.5	11791.4
26200	1718.7	1957.1	11712.1
9437	1707.4	1968.4	11527.8
5892	1712.2	1987.4	11620.0
28862	1714.6	1930.3	11490.9
6594	1730.1	1966.9	11853.8
42533	1720.0	1933.0	11562.7
26782	1707.2	1900.4	11381.3
48483	1717.4	1975.4	11772.4
13230	1708.8	1935.5	11686.7
12459	1712.6	1988.5	11716.2
41538	1704.8	1877.4	11179.5
42398	1720.1	1959.4	11907.7
45089	1705.3	1938.0	11470.9
35733	1725.4	1965.4	11921.5
8657	1716.3	1942.8	11669.1
15931	1714.4	1932.5	11466.5
57226	1712.7	1984.8	11766.9
55907	1717.5	1909.6	11535.1
22567	1722.8	2003.3	11742.8
26740	1700.4	1951.6	11347.9
4684	1709.4	1963.7	11626.2
42440	1712.9	1932.0	11582.5
18845	1719.0	1946.6	12284.2
12563	1709.3	1991.5	11556.5
2142	1700.9	1977.0	11393.3
2078	1717.7	1973.5	11946.8
5996	1715.9	1976.9	11688.1
57500	1708.0	1921.2	11301.7
31694	1719.2	1950.6	11803.9
31285	1717.5	1971.1	11579.7
56969	1733.1	2018.6	11891.2
27371	1719.6	2032.8	11680.8
19071	1716.5	1963.5	11569.4
15007	1721.9	1964.3	11630.6
56446	1717.5	1974.2	12135.3
13210	1721.1	1929.9	11445.4
36781	1716.3	1971.0	11639.4
68468	1724.6	1967.9	11690.7
62338	1722.3	1946.5	11787.9
45018	1706.8	1928.4	11306.6
13800	1713.3	1953.5	11529.4
55706	1716.0	1952.8	11579.6
41007	1725.0	1950.5	11575.8
15864	1705.3	1955.1	11603.3
53295	1699.3	1899.7	11271.4
25951	1703.1	1908.4	11168.1
20974	1716.2	1934.9	11379.5
16472	1699.9	1914.2	11310.6
8332	1707.9	1911.5	11518.9
35626	1707.1	1941.5	11506.1
70443	1719.1	1993.7	12010.6
55675	1713.4	1889.2	11440.7
65062	1697.2	1907.1	11335.4
68855	1711.8	1930.9	11567.3
2744	1709.4	1953.7	11663.3
32547	1729.2	2013.7	11968.1
48240	1714.3	1946.8	11546.8
23756	1703.4	1920.2	11451.8
53950	1729.6	2003.1	11929.3
38134	1707.4	1978.3	11714.1
21110	1713.8	1919.6	11633.0
14016	1706.7	1888.3	11182.4
56443	1688.1	1887.0	11054.5
36256	1703.3	1909.1	11289.7
2428	1733.3	2053.9	12974.8
54365	1712.4	1976.5	11499.1
68326	1723.7	1945.5	12140.5
12211	1728.8	1964.2	11769.8
36971	1707.0	1950.2	11529.8
351	1716.2	1927.9	11608.6
57990	1710.4	1937.2	11659.2
30421	1706.9	1930.9	11364.3
7340	1706.7	1940.3	11570.1
45690	1713.5	1963.4	11651.9
30820	1709.6	1971.6	11427.4
46469	1718.9	1952.7	11924.5
5778	1703.9	1920.8	11267.5
23910	1714.3	1899.4	11458.0
43055	1702.5	1907.3	11409.9
46546	1719.6	1982.4	11690.1
52966	1717.7	1980.9	11767.5
15351	1715.4	1948.0	11464.4
33813	1719.4	1966.7	11517.4
7376	1721.8	1967.4	11690.8
43824	1711.6	1921.9	11389.7
15036	1720.4	1954.8	11708.3
67580	1719.3	1932.9	11680.4
50019	1698.1	1919.6	11278.7
7547	1703.8	1938.5	11680.8
40312	1703.3	1908.0	11275.4
72951	1720.3	2000.1	11798.7
45118	1726.4	1983.5	12033.7
775	1698.1	1938.2	11208.1
56220	1705.5	1976.5	11623.3
59343	1705.8	1891.0	11402.0
63822	1716.9	1937.3	11587.6
69402	1718.0	1966.1	11918.9
9315	1697.1	1904.0	11139.2
44682	1721.6	1971.4	11990.7
12730	1712.4	1940.1	11614.5
11695	1701.9	1972.5	11485.7
57659	1715.3	1957.2	11762.4
53060	1708.5	1972.7	11439.1
38325	1705.1	1926.0	11491.8
50858	1716.5	2040.7	11999.0
48448	1720.8	1970.8	11984.5
57186	1727.6	1993.8	12422.7
39804	1718.9	1964.5	12236.0
71957	1709.0	1917.0	11420.5
17770	1707.8	1922.1	11210.7
54597	1729.7	1972.5	11802.5
66399	1722.8	1957.5	12518.3
63225	1718.2	1950.5	11612.6
19558	1710.0	1979.0	11837.9
42246	1707.7	1938.6	11555.6
28397	1714.1	1971.2	11658.3
68056	1714.7	1935.2	11687.2
41187	1727.5	1955.0	11845.5
11549	1717.3	1988.4	11736.8
28436	1712.9	1989.2	11486.3
70018	1715.8	1873.9	11385.9
610	1716.5	1986.8	11941.6
9552	1721.3	2045.3	12041.6
17186	1704.4	1908.6	11127.6
55110	1726.3	1967.1	11840.9
41271	1698.2	1924.5	11322.3
59186	1716.1	1930.9	11600.9
74930	1722.4	2001.8	11737.5
74665	1721.5	1931.3	11723.6
20850	1737.5	1991.3	12075.7
32242	1715.9	1963.3	11764.0
53248	1702.9	1885.0	11203.0
74443	1703.1	1952.0	11441.1
14240	1724.4	1921.6	11579.7
68869	1714.6	1946.5	11582.6
48513	1693.4	1893.0	11331.6
6255	1717.6	2020.8	11948.4
5280	1724.9	2042.8	11953.2
35387	1731.7	1971.6	11872.6
13910	1724.4	1948.0	11718.1
16862	1711.6	1889.3	11345.5
71076	1719.5	1993.8	11957.2
4947	1716.8	1958.6	11536.4
58464	1710.0	1975.4	11631.6
1725	1707.2	1941.1	11440.7
7605	1694.8	1924.4	11213.7
63788	1718.1	1949.8	11557.3
13135	1711.4	1916.2	11491.2
24793	1711.8	1955.4	11475.7
10481	1711.6	1921.7	11545.5
1798	1706.3	1912.7	11289.6
10686	1719.0	2026.7	11891.9
38737	1713.0	1965.9	11636.8
67925	1717.0	1981.8	11840.2
63364	1718.8	1924.7	11697.6
69909	1715.0	1915.8	11702.5
64213	1723.4	1988.4	11975.1
5589	1727.3	1992.8	11822.3
14711	1709.6	1930.2	11433.3
54101	1717.1	1940.5	11490.9
26039	1715.1	1996.2	11796.7
67523	1706.7	1953.2	11519.3
51294	1717.5	1927.2	11677.4
5481	1713.4	1945.8	11698.6
73118	1705.5	1932.1	11551.1
32068	1705.8	1861.9	11415.6
66762	1707.9	1921.2	11307.9
44259	1718.6	1926.2	11441.5
66162	1709.1	1924.4	11317.7
2561	1720.7	2001.6	11778.2
8024	1720.5	1948.1	11550.5
55539	1707.5	1960.3	11965.4
58030	1726.0	1938.1	11759.7
72192	1709.3	1933.4	11516.0
72097	1711.5	1920.9	11546.5
2859	1708.7	1950.9	11481.0
50748	1717.4	1942.3	11482.1
73084	1714.7	1950.6	11695.0
74509	1710.7	1947.8	11987.6
11126	1697.2	1962.7	11359.9
26308	1701.1	1952.7	11507.5
53277	1727.4	1970.6	11759.6
46201	1717.9	2038.3	12030.6
44369	1700.9	1901.9	11248.2
12973	1716.5	1973.9	11502.6
18195	1719.3	1953.8	11681.6
24798	1712.9	2011.2	11682.9
61344	1724.7	2007.8	11951.3
8302	1706.2	1984.7	11397.5
20454	1737.9	2012.9	12119.3
60570	1736.3	1972.7	11978.7
71262	1725.1	1944.0	11850.1
47619	1711.6	1929.3	11640.6
47158	1726.4	1978.3	11878.4
32418	1704.1	1978.6	11926.3
67661	1715.4	1905.9	11386.7
65370	1709.4	1955.1	11464.6
5109	1727.1	1940.8	11737.8
49654	1725.1	2018.0	11960.8
11711	1710.3	1928.7	11318.6
249	1703.7	1910.2	11221.5
59444	1707.6	1983.1	11680.9
21699	1721.6	1993.0	11870.2
19126	1694.3	1938.2	11420.9
34507	1717.8	1985.9	11876.3
68511	1730.2	1992.2	12332.0
12162	1713.8	1994.4	11805.1
30940	1720.6	1954.7	11464.2
50494	1698.9	1901.3	11259.7
44415	1724.3	1943.7	11618.9
50720	1708.7	1970.6	11395.0
51161	1714.6	1924.9	11895.6
24971	1723.2	2000.0	11765.9
38391	1715.5	1946.5	11538.6
30150	1711.1	1951.6	11788.2
38770	1717.2	2005.2	11638.1
25164	1726.3	1953.3	11661.0
6378	1711.2	1933.3	11586.4
62529	1712.2	1956.8	11517.6
67544	1709.5	1923.6	11460.7
65591	1715.3	1909.9	11518.7
10856	1710.2	1943.9	11496.5
73979	1704.8	1943.2	11396.2
71812	1695.9	1904.1	11176.3
48075	1723.1	1989.1	11852.5
71420	1710.3	1963.0	11552.6
18756	1708.0	1940.6	11892.7
73875	1710.9	1913.3	11512.3
63604	1712.1	1952.0	11787.9
39664	1703.6	1929.3	11467.1
4538	1725.0	2007.4	11877.4
48216	1715.7	1972.7	11589.0
56234	1719.8	1994.6	11877.4
54492	1718.4	1935.8	11716.0
65137	1725.4	1972.6	11822.3
27752	1730.4	1995.2	12292.8
50841	1719.6	1949.0	11549.8
13976	1715.8	1965.3	11526.1
32174	1717.0	1995.7	11781.7
8219	1725.0	2028.8	12105.6
66058	1722.0	1976.1	11970.0
69009	1702.2	1930.7	11276.8
35940	1728.7	2038.5	11997.4
63839	1709.6	1958.7	11413.0
60013	1719.5	1956.7	12398.1
42594	1721.1	1993.8	12031.5
11942	1714.2	1986.6	11705.8
65509	1724.8	1949.4	11862.3
50423	1709.4	1956.6	11703.1
21796	1726.6	1988.0	12032.3
11140	1711.9	1935.1	11512.5
23467	1704.2	1951.6	11466.3
62753	1710.0	1962.2	11543.9
55289	1722.8	1982.8	12014.8
47825	1720.4	2003.2	11826.7
43980	1707.9	1934.3	11354.6
16433	1699.4	1926.3	11269.4
41605	1722.3	1996.1	12112.8
19649	1721.1	1965.5	11563.5
61900	1723.1	1930.5	11908.2
34551	1715.6	1989.8	11895.5
64490	1706.1	1933.5	11401.4
2805	1725.9	1981.9	11878.1
35483	1712.9	1972.9	11552.2
16834	1728.0	1992.7	11970.0
33058	1701.1	1937.4	11242.2
47073	1708.2	1947.7	11418.2
3444	1726.8	2022.1	12086.8
61733	1718.1	1996.0	11839.2
31304	1720.6	1974.6	11866.8
23167	1708.3	1944.0	11694.7
30754	1712.5	1945.9	11525.5
35723	1710.5	1967.1	11422.2
19867	1700.1	1882.1	11228.7
6529	1722.9	2011.5	12358.6
54436	1729.1	2028.8	12254.4
70796	1713.7	1942.5	11822.8
13418	1726.8	2025.0	12163.1
36666	1700.8	1930.3	11408.4
41504	1718.9	1969.8	11685.0
20079	1720.4	1985.9	11576.6
55633	1704.9	1913.0	11252.0
70959	1701.5	1964.7	11372.8
55666	1726.9	2007.0	13000.0
36186	1731.8	1999.1	11977.5
36216	1715.8	1946.8	11644.0
4031	1710.1	2000.4	11713.3
13298	1718.3	1968.3	11560.9
64381	1703.1	1859.9	11147.0
39319	1721.8	1951.5	11653.3
72350	1709.2	1928.1	11634.5
2712	1734.2	1987.3	11950.7
18918	1702.3	1881.3	11307.6
11865	1708.4	1945.1	11479.9
290	1712.5	1955.3	11752.9
25120	1700.7	1906.4	11220.8
14742	1714.1	1968.4	11569.0
44007	1716.0	1955.8	12061.9
62910	1716.7	1984.9	11893.8
48943	1719.2	1960.7	11461.5
35630	1699.5	1919.3	11399.9
17987	1724.8	1996.6	11616.7
4609	1721.8	1956.1	11702.4
58668	1710.0	1915.6	11421.7
29462	1724.5	1960.2	11600.2
69223	1717.1	1902.4	11619.7
27431	1718.2	1965.0	11741.2
26888	1709.0	1981.6	11569.8
34057	1717.2	1940.4	11802.4
36860	1704.8	1913.0	11547.6
29768	1725.7	1987.5	11793.6
42306	1696.9	1882.9	11184.7
59143	1711.3	1949.7	11502.4
58759	1708.1	1938.5	11438.1
17527	1704.2	1955.7	11457.3
13040	1703.3	1893.8	11228.5
42040	1716.5	1942.2	11767.0
35543	1725.0	1969.4	11898.6
13168	1716.7	1971.5	11699.4
19163	1720.8	1958.4	11684.6
13629	1716.8	1960.8	11508.0
10222	1721.0	1989.0	11806.0
15313	1707.5	1863.2	11324.0
61196	1703.5	1916.6	11159.4
36777	1709.2	1977.4	11501.0
55883	1715.8	1925.6	11586.7
15431	1720.1	2015.3	11696.8
37200	1722.7	2006.7	11867.0
59376	1710.1	1968.1	11607.3
33941	1731.7	1971.4	11963.5
74460	1719.5	1931.9	11505.5
40285	1723.8	1969.0	11797.3
64264	1705.5	1952.6	11266.6
20037	1722.9	1941.4	11607.2
9525	1710.7	1930.1	11341.3
70482	1698.9	1927.1	11346.6
2257	1706.4	1918.8	11267.7
30349	1716.6	1919.7	11492.7
44222	1713.5	1915.0	11479.4
46775	1708.0	1918.0	11401.2
58060	1709.2	1926.8	11504.3
49811	1715.6	1977.2	11744.2
39866	1721.4	1986.8	11798.0
27374	1712.6	1912.9	11469.2
55663	1707.6	1947.8	11380.3
36911	1693.6	1901.5	11283.1
45876	1709.1	1892.4	11221.5
2204	1708.3	1961.3	11499.0
39468	1704.1	1982.0	11649.6
46676	1718.1	1946.0	11672.3
33887	1724.6	1930.7	11603.6
51020	1718.3	1943.0	11411.5
53475	1716.3	1936.1	11440.4
40907	1719.9	1943.7	11612.6
32715	1717.1	1994.2	11656.4
37653	1714.1	1983.1	11775.5
5757	1721.8	1960.2	11759.1
26939	1713.8	1976.9	11886.7
42814	1726.8	2003.5	11936.0
5804	1724.3	2007.0	11890.0
41388	1725.8	1979.4	11947.3
11319	1720.3	1995.1	11837.2
64750	1720.3	1953.1	11649.1
15497	1724.7	1980.6	11774.1
65563	1714.7	1881.6	11328.7
40320	1713.5	1962.0	11629.7
9706	1713.2	1906.1	11496.8
21448	1726.9	1969.7	11640.6
13421	1710.3	1950.1	11656.7
27186	1714.8	1953.7	11413.6
61318	1712.1	1926.8	11263.2
37253	1703.4	1953.8	11524.7
44700	1726.5	1988.2	11853.6
46920	1714.5	1926.8	11832.1
42733	1713.6	1951.2	11502.1
39817	1720.9	1979.1	11668.3
40752	1704.9	1932.4	11524.6
1612	1713.3	1971.2	11656.6
32395	1711.2	1947.3	11727.4
66333	1706.2	1926.3	11399.5
1040	1718.3	1969.2	11734.1
65368	1704.8	1856.5	11240.2
2888	1719.9	1975.8	11689.9
27662	1720.3	1933.5	11478.5
35130	1711.2	1948.7	11280.0
22720	1707.3	1930.1	12509.3
58412	1721.9	1990.3	11746.0
59116	1717.4	1971.7	11619.7
62077	1705.9	1934.4	11665.5
9285	1737.0	2042.1	12184.8
48585	1718.5	1938.6	11872.2
74084	1716.8	1985.5	11785.3
71360	1718.3	1953.5	11757.0
70616	1711.6	1978.2	11641.1
41825	1723.6	1998.4	11675.8
22413	1726.5	1951.6	11579.8
35094	1715.5	1959.7	11561.1
62241	1706.5	1908.0	11395.2
5554	1721.3	1970.6	11682.8
5203	1715.7	1984.9	11625.7
60185	1728.0	1981.6	11710.5
74273	1709.9	1911.8	12159.0
21970	1719.5	1971.9	11903.1
63095	1705.8	1946.4	11570.4
39474	1709.6	1961.1	11565.9
28667	1721.4	1943.4	11557.2
57462	1719.6	1978.6	11671.6
49877	1714.3	1962.8	11379.8
1193	1710.9	1961.8	11432.3
14965	1725.9	2025.0	12441.8
29352	1713.6	1974.0	11536.9
59313	1704.5	1956.4	11442.6
47190	1724.6	1965.0	11789.5
64656	1721.1	1942.2	11661.4
13035	1705.4	1894.7	11570.8
62871	1718.0	1945.7	11588.6
21	1713.6	1958.7	11806.3
37496	1717.6	1976.5	11593.7
69343	1716.0	1959.8	11835.1
40288	1731.0	1986.7	12085.5
43469	1722.6	1940.3	11690.4
13414	1717.2	1951.7	11514.4
52166	1710.6	1915.1	11443.3
23901	1717.5	1998.9	11648.7
5441	1718.5	1960.5	11634.9
20153	1715.7	1911.8	11424.5
8238	1700.4	1909.6	11229.4
43925	1713.2	1926.2	11324.0
29470	1726.0	1964.4	11796.4
36786	1716.6	1974.1	12033.5
4776	1732.8	2023.7	11927.7
5826	1723.3	1998.7	11930.8
22687	1721.9	1973.8	12156.0
19806	1715.6	1906.0	11485.4
27306	1716.8	1968.2	12206.6
11936	1717.4	1978.5	11820.8
24563	1722.2	1931.6	11987.8
72702	1706.0	1886.3	11703.2
69112	1717.4	1957.3	11589.0
71219	1716.7	1958.9	11654.7
40025	1715.5	1948.5	11582.9
32667	1728.5	2000.0	12016.9
73350	1715.3	1957.8	11586.3
43803	1702.2	1921.1	11290.7
58388	1725.5	1974.6	11852.9
57331	1716.0	1947.0	11661.4
61555	1719.5	1910.1	11872.3
29223	1717.2	1942.1	11617.3
9713	1703.0	1905.7	11318.2
53776	1718.2	1950.0	11834.8
73341	1711.1	1964.6	11541.0
46984	1706.3	1910.5	11479.8
43913	1716.3	1978.7	11580.8
46119	1721.6	1939.9	11446.6
4076	1720.4	1961.2	11919.0
14565	1702.3	1933.1	11593.5
60884	1704.6	1937.5	11394.9
24226	1715.1	1977.0	11530.0
64034	1708.7	1913.7	11186.5
43607	1718.1	1951.2	11806.1
35758	1713.1	1973.0	11576.4
24653	1712.8	1963.5	11471.0
44727	1714.7	1951.9	11625.9
29819	1725.0	1978.1	12945.4
33292	1726.6	2014.7	11879.2
25171	1724.5	1974.8	11679.8
57265	1728.3	2024.7	12204.7
49755	1722.3	1915.0	11541.9
26374	1721.9	1993.5	11967.2
13093	1723.2	2001.1	12091.2
61388	1724.4	1945.9	11844.3
35029	1723.1	1946.6	11695.6
42224	1719.4	1930.2	11594.6
13856	1721.4	1989.2	11728.3
35685	1708.1	1954.3	11530.3
53531	1722.9	1939.1	11593.3
66119	1697.7	1944.8	11436.8
13319	1711.9	1981.0	11620.0
74512	1708.1	1899.4	11346.6
105	1727.8	1964.2	11763.7
1330	1709.2	1913.0	11331.8
69785	1721.4	1947.0	11927.6
6149	1714.9	1937.2	11496.5
15956	1709.4	1951.0	11536.3
26875	1714.6	1995.1	11711.8
73899	1714.1	1922.5	11734.9
69366	1728.8	2030.3	12042.3
14049	1725.6	2015.7	11822.3
60269	1714.4	1927.4	11555.3
53621	1713.6	1966.1	11675.2
17856	1711.1	1934.9	11564.0
55292	1723.7	2002.1	11833.4
23328	1715.1	1943.5	11730.0
10662	1710.8	1940.4	11713.1
73784	1722.6	1963.1	11812.8
48413	1715.8	1941.1	11568.4
17481	1731.9	1971.6	12070.6
53402	1713.6	1951.5	11509.4
68289	1703.2	1907.8	11367.1
30380	1718.7	1978.1	11704.2
72974	1716.7	1961.7	11614.0
61682	1705.6	1914.4	11455.4
73684	1708.9	1978.4	11710.7
40669	1708.8	1927.7	11486.2
15224	1721.3	1997.1	11865.0
35999	1714.0	1949.4	11547.9
37480	1694.7	1920.7	11279.7
14891	1724.9	1991.4	11936.4
62201	1708.2	1916.1	11250.5
28480	1712.1	1969.0	11644.9
39958	1714.6	1956.3	11467.1
39264	1726.2	1991.0	11803.9
71854	1718.9	1956.2	11589.5
27347	1708.0	1898.4	11339.5
28841	1725.9	2005.2	11948.1
26461	1704.7	1962.9	11811.6
54550	1714.9	1953.3	11660.9
66467	1709.0	1934.6	11543.4
2708	1715.2	1970.1	11536.9
32514	1724.7	1975.8	11768.9
31215	1714.4	1975.2	11685.3
3106	1710.7	1979.3	11785.7
38017	1711.3	1954.8	11695.9
46715	1712.7	1873.8	11482.2
59316	1704.7	1910.8	11420.1
11054	1728.3	1985.6	12062.0
56903	1715.7	1980.7	11700.2
18725	1715.5	1949.3	11555.6
13719	1706.4	1970.2	11935.9
64237	1729.7	1981.0	11914.8
45280	1718.1	2032.7	11974.1
21873	1713.6	1941.3	11746.4
49320	1723.4	1985.7	11716.2
66306	1708.8	1930.1	11423.6
51834	1728.4	1970.2	11810.2
55223	1719.1	1984.6	11866.5
33503	1727.0	2006.6	12253.1
72502	1710.9	1970.6	11663.2
43972	1711.7	1915.8	11299.2
67886	1721.5	1953.7	11675.8
13073	1710.6	1919.7	11417.4
45169	1715.5	1988.5	11904.0
33918	1721.5	2017.3	11865.1
63012	1714.7	1917.9	11620.2
40378	1707.6	1977.0	11551.7
14527	1719.1	1976.1	12578.0
37151	1728.2	2003.5	11878.0
30039	1706.2	1936.4	11375.2
1036	1722.3	2025.1	12088.9
17232	1713.7	1966.1	11482.5
9379	1700.2	1908.2	11544.9
46440	1716.2	1911.5	11528.6
6688	1714.5	2006.1	13372.7
55697	1709.0	1985.1	11580.2
9246	1709.0	1917.7	11430.1
59707	1713.1	1925.9	11409.2
53275	1706.8	1897.6	11431.0
381	1713.2	1987.8	11608.5
6740	1709.6	2001.9	11603.4
44778	1711.6	1957.3	11577.7
52929	1720.7	1950.2	11785.0
44963	1723.3	1984.0	11829.1
9409	1734.4	2026.2	12108.0
4621	1713.6	1959.5	11647.3
50708	1707.1	1941.1	11352.9
38182	1720.3	1997.4	11869.5
23025	1719.8	1952.9	11454.7
35969	1716.9	1933.3	11431.7
43404	1722.5	1956.0	11761.7
14051	1727.5	1985.2	11981.1
29783	1717.0	1980.3	11632.7
32528	1719.7	1972.2	11668.7
16465	1731.8	1978.3	12012.3
22247	1714.6	1924.1	11677.8
64079	1715.0	2000.3	11776.8
2600	1713.3	1982.1	11715.1
25692	1722.8	2028.2	11702.2
63841	1700.5	1888.9	11271.7
69872	1726.3	1998.1	12150.4
490	1717.3	1959.3	11823.0
11328	1720.4	2017.1	11779.5
39819	1706.2	1874.5	11354.1
73837	1719.9	1924.7	11553.2
27611	1705.0	1908.1	11459.7
41316	1723.1	1959.1	11730.9
4169	1722.8	1922.4	11409.9
45063	1720.9	1983.4	11718.9
16505	1715.6	1942.1	11478.5
35202	1713.9	1928.2	11528.8
15795	1716.3	1973.3	11827.0
50718	1709.9	1918.4	11539.2
47907	1719.5	1953.3	11628.9
31121	1718.1	1899.9	11372.5
40674	1711.0	1993.0	11626.5
5107	1687.6	1898.7	11091.6
57164	1713.2	1984.0	11714.7
40047	1715.3	1954.9	11459.2
69878	1710.3	1918.5	11341.8
71752	1712.6	1972.7	12036.7
37750	1730.1	1985.5	11698.4
2415	1721.3	2002.6	11889.3
23717	1706.6	1946.8	11430.5
30300	1705.9	1959.7	11352.4
42145	1723.6	1980.4	11689.7
71594	1715.4	1972.3	11750.4
5528	1717.3	1972.5	11544.0
67272	1728.6	1995.7	12399.4
19165	1738.6	1991.6	11972.0
41157	1704.2	1908.8	11327.5
23300	1719.3	2006.8	11766.3
40411	1725.5	1969.5	11799.9
35339	1706.2	1952.1	11429.8
47840	1721.0	1993.3	11752.1
71414	1719.0	1935.2	11759.5
