8026	1721.2	1928.6	11532.1
1701	1715.1	1933.4	11614.4
28619	1721.1	1952.4	11584.8
45582	1711.0	1954.0	11527.6
35342	1738.9	2038.1	12471.4
53331	1709.9	1901.6	11280.6
18872	1695.3	1911.9	11169.5
47816	1717.4	1940.4	11604.2
41931	1713.1	1964.8	11779.4
53989	1717.3	1921.9	11637.2
33225	1720.0	2017.8	12020.7
69956	1714.7	1943.5	11718.0
63055	1722.0	1961.5	11826.4
16593	1717.4	2015.7	11826.6
12270	1703.1	1898.5	11254.5
67745	1702.7	1923.8	11337.8
26307	1708.6	1937.4	11462.9
22359	1719.4	1984.5	11853.1
17298	1732.5	2029.1	12026.9
54486	1719.8	1946.6	12001.3
42801	1711.9	1932.1	11518.9
16240	1725.2	1979.0	11665.3
50191	1720.8	1977.2	11774.9
64970	1717.9	1913.3	11523.7
32144	1702.1	1893.5	11242.8
7728	1710.3	1921.0	11486.1
37430	1714.9	1947.8	11637.3
55932	1710.1	1938.5	11335.3
15908	1710.8	1968.7	11724.3
35774	1722.5	2014.0	11688.2
32829	1717.5	1967.5	11595.6
13593	1724.2	1960.4	11657.4
49103	1700.3	1912.2	11452.7
32763	1696.7	1906.0	11178.6
66278	1707.0	1902.9	11301.5
14212	1710.2	1964.0	11620.7
20439	1717.6	1938.3	11523.2
42816	1727.8	1964.6	11987.0
32568	1724.5	1972.7	11789.7
21787	1713.5	1979.4	11759.2
11788	1703.1	1933.6	11339.8
72822	1709.0	1978.7	11497.5
32872	1732.6	2023.5	12196.0
57552	1708.3	1922.8	11739.9
67006	1718.8	1926.1	11699.0
50262	1718.2	1935.1	11735.9
2748	1727.4	1970.7	11762.7
41856	1710.7	1940.1	11592.9
2619	1712.5	1975.8	11671.0
64558	1723.4	1988.9	11795.4
13065	1719.8	1979.8	11613.7
37347	1720.7	1960.9	11738.3
58879	1715.6	1982.2	11712.3
60214	1718.8	2001.0	11801.1
49511	1720.6	1963.3	11769.8
46999	1725.7	1956.9	12006.4
5705	1708.9	1921.1	11455.2
74534	1715.4	1997.3	11707.6
73274	1706.7	1972.6	11770.1
26632	1718.4	1936.2	11432.3
53349	1720.0	1937.6	11721.6
18017	1711.4	1968.9	11763.3
30697	1698.3	1919.0	11411.1
47873	1705.6	1935.2	11348.5
18245	1725.9	1976.3	11572.7
30133	1710.7	1883.7	11331.7
37796	1706.5	1879.0	11297.6
53549	1712.7	1981.9	11631.7
20303	1721.8	1968.5	11860.7
33154	1721.1	1966.6	11892.7
44157	1736.0	2000.4	12018.0
39505	1716.8	1942.1	11663.7
10756	1730.4	1965.0	11689.0
55199	1722.2	1988.4	11820.4
17333	1707.0	1949.2	11562.8
55452	1713.1	1948.9	11416.1
58606	1717.1	1992.1	11627.5
59063	1726.9	1980.3	12079.1
69849	1718.4	2024.7	12164.4
19154	1724.1	1968.2	11689.2
69480	1701.8	1890.5	11313.3
33927	1719.6	1966.5	12127.1
8269	1716.1	1966.4	11604.8
8089	1698.7	1890.1	11053.3
51403	1724.0	2002.5	12023.2
39988	1710.2	1967.4	11757.5
43140	1713.2	1963.1	11491.3
61696	1719.8	1977.7	11912.7
60293	1709.7	1898.7	11437.6
6438	1722.0	1961.1	11892.7
72542	1714.6	1941.7	11719.7
38782	1713.6	1974.0	11741.1
33900	1726.8	1995.1	11938.0
58768	1716.3	2005.9	12238.9
5143	1719.4	1993.9	12262.1
40664	1712.1	1968.9	11597.0
30775	1706.2	1965.2	11514.0
1582	1727.3	1991.4	11950.8
65244	1714.5	1928.6	11546.9
20680	1708.7	1925.4	11221.9
74122	1717.7	1929.4	11579.6
22271	1717.9	1971.4	11676.8
16695	1733.0	2057.3	12066.2
60790	1717.9	1973.7	11606.6
67365	1701.0	1916.9	11342.2
9269	1720.9	2008.5	11726.2
74855	1724.6	1989.3	12231.6
3667	1728.1	1975.5	11677.0
60657	1717.1	1950.8	11561.4
37651	1727.3	2006.8	12001.9
31629	1721.8	1922.5	11573.0
26767	1720.9	1954.5	11631.8
5311	1729.3	1985.2	11825.5
29639	1714.0	1945.9	11515.6
53166	1711.8	1964.1	11743.5
14489	1715.0	1956.4	11763.8
49758	1741.3	2027.5	12039.3
16854	1719.7	1991.6	11797.1
16905	1727.8	2011.0	12148.8
47205	1711.6	1968.9	11477.1
33735	1713.7	1938.4	11386.7
4895	1720.3	1941.0	11721.0
38757	1699.3	1913.1	11513.7
6505	1724.2	1991.2	11812.8
60475	1707.3	1941.4	11694.0
68479	1720.6	1970.6	11684.7
19014	1730.3	1955.2	11790.2
13582	1713.5	1986.1	11600.2
40281	1710.0	1933.9	11426.1
15339	1718.3	1952.0	11764.9
57717	1708.5	1952.6	11475.3
51289	1717.5	1917.3	11493.9
58567	1719.5	2036.8	11796.9
40684	1710.9	1929.9	11522.3
71205	1701.7	1868.3	11235.3
24232	1723.8	1949.1	11729.6
15432	1709.5	1896.1	11455.6
38068	1718.1	1964.3	11711.8
25659	1724.2	1917.5	11520.5
53756	1691.2	1860.2	11004.4
42186	1712.7	1944.9	11452.6
37975	1708.0	1979.7	11402.6
13641	1719.5	1979.5	11644.3
33624	1716.8	1992.0	11715.8
10869	1705.4	1907.9	11334.5
33133	1704.7	1938.9	11588.4
6842	1695.1	1881.0	11118.0
72181	1727.1	1996.3	12102.4
8462	1725.1	1984.3	11905.3
12107	1712.0	1937.7	11600.1
13033	1713.3	1974.7	11753.9
50440	1715.8	1938.0	11903.8
16532	1716.7	1971.1	11441.4
31775	1708.6	1977.1	11719.6
21172	1711.9	1931.9	11568.7
25467	1706.9	1915.3	11361.2
17096	1707.3	1990.3	11390.9
734	1716.7	1970.9	11613.0
24041	1706.7	1935.6	11371.4
18739	1715.6	1990.1	11711.3
62715	1714.5	1948.7	12013.4
27828	1722.7	1992.8	11879.2
66958	1719.5	1912.8	11362.4
17382	1716.4	1943.0	11633.9
28595	1717.0	1980.2	11782.8
31051	1709.6	1930.1	11571.6
15105	1711.6	1937.5	11623.5
4135	1708.8	1930.3	11475.2
39622	1715.1	1947.7	11605.9
13899	1712.6	1954.5	11818.2
57068	1720.5	2040.3	11978.4
70117	1716.1	1922.8	11632.6
68255	1713.3	1952.4	11554.7
44163	1714.2	1932.8	11640.4
14801	1713.6	1982.4	11532.5
34075	1717.2	1959.0	11822.9
66299	1719.9	1976.8	11596.0
7415	1712.9	1972.2	11500.8
56970	1722.7	1989.2	11994.3
7824	1704.9	1940.4	11323.5
23301	1735.5	2017.9	12180.4
51917	1711.2	1992.3	11796.1
57391	1727.5	1971.8	11859.8
25042	1729.8	2032.0	11864.2
72247	1714.2	1918.7	11540.3
3078	1721.7	2001.2	11936.8
37024	1714.2	1957.6	11499.1
51042	1705.8	1905.9	11227.6
73172	1705.5	1951.7	11348.3
25782	1714.0	1929.4	11555.2
69577	1721.4	1938.7	11704.6
11742	1704.7	1935.5	12663.1
31362	1713.7	1953.3	11801.4
67789	1718.0	1946.2	11753.5
18213	1718.7	1939.2	12604.0
37834	1724.5	1977.1	11941.3
56229	1716.9	1953.0	11713.1
5931	1711.5	1980.9	11661.7
32001	1715.8	1961.5	11667.2
5067	1718.9	1918.2	11595.4
10217	1712.0	1938.4	11642.1
23571	1724.9	1936.6	11799.5
59787	1708.9	1952.1	11709.8
69910	1698.7	1893.1	11263.9
23991	1725.4	1955.2	11751.6
25736	1717.2	2013.4	11843.1
36544	1701.0	1883.9	11276.9
33069	1727.9	2032.6	12209.7
15310	1702.1	1886.9	11240.3
20437	1717.0	1945.1	11468.1
64953	1713.8	1905.4	11620.1
41441	1716.2	1984.2	11619.5
8541	1709.3	1926.4	11397.4
1545	1714.6	1909.0	11456.3
14233	1723.9	1988.3	11846.8
43623	1734.9	1992.8	12264.5
39151	1718.6	1998.5	11717.7
44913	1710.1	1914.0	11517.3
49267	1724.7	1957.5	11668.0
41828	1713.1	2004.0	11657.6
1784	1717.2	1999.0	11532.8
34263	1727.5	1956.8	11712.6
9355	1712.1	1982.2	11606.8
3405	1714.9	2005.8	11842.6
68278	1713.2	1943.5	11933.5
46966	1707.5	1935.1	11556.5
40341	1720.6	1975.1	11696.8
5671	1714.4	2006.4	11647.2
43506	1702.7	1970.5	11346.3
33350	1719.9	1977.6	11689.7
40757	1720.9	1999.0	11837.4
59660	1715.2	1945.9	11771.3
25438	1716.8	1999.4	11790.7
40386	1714.7	1940.9	11657.4
6007	1708.1	1944.9	11467.3
11948	1713.1	2004.5	11850.8
61174	1714.6	1895.1	11599.9
54846	1709.9	1984.4	11861.2
44605	1714.9	1933.7	11523.1
70208	1721.4	2001.8	11828.3
66101	1725.5	1989.4	11780.0
32592	1709.0	1936.2	11332.1
58159	1710.1	1949.1	11800.5
9063	1719.2	1973.0	11830.0
10374	1707.9	1892.0	11368.9
60537	1696.5	1927.7	11928.8
834	1716.8	1996.2	11962.4
4788	1709.6	1918.6	11428.9
67085	1723.7	1937.1	11542.4
55102	1716.1	1983.4	12034.1
15704	1714.3	1982.9	11673.3
63093	1723.9	2000.5	12327.7
5631	1711.2	1926.7	11394.6
43981	1712.8	1963.5	11552.4
37111	1714.7	1924.0	11568.4
47912	1709.0	1923.9	11739.9
39108	1694.4	1856.5	11072.3
53395	1716.8	1906.5	11595.4
37882	1726.9	1958.6	11743.1
25725	1724.3	1976.5	11755.7
73799	1714.4	1998.8	13024.2
67418	1726.3	2061.6	11937.9
27374	1708.7	1927.0	11275.6
62464	1697.5	1900.7	11090.4
59601	1720.2	1929.6	11670.1
1929	1716.4	1943.7	11529.6
52227	1719.2	1980.1	11939.2
69319	1726.5	1965.9	11656.2
41762	1694.7	1959.1	11344.4
47008	1711.7	1926.5	11473.6
58801	1727.0	1965.8	11695.2
45343	1707.0	1946.8	11705.9
53469	1731.6	1963.7	11767.6
35704	1720.1	1908.9	11542.6
31273	1710.4	1939.3	11599.0
37479	1708.1	1943.1	11422.1
70606	1723.0	1994.0	12014.9
53969	1719.1	2017.6	11969.6
23245	1712.4	1917.6	11568.0
15215	1717.2	2042.2	11868.7
38371	1715.4	1962.0	11464.8
48356	1714.8	1927.8	11719.4
63353	1732.9	1978.3	11965.1
56553	1717.5	1946.9	11552.3
13355	1709.6	1906.4	11257.4
63048	1712.3	1938.7	11600.1
64269	1703.0	1900.4	11534.6
1095	1715.6	2000.4	11983.4
53012	1727.3	1963.5	11793.9
2415	1715.4	1984.3	11785.8
68137	1712.2	1934.2	11464.3
71489	1708.7	1955.5	11542.4
58826	1716.6	1969.9	12067.8
30693	1722.2	1987.7	11958.2
56677	1724.2	2002.8	11834.7
37684	1700.2	1940.6	11478.4
68327	1718.6	1955.5	11721.6
41500	1713.7	1973.8	11679.3
41261	1716.2	1925.7	11560.8
2756	1708.7	1993.0	12005.2
56849	1719.5	1950.4	12291.0
18176	1716.7	1919.5	11570.4
5364	1715.1	1957.4	11689.7
4850	1719.2	1931.6	11514.7
2180	1711.4	1916.1	11319.4
2512	1711.2	1893.1	11476.9
27079	1704.7	1943.0	11440.7
60061	1723.0	1964.9	12178.9
60644	1703.0	1896.9	11281.8
14430	1712.1	1883.3	11276.9
21352	1731.9	2006.7	11737.6
28332	1713.2	1953.5	11572.4
56310	1701.0	1923.2	11296.9
34173	1713.3	1963.4	11478.7
74484	1719.2	1973.0	11951.5
68608	1709.4	1945.9	11548.2
11863	1735.4	2006.4	11862.3
74348	1710.2	1970.9	11480.3
22349	1716.0	1971.9	11560.3
56164	1702.2	1924.4	11282.3
55823	1722.4	1979.0	11836.7
49205	1718.6	1955.4	11456.7
11613	1723.0	1974.8	11725.2
68428	1704.2	1951.9	11486.3
66728	1701.1	1923.5	11470.8
1728	1711.0	2007.1	11656.7
56352	1713.7	1937.0	11675.9
52006	1710.9	1932.7	11634.4
38450	1702.3	1910.8	11905.7
28133	1709.2	1913.0	11277.0
40055	1719.8	1926.5	11729.5
44861	1713.7	1946.1	11739.3
44033	1712.9	1941.9	11411.2
61751	1714.6	1951.2	11806.2
29426	1725.2	1996.1	12070.6
24264	1722.2	1956.3	11515.7
14413	1706.5	1948.3	11419.1
47733	1721.5	1955.9	11935.5
65557	1707.5	1946.8	11471.2
58155	1707.5	1926.9	11591.5
6679	1723.6	1987.4	11795.0
16201	1715.3	1951.9	11484.8
65196	1711.0	1948.5	11583.4
57714	1712.0	1960.3	11559.2
9333	1716.2	1981.7	11853.0
49130	1724.8	1968.0	11788.2
55541	1709.3	1956.4	11875.3
29980	1720.6	1971.9	11614.9
20140	1711.1	1914.2	11281.7
46637	1713.1	1937.6	11393.2
40874	1707.6	1864.1	11193.0
20131	1701.8	1978.6	11438.1
10691	1714.5	1933.5	11573.0
14570	1703.8	1892.9	11262.9
16480	1715.5	1932.3	11628.1
39682	1708.7	1954.6	11575.3
45607	1728.1	1957.9	12081.0
50641	1705.1	1926.0	11391.4
37655	1714.3	1977.1	11864.5
49215	1714.0	1938.0	11737.5
70538	1708.7	1940.2	11569.1
24165	1730.0	1978.9	11745.4
6315	1713.1	1943.2	11588.1
64550	1712.4	1935.7	11462.4
867	1720.1	1940.1	11674.0
5887	1710.0	1936.1	11471.7
39842	1732.8	1957.0	12067.0
2455	1717.8	1949.7	11563.3
25220	1717.0	1958.6	11790.5
29644	1699.8	1919.8	11381.3
11352	1721.2	1945.7	11671.4
50049	1729.2	1965.2	11951.2
5873	1704.8	1980.2	11670.3
11513	1705.5	2002.0	11614.8
19971	1713.0	1953.7	11478.1
8303	1710.5	1938.4	11467.6
73399	1719.9	1964.1	11824.7
1010	1715.1	1961.3	11504.7
9095	1722.7	1982.4	11639.1
1344	1714.3	1934.3	11806.6
55517	1719.8	1974.1	11802.0
67313	1718.7	1947.0	11851.1
30716	1715.7	1971.8	11747.5
43277	1734.0	2001.7	12116.8
41036	1713.0	1998.9	11815.8
18705	1708.5	1940.0	11355.5
56618	1709.2	1955.9	11543.3
69370	1705.9	1932.5	11417.3
39687	1703.1	1974.2	11837.4
24950	1717.2	1974.9	11741.5
19520	1705.4	1961.5	11492.8
9279	1721.9	1979.7	11931.3
7479	1701.7	1917.9	11216.0
51531	1729.8	1999.8	11776.4
29323	1702.3	1919.3	11439.3
34367	1711.2	1894.7	11520.0
37874	1714.5	1961.0	11555.9
73373	1703.3	1929.5	11341.7
67596	1717.9	2022.6	11732.7
27576	1710.8	1922.3	11601.3
20019	1721.5	1892.9	11539.2
20282	1725.5	1994.3	11814.1
55967	1720.4	1995.3	11904.5
48329	1717.2	1969.6	11703.8
2677	1718.3	1968.4	11592.0
15574	1729.1	2003.4	11807.9
34552	1715.0	1933.4	11457.4
7285	1695.9	1937.5	11564.1
23902	1733.8	1997.9	11792.6
26018	1710.6	1981.3	11699.9
4740	1714.4	1976.4	11730.5
51480	1717.9	1948.5	11700.0
23233	1712.8	1940.1	11542.5
57760	1703.5	1892.2	11443.7
49061	1717.1	1981.6	11618.6
10947	1706.1	1908.6	11352.0
64419	1703.6	1906.6	11447.6
15542	1710.6	1881.0	11256.5
33163	1728.1	1986.1	11960.2
51538	1718.6	2001.3	11912.1
64639	1708.4	1954.3	11538.1
42592	1703.1	1923.4	11399.3
70983	1715.3	1912.5	11538.2
61224	1709.9	1939.8	11543.9
29381	1720.6	1993.9	11704.7
56444	1720.8	1970.9	11939.2
58321	1715.3	1937.8	11922.6
41536	1714.8	1910.8	11701.4
1717	1716.7	1978.6	11504.0
49329	1717.9	1987.2	11616.7
62617	1710.2	1945.9	11530.5
4457	1711.4	1951.2	11981.2
11155	1712.5	1952.1	11607.8
53239	1725.4	1991.8	12247.7
1853	1709.6	1938.2	11508.2
51581	1726.5	2010.6	12076.3
5928	1729.7	1973.7	11819.2
74839	1712.9	1948.4	11512.4
61663	1724.8	1936.0	11883.9
45007	1712.0	1963.8	11530.3
23084	1725.3	2018.6	12066.2
40858	1707.9	1932.8	11506.1
52980	1718.7	1978.2	11601.8
66581	1713.2	1915.0	11436.8
61676	1729.1	2039.8	11965.8
15628	1716.4	1979.9	11778.4
61497	1722.9	1941.9	11662.3
1058	1712.0	1980.9	11555.5
57177	1718.1	1966.3	12226.4
59657	1717.0	1924.5	11600.7
6394	1703.7	1905.2	11384.1
40311	1714.3	1983.0	11699.0
64093	1723.9	1974.2	11759.6
3433	1729.0	1965.6	11731.2
35987	1705.0	1948.8	11877.9
38038	1726.5	1975.8	11787.9
42879	1703.5	1939.9	11336.9
65016	1712.2	1931.0	11581.1
17026	1713.8	1939.3	11535.7
7806	1724.3	1985.6	11945.4
60867	1705.4	1898.6	11372.6
39609	1715.4	1896.0	11740.6
10923	1711.8	1951.7	11351.6
19780	1713.8	1996.2	11638.1
25481	1695.7	1887.1	11288.0
68075	1731.7	1975.2	11818.2
54241	1724.5	1995.8	12041.3
59044	1716.5	1952.2	11679.5
45867	1720.0	1959.8	11550.5
20057	1721.1	1960.5	11645.9
73555	1712.6	1935.0	11660.8
74852	1729.2	1982.3	11941.8
47795	1722.8	1956.2	11704.4
96	1723.2	2009.0	11945.9
15500	1699.7	1940.5	11173.8
20097	1729.3	1955.2	11765.3
29832	1718.1	1932.5	11710.9
43969	1706.6	1857.4	11468.7
52666	1725.2	2014.1	11856.3
41498	1702.8	1928.0	11335.9
12425	1711.6	1969.9	11527.8
125	1722.6	2012.2	11639.0
52727	1721.5	2034.4	11915.5
13577	1725.5	1979.3	12447.4
33885	1720.5	1982.6	12004.4
36056	1710.1	1932.1	11796.1
1786	1712.2	1959.3	11327.2
17845	1728.1	1966.4	11748.8
25552	1711.7	1930.4	11486.3
22921	1732.2	2011.0	11849.9
34054	1700.9	1917.8	11372.3
11933	1715.5	1948.3	11439.6
11701	1716.1	1973.8	11835.7
2993	1721.9	2057.2	11977.8
25653	1706.7	1911.1	11317.8
64908	1718.3	1964.3	11862.6
33941	1713.0	1929.1	11567.7
71636	1709.4	1911.6	11413.6
1358	1711.3	1914.1	11311.5
20832	1727.5	2016.4	11952.6
69190	1701.5	1919.9	11837.6
61732	1719.5	1955.5	11797.0
42587	1705.7	1981.0	11725.9
56720	1729.9	2031.8	11911.0
19133	1714.7	1971.5	11774.4
67832	1706.9	1953.0	11668.6
16945	1715.0	1979.0	11890.7
53075	1715.5	1960.8	11799.5
37289	1723.7	1974.3	11808.6
43342	1704.2	1952.3	11387.0
36667	1721.3	2019.2	11758.5
7633	1713.9	1992.1	12392.2
38151	1711.8	1951.3	11539.9
70088	1720.4	1980.4	12243.0
34431	1714.8	1973.6	11779.3
57300	1706.0	1928.6	11373.4
60515	1705.4	1935.8	11536.4
31063	1723.4	1980.9	11715.5
12522	1709.0	1931.5	11350.4
38727	1728.0	2001.9	11674.4
40898	1729.7	1962.1	11780.3
42104	1711.3	1978.2	11638.5
547	1721.4	2010.6	11790.3
48283	1704.8	1916.0	11541.3
36807	1719.1	1940.2	11688.8
46798	1730.6	1985.2	12160.1
19076	1722.5	1956.7	11877.0
39733	1718.4	2015.4	11960.2
31827	1712.4	1936.6	11377.7
8821	1721.0	1990.1	11827.6
926	1730.3	1918.6	12042.6
18162	1707.6	1940.2	11784.5
68901	1718.0	1947.8	11759.1
74427	1722.1	1958.0	11641.3
16981	1728.9	1977.0	11839.2
3021	1713.4	1966.4	11443.1
1384	1710.0	1988.5	11547.9
65131	1720.9	1971.3	11639.3
58894	1718.9	1930.4	11643.0
61212	1704.3	1918.2	11244.5
42459	1729.3	2008.1	11847.1
65000	1717.1	1922.1	11379.5
37676	1711.6	1948.5	11496.2
49540	1721.3	1960.9	12143.3
14788	1718.5	1960.9	11633.9
41173	1728.9	2004.4	11925.3
47881	1705.9	1978.9	11522.1
199	1715.3	2004.8	11840.9
65913	1718.4	1938.6	11571.9
253	1717.8	1981.1	11580.5
10804	1717.5	1953.9	11555.4
69638	1712.5	1985.4	11795.8
8798	1719.1	1973.9	11741.5
27360	1712.8	1923.7	11576.8
47649	1721.9	1963.6	11737.6
21513	1712.9	1941.2	11644.6
245	1723.1	1993.5	11909.0
46630	1705.3	1955.4	11771.4
51880	1723.7	1987.7	11870.7
32667	1697.3	1905.5	11007.5
62619	1697.6	1883.5	11366.2
44599	1708.5	1927.8	11586.6
58302	1702.7	1901.5	11325.8
29123	1720.4	1931.5	11773.4
13234	1714.3	1959.4	11452.7
15532	1696.5	1899.3	11115.3
71378	1718.0	1932.5	11445.6
2141	1700.6	1944.9	11295.1
59931	1711.4	1950.1	11690.2
57428	1724.1	1974.8	11905.9
48789	1720.5	1942.6	12138.3
1401	1719.2	1975.1	11705.9
6317	1705.9	2001.4	11466.6
74157	1726.3	1910.2	11714.3
10851	1717.3	1989.3	11712.1
3948	1717.1	2016.8	11701.7
70439	1716.9	1925.9	11555.1
18904	1711.1	1918.4	11319.6
18708	1708.3	1936.2	11363.5
13312	1717.7	1916.1	11868.2
3580	1708.6	1905.8	11368.8
33483	1722.9	1970.5	11924.6
12530	1715.6	1969.1	11707.2
68229	1713.6	1916.9	11424.1
50598	1718.5	1939.4	11550.5
1329	1719.0	1960.2	11824.8
40065	1727.8	1979.9	11830.9
70855	1721.7	1980.9	11689.7
11928	1711.8	1922.2	11532.7
70223	1710.0	1974.5	11492.0
8450	1722.6	1916.7	11538.8
26073	1714.2	1971.4	11977.1
68521	1703.9	1964.5	11615.1
74512	1697.6	1897.9	11444.8
71291	1718.1	1944.9	12008.6
68382	1704.9	1925.0	11217.9
25646	1712.2	2018.1	11741.6
6042	1727.0	1921.1	11700.2
20643	1719.8	1941.2	11581.2
68981	1709.8	1880.6	11196.3
36686	1728.5	1969.9	11848.7
11699	1720.8	1968.6	11592.4
29719	1728.1	1983.1	11984.7
33092	1695.1	1897.1	11306.6
17071	1727.4	1958.5	11808.0
12084	1707.2	1944.5	11453.2
12550	1709.3	1965.3	11526.9
62119	1712.7	1951.6	11605.8
10828	1704.0	1888.1	11307.3
51627	1695.9	1895.7	11077.7
26523	1704.2	1923.7	11383.9
68995	1706.7	1919.0	11361.6
34614	1705.7	1959.8	11456.9
23260	1700.5	1923.4	11234.3
31660	1701.8	1915.4	11362.1
65549	1720.1	1996.4	11747.0
23771	1721.2	1935.4	11778.2
42644	1723.3	1984.8	11969.7
41495	1719.1	1949.7	11479.2
19883	1710.5	1944.4	11543.5
37105	1714.8	1990.9	12058.7
10585	1697.7	1876.0	11216.0
20611	1717.7	1957.2	12155.5
61639	1718.0	1963.7	11619.5
43326	1711.9	1930.6	11485.8
53032	1706.5	1903.9	11494.6
10679	1714.5	1888.3	11327.4
62409	1730.0	2053.7	12564.1
15809	1719.6	1971.9	11561.9
46171	1715.5	1930.0	11441.4
26332	1714.7	1990.5	12651.2
16336	1717.8	1959.8	11651.5
69173	1720.1	1938.2	11655.7
58290	1714.4	1944.6	11560.8
29460	1727.3	1990.7	11994.2
37131	1715.0	1954.4	11699.4
32742	1736.7	2021.5	12167.8
51928	1725.5	1919.7	11917.4
39140	1734.3	1927.5	11975.1
16956	1715.8	1986.1	11880.8
55658	1708.8	1925.7	12195.1
37022	1711.4	1896.5	11684.6
53054	1716.7	2013.7	11789.1
60438	1704.1	1883.0	11320.3
7921	1721.8	1988.0	11722.3
61118	1722.5	1969.8	11902.8
18462	1706.0	1992.8	12106.7
24947	1719.5	1961.6	11578.7
42716	1707.2	1949.9	11385.0
34646	1709.9	1901.1	11415.6
49640	1729.9	2050.6	12364.2
12976	1718.4	1993.2	11760.2
59436	1718.9	1945.3	11708.6
4104	1732.9	2003.4	12018.0
35540	1723.4	1996.1	11803.5
66083	1709.7	1913.1	11342.7
53359	1705.8	1979.3	11573.4
54130	1707.8	1894.5	11399.2
12045	1710.2	1966.0	11717.6
22250	1716.2	2001.5	11691.8
66986	1716.1	1961.5	12198.6
66450	1711.5	1916.5	11417.9
10181	1702.0	1951.0	11690.3
29816	1705.1	1966.9	11649.4
5288	1704.7	1884.1	11164.9
50828	1714.5	1951.9	11654.1
10695	1718.5	1982.0	12026.6
28762	1702.0	1964.8	11398.7
16815	1700.4	1928.5	11256.5
19583	1718.1	1940.1	11953.8
22104	1729.3	1952.8	11849.1
9273	1714.9	1953.6	11527.6
43290	1713.7	1980.0	11805.7
59008	1715.3	1942.9	11479.2
33181	1700.0	1914.4	11218.4
12068	1705.4	1939.9	11455.6
25002	1711.2	1950.7	11669.5
72188	1709.8	1972.1	11587.2
18286	1711.4	1932.1	11606.7
28292	1712.7	1947.4	11650.3
73893	1716.3	1897.7	11621.9
66423	1713.5	1909.5	11335.7
18820	1704.6	1975.8	12314.6
22343	1716.1	1963.7	11707.3
66919	1714.8	1917.6	11784.1
74651	1707.9	1916.3	11328.9
53907	1715.9	1965.7	11443.8
40350	1707.9	1913.5	11717.7
12092	1724.2	1948.1	11893.7
12003	1716.2	1983.7	12059.6
8734	1721.4	1981.9	12077.2
59113	1714.6	1958.6	11644.4
32908	1712.3	1976.7	11780.0
34261	1720.0	2012.8	11793.2
66298	1707.3	1940.8	11419.6
30326	1714.9	2009.4	11900.1
51650	1719.8	1959.2	11507.5
10117	1718.1	1989.7	11717.9
8924	1719.5	1950.6	11601.6
70792	1724.9	1943.8	11622.9
65865	1713.3	1952.7	11685.3
54687	1711.2	1962.3	11588.5
68987	1717.3	1902.7	11417.2
72966	1737.9	1950.1	11914.0
37080	1716.5	1957.8	11687.1
73095	1722.9	1991.0	12312.0
56835	1711.2	1906.0	11389.4
20663	1726.1	1967.9	11643.2
20221	1721.4	1986.9	11956.8
67530	1718.7	1974.1	12308.9
51527	1716.3	1999.5	11687.3
19826	1718.6	1967.6	11719.5
74757	1713.5	1942.4	11665.5
52069	1719.5	1965.8	11996.0
4890	1718.0	1977.3	11639.6
42487	1705.5	1893.6	11540.2
59973	1713.6	1954.1	11740.9
28175	1714.3	1938.0	11569.2
36612	1715.1	1940.3	11721.9
6639	1714.4	1950.6	11754.1
9176	1722.3	1992.9	11750.9
1276	1704.5	1940.3	11318.5
39297	1712.3	1960.0	11660.0
57816	1708.9	1937.3	11442.5
52785	1706.9	1887.9	11271.6
43395	1708.6	1914.9	11435.1
1911	1729.8	2013.3	11786.3
23648	1723.4	2003.3	11977.1
58282	1714.1	1962.6	11564.8
1207	1710.3	1935.0	11577.5
43189	1724.1	1999.8	11713.2
72892	1708.9	1939.8	11769.9
62877	1727.9	1993.9	12521.1
30791	1733.9	2052.5	12235.5
37366	1715.8	1999.9	11715.1
34485	1704.1	1912.1	11320.3
63659	1717.5	1950.2	11670.0
66396	1708.9	1968.4	11579.1
37464	1713.1	1982.4	11556.5
54421	1721.3	1996.3	11857.5
7918	1721.6	1986.5	11621.2
20645	1704.4	1942.5	11513.3
34340	1722.1	1944.9	11766.0
55312	1715.8	1956.1	11891.1
43989	1725.3	1946.2	11817.0
29088	1714.6	1959.7	11505.4
8389	1721.1	1930.0	11562.9
73720	1721.8	1965.1	11824.8
59590	1715.9	1958.2	11756.1
33212	1714.0	1952.2	11517.2
23358	1714.8	1954.1	11675.2
66972	1725.6	1950.1	11739.9
28418	1712.8	1932.0	11466.9
63442	1712.9	1963.4	11587.8
74226	1735.0	2011.3	12181.7
27595	1710.4	1951.4	12248.0
43694	1732.7	1970.4	11918.3
73693	1709.0	1915.9	11534.8
39104	1711.6	1894.9	11415.5
10576	1712.7	1957.8	11582.2
26631	1702.0	1915.3	11797.3
48479	1710.4	1939.3	11889.5
1528	1730.0	1985.9	11962.9
59159	1721.4	2005.4	11944.8
70707	1732.2	1958.2	11874.6
54339	1722.9	1962.8	11808.1
47168	1684.8	1889.6	11001.8
70096	1728.8	1961.9	11827.7
40691	1708.5	1981.2	11634.4
18979	1728.0	2048.1	12126.6
7262	1709.8	1931.3	11363.6
12134	1728.0	1980.9	11860.3
46493	1712.1	1963.1	11672.9
67837	1719.6	1957.8	11771.7
4699	1717.2	1947.5	11717.3
32259	1722.9	1982.2	11855.3
53195	1715.8	1969.1	11520.6
72476	1701.0	1919.7	11280.7
17055	1717.7	1911.9	11672.8
66328	1719.6	1977.8	11718.8
26249	1722.8	1955.8	11687.1
66868	1712.4	1933.4	11220.8
35299	1729.2	2004.7	12041.0
72664	1703.0	1914.2	11399.0
21708	1724.2	2004.8	11967.4
25927	1724.7	1949.1	11639.2
47750	1705.5	1880.2	11177.7
8310	1711.3	1939.3	11479.5
9096	1721.8	1969.6	11791.7
16191	1702.6	1942.8	11210.1
70834	1722.7	1948.5	11573.7
24286	1709.7	1922.8	11760.0
55310	1736.7	1993.3	11953.2
6762	1714.1	1985.7	11675.9
64007	1717.7	1911.8	11741.4
4722	1709.8	1906.6	11453.2
34007	1716.0	2013.5	11718.8
58456	1713.9	1935.8	11673.9
5	1727.9	1960.8	11735.9
52033	1706.6	1890.5	11435.6
46968	1722.7	1948.9	11900.3
16345	1704.0	1972.8	11590.0
2794	1727.2	1948.9	11799.2
59608	1707.5	1942.1	11432.0
3724	1727.0	1988.3	11764.8
13806	1710.7	1932.2	11383.1
3781	1717.2	1991.3	12079.4
41326	1713.6	1938.5	11499.7
23238	1731.9	1962.5	12028.4
33049	1719.6	1920.7	11692.3
29245	1728.6	2035.0	12030.1
59472	1710.5	1936.9	11462.6
62856	1716.4	1975.1	12142.0
46241	1721.1	1973.5	11682.9
8588	1708.4	1978.3	11425.2
6382	1720.6	1987.7	11767.5
2131	1702.3	1937.6	11312.1
43528	1723.6	1989.6	11771.0
73201	1714.6	1938.8	11575.8
48121	1717.3	1986.0	11726.7
44143	1714.1	1952.5	11616.5
7754	1723.6	1981.1	11867.6
21544	1706.0	1906.7	11418.5
53754	1711.8	1933.4	11421.1
13294	1702.5	1935.0	11478.0
56554	1703.1	1899.0	11432.1
18847	1719.8	1940.7	12294.0
62670	1726.3	1968.7	11721.1
7401	1721.9	1988.0	11648.8
7097	1722.3	1981.1	11726.8
45640	1715.8	1970.3	11804.2
1411	1728.6	1985.7	12022.5
56176	1702.5	1928.5	11317.4
69612	1717.6	1973.8	11566.5
8206	1704.8	1909.4	11242.3
11078	1715.6	1986.6	11965.1
38857	1701.5	1885.2	11284.0
16844	1725.4	1989.7	12167.6
26547	1714.2	1932.6	11710.3
62539	1710.1	1970.4	11543.0
49237	1709.8	1910.2	11354.6
14283	1719.8	2008.8	11785.4
49062	1722.5	1944.6	11609.2
66236	1726.7	1938.7	11635.5
64675	1712.2	1926.1	11562.2
14089	1715.3	1967.6	11814.7
41251	1719.7	1950.1	11697.5
43106	1709.5	1950.5	11393.5
31791	1718.8	1946.2	11678.9
18058	1719.6	1971.7	11876.5
6560	1721.0	1944.6	11845.8
51407	1710.8	1941.6	11570.5
59084	1717.6	1937.1	11538.2
68957	1718.9	1961.0	11869.5
49856	1709.0	1894.4	11268.5
63196	1716.5	1972.1	11629.0
73375	1712.0	1931.5	11555.1
53231	1722.4	1959.1	11929.7
44688	1704.1	1886.5	11391.6
57521	1731.4	1977.9	11803.6
3912	1714.8	1962.4	11617.0
34825	1716.9	1964.4	11646.1
38380	1721.4	1959.5	11717.4
67795	1715.3	1916.9	11540.7
64404	1729.9	1975.9	12137.2
9575	1705.8	1923.1	11300.0
71030	1685.3	1888.8	11050.2
18629	1713.0	1971.8	11453.9
19605	1731.4	2018.7	12218.0
63274	1710.4	1953.6	11468.5
55508	1711.3	1988.2	12128.8
60237	1717.2	1919.6	11392.7
1415	1727.9	1970.1	11820.0
49789	1717.5	1936.8	11682.8
47933	1711.7	1946.0	11566.6
72456	1708.2	1968.1	11641.1
49762	1696.4	1933.1	11496.4
46915	1710.1	1937.3	11446.4
39114	1718.7	1951.7	11840.0
44061	1718.6	1923.6	11766.5
22884	1710.2	1902.4	11575.1
57798	1706.7	1916.3	11435.4
16478	1702.2	1923.0	11648.7
28046	1715.5	1910.2	11467.3
8367	1715.8	1992.9	11773.5
1224	1711.2	1998.1	11702.1
2971	1713.8	1916.9	11465.6
69709	1705.0	1914.1	11360.1
14833	1717.6	1932.4	11701.0
30171	1717.3	1975.4	11729.8
46706	1712.3	1923.8	11479.2
9389	1714.5	1941.3	11327.7
60435	1712.7	1927.9	11380.7
72858	1710.7	1959.1	11386.2
38273	1710.0	1975.0	11500.8
33479	1702.5	1910.7	11319.5
45704	1709.7	1930.4	11469.7
39192	1708.1	1946.3	11409.4
17867	1715.5	1928.3	11532.4
64091	1712.0	1973.4	11820.4
53855	1703.2	1868.9	11192.2
39308	1716.2	1951.9	11896.4
31781	1713.0	1943.5	11749.6
56388	1722.2	1940.6	11814.4
30136	1731.0	1980.0	11870.6
71337	1719.1	1917.0	11582.7
60355	1714.7	1941.2	11706.5
68441	1720.2	2003.9	11944.9
48944	1713.9	1906.4	11562.4
59017	1746.5	2001.0	12207.8
13632	1716.4	1944.1	11844.1
44097	1718.7	2080.4	12533.6
41914	1708.7	1965.0	11353.7
44665	1725.1	1988.3	12058.2
40776	1706.4	1906.7	11785.2
41940	1715.7	1932.8	11657.9
18130	1698.4	1908.9	11294.0
19530	1720.0	1940.7	11711.3
39463	1707.9	1909.5	11560.3
59595	1729.2	2016.1	11734.5
71562	1710.4	1998.5	11680.3
17295	1733.9	1980.2	11968.6
49399	1718.9	1983.7	11770.8
74300	1711.3	1942.2	11535.6
40021	1715.1	1915.1	11557.1
7018	1722.9	1924.8	11765.1
52467	1726.5	1952.1	11680.7
53020	1717.2	1922.9	11500.4
48076	1714.0	1924.6	11619.3
52325	1703.6	1872.0	11241.1
4639	1724.1	1969.7	11954.0
23422	1713.4	1969.5	11758.6
36836	1709.0	1926.3	11825.7
8236	1724.8	1963.8	11490.7
44507	1702.8	1924.1	11284.6
54823	1719.9	1948.0	11641.6
58062	1709.4	1954.6	11448.8
17059	1716.4	1940.8	11673.1
51501	1708.2	1949.0	11611.8
52075	1719.4	1974.5	11609.7
67135	1705.4	1922.8	11462.5
10528	1724.0	1948.9	11586.2
28793	1731.5	2036.4	12153.4
44624	1720.5	1987.7	11869.7
73197	1723.5	1938.0	11788.6
44679	1718.0	1934.9	11545.0
33029	1722.0	1889.4	11404.7
12639	1709.4	1920.2	11343.8
62407	1715.6	1930.0	11436.7
70254	1718.4	1968.1	11532.5
29140	1713.2	1955.4	12070.6
63083	1713.3	1904.4	11497.5
42120	1703.0	1927.4	11198.7
53776	1705.3	1900.3	11381.8
17196	1715.3	1949.5	11489.2
63230	1718.8	1983.9	11867.2
39925	1717.6	1978.5	11645.8
15320	1717.3	1967.7	11770.6
10953	1710.1	1933.9	11418.9
1292	1717.7	2036.8	11835.9
32392	1709.6	1986.3	11684.1
5104	1696.6	1894.8	11275.6
35316	1705.4	1940.5	11418.1
7309	1711.3	1956.9	11486.2
9786	1711.0	1981.9	11861.5
34110	1725.3	1990.0	11912.9
3969	1718.6	1973.8	11799.6
43835	1709.2	1963.7	11368.2
37760	1710.3	1947.4	11520.0
42616	1721.6	2030.7	11766.2
30142	1715.8	1932.1	11552.1
62534	1714.8	1943.1	11479.6
37710	1729.2	1933.0	11620.9
35188	1707.7	1922.6	11345.3
45371	1723.3	1950.1	11741.1
66717	1713.4	1985.0	11734.5
32546	1715.9	1961.8	11547.0
67791	1721.5	1992.1	11933.9
49936	1709.3	1959.8	11442.1
8950	1729.7	2025.6	11978.8
11889	1717.7	1965.4	11798.9
24887	1703.2	1923.8	11408.3
67978	1704.4	1949.7	11325.1
30587	1720.2	1943.4	11685.8
10186	1703.0	1912.9	11503.0
49246	1702.3	1941.6	11379.2
37054	1725.3	1953.2	11741.9
6688	1720.0	1943.7	11554.9
41439	1709.5	1909.0	11561.3
56359	1701.0	1912.2	11157.0
54748	1688.0	1850.4	10828.6
1617	1717.5	1992.4	11722.4
27271	1719.9	1969.3	12438.1
56810	1709.0	1924.4	11363.4
54077	1742.2	1974.0	12101.5
61094	1713.6	1860.9	11321.5
55749	1720.7	1976.4	11894.6
72113	1722.7	1919.0	11564.4
57510	1706.8	1940.4	11757.7
38069	1709.1	1969.9	11654.7
