2283	1228.4	1511.1	1877.1
2912	1222.3	1434.2	1811.8
4981	1218.9	1426.9	1754.9
4668	1233.1	1463.9	2028.5
2871	1224.5	1454.2	1807.5
333	1225.6	1467.3	1826.6
4078	1220.8	1478.6	1811.4
2795	1232.6	1449.3	1833.8
460	1218.6	1449.1	1749.4
8	1223.6	1444.0	1816.7
3819	1223.6	1477.0	1835.2
1246	1225.9	1478.5	1841.0
4545	1231.3	1502.9	1851.1
660	1219.9	1512.6	1878.0
1435	1219.4	1488.0	1849.4
2488	1226.5	1474.4	1834.2
2086	1227.4	1509.7	1881.7
1056	1222.9	1449.9	1861.9
277	1221.1	1465.6	1842.5
2870	1218.8	1480.5	1813.8
1819	1216.4	1421.1	1787.2
4923	1218.9	1504.4	1813.4
2735	1225.3	1503.2	1830.6
3798	1226.7	1499.4	1868.7
3468	1224.3	1427.2	1809.8
1599	1223.3	1480.0	1847.5
3395	1213.5	1411.8	1736.8
1103	1235.6	1503.8	1873.9
3650	1218.9	1447.5	1804.1
3521	1220.6	1475.0	1817.4
1428	1233.6	1506.9	1866.5
278	1215.0	1437.9	1784.5
1835	1213.9	1394.1	1749.0
2906	1225.8	1481.8	1847.0
2804	1219.8	1488.4	1820.3
37	1226.7	1509.5	1966.7
67	1221.3	1459.9	1801.8
2389	1216.5	1450.8	1769.8
1461	1239.4	1552.2	1963.0
1511	1224.8	1479.7	1831.3
2777	1227.4	1469.7	1844.9
2193	1224.5	1486.3	1846.1
1841	1220.9	1459.7	1840.4
3630	1216.8	1449.8	1784.6
1683	1218.1	1481.5	1786.7
4491	1222.8	1451.4	1797.6
3567	1222.7	1449.5	1841.9
3579	1226.8	1467.5	1834.8
4359	1211.9	1439.2	1776.2
3075	1220.2	1445.9	1761.7
3159	1234.6	1470.3	1875.1
4629	1225.6	1449.4	1819.9
4247	1218.8	1449.6	1806.9
3834	1217.8	1443.6	1769.5
4946	1221.9	1498.2	1798.7
1143	1237.8	1495.9	1902.8
2671	1221.5	1413.0	1795.2
4975	1226.1	1478.0	1821.8
3042	1218.9	1486.6	1894.1
4839	1224.0	1497.1	1801.5
4488	1220.0	1440.6	1814.6
4766	1233.9	1512.1	1853.2
3347	1223.3	1504.7	1813.1
389	1221.8	1452.3	1806.8
1918	1220.5	1448.7	1783.6
2445	1229.7	1511.0	1899.6
4224	1221.0	1454.1	1800.0
2606	1215.1	1429.1	1770.1
1279	1225.6	1482.1	1878.3
4793	1221.4	1447.2	1796.6
477	1226.1	1479.1	1802.9
4278	1234.8	1511.6	1905.4
764	1222.4	1447.5	1805.8
1351	1219.3	1461.3	1806.9
4537	1235.2	1561.5	1891.8
2549	1215.4	1511.8	1817.4
3535	1227.4	1474.0	1809.9
4255	1225.2	1485.0	1824.3
3603	1228.0	1524.7	1928.4
1207	1214.2	1408.5	1795.5
164	1222.8	1430.4	1765.2
964	1225.6	1492.1	1846.3
591	1231.8	1491.7	1856.9
1973	1221.9	1450.8	1809.6
3805	1230.5	1504.8	1864.9
4871	1218.4	1431.9	1770.7
3145	1217.5	1444.0	1797.1
121	1231.2	1454.7	1830.5
2800	1223.7	1468.8	1822.1
4354	1211.5	1462.2	1803.4
4137	1226.8	1491.6	1868.0
3039	1238.5	1503.7	1879.4
4759	1223.8	1440.2	1817.8
3690	1224.9	1451.3	1805.1
283	1213.0	1466.6	1814.2
679	1217.2	1463.1	1794.2
2292	1222.2	1457.7	1800.4
2745	1230.8	1485.3	1850.8
3562	1223.3	1496.2	1827.2
303	1218.7	1473.9	1809.2
430	1217.0	1431.0	1778.9
3747	1217.3	1427.5	1808.4
4591	1223.4	1442.6	1791.5
4209	1228.5	1449.0	1797.1
3312	1232.4	1480.2	1829.0
1477	1226.7	1468.3	1807.7
1637	1222.4	1467.4	1815.4
3774	1235.5	1498.5	1910.2
2922	1225.6	1520.1	1881.4
2502	1223.0	1497.3	1840.3
2037	1211.6	1435.6	1729.4
944	1216.8	1453.3	1762.0
446	1231.2	1500.3	1866.4
3155	1219.6	1435.5	1788.9
585	1219.7	1472.9	1807.6
1759	1226.6	1471.2	1811.0
1943	1231.0	1495.4	1877.3
363	1226.0	1520.6	1892.3
3261	1226.1	1474.3	1800.0
4388	1214.2	1424.4	1758.4
2266	1227.5	1534.9	1852.9
1624	1217.4	1471.0	1825.8
4026	1214.3	1456.8	1810.5
3243	1225.3	1474.7	1853.4
195	1213.4	1469.7	1795.6
1332	1232.7	1543.8	1958.6
1116	1228.7	1496.4	1795.6
1589	1219.9	1416.6	1748.7
4172	1231.1	1452.6	1804.6
4079	1226.5	1499.4	1861.9
2150	1221.5	1509.5	1848.5
3020	1230.5	1462.0	1839.6
3167	1226.0	1484.0	1900.6
4251	1224.7	1493.7	1862.8
1942	1231.6	1476.2	1814.8
1672	1228.5	1494.7	1862.1
4807	1224.5	1452.2	1833.6
542	1226.0	1477.1	1810.8
1335	1219.2	1461.4	1803.4
1790	1222.2	1458.5	1813.7
3704	1231.5	1537.4	1928.8
2029	1228.6	1519.3	1942.4
3135	1221.6	1483.4	1842.2
4268	1229.5	1513.1	1899.9
1392	1235.7	1573.5	2038.6
1176	1221.6	1472.3	1817.8
4565	1229.1	1513.4	1878.8
1109	1226.1	1514.0	1870.0
4136	1220.5	1440.4	1791.8
1339	1219.6	1498.1	1835.9
1394	1228.0	1450.9	1827.4
2423	1217.8	1401.2	1765.4
1344	1224.5	1430.5	1772.8
3903	1213.6	1433.5	1758.3
704	1221.8	1475.8	1823.3
2172	1240.7	1499.1	1909.0
2740	1221.5	1465.8	1806.8
3080	1227.4	1479.3	1862.3
349	1227.3	1480.1	1817.7
1939	1217.3	1453.0	1802.8
4774	1223.9	1495.5	1792.2
3060	1215.4	1433.3	1775.4
4464	1223.8	1444.0	1829.5
2607	1222.0	1481.7	1812.9
627	1220.3	1471.0	1835.9
3140	1221.8	1476.0	1830.2
4801	1224.9	1466.3	1855.1
3220	1225.6	1471.5	1877.3
2932	1215.3	1452.4	1798.9
4468	1223.8	1481.1	1842.1
1913	1230.3	1489.5	1855.8
946	1218.1	1468.5	1788.7
4259	1220.9	1422.3	1814.2
1475	1221.7	1424.0	1769.5
912	1224.9	1471.5	1845.9
1042	1216.6	1464.2	1840.7
1	1222.6	1515.0	1832.3
4502	1223.2	1493.0	1886.1
518	1215.7	1482.4	1882.8
2325	1226.2	1480.7	1835.1
1996	1223.2	1511.2	1848.7
2729	1209.4	1424.4	1843.3
2244	1217.8	1438.8	1776.9
3268	1227.9	1513.9	1844.7
259	1222.8	1481.4	1838.3
2720	1229.1	1501.2	1842.4
843	1228.4	1481.3	1835.3
4302	1224.9	1503.2	1832.9
149	1221.6	1509.0	1851.3
4002	1230.4	1519.9	1874.9
264	1225.3	1456.9	1821.8
2330	1228.4	1441.4	1824.6
3598	1222.6	1447.5	1818.3
3857	1223.8	1461.4	1789.2
3266	1219.6	1437.1	1801.9
4701	1220.7	1426.9	1824.6
1642	1229.0	1491.9	1869.4
1878	1221.1	1449.1	1753.7
147	1225.2	1468.7	1865.2
2909	1222.7	1455.8	1794.2
1826	1223.1	1467.1	1827.8
2187	1223.8	1493.1	1847.5
4771	1227.7	1475.1	1846.9
33	1246.0	1533.4	1913.8
46	1217.6	1445.9	1860.8
1896	1220.3	1452.7	1805.1
3933	1225.4	1444.5	1791.9
60	1227.8	1455.7	1814.1
4397	1221.6	1478.8	1815.9
1041	1212.5	1406.8	1760.4
1515	1235.1	1517.8	1879.1
4016	1222.7	1435.6	1788.7
290	1229.3	1494.9	1824.2
2595	1225.0	1438.8	1821.6
2269	1230.1	1459.2	1817.7
3345	1222.5	1471.4	1830.2
3871	1212.5	1380.9	1751.0
97	1229.8	1517.3	1867.8
2900	1225.8	1442.5	1804.7
1613	1234.9	1501.3	1851.2
2147	1227.1	1496.2	1855.4
3246	1233.4	1513.7	1867.4
3538	1226.3	1519.0	1869.2
2303	1233.9	1534.3	1884.9
2884	1219.4	1459.2	1869.1
4769	1215.8	1455.3	1789.8
63	1226.8	1466.6	1805.1
1988	1218.1	1426.9	1792.6
1178	1220.9	1446.0	1794.3
4638	1221.7	1449.3	1811.5
4100	1225.5	1455.9	1834.7
1729	1223.6	1497.6	1847.0
2562	1223.4	1437.2	1799.7
1887	1219.5	1450.8	1773.1
4780	1224.2	1455.7	1816.3
3691	1222.0	1456.4	1775.8
459	1225.2	1447.7	1837.7
2458	1233.4	1509.6	1897.0
3514	1226.2	1508.6	1902.3
4699	1220.7	1465.2	1791.9
3989	1227.4	1484.7	1821.1
1453	1232.9	1503.1	1887.6
3733	1233.7	1467.3	1843.7
2209	1222.5	1487.6	1859.7
1440	1227.6	1518.7	1858.6
285	1224.3	1433.7	1808.6
3797	1216.8	1448.2	1819.6
4230	1217.9	1462.0	1821.0
753	1220.6	1495.0	1860.9
62	1230.4	1477.3	1855.6
4747	1228.4	1500.3	1851.8
2231	1223.5	1491.8	1832.9
2227	1220.8	1464.3	1813.5
2526	1220.8	1482.0	1801.4
603	1224.7	1509.5	1861.4
563	1231.9	1512.0	1841.9
1230	1221.8	1462.0	1816.1
225	1225.3	1512.6	1853.0
3199	1215.5	1451.0	1784.0
2701	1208.2	1415.3	1759.2
788	1230.1	1496.9	1857.3
754	1227.7	1475.2	1827.2
1566	1224.6	1452.5	1840.5
2275	1222.3	1407.1	1778.4
4992	1235.4	1543.6	1922.1
2084	1221.3	1457.3	1821.2
1078	1218.0	1451.5	1770.2
1519	1223.0	1456.6	1788.6
2540	1221.2	1459.6	1816.0
4162	1213.9	1430.1	1749.4
2759	1229.5	1482.0	1877.7
4717	1225.8	1481.9	1808.8
597	1216.5	1431.9	1804.2
4788	1227.6	1504.4	1876.5
1525	1219.0	1505.6	1850.1
4706	1226.8	1458.6	1830.9
1240	1227.5	1505.9	1987.7
4193	1223.3	1495.8	1810.9
852	1224.7	1473.5	1827.4
3013	1228.7	1453.5	1827.4
3058	1218.8	1469.0	1791.6
2938	1225.1	1421.8	1787.8
3743	1223.4	1457.6	1819.6
2748	1218.7	1509.6	1820.2
4310	1212.0	1450.6	1768.9
3749	1218.5	1462.3	1827.8
58	1224.3	1471.5	1819.6
850	1222.8	1454.7	1800.2
3622	1227.2	1497.1	1808.8
4387	1223.8	1546.0	1811.4
502	1229.1	1444.7	1838.4
2877	1228.3	1467.6	1843.4
1689	1220.4	1428.1	1798.6
237	1224.5	1465.8	1799.2
1850	1227.4	1495.0	1858.6
3253	1220.9	1476.2	1833.3
2990	1225.4	1461.2	1830.9
2365	1223.5	1472.3	1815.4
2049	1226.6	1473.0	1862.1
2427	1228.4	1467.7	1822.2
4507	1220.6	1446.3	1851.2
2976	1226.7	1457.5	1812.3
2867	1223.5	1512.8	1864.9
2850	1236.6	1494.6	1878.0
1803	1229.7	1476.9	1829.7
3721	1233.3	1493.0	1870.1
3262	1230.8	1491.0	1818.4
200	1223.4	1519.5	1870.5
3287	1226.6	1472.0	1862.4
751	1228.7	1460.2	1833.1
4327	1225.2	1462.2	1792.0
2044	1216.9	1447.0	1795.9
716	1228.2	1485.8	1873.3
3050	1227.3	1468.9	1823.9
985	1225.7	1484.8	1852.8
2824	1230.3	1516.3	1884.7
3723	1225.9	1488.5	1894.2
2443	1235.1	1511.4	1919.2
1873	1230.9	1522.2	1865.6
445	1225.7	1479.4	1815.2
2516	1216.3	1444.3	1827.3
473	1222.3	1458.9	1815.3
1073	1224.4	1418.1	1771.8
2052	1224.2	1488.5	1828.4
1088	1226.0	1482.2	1827.7
3292	1227.3	1486.8	1860.7
380	1226.9	1459.1	1813.8
4061	1222.0	1427.0	1831.3
3719	1218.4	1429.0	1821.9
3264	1235.3	1537.6	1919.6
1506	1221.5	1478.7	1861.0
3773	1218.9	1506.4	1804.8
2716	1226.5	1517.3	1872.8
3184	1224.8	1457.1	1806.0
3875	1212.4	1402.9	1733.3
1011	1216.7	1467.7	1816.0
3036	1218.8	1460.9	1834.6
3718	1229.2	1493.9	1899.2
4392	1221.7	1529.1	1836.9
350	1219.0	1437.3	1803.3
4574	1225.7	1450.1	1825.9
382	1230.6	1511.7	1824.2
4357	1224.5	1489.1	1822.4
203	1228.3	1449.7	1854.0
3826	1223.3	1433.4	1813.0
994	1216.3	1487.1	1788.0
4542	1228.6	1474.4	1827.7
3100	1218.2	1436.2	1784.9
2274	1212.4	1427.4	1744.0
4233	1230.2	1463.2	1818.2
3558	1224.0	1496.5	1837.4
3945	1222.7	1457.7	1826.0
2304	1226.9	1492.8	1932.3
3965	1227.2	1459.6	1812.1
4032	1231.2	1458.7	1855.0
2368	1229.9	1543.4	1881.7
4578	1223.5	1487.4	1828.1
356	1225.3	1470.3	1820.1
1419	1220.3	1476.1	1849.7
2876	1228.8	1498.2	1851.0
1881	1234.8	1500.0	1900.4
1802	1221.8	1462.5	1811.7
4592	1233.8	1476.5	1887.0
3636	1220.2	1461.7	1874.2
2658	1220.3	1462.0	1811.7
463	1214.7	1438.7	1781.1
1951	1236.3	1475.7	1931.7
2741	1222.0	1464.4	1808.9
2347	1225.4	1472.1	1875.9
1357	1223.8	1458.4	1826.8
1528	1228.4	1466.6	1822.9
4275	1220.5	1483.3	1987.2
4368	1226.1	1522.5	1842.1
4541	1229.8	1528.2	1867.6
1323	1221.4	1456.9	1812.3
1287	1222.5	1463.5	1814.4
3401	1221.5	1433.3	1824.2
4731	1223.4	1414.0	1808.6
4123	1222.6	1448.9	1824.4
4051	1230.9	1516.4	1859.2
4376	1238.1	1511.3	1890.6
416	1220.1	1475.2	1868.6
2264	1219.0	1479.9	1811.3
2535	1220.2	1459.3	1792.8
558	1222.4	1491.3	1857.2
4402	1221.8	1422.7	1770.8
1390	1224.4	1435.1	1787.8
2907	1224.0	1464.4	1895.2
3284	1214.2	1481.5	1796.7
4810	1223.5	1497.0	1886.9
3568	1221.2	1437.5	1797.3
3403	1212.6	1425.8	1767.5
4009	1224.2	1481.6	1808.7
943	1221.5	1450.7	1800.7
561	1238.5	1569.9	1936.3
4694	1215.4	1389.1	1729.5
1774	1224.5	1457.2	1849.2
4467	1226.7	1442.7	1841.8
2481	1220.5	1488.1	1809.8
3800	1218.1	1465.7	1785.1
3829	1224.3	1488.1	1852.7
1159	1223.1	1511.6	1852.9
4003	1220.3	1444.8	1802.1
1197	1225.1	1481.1	1805.3
28	1221.9	1484.6	1845.0
224	1222.8	1507.3	1895.1
1091	1231.6	1529.9	1887.4
4455	1220.9	1488.2	1818.6
4843	1224.7	1480.2	1820.2
2695	1227.8	1460.7	1792.2
1107	1218.8	1459.0	1788.0
145	1225.0	1452.8	1825.3
1075	1231.7	1525.1	1924.0
4746	1215.8	1446.5	1775.4
230	1218.4	1438.8	1787.2
733	1234.3	1451.4	1847.9
4215	1231.2	1475.0	1853.3
4229	1225.3	1467.9	1842.5
1616	1223.9	1490.8	1816.1
3583	1211.5	1416.1	1779.2
4826	1221.7	1483.5	1855.6
4256	1215.4	1445.9	1777.0
2544	1227.0	1455.9	1821.2
3796	1221.5	1499.7	1818.1
1285	1219.4	1466.6	1835.9
1965	1228.0	1488.3	1960.4
1509	1234.7	1525.9	1889.2
4954	1223.9	1540.3	1892.5
1871	1216.5	1427.3	1757.8
235	1225.5	1464.9	1818.5
1776	1222.2	1499.4	1838.5
2074	1227.0	1487.3	1847.1
2573	1225.2	1523.5	1860.1
4928	1223.4	1477.9	1815.0
2346	1218.7	1463.4	1834.9
3318	1225.2	1452.2	1820.8
2878	1218.7	1443.0	1773.6
381	1228.1	1516.6	1859.1
2929	1220.8	1455.5	1832.0
3004	1220.2	1457.4	1833.2
2435	1216.9	1462.2	1787.9
1584	1220.1	1433.5	1780.0
2032	1213.5	1442.7	1816.8
1900	1228.6	1515.4	1917.4
4173	1223.9	1501.3	1861.1
3064	1219.1	1457.4	1811.3
1674	1213.4	1392.5	1774.3
3486	1228.1	1509.9	1899.5
3244	1220.2	1437.6	1817.5
748	1224.5	1462.3	1850.4
4025	1219.5	1470.2	1797.3
1482	1227.2	1495.0	1839.6
1033	1229.1	1482.2	1888.4
3575	1221.8	1448.4	1789.4
4486	1225.5	1556.3	1860.3
935	1239.4	1494.6	1873.8
670	1231.9	1484.4	1866.1
4805	1233.3	1482.8	1893.5
1358	1220.4	1459.0	1810.2
2174	1218.7	1429.4	1786.1
4722	1228.2	1453.6	1830.0
4191	1225.0	1464.6	1836.6
2787	1217.0	1448.4	1787.3
3147	1221.4	1430.4	1792.5
4938	1223.0	1476.8	1822.6
4868	1221.9	1460.2	1799.0
1016	1220.4	1458.9	1798.0
2282	1213.6	1420.6	1775.4
1145	1226.2	1500.0	1823.3
1836	1222.1	1493.5	1853.6
2112	1238.4	1521.3	1915.4
4167	1230.3	1440.5	1815.2
4414	1230.6	1481.8	1814.5
1941	1219.4	1462.4	1815.8
2734	1223.8	1488.9	1892.1
862	1219.7	1463.0	1818.1
2986	1228.3	1506.6	1880.8
3908	1227.0	1426.1	1800.2
1481	1218.2	1437.1	1774.3
3131	1227.6	1508.9	1924.6
3914	1234.3	1528.6	1880.8
295	1219.2	1445.3	1792.7
4160	1235.3	1540.2	1908.2
776	1230.0	1492.6	1884.5
4760	1225.9	1474.6	1818.2
2103	1229.6	1486.8	1845.0
3740	1220.5	1446.4	1795.3
3559	1219.6	1452.7	1895.4
4762	1223.7	1498.2	1845.2
1807	1221.2	1450.4	1846.5
531	1216.7	1406.6	1748.3
4381	1222.8	1459.3	1841.5
2494	1227.6	1470.7	1813.5
988	1217.4	1421.0	1732.8
1867	1230.3	1478.4	1883.8
2675	1214.6	1454.5	1775.5
2126	1223.6	1474.9	1892.8
2807	1221.7	1440.7	1823.4
2511	1217.1	1425.5	1745.0
1170	1227.2	1478.6	1868.5
3594	1221.2	1469.8	1838.5
1950	1226.4	1473.1	1826.1
521	1224.0	1472.7	1818.2
464	1221.5	1459.9	1774.2
3708	1227.3	1493.7	1880.6
4896	1225.9	1462.4	1833.8
51	1222.0	1477.9	1782.0
2409	1220.8	1448.2	1763.5
791	1227.5	1475.4	1843.9
1448	1224.0	1442.8	1824.0
2633	1227.0	1460.5	1880.2
1945	1224.5	1480.9	1820.7
2115	1209.4	1455.0	1779.0
793	1220.4	1463.0	1843.7
4627	1229.5	1487.3	1832.9
1581	1222.1	1485.2	1821.2
769	1236.2	1490.0	1919.6
3765	1221.5	1522.0	1850.6
3201	1221.3	1451.9	1842.6
131	1219.7	1474.5	1831.8
1424	1222.8	1466.9	1807.5
3770	1218.7	1501.7	1842.5
3513	1223.2	1477.7	1805.5
4611	1219.3	1430.7	1750.5
1749	1228.8	1560.7	1886.0
4248	1228.9	1391.6	1825.1
4133	1225.0	1520.3	1878.5
4864	1222.7	1454.5	1821.9
4197	1229.7	1488.7	1894.6
672	1221.6	1437.0	1795.9
220	1221.4	1463.4	1820.2
545	1221.4	1480.2	1838.4
1007	1219.2	1479.2	1816.1
3319	1222.2	1459.8	1838.9
2457	1222.4	1450.7	1797.2
1283	1223.4	1451.5	1809.6
3475	1223.3	1425.6	1784.5
2708	1221.2	1441.9	1826.4
325	1221.4	1479.1	1831.6
3366	1218.0	1469.8	1787.6
535	1223.7	1488.5	1816.4
4431	1228.0	1532.7	1847.9
4510	1228.8	1478.3	1940.0
1619	1233.2	1485.7	1867.4
457	1237.5	1460.5	1882.1
3524	1230.0	1478.1	1831.9
231	1214.8	1407.8	1754.3
2353	1210.0	1430.7	1791.0
2624	1240.4	1495.5	1875.6
584	1226.6	1480.7	1830.5
4903	1228.1	1471.1	1841.3
3410	1213.8	1417.3	1774.5
1488	1229.8	1502.7	1857.4
4885	1217.1	1422.9	1767.0
954	1221.2	1472.2	1820.9
3555	1224.5	1484.8	1863.4
2024	1225.5	1473.9	1828.2
1222	1224.3	1442.4	1835.4
4594	1223.9	1450.2	1808.3
4590	1221.8	1511.9	1937.5
4844	1224.3	1494.6	1837.4
2604	1225.5	1451.9	1844.5
1779	1211.0	1435.7	1790.3
2278	1223.8	1500.2	1857.0
4308	1228.1	1457.0	1804.7
648	1226.4	1478.6	1819.6
4819	1221.0	1446.3	1835.6
694	1221.4	1506.9	1810.8
2992	1222.6	1444.2	1786.7
987	1231.9	1458.5	1850.6
4400	1224.7	1529.2	1846.6
1318	1217.6	1458.8	1773.9
1313	1228.0	1458.5	1810.2
3459	1221.3	1480.2	1797.1
4688	1225.7	1475.6	1870.3
1292	1218.9	1457.6	1952.3
4080	1219.7	1472.7	1820.4
1309	1217.1	1455.7	1782.9
4489	1215.6	1461.3	1769.6
2947	1217.5	1477.4	1807.9
4579	1215.8	1467.0	1831.3
1916	1218.2	1458.1	1823.8
2189	1231.0	1476.7	1800.1
2273	1225.9	1476.9	1813.0
4770	1227.6	1488.3	1827.2
4484	1230.8	1505.5	1888.9
4996	1223.3	1416.8	1816.5
3919	1221.8	1493.2	1848.4
1431	1220.8	1466.3	1813.9
601	1217.8	1428.4	1767.3
1127	1221.9	1448.0	1770.9
2394	1221.3	1491.2	1827.5
1829	1213.8	1433.9	1745.5
3939	1229.9	1515.4	1848.1
1343	1219.2	1470.9	1784.3
1938	1220.6	1488.8	1813.3
3958	1219.0	1418.9	1763.1
2276	1220.1	1426.0	1807.1
4360	1234.7	1521.0	1895.9
2296	1232.1	1517.9	1896.0
4380	1224.1	1490.0	1871.7
3885	1232.3	1485.8	1872.2
2453	1228.9	1503.2	1816.2
4673	1230.5	1502.6	1849.4
1771	1227.0	1487.3	1841.5
1571	1224.2	1466.1	1838.4
98	1228.1	1532.3	1874.5
1676	1220.9	1494.2	1817.2
3772	1237.6	1466.1	1867.9
4318	1217.6	1453.8	1783.0
4169	1222.6	1478.1	1871.5
3096	1225.5	1452.1	1806.3
2789	1223.3	1428.0	1796.5
4178	1221.3	1472.5	1808.8
1203	1223.0	1463.6	1815.7
248	1220.9	1470.7	1800.9
3077	1220.3	1472.5	1829.4
4028	1222.9	1480.6	1848.7
2015	1217.7	1439.1	1786.3
279	1218.2	1452.4	1787.5
2165	1222.5	1435.1	1832.3
1149	1223.6	1442.1	1796.8
4319	1221.5	1472.9	1874.0
2638	1232.5	1468.8	1838.8
635	1224.5	1474.5	1838.3
1804	1228.0	1479.2	1930.6
3416	1225.6	1483.6	1856.2
4956	1222.3	1439.2	1847.0
4423	1220.2	1476.4	1805.7
2528	1224.5	1449.0	1783.5
202	1233.7	1561.5	2024.3
1414	1217.4	1430.2	1757.0
1546	1224.5	1418.8	1770.3
1136	1229.0	1490.6	1879.0
940	1220.4	1434.1	1788.7
2407	1217.5	1466.3	1794.6
2268	1216.3	1502.8	1822.1
1980	1217.0	1455.2	1805.1
3455	1234.4	1534.2	1916.1
3467	1227.0	1526.5	1906.0
2928	1226.1	1477.5	1838.7
3789	1233.3	1517.0	1828.2
4413	1231.1	1426.2	1791.9
2799	1218.4	1474.1	1799.3
1614	1231.9	1480.5	1861.2
88	1216.6	1448.4	1787.1
2151	1227.3	1504.0	1846.9
620	1225.4	1449.9	1816.3
2169	1223.7	1450.4	1797.3
2869	1214.8	1441.2	1776.6
3660	1222.6	1470.4	1816.8
441	1217.7	1408.7	1795.9
107	1227.0	1488.2	1806.4
1290	1232.9	1484.6	1856.7
626	1232.1	1469.3	1811.7
4184	1217.3	1470.6	1842.0
4170	1222.1	1471.5	1822.2
3103	1223.2	1490.9	1845.1
4369	1230.4	1533.4	1857.5
1591	1227.0	1475.2	1815.6
536	1214.3	1429.5	1822.5
1338	1223.6	1486.8	1827.0
2527	1220.6	1390.5	1750.3
2726	1217.9	1430.7	1780.2
2512	1221.1	1403.4	1779.7
1919	1221.5	1460.2	1786.5
3222	1226.8	1505.5	1857.5
1471	1222.5	1404.5	1759.4
4838	1217.2	1402.7	1764.3
2098	1222.1	1499.1	1887.1
2914	1222.5	1475.8	1815.1
2319	1226.8	1475.2	1839.4
4370	1229.4	1512.0	1842.1
240	1217.7	1429.4	1760.5
511	1218.0	1479.6	1826.5
3830	1216.8	1436.1	1772.1
3000	1235.5	1480.6	1821.9
2744	1228.6	1494.4	1844.3
2934	1224.1	1478.2	1857.9
4658	1219.7	1510.2	1859.5
1356	1218.4	1452.3	1808.3
1268	1219.8	1456.0	1790.0
683	1214.5	1412.8	1737.8
1015	1217.5	1447.8	1839.8
1660	1226.7	1494.4	1821.4
2859	1221.9	1426.9	1788.9
251	1226.5	1484.9	1811.9
953	1219.4	1478.8	1803.8
936	1227.6	1484.8	1831.5
3835	1233.3	1551.9	1911.4
4690	1228.8	1508.6	1870.4
2212	1219.6	1455.9	1808.7
1603	1232.5	1489.2	1874.0
4456	1219.0	1435.1	1777.4
3259	1226.4	1464.2	1873.1
1695	1223.0	1470.2	1825.0
1205	1212.4	1422.0	1748.6
1265	1220.4	1418.7	1787.7
3635	1225.7	1510.5	1820.2
2840	1222.2	1457.4	1840.8
4039	1224.4	1508.7	1833.7
4607	1227.5	1497.4	1864.2
3152	1219.8	1459.8	1806.2
3108	1230.6	1470.8	1824.1
1442	1230.7	1463.2	1826.4
955	1230.2	1478.6	1872.7
1209	1230.6	1488.8	1859.7
2652	1227.4	1460.5	1803.8
346	1214.6	1454.4	1813.5
3813	1223.2	1505.2	1898.1
157	1226.6	1495.2	1834.8
243	1223.1	1474.6	1849.2
3754	1219.9	1494.7	1846.4
1634	1221.6	1474.6	1829.9
3565	1208.1	1413.0	1747.7
3997	1222.1	1476.3	1824.1
2665	1225.7	1490.1	1874.3
659	1224.7	1465.5	1972.0
379	1217.9	1434.1	1793.8
4353	1225.1	1529.3	1867.0
3561	1228.7	1533.3	1867.6
3480	1226.6	1499.7	1868.1
3163	1216.2	1449.5	1776.9
4269	1214.8	1448.0	1741.2
3314	1221.6	1517.0	1837.7
1834	1207.8	1433.8	1762.5
2345	1223.5	1473.6	1825.3
3029	1229.1	1498.3	1879.3
1409	1226.7	1458.2	1838.2
384	1222.2	1463.1	1817.1
3646	1233.9	1462.0	1891.2
1648	1219.5	1415.1	1760.8
2826	1226.8	1488.2	1869.4
656	1214.1	1432.9	1757.2
596	1234.7	1492.9	2014.5
1483	1219.0	1473.5	1791.3
4281	1220.7	1458.1	1847.8
4621	1225.7	1467.8	1867.3
1696	1222.4	1500.7	1798.9
1169	1226.2	1475.2	1830.3
618	1224.9	1476.5	1843.6
2596	1223.0	1469.6	1809.7
4407	1225.1	1440.8	1785.3
4957	1217.7	1431.1	1823.0
4610	1228.4	1469.9	1829.4
2653	1219.7	1487.8	1836.9
1523	1238.3	1564.7	1914.1
1777	1219.4	1488.3	1814.5
3545	1215.2	1454.6	1802.8
790	1225.8	1481.6	1853.4
1045	1217.7	1432.0	1777.7
137	1224.3	1469.2	1807.0
94	1225.4	1502.4	1866.2
1545	1217.1	1458.8	1804.2
4669	1217.7	1479.8	1831.7
1875	1226.3	1468.5	1862.0
824	1218.9	1430.5	1756.7
1403	1222.0	1492.1	1812.1
4696	1225.8	1498.0	1859.9
3980	1232.8	1469.9	1806.3
3846	1227.2	1475.6	1910.0
781	1227.4	1496.9	1866.5
3133	1226.3	1464.3	1825.0
3035	1226.3	1493.6	1870.8
1656	1223.9	1507.8	1845.9
4279	1233.4	1505.3	1915.3
309	1227.2	1468.7	1851.0
494	1223.6	1512.0	1884.8
1359	1220.5	1435.5	1771.1
2146	1231.2	1483.4	1879.7
448	1226.9	1472.2	1832.7
414	1218.5	1417.5	1777.7
1089	1237.9	1487.9	1894.5
4697	1228.3	1490.9	1826.8
4071	1228.0	1478.9	1897.8
2412	1211.5	1440.7	1762.4
3904	1230.4	1480.3	1890.9
1952	1225.5	1517.9	1863.7
3055	1225.7	1459.1	1809.6
2239	1225.5	1442.9	1881.5
2825	1226.9	1518.3	1883.6
1352	1232.1	1476.5	1828.7
3730	1226.5	1471.1	1816.5
4171	1226.7	1481.4	1812.8
2925	1219.8	1420.8	1822.6
4442	1225.3	1499.3	1860.2
688	1224.2	1479.2	1848.5
3190	1233.0	1521.5	1884.9
4708	1224.7	1497.6	1832.3
1630	1217.6	1508.1	1843.3
4744	1231.6	1511.6	1902.2
4711	1222.2	1453.8	1814.5
2632	1221.1	1492.0	1835.3
3065	1222.8	1459.9	1824.1
3296	1224.2	1500.8	1885.9
4508	1216.8	1409.9	1773.7
1756	1218.4	1438.4	1815.9
2004	1217.3	1476.3	1770.4
555	1227.7	1515.0	1877.8
4406	1223.5	1432.4	1804.5
214	1218.6	1459.1	1836.4
891	1228.4	1506.7	1885.8
789	1230.1	1508.5	1856.7
4159	1223.9	1481.1	1831.9
266	1222.1	1431.7	1793.6
848	1218.6	1409.1	1749.4
3982	1229.7	1471.8	1815.3
4691	1223.0	1436.7	1784.6
158	1228.1	1531.4	1920.8
3925	1219.4	1428.0	1787.6
3269	1221.8	1436.0	1813.8
4873	1231.1	1458.4	1846.7
3026	1223.0	1422.9	1798.1
135	1223.9	1517.8	1904.3
2531	1224.6	1503.5	1871.3
867	1219.8	1414.3	1766.1
2090	1238.7	1514.6	1884.8
1501	1220.9	1449.8	1802.1
3971	1229.0	1502.2	1830.3
3458	1222.6	1495.1	1850.9
3371	1218.9	1441.4	1783.8
3083	1229.7	1542.1	1875.7
2213	1216.9	1449.1	1790.9
1364	1226.1	1448.7	1808.6
2696	1217.6	1484.6	1849.5
4535	1220.0	1459.9	1822.8
3173	1227.0	1458.7	1805.5
3715	1217.2	1451.3	1783.5
4087	1218.2	1469.1	1793.8
1791	1224.7	1501.2	1833.0
4132	1224.1	1460.1	1803.5
3423	1225.9	1471.8	1834.7
877	1229.9	1482.8	1849.2
59	1230.3	1483.9	1882.8
4866	1222.9	1430.3	1794.5
1893	1227.4	1485.8	1860.8
242	1229.9	1448.1	1783.1
3663	1221.0	1495.1	1813.1
3935	1222.4	1443.1	1800.7
2724	1231.8	1472.9	1871.5
1847	1226.9	1496.2	1887.6
11	1227.5	1451.6	1823.5
4922	1229.1	1473.2	1864.6
2802	1226.4	1431.8	1791.2
4128	1225.8	1516.6	1861.4
701	1224.8	1492.7	1861.7
3324	1223.1	1393.8	1750.3
1960	1221.8	1499.4	1839.2
4321	1221.4	1471.0	1801.0
1639	1230.0	1486.0	1848.3
3377	1217.2	1442.2	1777.0
288	1209.0	1395.9	1749.0
3814	1224.4	1493.5	1851.3
3299	1223.6	1461.8	1806.2
4715	1219.9	1461.7	1834.9
4063	1229.7	1497.5	1828.4
2474	1217.2	1421.7	1795.0
3649	1226.3	1495.4	1839.8
453	1219.1	1499.1	1856.1
301	1229.0	1481.2	1867.8
4249	1230.6	1459.3	1859.0
729	1231.0	1496.4	1861.5
275	1224.8	1451.6	1816.6
3671	1215.7	1447.4	1913.9
2323	1217.7	1434.0	1750.5
357	1224.9	1448.2	1829.8
741	1213.9	1424.9	1777.9
3442	1222.3	1450.6	1806.3
3341	1228.9	1489.7	1819.3
1644	1228.9	1502.1	1813.5
3027	1221.0	1448.4	1799.3
68	1222.2	1444.4	1796.9
2601	1227.9	1469.0	1842.8
1830	1230.3	1504.6	1875.1
881	1214.3	1435.5	1775.3
4779	1237.1	1528.1	1857.4
2469	1228.4	1444.4	1925.6
41	1224.3	1431.2	1779.1
103	1220.3	1429.7	1806.3
2742	1220.1	1472.6	1859.0
3380	1228.3	1535.5	1940.3
894	1227.5	1474.8	1820.0
3099	1231.5	1488.1	1868.7
1459	1237.4	1504.2	1982.1
4524	1230.7	1461.7	1824.6
805	1224.3	1430.3	1801.9
689	1222.0	1404.3	1795.3
2287	1222.5	1428.2	1870.4
1247	1226.1	1468.8	1797.7
1171	1221.5	1479.9	1930.7
2308	1224.2	1436.3	1796.7
3763	1220.0	1452.4	1827.5
3016	1230.2	1475.7	1869.7
4364	1223.6	1468.7	1793.0
3364	1221.4	1479.9	1833.2
1993	1227.9	1451.1	1840.8
870	1223.0	1460.6	1813.4
3641	1215.4	1414.0	1787.4
3645	1218.6	1467.1	1822.8
3537	1220.2	1451.5	1805.7
3346	1228.3	1488.3	1870.4
3237	1226.6	1502.0	1824.5
4865	1221.2	1431.5	1789.7
653	1231.5	1509.1	1850.9
4192	1220.3	1461.8	1801.7
640	1219.5	1448.1	1783.7
1753	1214.6	1457.9	1813.9
2592	1231.0	1484.6	1856.9
1625	1221.2	1449.3	1827.3
919	1213.6	1458.8	1768.8
4655	1225.4	1441.7	1846.5
1328	1215.3	1418.6	1748.7
1065	1221.6	1396.9	1783.0
1386	1218.2	1413.4	1775.4
2554	1229.5	1466.0	1834.9
3263	1218.8	1498.1	1847.0
1752	1214.7	1429.4	1790.8
2889	1235.7	1481.9	1898.1
2113	1224.9	1435.5	1834.0
1061	1226.3	1455.3	1834.5
4854	1217.2	1428.1	1778.0
4261	1224.1	1457.6	1787.2
1469	1221.2	1514.5	1826.1
429	1230.6	1511.9	1856.8
4577	1226.1	1526.2	1954.7
176	1222.4	1451.3	1787.8
1704	1227.0	1482.1	1812.9
18	1232.2	1518.5	1907.9
3711	1227.3	1521.3	1865.1
4196	1228.7	1465.2	1845.0
1920	1231.4	1505.3	1887.0
3227	1227.2	1478.2	1826.9
1067	1229.1	1476.8	1845.9
849	1222.2	1467.7	1826.4
3500	1215.3	1435.2	1841.7
321	1214.2	1457.5	1798.2
1737	1230.0	1486.7	1830.6
4482	1220.3	1471.3	1792.2
1856	1230.7	1480.8	1848.3
3112	1225.8	1466.2	1884.6
724	1229.7	1512.9	1868.6
534	1233.5	1535.3	1921.6
3025	1228.4	1505.3	1855.6
4704	1215.9	1482.6	1795.0
4352	1224.7	1446.3	1829.2
1258	1219.5	1477.6	1809.0
1294	1221.8	1508.0	1864.9
1212	1212.0	1404.8	1763.3
1714	1216.1	1431.3	1789.8
1220	1212.2	1422.1	1760.1
3818	1223.9	1486.0	1841.8
3648	1221.4	1507.8	1843.3
3725	1233.9	1488.0	1856.0
3224	1224.7	1450.5	1828.8
4918	1230.5	1445.2	1926.8
114	1223.7	1458.2	1850.7
4898	1222.7	1499.0	1848.1
765	1225.2	1479.6	1881.1
2764	1223.7	1457.3	1873.0
4797	1232.9	1519.8	1902.9
442	1216.3	1477.1	1801.5
3054	1220.6	1461.9	1779.7
3300	1236.3	1510.1	1871.6
615	1224.1	1441.4	1857.8
2875	1223.6	1494.5	1951.9
833	1229.7	1527.3	1925.4
878	1233.3	1504.9	1841.1
421	1224.8	1519.2	1820.6
3554	1218.0	1461.7	1770.8
2082	1221.5	1452.0	1781.3
2644	1214.2	1449.1	1795.6
3498	1220.3	1497.7	1809.2
3840	1231.5	1529.9	1923.9
2077	1224.3	1482.8	1827.8
2949	1225.2	1454.3	1842.8
1653	1219.2	1484.5	1833.3
3302	1219.8	1491.7	1819.2
3781	1211.8	1433.7	1753.0
1260	1226.4	1476.4	1826.3
4356	1214.8	1457.2	1790.0
737	1221.8	1478.9	1827.9
3810	1239.6	1519.8	1916.9
2493	1230.8	1505.7	1898.2
407	1226.8	1478.5	1852.4
4962	1221.0	1486.6	1850.1
1032	1232.0	1458.1	1829.4
3414	1224.2	1504.7	1807.7
1705	1229.5	1474.0	1837.9
1602	1220.1	1468.0	1874.1
3435	1223.0	1508.7	1861.3
3620	1226.7	1472.0	1836.8
1199	1232.9	1507.4	1891.1
2510	1225.6	1470.4	1862.8
3566	1217.8	1463.7	1787.2
1538	1224.9	1479.4	1919.3
4363	1212.8	1455.8	1766.0
3394	1227.4	1443.1	1829.9
1858	1219.5	1507.9	1827.7
170	1212.7	1447.9	1765.6
3652	1227.7	1478.7	1817.4
