3780	1116.0	1339.5	2387.9
6775	1114.9	1319.9	2315.9
435	1110.8	1330.9	2292.5
1062	1101.5	1313.2	2265.9
7397	1121.6	1450.6	2502.7
9145	1112.5	1370.9	2334.0
9811	1114.3	1383.4	2387.9
6436	1122.7	1358.9	2384.7
4946	1099.4	1276.1	2256.6
9261	1122.0	1381.5	2408.4
8912	1108.9	1339.7	2291.0
1911	1113.6	1360.2	2309.3
1283	1121.1	1389.4	2405.6
5303	1107.1	1342.7	2356.5
5041	1116.3	1381.9	2389.4
7118	1116.5	1394.2	2343.7
4046	1116.0	1355.1	2357.4
7830	1107.8	1326.9	2281.5
1456	1109.1	1321.4	2314.5
2509	1110.7	1363.8	2335.8
2907	1119.1	1368.2	2371.0
3167	1105.9	1337.8	2273.1
2677	1114.9	1395.3	2460.5
3095	1115.0	1328.2	2292.3
6075	1108.9	1368.8	2357.3
741	1118.9	1358.7	2335.9
7757	1115.6	1370.4	2344.0
8144	1107.7	1326.8	2420.2
1382	1112.3	1393.5	2336.7
6689	1112.2	1307.1	2289.1
4513	1109.0	1297.1	2279.2
3643	1118.1	1355.8	2345.9
6396	1116.4	1337.2	2323.1
1927	1121.5	1339.1	2384.2
6323	1107.1	1351.1	2302.3
7997	1113.1	1357.3	2339.8
2880	1114.1	1390.6	2536.9
866	1117.8	1376.1	2405.6
5980	1111.6	1324.9	2278.3
7726	1115.5	1371.7	2360.1
7208	1119.7	1378.3	2392.4
4862	1113.9	1311.2	2283.4
4062	1120.4	1387.3	2469.3
8663	1120.8	1369.8	2416.1
3662	1119.0	1401.4	2379.0
3519	1118.2	1399.3	2482.8
78	1116.4	1373.6	2395.8
6726	1122.3	1431.4	2456.4
8731	1123.1	1378.0	2429.8
7501	1108.2	1354.3	2308.3
5130	1107.5	1338.4	2293.0
7759	1118.9	1357.4	2371.7
3221	1116.8	1348.9	2313.3
6024	1110.4	1363.3	2313.8
222	1109.0	1344.0	2355.5
2913	1120.4	1373.6	2425.3
1964	1108.3	1331.1	2366.1
5819	1111.0	1362.5	2371.5
4698	1120.4	1377.7	2393.6
4668	1115.3	1378.6	2372.5
2162	1120.0	1368.3	2358.9
8376	1101.8	1363.5	2287.5
9315	1115.8	1375.8	2379.1
3791	1130.8	1424.3	2469.7
428	1112.6	1351.1	2304.9
5535	1110.3	1370.8	2376.9
3474	1110.1	1353.8	2343.6
6567	1107.8	1372.3	2337.3
8635	1105.6	1318.3	2278.8
9191	1118.3	1407.9	2475.4
3558	1119.5	1380.9	2444.1
135	1126.2	1416.0	2423.0
4415	1115.6	1363.6	2365.6
215	1119.9	1356.5	2422.7
2160	1124.9	1425.1	2407.2
6356	1118.7	1356.7	2388.8
5465	1121.1	1393.5	2391.4
2204	1119.5	1418.9	2383.1
9560	1120.5	1438.9	2480.6
1693	1113.7	1364.5	2363.5
8654	1120.5	1390.6	2457.9
7641	1109.0	1346.6	2327.2
3792	1119.9	1398.4	2428.6
1138	1110.7	1361.4	2661.6
2761	1123.9	1419.3	2403.6
5754	1117.7	1409.3	2412.7
1581	1121.6	1399.6	2484.2
2557	1117.2	1337.8	2333.6
7456	1117.5	1357.1	2335.7
1207	1116.3	1341.3	2343.9
4017	1127.0	1392.8	2366.7
7032	1105.8	1310.4	2297.6
5544	1108.2	1334.4	2295.4
614	1112.9	1352.0	2342.4
3709	1125.6	1410.0	2532.3
7837	1118.1	1337.8	2337.1
1116	1116.5	1371.3	2398.0
2270	1111.9	1335.3	2367.0
7889	1117.5	1367.6	2420.1
6936	1114.2	1369.9	2360.6
1321	1117.6	1360.0	2382.3
22	1113.5	1420.8	2409.4
4603	1115.5	1387.4	2394.6
9188	1107.5	1330.9	2377.3
460	1122.9	1367.8	2385.9
4808	1114.3	1357.5	2353.6
8676	1119.6	1395.0	2437.1
8186	1118.9	1352.3	2317.2
1504	1111.1	1350.1	2301.8
145	1114.1	1372.1	2334.8
1025	1109.8	1352.1	2329.4
6468	1117.7	1382.5	2479.8
2721	1123.3	1407.9	2446.9
5404	1115.3	1379.3	2351.6
2783	1124.0	1380.2	2427.9
7605	1123.1	1435.5	2476.4
5977	1111.1	1346.9	2329.6
939	1117.0	1408.6	2377.3
3337	1122.3	1395.8	2379.2
6018	1124.2	1373.1	2379.9
4197	1109.6	1350.3	2334.7
7792	1115.5	1355.8	2369.1
2578	1112.1	1419.2	2381.1
8713	1110.5	1350.5	2338.0
3713	1118.9	1391.8	2435.5
3004	1114.5	1354.8	2317.3
2640	1112.1	1348.4	2359.1
9394	1113.5	1358.1	2367.2
160	1114.5	1320.0	2307.8
5203	1112.0	1336.8	2316.0
9543	1134.3	1474.0	2656.1
4820	1104.0	1306.5	2244.1
1929	1106.3	1298.6	2270.5
5681	1105.5	1347.5	2284.9
4581	1115.7	1284.7	2252.0
9509	1105.6	1343.9	2309.0
9381	1113.8	1321.1	2295.2
7778	1111.1	1332.6	2336.3
9360	1114.5	1360.7	2349.2
1300	1105.3	1355.3	2306.9
1297	1112.2	1305.7	2539.7
9998	1098.5	1309.7	2247.3
808	1111.0	1313.7	2285.3
619	1114.5	1364.1	2407.8
3011	1123.9	1359.3	2402.4
9429	1118.9	1422.9	2440.1
943	1121.6	1354.2	2399.0
6784	1117.2	1377.9	2369.7
5516	1127.5	1392.6	2520.5
1606	1112.7	1337.4	2382.6
3523	1118.8	1332.2	2380.2
1374	1114.2	1329.8	2310.1
5050	1114.8	1367.4	2361.2
470	1118.4	1370.5	2383.2
3576	1118.2	1412.1	2407.2
4787	1114.3	1369.2	2357.7
1467	1117.3	1386.0	2363.6
3000	1116.5	1375.7	2349.0
2697	1119.8	1356.3	2356.8
5771	1102.2	1326.2	2306.1
4447	1114.6	1379.0	2393.2
3929	1117.5	1342.9	2377.1
5556	1116.1	1394.0	2351.4
4920	1111.0	1348.1	2360.5
7468	1114.3	1388.4	2376.1
3279	1115.9	1363.1	2324.6
9297	1116.1	1322.7	2308.6
2840	1120.2	1378.3	2342.0
5928	1113.0	1367.3	2327.3
3680	1120.7	1395.9	2431.9
4693	1116.0	1340.6	2412.1
3802	1107.3	1319.3	2337.9
887	1119.8	1312.9	2339.1
4858	1113.0	1342.7	2345.7
7773	1103.4	1273.0	2229.9
9106	1124.4	1424.7	2443.1
1427	1120.1	1385.3	2346.2
2887	1115.6	1345.2	2301.4
3527	1118.3	1390.4	2354.0
3699	1115.9	1389.1	2390.7
2540	1113.2	1379.9	2321.7
6753	1114.8	1325.8	2344.0
6754	1110.3	1330.1	2300.3
7772	1108.9	1345.5	2386.2
1988	1112.7	1407.8	2339.7
452	1121.1	1363.4	2394.2
7904	1115.8	1357.5	2345.3
797	1122.2	1380.1	2442.5
9857	1108.9	1331.7	2312.3
967	1116.1	1361.3	2410.9
7812	1120.4	1390.2	2422.9
9642	1107.7	1338.8	2292.2
4364	1109.9	1310.0	2313.4
5364	1120.8	1365.3	2440.9
4939	1108.9	1308.6	2316.2
6205	1108.4	1330.4	2298.8
7651	1107.5	1299.7	2320.2
2639	1107.4	1350.2	2300.5
6516	1112.3	1344.2	2320.8
1165	1116.3	1348.3	2377.9
5038	1118.6	1390.5	2386.4
9025	1122.5	1363.9	2362.2
1731	1114.6	1332.2	2306.7
7734	1112.5	1328.7	2307.6
7836	1120.6	1355.5	2399.2
2619	1111.5	1357.7	2351.3
7380	1122.1	1344.5	2325.3
8956	1127.4	1398.0	2456.3
198	1125.6	1417.7	2441.3
83	1114.2	1372.1	2361.4
3719	1113.1	1392.6	2323.7
9242	1123.0	1437.3	2461.0
2645	1112.8	1315.0	2307.4
4753	1104.3	1362.4	2315.1
3994	1121.0	1379.6	2377.9
351	1112.0	1349.9	2316.2
3105	1108.1	1316.6	2297.8
3676	1109.8	1351.4	2467.8
7487	1119.2	1388.6	2440.9
8924	1124.6	1371.7	2453.7
3071	1116.8	1373.5	2361.3
6236	1116.9	1310.1	2280.4
8515	1114.3	1370.9	2377.0
1914	1112.0	1399.6	2395.2
2869	1111.6	1325.8	2296.8
2914	1111.0	1349.2	2294.8
9164	1120.9	1375.6	2430.1
8184	1112.8	1363.0	2316.8
9753	1115.1	1376.9	2380.6
6998	1118.5	1369.8	2392.0
9384	1120.4	1397.5	2431.1
5702	1116.1	1384.9	2336.7
6226	1115.5	1429.2	2429.6
5970	1113.7	1355.1	2357.2
6984	1110.8	1417.6	2346.5
1789	1117.3	1461.3	2508.4
831	1108.1	1322.9	2314.5
90	1120.8	1328.0	2331.6
6756	1112.0	1348.4	2365.4
9702	1113.0	1334.7	2493.1
9373	1105.4	1274.7	2281.0
3991	1121.0	1326.3	2347.4
8592	1117.1	1349.5	2314.2
9464	1115.2	1395.5	2402.7
7613	1102.0	1336.8	2263.5
8494	1114.0	1382.1	2357.4
4536	1116.3	1354.2	2362.3
1654	1115.3	1346.1	2362.9
1281	1106.2	1320.7	2295.3
2451	1117.0	1362.2	2346.7
4102	1110.5	1344.0	2299.3
1681	1110.6	1375.7	2351.9
4471	1115.3	1392.3	2319.1
1542	1117.7	1392.8	2379.1
7936	1109.7	1327.9	2311.7
3278	1113.3	1337.3	2379.0
2687	1108.3	1370.2	2313.4
2818	1121.3	1389.2	2436.5
7995	1108.7	1284.0	2271.0
942	1114.9	1403.4	2403.4
5973	1120.6	1374.8	2360.5
4326	1113.3	1336.2	2332.9
9060	1110.9	1333.2	2329.6
1487	1116.5	1376.6	2382.4
5646	1108.1	1324.4	2269.3
1644	1123.9	1360.3	2400.9
2105	1111.5	1326.6	2282.9
5462	1113.2	1352.2	2351.3
4416	1116.4	1400.5	2406.2
3016	1116.3	1406.1	2321.6
3593	1121.1	1360.1	2356.3
6707	1124.7	1385.1	2393.9
6668	1124.2	1364.6	2375.6
4420	1109.8	1373.5	2396.6
6184	1114.1	1343.9	2341.5
3036	1112.0	1346.7	2358.7
4006	1110.1	1317.6	2311.2
6685	1122.8	1394.3	2429.7
7345	1116.1	1406.4	2406.4
1014	1123.8	1356.1	2368.4
5868	1119.2	1416.2	2409.2
9928	1113.3	1346.2	2325.0
2444	1125.5	1397.1	2420.6
9914	1118.4	1381.1	2385.2
5368	1107.1	1358.4	2412.8
9673	1120.1	1334.3	2327.7
2873	1113.0	1321.4	2339.7
1942	1109.6	1311.8	2273.8
7835	1123.5	1380.0	2494.6
4975	1110.4	1314.1	2272.2
2065	1110.7	1332.3	2303.0
2631	1105.0	1353.3	2291.0
1924	1111.7	1333.1	2289.8
3751	1119.0	1423.3	2383.2
1224	1120.3	1378.8	2607.8
4333	1116.4	1423.9	2496.9
3146	1122.9	1385.3	2421.1
8766	1121.0	1349.1	2368.3
2512	1116.4	1322.5	2330.9
7698	1119.1	1369.8	2378.4
3626	1110.4	1311.6	2254.8
859	1110.7	1370.1	2375.4
4371	1109.8	1366.6	2333.8
8948	1116.5	1381.3	2343.1
6426	1121.4	1381.8	2413.3
5945	1107.0	1306.2	2251.8
6041	1105.1	1284.5	2224.0
8886	1119.1	1389.2	2396.0
813	1121.5	1379.6	2385.2
7440	1115.9	1419.9	2391.6
7383	1120.3	1387.0	2414.8
8601	1122.3	1372.8	2370.5
1925	1120.1	1390.0	2428.0
6601	1112.4	1368.8	2331.6
4930	1124.4	1424.0	2546.8
8025	1114.1	1337.5	2334.8
3459	1114.1	1370.1	2288.0
6891	1121.8	1411.7	2428.0
1794	1112.2	1331.9	2332.3
1489	1109.8	1331.5	2305.2
1753	1107.9	1417.5	2402.5
6110	1111.2	1317.3	2282.2
5610	1120.1	1424.5	2380.2
5687	1117.8	1399.9	2401.8
2462	1113.7	1359.2	2319.3
3542	1110.2	1342.3	2340.3
2177	1134.1	1399.4	2470.6
6153	1124.7	1381.7	2456.8
4461	1108.0	1340.7	2283.6
9319	1113.4	1354.3	2371.4
9290	1117.5	1406.3	2333.5
2417	1104.5	1334.1	2285.3
7839	1112.2	1375.6	2308.1
567	1119.4	1391.2	2560.9
7357	1115.5	1412.8	2369.6
6134	1111.4	1329.7	2295.5
21	1120.4	1381.9	2367.2
8877	1124.7	1366.4	2380.8
7163	1120.2	1400.4	2479.5
340	1118.6	1359.6	2400.1
1437	1115.0	1378.7	2362.0
2477	1109.2	1356.4	2330.2
5768	1125.6	1383.1	2480.9
5346	1117.7	1405.0	2357.8
4311	1120.0	1365.3	2413.7
3509	1119.3	1379.4	2346.5
6766	1110.1	1367.3	2303.7
888	1115.8	1389.8	2379.3
6631	1116.9	1378.2	2400.7
6536	1112.3	1379.2	2354.9
1108	1125.7	1397.6	2416.4
9535	1114.4	1311.1	2305.5
1553	1115.9	1354.7	2405.4
5268	1117.8	1367.6	2387.9
1469	1117.5	1277.3	2332.9
6879	1118.8	1416.3	2384.8
7184	1119.2	1369.9	2377.1
430	1115.3	1383.0	2361.3
2068	1117.0	1346.2	2355.9
4588	1106.1	1314.4	2322.9
2691	1115.8	1340.5	2357.4
3269	1131.9	1429.5	2486.3
9705	1105.7	1367.2	2343.2
8150	1117.4	1396.7	2416.2
2923	1121.1	1370.4	2398.1
9729	1115.5	1418.3	2414.4
5624	1119.2	1346.6	2350.8
1576	1116.5	1368.3	2378.0
607	1108.5	1336.8	2306.0
2814	1121.4	1337.6	2342.7
8581	1114.3	1330.4	2336.2
5445	1117.8	1374.1	2354.2
5963	1118.4	1360.2	2370.2
4518	1115.0	1344.7	2317.9
1741	1109.7	1347.0	2336.3
5494	1119.5	1369.3	2391.1
8678	1121.3	1392.0	2455.9
4391	1127.0	1437.7	2505.1
6118	1109.3	1357.1	2292.1
1671	1108.8	1364.6	2294.5
529	1114.6	1349.2	2333.5
3125	1116.2	1361.0	2380.9
365	1115.8	1331.1	2299.3
7061	1117.4	1402.7	2401.5
5112	1107.8	1326.3	2285.1
1301	1121.1	1381.3	2440.5
2589	1117.1	1391.1	2367.1
9910	1124.2	1388.3	2407.5
5593	1123.5	1422.0	2455.3
4144	1112.9	1369.4	2357.3
9404	1125.6	1415.0	2454.8
7280	1106.0	1370.4	2335.3
854	1109.1	1329.1	2344.0
5289	1130.8	1386.5	2416.6
6408	1102.5	1318.0	2282.9
1465	1116.9	1367.7	2385.0
6395	1112.8	1355.3	2340.9
9267	1105.9	1329.6	2278.7
3911	1118.5	1355.2	2333.6
331	1124.9	1404.5	2479.7
624	1111.3	1365.8	2408.5
4323	1112.0	1354.3	2304.8
9082	1133.3	1409.7	2482.2
6008	1116.9	1357.4	2355.0
9704	1123.0	1361.0	2357.8
2006	1115.6	1298.6	2315.5
3047	1113.1	1356.1	2423.6
1188	1121.0	1357.8	2356.7
5772	1119.9	1417.6	2402.2
8470	1115.6	1331.8	2344.4
9944	1116.9	1444.5	2498.1
6161	1112.1	1346.7	2347.7
9447	1110.8	1376.1	2396.5
4998	1118.9	1373.3	2387.4
2452	1107.8	1372.1	2345.6
3551	1114.8	1306.1	2331.3
4985	1109.0	1306.2	2279.1
9007	1125.8	1390.5	2407.3
3085	1115.6	1338.3	2391.7
3771	1115.4	1321.1	2309.4
7109	1118.1	1376.6	2334.1
8473	1119.9	1348.8	2336.7
6570	1118.8	1393.0	2481.4
4253	1118.3	1305.1	2352.4
6582	1115.2	1335.9	2344.7
1318	1115.4	1312.8	2319.5
1653	1114.2	1319.5	2311.1
6279	1115.0	1355.2	2317.0
8041	1116.4	1343.1	2337.1
8013	1112.7	1418.6	2582.7
9407	1116.2	1399.7	2369.2
1971	1123.2	1402.0	2398.4
305	1125.7	1422.1	2415.2
727	1107.3	1341.4	2256.1
366	1113.9	1393.2	2353.0
1455	1125.2	1410.3	2472.0
8593	1120.4	1391.5	2441.1
1112	1111.9	1341.2	2315.0
6393	1120.3	1379.0	2359.5
6586	1111.3	1319.8	2314.5
7406	1117.1	1345.9	2374.7
7087	1119.4	1343.4	2372.5
4816	1115.4	1348.1	2306.9
232	1112.9	1351.1	2347.1
424	1113.7	1346.7	2357.1
6743	1104.8	1292.8	2280.1
9607	1125.8	1369.5	2460.9
2450	1118.8	1439.1	2427.0
3500	1118.7	1361.2	2350.5
7424	1112.9	1358.9	2384.8
2280	1115.1	1312.8	2300.3
5575	1113.6	1319.9	2311.9
8608	1117.0	1376.4	2618.9
9675	1116.0	1363.9	2345.9
9585	1118.5	1409.4	2377.6
7295	1115.7	1363.8	2349.6
244	1117.9	1349.4	2351.8
4433	1111.9	1308.6	2300.9
4929	1105.4	1244.6	2232.2
1131	1108.8	1385.2	2307.2
3275	1111.6	1358.3	2316.5
91	1120.4	1337.0	2374.9
5779	1118.8	1329.4	2368.5
3784	1122.6	1357.8	2354.0
4695	1122.0	1410.5	2417.5
1279	1119.0	1347.9	2336.6
8910	1120.7	1356.0	2360.2
2685	1125.6	1418.2	2434.9
4130	1126.3	1397.9	2529.5
8460	1114.9	1352.5	2333.4
7890	1112.7	1325.7	2328.2
675	1120.3	1357.5	2414.5
4187	1113.2	1362.9	2364.0
8832	1112.4	1373.5	2382.0
3761	1115.5	1371.4	2369.3
5313	1115.2	1387.6	2365.9
2951	1111.2	1349.1	2322.6
4736	1116.2	1324.9	2299.3
6591	1104.8	1336.5	2321.4
4236	1111.1	1402.2	2358.0
8685	1112.5	1369.9	2398.1
1036	1121.1	1410.6	2391.6
694	1117.5	1333.7	2337.2
6881	1117.6	1411.9	2452.7
1818	1106.5	1295.1	2284.2
4296	1110.8	1371.2	2309.6
2622	1114.1	1387.1	2439.7
3048	1118.7	1375.6	2356.7
7450	1116.3	1340.1	2319.8
4757	1120.8	1409.6	2513.4
4995	1116.3	1375.0	2341.4
8869	1117.1	1381.0	2378.5
4431	1103.0	1325.9	2269.8
7046	1117.9	1404.4	2411.2
4616	1115.9	1296.7	2267.8
7512	1109.1	1437.5	2326.8
7103	1119.2	1366.6	2379.5
8091	1114.0	1360.4	2338.2
1742	1121.7	1370.4	2380.1
2912	1107.8	1356.2	2431.9
8256	1116.2	1392.3	2401.2
7139	1107.3	1361.3	2300.9
2953	1123.7	1374.1	2376.3
7604	1122.8	1363.4	2404.1
3347	1113.2	1304.4	2296.5
9248	1111.7	1378.4	2349.7
1617	1110.1	1336.6	2272.3
7029	1125.0	1431.2	2441.7
6820	1111.3	1352.4	2332.4
6476	1117.8	1394.5	2390.3
9738	1117.1	1394.0	2347.9
2498	1122.0	1406.7	2431.5
2841	1108.1	1354.0	2409.9
8829	1110.9	1358.6	2363.9
4569	1117.8	1390.8	2395.3
8011	1112.7	1371.5	2357.2
4440	1118.5	1340.2	2333.3
663	1107.3	1322.5	2285.0
1766	1113.0	1387.9	2386.9
3487	1120.9	1378.1	2405.1
8330	1100.4	1290.7	2190.8
2745	1113.6	1381.6	2343.9
7470	1121.6	1444.3	2468.3
2130	1121.3	1385.2	2401.9
2201	1120.2	1368.8	2413.1
1354	1124.9	1381.4	2403.6
6152	1127.0	1371.4	2370.3
3031	1112.7	1322.4	2315.2
5361	1112.8	1343.3	2324.2
415	1103.1	1282.6	2241.7
4978	1118.9	1375.7	2356.9
2927	1117.7	1409.9	2406.5
7078	1113.4	1395.5	2403.5
4766	1125.5	1412.8	2492.5
5005	1112.3	1356.9	2344.2
7564	1103.3	1301.9	2262.5
261	1123.6	1444.0	2446.6
1030	1110.3	1383.7	2393.4
3504	1113.8	1372.3	2358.2
9370	1118.8	1331.0	2392.6
9540	1115.2	1353.3	2373.7
7514	1124.6	1392.5	2387.7
7055	1126.8	1394.9	2406.4
7097	1113.6	1336.2	2354.9
5511	1112.6	1320.0	2314.4
4839	1123.0	1356.9	2413.1
6522	1117.9	1410.8	2397.3
8387	1106.4	1327.2	2321.5
8755	1106.6	1363.4	2292.8
4273	1122.0	1415.8	2502.7
5600	1111.6	1343.9	2278.0
9507	1112.2	1315.3	2277.6
6629	1116.1	1370.1	2386.2
2403	1109.9	1334.0	2365.1
8611	1116.8	1342.2	2353.8
9012	1113.5	1380.5	2327.5
2301	1126.3	1449.6	2447.5
5529	1106.1	1343.0	2295.9
353	1112.9	1364.7	2317.3
3769	1111.7	1320.6	2342.9
7189	1110.5	1308.1	2261.9
5936	1118.9	1444.1	2396.7
4475	1119.4	1378.8	2369.8
3567	1112.2	1392.3	2367.6
9942	1117.3	1322.2	2345.6
2121	1109.8	1326.5	2281.9
1831	1114.6	1337.8	2367.4
4466	1111.9	1346.9	2307.4
1190	1114.4	1328.2	2296.3
916	1114.7	1350.4	2317.8
6328	1117.0	1394.3	2443.4
3327	1120.0	1360.4	2382.6
4552	1120.7	1383.9	2448.1
320	1120.3	1416.6	2415.8
438	1110.4	1367.3	2338.0
8351	1120.5	1363.0	2381.9
8371	1110.1	1351.8	2399.9
6958	1111.4	1327.3	2313.4
1773	1110.0	1334.7	2329.8
8366	1120.5	1395.0	2428.2
1574	1123.7	1357.6	2403.5
3109	1116.4	1374.3	2425.0
7020	1119.7	1374.2	2404.5
2817	1120.0	1390.3	2365.1
6011	1122.5	1371.6	2446.2
4063	1109.4	1363.9	2377.4
5689	1119.5	1379.9	2456.8
4166	1125.1	1373.4	2406.7
3028	1118.6	1389.2	2433.1
9556	1136.0	1426.7	2516.4
8643	1109.4	1320.9	2305.9
4716	1115.5	1362.3	2340.0
308	1107.5	1361.3	2327.7
538	1104.5	1371.6	2321.2
4758	1122.4	1350.6	2365.0
1667	1113.1	1329.0	2330.7
2375	1115.1	1359.6	2300.8
1066	1119.3	1352.8	2391.0
8234	1108.5	1339.5	2292.7
4388	1113.6	1353.0	2309.1
8544	1113.5	1368.9	2351.2
5774	1117.9	1377.7	2407.8
3516	1114.1	1410.0	2478.3
679	1107.5	1303.7	2294.2
6722	1112.1	1346.2	2375.1
4605	1111.5	1349.0	2296.4
7753	1113.0	1362.4	2346.8
1624	1116.6	1377.4	2376.0
7376	1115.6	1403.7	2382.7
9411	1115.6	1348.1	2410.9
9966	1119.6	1390.3	2436.7
1975	1106.8	1371.0	2306.0
9697	1120.5	1340.5	2381.4
4319	1121.9	1380.5	2438.0
1225	1104.0	1327.1	2263.8
9777	1116.8	1334.1	2312.8
6908	1117.0	1387.1	2386.7
9284	1111.9	1366.3	2347.6
7533	1109.0	1332.9	2281.8
4509	1122.7	1372.4	2440.7
5633	1118.6	1412.6	2393.0
9158	1114.8	1382.9	2384.1
6111	1104.4	1397.1	2347.9
4020	1116.6	1363.7	2407.2
5837	1108.5	1331.0	2341.1
8499	1120.9	1411.5	2401.7
9329	1123.0	1373.4	2379.0
9348	1116.8	1324.8	2330.9
1637	1119.4	1448.8	2443.0
6999	1126.1	1392.4	2388.7
7492	1117.7	1372.1	2359.6
6696	1112.7	1358.4	2883.9
4983	1114.4	1327.3	2337.7
3386	1114.8	1306.4	2294.1
3215	1106.9	1376.7	2346.8
9971	1117.5	1386.8	2362.7
144	1110.9	1352.8	2322.6
3379	1122.4	1347.1	2393.8
2027	1123.8	1356.1	2418.4
6949	1121.7	1364.1	2369.3
7710	1119.9	1396.0	2377.4
7681	1109.6	1337.2	2296.3
6145	1107.2	1349.7	2358.8
7048	1122.9	1386.5	2470.3
1510	1113.8	1355.7	2310.3
2508	1104.4	1341.5	2284.1
2779	1111.9	1349.6	2375.6
413	1109.2	1321.7	2278.5
9340	1114.6	1397.6	2407.7
3108	1115.4	1377.9	2382.9
2139	1120.1	1392.5	2388.5
1513	1109.0	1305.3	2270.7
1381	1108.2	1293.7	2270.8
7	1122.6	1376.8	2367.4
9330	1118.4	1354.9	2362.7
6191	1117.0	1337.9	2330.3
6913	1112.9	1355.8	2338.8
7232	1114.0	1331.0	2311.0
140	1121.8	1431.5	2466.8
4666	1122.5	1415.2	2543.1
6435	1112.7	1369.7	2352.7
3143	1110.6	1363.7	2383.7
1756	1121.2	1388.3	2396.9
2776	1106.1	1312.8	2288.9
2570	1111.3	1337.4	2314.6
8207	1126.1	1397.5	2471.7
6214	1117.0	1333.5	2330.7
9502	1111.6	1335.3	2401.9
2876	1114.4	1342.3	2341.9
7888	1115.1	1409.7	2414.5
693	1116.5	1375.4	2389.1
6045	1108.8	1327.7	2303.7
8919	1117.8	1334.7	2379.3
3687	1114.4	1356.3	2370.3
2621	1115.2	1366.4	2346.9
16	1114.8	1343.5	2350.5
2400	1109.5	1307.1	2320.3
3230	1117.9	1393.5	2355.0
6757	1116.9	1405.1	2405.4
4161	1122.8	1399.8	2417.6
9799	1116.9	1348.2	2327.4
2419	1108.0	1372.2	2365.6
6597	1114.4	1422.2	2440.2
165	1119.2	1393.5	2419.1
7762	1123.4	1405.6	2435.4
1931	1115.0	1377.5	2365.0
3536	1117.8	1377.4	2399.7
1875	1119.4	1376.4	2379.1
7222	1122.3	1370.9	2410.9
2484	1114.7	1330.8	2325.5
5152	1110.6	1317.6	2290.3
4338	1126.3	1406.5	2479.6
4971	1118.8	1359.5	2375.4
5438	1125.4	1389.1	2405.9
848	1117.2	1348.6	2376.0
9814	1116.7	1380.8	2455.4
7827	1130.5	1415.2	2483.7
9432	1108.4	1302.8	2279.9
7851	1120.3	1373.8	2444.5
383	1121.8	1429.2	2410.7
3738	1125.5	1380.1	2373.0
6311	1113.3	1373.1	2355.7
9918	1123.1	1368.3	2366.2
1793	1117.8	1372.4	2323.5
5483	1120.7	1345.4	2406.3
6735	1123.1	1375.4	2413.6
8982	1117.7	1385.4	2388.3
7127	1128.4	1409.9	2411.1
4171	1116.2	1351.1	2323.2
2469	1115.0	1363.3	2369.1
1770	1115.7	1331.2	2309.9
179	1105.5	1341.2	2316.9
5577	1120.2	1354.7	2420.6
952	1115.0	1380.4	2379.4
9336	1113.2	1363.9	2368.7
7569	1123.7	1395.3	2414.9
1564	1110.6	1365.8	2361.5
9796	1116.9	1376.1	2404.2
8850	1115.4	1347.4	2331.0
9504	1113.8	1362.7	2379.0
725	1118.1	1354.3	2338.0
4576	1111.0	1385.4	2361.5
8318	1110.6	1368.6	2341.7
7298	1110.6	1332.3	2299.6
9746	1112.5	1387.2	2384.5
8241	1122.0	1361.5	2379.1
1548	1113.0	1362.6	2330.5
4384	1114.3	1363.3	2334.6
3661	1121.4	1364.9	2359.6
8300	1119.5	1381.7	2392.1
6634	1118.0	1334.9	2373.4
7881	1119.4	1332.5	2399.9
97	1121.4	1382.3	2369.2
2401	1115.0	1372.4	2404.4
1727	1117.2	1389.7	2396.5
5305	1113.5	1370.4	2346.9
8793	1111.2	1398.5	2410.9
4380	1114.4	1327.9	2306.3
8843	1108.1	1371.4	2376.9
4123	1114.5	1367.9	2416.4
9125	1115.4	1326.1	2341.2
6532	1118.7	1359.3	2437.0
2257	1113.0	1357.2	2320.8
4728	1114.4	1329.1	2305.1
2701	1112.1	1409.1	2376.1
6986	1108.2	1347.7	2379.8
3116	1114.7	1348.4	2354.3
8038	1120.8	1419.9	2415.8
6388	1121.4	1386.8	2398.2
9320	1119.9	1344.9	2350.3
4098	1117.0	1374.0	2321.8
6482	1116.0	1339.3	2370.2
7071	1125.4	1389.2	2375.0
1561	1117.1	1409.3	2418.8
6599	1112.9	1358.2	2301.9
7826	1111.1	1353.7	2369.7
3889	1115.1	1354.4	2338.2
9873	1116.3	1361.8	2339.0
7574	1112.9	1374.5	2341.4
1889	1114.4	1358.9	2430.4
2812	1116.3	1352.1	2363.0
7590	1126.4	1399.4	2446.0
9233	1116.7	1345.2	2348.4
7197	1122.1	1362.1	2383.8
8395	1122.1	1351.5	2371.4
1282	1109.3	1348.1	2296.3
668	1111.1	1358.3	2346.4
5319	1119.8	1402.6	2418.4
7477	1123.3	1408.2	2428.0
5489	1115.9	1370.7	2364.8
8623	1113.0	1326.6	2343.0
5310	1114.4	1386.5	2315.3
2750	1119.0	1381.2	2417.3
5630	1106.8	1340.1	2312.9
1078	1114.7	1303.4	2252.5
3344	1119.2	1393.2	2363.0
9522	1122.7	1396.7	2363.6
5374	1116.7	1364.4	2367.5
5662	1112.8	1384.7	2401.6
1267	1118.0	1361.6	2359.7
5890	1114.0	1358.6	2336.1
2169	1111.0	1331.6	2320.4
133	1114.6	1388.5	2382.4
2827	1121.7	1394.5	2377.8
7090	1118.9	1383.3	2352.4
8788	1114.5	1321.7	2356.9
1721	1127.4	1382.9	2393.6
410	1121.5	1352.1	2334.4
6443	1107.8	1325.6	2298.8
7161	1117.4	1371.0	2370.8
717	1106.0	1365.6	2370.8
1449	1120.8	1419.3	2436.2
2062	1118.9	1379.1	2359.8
5287	1127.2	1410.8	2441.5
2295	1112.6	1353.4	2339.7
4869	1114.3	1344.5	2366.1
462	1125.2	1391.4	2431.6
8230	1121.0	1438.8	2474.4
2603	1115.7	1389.1	2351.7
4	1114.7	1350.6	2365.8
9067	1120.4	1405.4	2395.4
8187	1110.8	1340.8	2290.3
370	1117.1	1367.8	2349.2
3439	1124.2	1346.7	2374.1
7183	1118.2	1348.6	2352.9
4302	1116.4	1312.0	2274.8
307	1123.4	1382.3	2400.2
9234	1114.6	1373.1	2414.7
6909	1114.8	1427.0	2451.7
451	1120.6	1367.3	2445.0
9838	1120.3	1387.0	2447.9
251	1121.3	1368.0	2436.0
8716	1113.2	1346.4	2319.5
1976	1114.3	1379.7	2346.6
2373	1121.2	1415.4	2449.4
2769	1114.8	1322.9	2418.8
3675	1103.3	1310.2	2267.9
8039	1120.6	1358.6	2417.2
1142	1122.5	1423.4	2464.0
4811	1118.1	1385.9	2399.8
5448	1105.5	1364.7	2338.4
2596	1113.8	1316.1	2332.4
1720	1111.3	1399.0	2381.5
156	1117.3	1349.0	2336.4
9466	1108.3	1343.7	2378.6
5332	1117.6	1357.3	2314.7
9773	1108.8	1337.0	2309.9
3050	1112.7	1383.0	2413.9
7343	1116.5	1391.5	2386.4
8575	1099.1	1307.3	2229.5
3381	1111.2	1337.1	2335.4
2080	1115.0	1350.0	2431.2
37	1116.9	1369.4	2351.9
4923	1123.6	1348.6	2472.0
559	1111.2	1341.9	2328.4
2592	1111.3	1356.1	2445.7
7784	1125.1	1403.2	2463.4
8603	1112.6	1330.4	2302.3
6367	1114.3	1370.1	2311.6
9542	1115.1	1310.5	2326.5
6559	1113.7	1341.6	2327.3
8560	1114.2	1381.2	2357.6
1834	1106.4	1331.0	2262.0
8780	1111.8	1312.5	2316.0
5355	1116.4	1343.9	2360.0
5437	1117.6	1393.2	2460.9
5173	1108.1	1334.0	2305.7
2870	1106.3	1301.3	2287.0
6830	1123.7	1355.9	2394.9
5128	1122.8	1414.6	2384.2
7857	1125.8	1393.5	2394.1
2361	1123.8	1391.7	2405.2
5092	1115.4	1347.1	2370.6
2066	1114.3	1348.4	2390.4
5245	1110.4	1332.5	2284.8
9756	1113.8	1360.6	2372.5
4209	1103.4	1350.6	2300.0
5326	1117.4	1391.0	2347.4
6831	1114.6	1392.8	2401.9
4229	1113.7	1345.4	2317.1
1571	1114.1	1361.9	2349.8
2929	1106.9	1356.6	2297.3
420	1117.9	1357.4	2388.8
8621	1111.4	1344.0	2325.5
8171	1111.9	1337.5	2409.0
4154	1118.3	1374.4	2371.6
2259	1104.6	1296.1	2240.3
2617	1116.4	1319.4	2333.3
7277	1114.3	1349.5	2326.7
9002	1105.2	1333.2	2298.5
3407	1117.3	1397.0	2358.8
3857	1119.8	1363.8	2341.3
7355	1111.2	1333.5	2368.6
3528	1109.7	1361.2	2332.7
7302	1116.2	1382.2	2429.8
7130	1120.7	1373.6	2358.1
8561	1114.1	1386.8	2344.7
4050	1115.9	1344.4	2379.0
7447	1102.9	1366.8	2310.9
8855	1102.5	1332.3	2316.2
3940	1111.0	1318.1	2286.7
504	1114.9	1363.3	2365.6
1150	1114.2	1405.1	2390.2
207	1124.3	1408.5	2594.0
6478	1115.2	1363.0	2326.4
3925	1120.1	1384.6	2414.3
6477	1111.4	1320.6	2336.0
3653	1117.7	1388.8	2389.3
5318	1116.9	1380.5	2330.0
5723	1115.2	1352.3	2348.4
7466	1110.8	1380.0	2360.5
1918	1119.7	1376.5	2401.0
4712	1118.7	1414.3	2694.5
6887	1120.7	1395.1	2381.5
9855	1116.7	1430.4	2429.3
7900	1125.4	1412.7	2452.5
9920	1126.4	1380.0	2400.0
3428	1112.8	1343.1	2362.5
8246	1105.4	1320.4	2277.0
4099	1108.0	1322.6	2332.2
9620	1122.0	1353.6	2353.8
3326	1122.5	1423.5	2492.8
6736	1106.8	1326.4	2309.9
8166	1105.9	1357.0	2376.3
4024	1115.2	1364.1	2376.6
9291	1116.9	1319.2	2325.3
2551	1110.5	1349.4	2308.1
8679	1118.3	1353.3	2359.5
5672	1114.2	1332.8	2315.4
8648	1114.4	1402.9	2376.7
2561	1125.9	1388.0	2492.8
6333	1119.1	1422.5	2415.1
9808	1118.8	1387.2	2386.6
4807	1114.2	1344.8	2311.9
9842	1117.4	1349.9	2307.5
8061	1108.8	1345.1	2356.4
722	1119.6	1317.2	2332.9
4902	1119.8	1349.6	2437.4
4921	1118.0	1372.3	2364.6
6231	1123.1	1366.1	2359.3
40	1112.4	1363.1	2344.2
7344	1112.2	1337.7	2344.9
9613	1115.1	1362.3	2372.1
6897	1119.4	1355.5	2369.8
3647	1115.4	1320.7	2359.7
5746	1107.0	1339.6	2356.5
4423	1111.9	1360.8	2274.4
1326	1110.7	1311.1	2280.8
9374	1111.0	1371.0	2315.4
5650	1110.7	1367.5	2356.6
1422	1121.9	1371.6	2366.7
6246	1113.1	1402.0	2366.5
5072	1117.9	1370.5	2365.8
1718	1111.5	1360.3	2319.0
2792	1110.7	1329.1	2314.8
3493	1108.5	1343.4	2296.6
5792	1112.1	1318.3	2332.4
5	1115.6	1385.7	2367.6
6372	1105.9	1361.7	2329.4
6712	1111.7	1351.2	2356.0
6627	1127.1	1407.3	2493.3
9992	1124.2	1362.2	2371.2
9424	1123.5	1405.4	2449.1
6198	1108.8	1331.7	2269.0
7928	1119.5	1338.7	2360.6
5932	1119.7	1400.9	2464.9
6120	1116.4	1348.1	2310.1
2132	1117.2	1342.5	2378.8
5946	1116.9	1318.2	2319.6
5336	1128.3	1349.6	2409.5
8817	1117.8	1359.7	2406.4
1386	1115.7	1385.2	2397.5
284	1109.9	1365.1	2290.6
4856	1118.0	1327.8	2324.6
9622	1117.7	1360.5	2351.1
5385	1111.2	1356.1	2287.4
8093	1114.0	1363.1	2359.8
2145	1125.0	1411.7	2491.7
7599	1119.9	1399.2	2434.3
2242	1118.5	1340.9	2357.3
840	1114.4	1412.4	2454.6
6952	1099.8	1303.6	2253.7
8671	1120.4	1338.5	2381.3
1666	1132.5	1452.3	2516.6
334	1118.7	1397.9	2367.2
4298	1110.2	1331.9	2350.5
4981	1109.2	1332.1	2338.5
112	1120.8	1359.7	2342.0
7165	1109.9	1321.4	2331.2
9302	1115.5	1340.6	2296.1
2901	1116.9	1331.2	2318.5
6178	1109.4	1309.5	2293.6
2505	1110.4	1307.0	2305.5
5389	1118.3	1418.6	2484.6
4438	1111.9	1377.4	2393.3
464	1116.9	1376.6	2361.9
5976	1120.1	1390.8	2422.5
6462	1118.1	1382.3	2426.1
8493	1113.0	1346.0	2366.4
8372	1115.8	1407.1	2434.4
336	1112.1	1347.5	2308.7
8955	1114.0	1374.5	2331.6
2894	1126.2	1386.4	2482.2
7942	1122.8	1339.1	2379.7
7618	1112.7	1353.3	2324.0
2340	1121.8	1360.8	2374.0
1649	1119.5	1384.0	2337.1
4170	1118.7	1331.9	2328.8
1982	1123.2	1385.0	2402.1
7848	1117.0	1352.8	2357.2
8386	1117.5	1366.1	2346.3
5490	1111.4	1354.8	2316.3
7934	1115.0	1385.1	2341.0
5763	1116.3	1366.7	2337.5
6932	1109.2	1359.8	2322.6
5328	1111.3	1334.5	2306.9
5939	1117.4	1406.3	2348.7
7915	1113.5	1354.0	2360.8
2945	1123.7	1388.5	2417.4
4368	1104.1	1361.6	2288.2
