53366	1801.9	2025.0	13651.5
39179	1806.5	2086.6	12974.2
11251	1808.3	2039.3	12892.9
21251	1824.4	2069.9	13200.2
80098	1829.2	2094.4	13605.2
37717	1809.2	2025.0	12974.7
29222	1821.5	2073.6	13528.2
22403	1806.8	2059.7	13065.8
64576	1813.0	2020.6	13054.7
10800	1820.0	2070.9	13228.4
35793	1818.3	2090.2	13367.1
36937	1812.5	1987.2	12991.7
85225	1833.0	2127.6	13796.0
10222	1809.6	2043.6	13228.3
73053	1812.9	2021.9	13297.8
15145	1823.2	2115.1	13471.4
72138	1812.5	2035.8	12876.8
86445	1811.3	2011.4	13133.0
20590	1817.1	2044.3	12981.7
89146	1815.9	2019.5	13209.4
48486	1819.5	2075.4	13316.0
85210	1820.0	2034.9	13216.0
68425	1825.4	2058.8	13317.3
88590	1803.5	1969.7	12781.4
78593	1814.7	2032.8	13343.0
29081	1813.6	2087.7	13266.5
24783	1812.4	2044.8	12947.6
63814	1807.1	2054.3	13144.6
44097	1835.9	2054.8	13784.3
84345	1829.4	2073.5	13572.1
36115	1834.9	2106.7	13968.7
48732	1815.6	2060.0	13148.2
21659	1822.6	2059.4	13770.0
10354	1821.4	2102.5	13262.8
58640	1827.3	2094.3	13650.7
14992	1815.8	2036.6	12947.8
8630	1810.1	2029.2	12866.7
27844	1813.8	2045.7	13083.8
88862	1820.8	2055.1	13339.1
5166	1799.1	1989.4	12556.9
79259	1813.7	2073.5	13346.2
51364	1815.8	2039.9	13116.9
3000	1817.1	2071.5	13211.2
29883	1831.3	2027.3	13139.5
28844	1827.8	2107.5	13320.0
52098	1824.3	2069.7	13341.8
87963	1812.6	2027.3	13094.8
22222	1814.3	2098.4	13086.4
51203	1820.4	2060.5	13103.9
45212	1824.4	2080.4	13443.5
49814	1815.4	2025.1	13015.6
45417	1821.6	2051.8	13229.5
89238	1824.6	2095.8	13493.8
51475	1806.2	1990.1	12872.3
62197	1809.6	2005.5	13024.4
86235	1814.8	2021.7	12972.9
22560	1822.8	2074.8	13252.7
2491	1828.9	2123.1	13466.4
83536	1816.0	2005.7	12837.7
44294	1815.8	2054.3	13311.6
75209	1799.5	1951.5	12545.9
38207	1813.1	2039.4	13207.4
19877	1824.4	2089.7	14030.5
53514	1809.6	2068.0	13021.2
61355	1821.5	2082.9	13174.8
4056	1809.3	2062.6	13041.3
4282	1810.6	2058.0	13244.3
29871	1834.4	2024.1	13174.7
28075	1813.7	2058.5	13448.5
24565	1812.9	2026.8	13006.1
3995	1819.3	2051.3	13200.2
197	1800.5	1987.9	12806.7
9787	1821.1	2027.9	13045.8
5851	1828.4	2050.2	13230.4
67403	1824.9	2079.1	13413.2
66608	1812.9	2095.4	13169.0
76380	1810.1	2031.7	13290.0
27938	1836.3	2067.8	13493.8
87800	1823.6	2035.8	13350.2
74259	1809.4	2028.0	13097.7
51161	1827.8	2097.8	13917.1
55771	1810.1	2114.6	13383.6
26604	1830.0	2133.5	13384.8
15861	1824.3	2044.3	13144.5
30674	1829.1	2106.6	13304.2
28348	1805.2	2022.5	12917.3
40136	1825.9	2078.5	13614.3
80614	1820.0	2062.7	13253.5
75754	1812.5	2033.1	13409.3
37348	1821.6	2096.5	13497.6
37380	1839.6	2070.1	13526.8
76102	1829.9	2073.1	13530.6
67001	1819.6	2094.8	13414.2
73549	1831.6	2082.7	13546.5
26153	1832.6	2116.0	13629.6
24034	1811.0	2022.0	12825.6
13952	1801.1	2006.2	12703.6
89028	1814.7	2017.2	13262.9
63426	1808.4	2079.7	13096.5
76703	1834.3	2076.3	13696.9
37982	1812.4	2060.7	13241.4
16505	1820.2	2080.6	13160.8
6133	1809.6	2012.7	13205.7
55314	1815.5	2063.9	13425.4
44100	1830.4	2064.7	13340.6
15973	1824.0	2085.2	13328.9
52562	1834.4	2074.7	13491.8
14809	1810.2	2084.8	13027.4
24651	1811.1	2057.7	13116.6
42782	1819.4	2111.6	13645.0
16010	1827.4	2099.6	13364.5
53799	1826.0	2038.5	13104.7
43411	1826.0	2071.0	13375.9
57568	1819.7	2062.6	13402.6
11558	1809.6	2060.2	12989.5
19717	1811.3	2025.6	12935.2
48883	1822.3	2080.4	13452.7
83048	1816.1	2079.8	13399.8
66860	1824.8	2059.4	13541.3
45666	1825.5	2088.0	13861.0
55164	1818.8	2063.6	13516.8
4976	1818.3	2054.3	13160.0
31858	1806.9	2111.7	13351.1
30317	1828.3	2063.7	13446.6
40433	1817.3	2100.1	13126.3
57582	1818.1	2069.3	13354.4
51379	1823.0	2066.8	13169.2
67675	1818.0	2061.0	13210.4
21299	1819.3	2114.4	13349.3
30154	1812.7	2037.9	13384.7
50068	1822.2	2054.8	13491.0
135	1813.7	2054.6	13133.8
9991	1816.2	2078.1	13172.4
39644	1813.7	2039.0	12866.4
19506	1821.2	2054.7	13211.8
28909	1829.2	2053.9	13207.5
111	1804.0	2061.7	13147.3
62105	1824.4	2035.8	13006.5
56719	1818.4	2029.1	13118.4
58282	1825.4	2026.8	13428.0
72873	1816.5	2079.4	13206.4
35098	1817.4	2077.7	13173.2
8355	1805.3	2036.5	12928.1
2823	1825.9	2097.3	13398.0
5178	1817.0	2027.8	13137.2
10387	1820.6	2044.0	13086.2
54256	1806.5	2013.0	12946.4
42389	1809.6	2046.9	12976.1
61447	1831.8	2084.2	13436.7
50679	1809.6	2061.6	13091.7
79679	1802.1	1985.2	12647.4
48728	1821.4	2060.8	13339.0
55061	1830.0	2097.0	13406.7
78040	1809.8	2035.1	12991.6
22789	1821.8	2090.3	13394.9
40547	1849.9	2107.3	13977.1
50804	1816.4	2040.4	13049.5
57847	1817.0	2060.9	13224.8
22436	1806.3	2015.7	12907.8
41016	1805.4	2065.7	13008.3
11825	1828.0	2057.5	13195.5
86740	1819.0	2031.4	12971.9
42328	1809.9	2030.1	12971.8
85857	1814.7	2036.2	13305.8
33958	1808.0	2005.4	12871.5
63453	1806.8	2053.6	13373.0
1041	1801.3	2026.8	12750.0
84394	1819.7	2040.1	13113.5
16608	1832.2	2100.6	13503.0
55587	1834.8	2097.8	13807.4
53955	1814.8	2088.5	13403.3
9168	1814.3	2061.2	12978.2
64740	1816.0	2035.0	13115.1
53633	1818.3	2050.3	13262.0
61422	1816.1	2059.8	13313.8
21758	1837.4	2123.5	13680.1
36771	1813.6	2047.3	13110.5
43250	1828.7	2078.3	13474.4
41276	1826.1	2121.3	13988.7
85985	1814.0	2043.2	13022.4
9075	1812.2	2042.1	13039.3
20710	1818.3	2079.3	13527.9
41705	1820.7	2029.2	13259.7
3819	1818.9	2086.2	13328.1
46257	1798.3	1954.3	12555.3
77919	1808.4	2002.6	12901.3
45338	1806.3	2068.7	12927.3
5750	1820.7	2123.6	13313.3
9053	1830.0	2100.8	13324.6
65008	1818.3	2033.6	13167.6
13840	1816.6	2091.3	13234.8
7344	1809.0	2050.8	13176.2
71317	1823.8	2109.3	13312.7
53192	1822.0	2071.4	13505.5
5248	1835.4	2125.7	13727.2
14774	1807.8	2045.7	12962.9
58164	1804.7	2068.0	13046.7
33101	1799.4	2026.3	12710.9
14542	1818.0	2084.2	13086.5
48210	1800.3	2013.6	12774.0
79071	1812.4	2049.2	12932.8
12743	1800.8	2003.0	12690.0
9196	1837.0	2093.7	13534.5
10621	1806.1	2026.2	13027.3
87131	1808.0	1999.4	12793.1
64854	1812.8	2049.6	13054.8
63726	1822.5	1996.4	13311.9
60771	1826.0	2003.8	13122.9
86336	1822.1	2098.6	13415.2
75036	1811.2	2020.7	13061.3
86593	1825.0	2077.6	13464.0
77486	1821.3	2021.4	13172.3
79366	1820.6	2074.7	13529.4
86036	1828.1	2062.7	13437.0
46953	1823.4	2083.0	13392.4
12792	1827.6	2096.4	13635.3
59718	1808.8	2039.0	13008.6
54190	1825.7	2066.1	13415.8
41088	1845.0	2113.2	14272.0
84236	1820.2	2035.3	12816.1
83306	1814.3	2011.7	13052.2
15551	1817.1	2044.5	13323.1
75006	1817.4	2036.6	13140.7
37404	1819.7	2097.7	14011.9
62820	1827.3	2041.4	13244.2
36841	1814.1	2040.9	12937.7
11281	1832.7	2045.2	13385.2
33055	1820.6	2066.5	13109.9
51265	1815.2	2059.0	13188.1
56166	1800.5	2011.4	12795.6
38438	1827.9	2078.2	14067.9
73697	1807.5	2043.6	13176.3
88135	1827.6	2022.4	13134.1
6642	1811.1	2053.0	13278.5
38555	1814.0	2020.0	12978.2
70434	1816.4	2007.4	12836.9
24248	1813.9	2017.1	12897.7
8371	1814.2	2039.5	13196.0
54859	1825.4	2114.8	13486.4
14617	1814.1	2030.4	13271.2
76273	1814.9	2075.4	13162.9
30239	1818.7	2064.4	13320.2
49639	1813.9	2042.2	12924.7
68114	1816.8	2075.1	13356.4
43134	1830.4	2086.7	13293.9
45438	1828.4	2080.1	13383.8
84278	1809.4	1995.0	12986.4
3525	1825.5	2059.3	13341.5
63612	1817.2	2073.4	13122.6
23889	1824.5	2094.9	13440.3
27102	1810.7	2027.7	12979.7
21707	1835.9	2151.2	13787.9
1947	1839.1	2126.5	13643.4
85289	1822.7	2075.1	13649.1
3793	1821.8	2053.9	13407.4
48927	1801.4	2043.5	13113.4
80189	1834.8	2084.0	13314.9
81686	1823.8	2059.2	13497.1
32255	1814.0	2045.0	13027.5
39994	1825.7	2055.5	13306.5
20589	1820.2	2061.6	13615.8
37839	1803.7	2029.8	12936.8
10205	1814.3	2053.8	13156.3
24775	1814.4	2061.0	13323.4
67807	1816.5	2033.1	13298.9
1712	1815.3	2042.8	12948.7
83368	1831.9	2048.0	13508.5
66976	1821.8	2072.1	13451.8
28782	1807.8	2055.8	12956.1
78079	1813.9	2050.5	13369.3
39696	1813.5	2047.3	13479.9
55963	1824.7	2145.0	13608.5
2962	1837.5	2149.2	14645.0
13960	1816.2	2044.4	13102.3
84477	1813.5	2062.8	13352.9
9938	1822.3	2002.3	13028.2
78232	1809.4	2090.6	13043.6
15787	1821.8	2052.5	13486.3
13637	1810.0	2043.3	12988.4
88350	1819.1	2028.2	13205.9
85106	1821.0	2063.6	13340.4
84766	1818.6	2020.8	13077.2
32461	1811.6	2055.7	13137.5
33566	1810.1	2013.1	12836.2
61061	1820.5	2068.9	14740.9
34532	1818.8	2129.5	13703.7
49993	1793.1	1979.5	12505.1
51935	1818.2	2070.8	13165.7
16549	1831.9	2095.7	13533.6
3208	1824.4	2117.3	13712.3
33758	1824.6	2071.9	13144.6
7880	1812.3	2038.7	12961.9
60134	1828.6	2027.2	13301.5
62286	1825.4	2055.1	13114.8
72347	1834.1	2096.6	13623.2
70715	1805.5	1986.9	12834.6
47801	1821.8	2050.2	13064.3
73959	1804.0	2008.0	13024.2
22205	1823.0	2086.3	13435.1
7873	1800.9	2008.1	12854.3
43989	1817.8	2044.2	13157.0
5630	1810.9	2043.4	12906.9
65304	1819.9	2067.5	13265.8
32887	1833.1	2108.7	13578.8
64106	1826.4	2038.0	13432.8
41039	1840.2	2147.9	13985.2
42058	1818.1	2044.0	13114.6
75775	1809.6	1999.9	13129.2
21204	1801.7	1999.9	12738.1
32631	1819.0	2044.8	13288.9
64346	1813.9	2023.5	12891.6
20190	1821.7	2021.4	13255.7
50665	1820.1	2040.2	13352.9
51361	1815.9	2084.5	13287.4
65835	1804.2	2045.6	12789.5
75758	1810.7	2032.7	12876.9
36509	1826.9	2098.7	13518.0
65631	1826.9	2096.1	13555.5
45409	1820.7	2068.0	13226.4
89413	1826.0	2074.6	13635.7
82816	1824.6	2092.2	13404.0
87781	1814.3	2056.4	13269.8
16309	1807.8	2027.7	13027.2
28551	1816.6	2066.2	13441.0
30042	1830.8	2078.0	13958.7
36614	1817.4	2088.3	13319.6
4135	1816.2	2073.6	13246.2
80646	1813.1	2020.7	12928.3
55051	1844.5	2091.9	13779.4
8757	1808.4	2054.3	12984.6
44723	1815.8	2026.4	13203.5
86910	1812.6	2022.5	13070.1
66024	1805.1	2040.0	13084.1
77837	1819.5	2076.3	13227.9
13337	1824.3	2097.0	13214.6
38495	1814.4	2049.4	13216.5
60087	1807.6	2061.3	13364.8
27769	1830.6	2072.0	13239.0
87143	1827.3	2034.3	13345.6
6303	1823.5	2089.9	13552.9
75253	1802.6	1982.1	12682.6
58811	1801.3	1982.3	12828.3
65188	1816.6	2049.9	13363.0
33447	1807.6	1984.3	12651.7
31694	1803.7	1971.3	12608.5
83314	1827.5	2086.3	13883.4
80266	1816.6	2066.2	13285.2
50407	1815.6	2033.6	12939.4
37355	1814.9	2050.2	13023.7
10645	1817.1	2111.9	13441.4
79212	1809.7	2003.2	12710.0
52643	1829.7	2114.9	13571.8
18724	1808.4	2037.9	12876.5
4768	1818.5	2039.8	13195.9
88678	1812.8	2061.3	13071.0
36523	1808.7	2026.4	12792.6
27231	1830.9	2123.6	13480.9
7564	1819.6	2080.1	13286.8
2094	1812.9	2016.2	12699.0
45205	1807.6	2005.7	12982.4
72065	1832.4	2086.4	13616.7
48654	1806.6	2033.4	12906.1
877	1798.9	2042.3	12785.1
12980	1814.1	2059.6	13299.1
78464	1824.4	2070.4	13534.8
61863	1811.4	2010.4	13171.1
34042	1814.2	2114.6	13610.1
56892	1835.1	2063.3	13494.2
1439	1801.3	2026.8	12797.8
80954	1821.5	2098.9	13197.9
45571	1830.3	2072.1	13475.5
73960	1811.0	2049.3	13129.2
61184	1815.5	2030.2	13173.8
55490	1811.1	2027.7	13076.5
57531	1816.4	2029.0	12869.2
59644	1822.8	2097.7	13488.3
28969	1817.9	2064.1	13521.5
38877	1827.3	2098.8	13604.3
42576	1845.9	2154.5	14137.8
2699	1815.7	2050.0	13053.3
8786	1808.9	2030.5	12996.4
56915	1815.5	2066.6	13351.8
83108	1817.9	2048.6	13093.9
59794	1802.1	2040.4	12883.9
30542	1832.5	2089.6	13377.9
86025	1815.4	2029.9	12932.9
82613	1810.2	1993.6	13131.0
62290	1796.1	2034.1	12900.1
64007	1806.1	1979.8	13030.0
55305	1814.3	2024.8	13111.4
43005	1830.8	2113.2	13602.7
62460	1802.0	1980.3	13089.2
3509	1806.1	2025.0	13125.5
34942	1823.2	2047.8	13162.0
32348	1782.1	1971.3	12621.5
67276	1831.2	2085.9	14247.6
80290	1822.5	1998.1	13124.6
9472	1819.0	2063.7	13177.6
89706	1832.2	2114.5	14109.0
10175	1815.6	2090.1	13218.9
17587	1830.3	2088.8	13429.4
16268	1825.1	2100.4	13474.0
38284	1806.7	2016.9	12656.1
59086	1818.3	2056.8	13038.2
7019	1816.2	2048.9	13160.8
3026	1825.0	2102.3	13424.9
36892	1805.6	2025.9	12797.0
40031	1811.0	2039.4	12959.3
70552	1817.6	2045.5	13012.4
73653	1814.9	2018.9	12872.8
43360	1842.0	2135.4	14207.7
4249	1824.7	2000.7	13134.5
10462	1823.8	2063.5	13128.6
14028	1826.2	2063.2	13505.2
3302	1821.9	2092.3	13594.6
80283	1823.8	2048.6	13423.8
27872	1829.5	2108.9	13257.8
34313	1818.2	2042.9	13346.2
77585	1805.4	2000.1	12591.3
73080	1806.2	2002.4	12725.8
17285	1822.0	2066.1	13241.1
38628	1817.5	2082.1	13565.3
48470	1816.5	2048.3	13151.5
78164	1812.9	2048.4	13095.0
14899	1817.9	2070.9	13471.3
76861	1833.5	2065.9	13939.4
59498	1824.9	2085.5	13567.8
84874	1799.9	1984.5	12883.5
67857	1798.0	2039.0	12913.8
82333	1815.6	2031.9	13241.2
80233	1794.7	1986.2	12555.2
66881	1835.5	2106.1	13531.1
33842	1824.4	2080.4	13570.3
666	1828.3	2106.3	13665.0
81194	1821.4	2059.0	13571.0
28525	1827.5	2072.7	13702.0
32611	1823.2	2088.8	13423.5
31050	1829.2	2123.2	13380.2
87477	1804.4	2007.0	12613.6
73705	1817.5	2021.6	13237.1
55666	1819.2	2079.3	13002.9
53733	1815.0	2045.3	13099.2
26351	1813.6	2034.0	13422.4
9364	1829.9	2073.6	13321.3
84275	1801.5	2019.1	12909.3
39972	1820.3	2019.5	13052.8
73030	1814.2	2061.1	13479.7
13339	1818.4	2033.7	13046.5
65279	1826.7	2034.2	13248.4
80337	1816.2	2106.5	13627.0
29715	1816.2	2062.1	13177.6
48535	1825.6	2025.9	13093.5
33677	1807.5	1977.6	12937.6
63984	1825.8	2036.4	13224.5
40404	1808.8	1997.9	13034.8
7532	1815.7	2037.6	13059.4
78940	1816.5	2006.1	13030.2
15314	1815.6	2037.4	13085.6
24218	1813.3	1989.6	12837.9
44222	1812.9	2015.2	12913.2
28577	1826.1	2083.2	13841.3
10565	1816.9	2029.6	12902.2
20074	1819.0	2046.2	13032.9
31413	1822.8	2086.2	13711.9
78873	1809.6	2049.4	13097.2
78744	1820.2	2042.6	13165.1
33507	1827.2	2088.9	13802.7
52803	1817.9	2033.5	13277.9
43059	1803.2	2038.9	12981.2
21446	1805.8	2033.0	12908.7
89674	1810.6	2005.9	12957.2
9688	1822.0	2032.5	12856.1
27549	1812.6	2029.5	13002.6
80468	1823.8	2070.1	13638.1
73158	1827.0	2085.2	13740.1
84408	1825.8	2092.0	13277.9
84220	1830.2	2088.3	13485.3
38520	1818.8	2044.2	13238.1
58772	1807.3	2017.1	12891.9
31788	1798.3	1965.1	12862.0
63906	1819.6	2042.2	13108.8
5213	1826.2	2052.5	13322.5
78316	1810.7	2019.8	12944.5
2545	1824.2	2050.6	13168.7
38741	1813.7	2075.1	13197.6
64361	1825.9	2050.1	13265.9
69143	1819.7	2068.5	13241.3
1914	1823.4	2056.7	13258.1
41597	1799.9	2004.2	12830.9
30205	1814.3	2041.9	13078.1
32368	1819.3	2066.7	13334.7
26419	1826.4	2098.6	13977.6
87981	1805.6	1961.2	12534.5
10698	1808.4	1999.3	12903.6
42157	1822.2	2082.0	13052.8
44885	1803.9	2021.8	12742.3
20570	1830.9	2098.2	13537.9
47858	1808.4	2026.6	12881.7
81772	1806.1	2016.0	12933.8
34473	1818.9	2075.5	13238.2
21252	1817.7	2044.6	13001.3
76628	1809.1	2027.4	12870.3
11249	1814.4	2052.0	13108.3
48063	1806.2	2023.6	12854.0
13232	1810.4	2039.5	12994.0
77841	1819.8	2013.8	13135.2
50101	1804.1	2021.1	13060.5
57188	1818.8	2031.2	13261.4
31098	1812.9	2086.7	13162.2
83315	1825.4	2033.7	13311.7
7992	1804.3	2035.9	12746.9
48799	1833.4	2055.3	13633.7
51788	1804.3	2038.5	12786.5
21859	1825.4	2058.6	13227.2
44871	1821.2	2067.3	13307.8
69698	1824.3	2084.4	13320.0
26553	1817.7	2026.5	13013.4
79275	1809.7	2029.9	13273.1
88241	1839.8	2098.3	13730.3
77651	1806.3	2038.3	12826.5
36066	1827.6	2120.2	13592.7
56950	1821.0	2034.7	13225.5
49758	1820.2	2039.7	13334.1
65514	1803.9	2026.9	13141.7
45415	1796.5	2017.4	12685.0
23739	1824.3	2064.8	13245.4
67866	1831.6	2120.3	13822.2
22597	1811.6	2073.0	13152.4
18464	1806.6	2070.9	13749.3
83823	1841.4	2105.0	14058.7
69766	1809.4	2010.2	13027.9
25622	1814.7	2023.5	13043.4
30731	1814.9	2045.1	13319.7
37564	1809.6	2042.2	12938.0
58193	1804.9	2060.5	13164.1
55880	1830.2	2099.9	13470.0
10490	1808.9	2027.9	12814.4
38311	1826.7	2104.4	13484.4
55646	1822.2	2045.2	13306.6
11575	1818.4	2051.2	12988.2
7105	1821.5	2083.6	13181.6
55726	1814.1	2018.9	12887.0
42820	1811.9	2064.8	13227.9
83805	1817.0	2064.2	13299.4
66807	1833.4	2074.6	13491.0
18925	1806.7	2020.0	12701.1
6271	1814.8	2076.7	13220.3
89290	1821.3	2054.8	13236.9
89940	1808.1	2015.9	12857.3
73349	1828.3	2026.1	13329.2
51700	1812.8	2044.5	13141.8
30982	1812.8	2059.0	13124.6
54530	1828.8	2109.4	13564.9
40767	1803.5	2006.1	13087.6
35554	1815.0	2080.2	13313.2
62975	1818.4	2062.8	13051.7
10454	1813.2	2092.5	13162.2
78430	1817.3	2055.2	13278.2
12781	1810.8	2057.6	13257.1
66780	1813.6	1998.6	12898.9
38693	1819.2	2050.7	13083.0
6173	1813.7	2008.0	13039.1
46172	1806.9	2045.5	12942.9
16245	1822.7	2098.4	13441.1
7300	1810.4	2044.9	12821.3
80854	1818.3	2064.8	13337.6
6869	1820.3	2050.0	13001.2
86719	1811.7	1989.3	12924.5
10086	1812.6	2049.5	12933.4
55422	1820.6	2079.8	13378.9
13990	1816.7	2063.4	13152.2
15399	1803.3	1972.4	12623.7
68488	1819.1	2047.7	13175.6
60732	1811.6	2013.6	13047.1
71734	1791.5	1989.1	12927.9
71159	1822.3	2066.3	13192.5
79526	1826.6	2059.7	13493.9
15363	1825.2	2070.6	13329.4
46138	1799.1	2011.6	12962.4
26977	1814.9	2052.1	13103.5
87200	1823.2	2092.2	13920.6
51462	1805.7	2015.9	12901.1
19911	1819.6	2038.6	13545.1
81260	1814.0	2062.2	13122.6
33487	1828.8	2082.5	13638.5
55216	1824.1	2052.5	13268.8
669	1814.5	2082.5	13259.9
70262	1810.9	2003.4	13043.4
63601	1814.1	2069.9	13146.3
40408	1820.4	2042.4	13278.5
66456	1812.9	2032.2	13160.7
5685	1824.7	2094.9	13529.6
32249	1808.0	2036.9	13288.7
49883	1836.8	2083.8	13785.9
59099	1810.1	2043.8	12798.7
80916	1810.7	1993.5	12764.6
48834	1814.5	2054.5	13206.0
51731	1809.5	2105.4	13233.7
64858	1802.3	2019.5	12724.9
74112	1816.6	2054.7	13117.6
4887	1802.7	2022.0	12940.5
63676	1821.4	2051.8	13315.9
86662	1822.1	2038.9	13334.8
26896	1816.8	2030.3	13323.7
58952	1823.9	2048.5	13405.3
42680	1823.8	2034.4	13586.1
159	1827.5	2142.5	13889.5
54945	1813.3	2046.1	13219.8
63123	1822.4	2046.0	12993.8
8191	1811.3	2063.3	13545.9
70266	1815.1	2069.9	13031.4
62990	1810.3	2011.2	13039.5
35571	1818.6	2042.6	13195.4
65607	1814.5	2075.1	13399.0
70356	1813.4	2076.6	13214.5
63808	1823.9	2030.0	13037.8
56509	1818.0	2030.4	13034.2
10883	1831.8	2085.2	13478.5
17744	1832.8	2130.0	13565.9
50118	1809.9	2072.7	12944.5
70679	1805.8	2050.2	12936.0
766	1820.5	2078.8	13485.9
84048	1810.0	2061.2	13214.1
23771	1819.6	2030.8	12954.4
47298	1820.9	2102.5	13499.7
55189	1820.3	2102.9	13252.1
79532	1825.2	2046.8	13226.4
66888	1828.6	2075.4	13765.4
11357	1801.1	2020.6	12655.2
44943	1825.4	2050.7	13328.1
49807	1819.7	2075.8	13260.0
1193	1811.1	2046.9	13106.3
5558	1824.8	2081.2	13232.3
2047	1798.7	1991.6	12524.1
48014	1811.6	2033.1	12946.1
19111	1811.0	2057.5	13168.1
89856	1821.5	2048.3	13246.9
59755	1828.2	2086.7	13388.7
79848	1809.9	1981.4	12920.7
79872	1807.2	2003.0	12829.9
68747	1831.8	2104.3	13850.5
32711	1804.3	2006.4	12869.2
57534	1816.7	2068.9	13242.2
65284	1816.5	2011.8	12913.2
44001	1827.1	2104.8	13642.7
12631	1812.5	2058.3	13114.9
74258	1817.7	2054.6	13250.4
57055	1829.3	2084.4	13606.1
8499	1803.6	2012.5	12726.8
57516	1815.5	2065.2	13220.7
65748	1812.1	2022.1	13178.5
37058	1847.6	2119.3	13996.7
40296	1826.1	2116.7	13506.5
68412	1828.6	2081.2	13582.8
62215	1808.8	2004.4	12988.6
73052	1810.8	2068.0	13201.0
39468	1816.2	2078.3	13187.1
34950	1820.9	2088.5	13098.9
86726	1822.7	2106.0	13876.3
35368	1814.0	2039.7	13118.1
18839	1804.0	2029.5	12957.1
35069	1822.8	2058.7	13171.1
26888	1818.0	2031.7	13236.0
6186	1819.8	2034.7	13140.7
45597	1821.9	2052.1	13104.4
72641	1826.4	2078.1	13453.9
83177	1809.9	2070.8	13077.1
58027	1823.6	2043.6	13187.8
28492	1828.6	2053.4	13342.8
44511	1819.7	2054.8	13459.6
11290	1822.8	2098.3	13191.8
366	1818.6	2056.6	13048.0
79234	1814.5	2002.7	13211.1
82638	1819.6	2083.2	13472.7
4022	1815.3	2032.5	13161.1
15525	1812.8	2085.3	13100.3
29427	1808.3	1998.0	12800.9
12922	1815.4	2033.4	13101.2
15262	1825.1	2064.8	13080.2
40456	1824.9	2081.5	13288.4
48731	1822.6	2083.5	13424.9
9167	1825.5	2061.8	13379.3
87032	1815.2	2058.5	13387.9
14983	1830.6	2040.5	13684.0
74428	1828.0	2081.7	13409.0
71341	1826.2	2036.7	13403.4
40611	1816.0	2039.8	13073.3
4073	1806.7	2033.8	13094.5
33111	1822.7	2067.8	13493.0
84972	1813.9	2030.8	13240.1
22021	1814.1	2055.7	13184.2
86103	1806.9	2013.9	12942.2
15208	1803.0	2004.4	12660.6
71178	1809.6	2022.0	12868.7
62649	1815.6	2050.2	13191.5
31330	1817.9	2032.1	13121.4
63204	1812.1	2062.6	13631.0
78397	1811.6	2074.3	13244.8
65164	1812.6	2058.1	13073.5
80268	1822.0	2055.1	13258.1
19099	1822.8	2044.5	13090.8
81028	1812.7	2056.6	13225.5
36054	1808.8	1998.9	12840.7
52415	1825.4	2101.6	13561.5
4241	1829.8	2134.4	13362.8
37871	1814.8	2077.1	13182.9
9731	1808.7	1995.1	12724.3
33434	1822.7	2066.2	13300.7
85575	1808.7	2049.9	13283.4
65722	1808.2	2015.3	12929.4
86965	1814.3	2014.1	13202.2
12689	1820.4	2044.4	13177.6
34643	1807.8	2021.4	12839.8
35769	1819.8	2079.4	13481.3
31806	1824.8	2091.9	13506.7
14166	1793.2	2028.6	12624.9
44230	1817.4	2037.2	13194.7
58252	1807.7	2039.4	12904.6
59945	1824.1	2050.8	13250.1
14327	1815.6	2056.4	13098.8
1505	1820.7	2087.5	13134.8
12420	1817.0	2031.5	12988.4
30664	1817.8	2032.6	13024.5
74337	1814.2	2016.9	13087.4
65798	1805.4	2020.8	12900.2
42332	1786.6	2022.8	12519.1
12380	1824.1	2092.3	13441.0
15179	1831.5	2084.9	13540.2
31618	1822.2	2053.7	13056.1
77598	1808.0	2040.9	13022.2
26404	1818.6	2066.1	13323.9
51057	1817.7	2038.4	13136.0
50595	1817.2	2078.6	13341.2
25465	1814.2	2057.5	13094.3
62934	1814.9	2043.6	13059.7
21037	1814.2	2075.8	13247.0
11602	1825.7	2049.3	13223.2
88476	1822.1	2065.1	13550.4
23806	1805.5	2037.6	12856.5
85234	1831.6	2078.7	13237.0
7170	1815.2	2060.8	13217.4
67610	1813.9	2029.2	13006.4
33290	1813.1	2054.9	13374.6
63548	1802.0	2020.0	12723.3
73555	1819.3	2042.6	13195.0
74380	1819.2	2081.1	13474.4
67737	1815.8	2064.1	13424.3
48586	1805.7	2024.4	12965.5
50466	1818.1	2042.5	13126.9
89160	1813.6	2061.3	13143.3
50082	1816.3	2054.5	13201.1
68134	1815.3	2045.8	13232.9
13218	1829.2	2078.1	13400.1
36827	1827.4	2084.8	13342.6
37940	1813.7	2026.5	13329.4
26829	1820.8	2034.6	13218.0
23548	1830.1	2122.2	13693.0
1473	1808.7	1998.7	13280.2
51618	1831.7	2062.4	13399.9
8918	1804.7	1978.2	12716.4
50032	1839.5	2099.9	13730.3
39046	1823.9	2094.9	13485.4
22678	1804.0	2039.3	13036.3
82473	1816.3	2055.8	13136.6
57686	1812.5	2026.4	12933.7
85753	1833.9	2081.8	16436.9
69744	1818.4	2035.5	13197.6
81955	1812.3	2027.5	13351.8
37691	1809.5	1999.6	12751.8
47914	1810.3	2017.6	13214.9
50055	1831.8	2071.2	13536.2
751	1809.4	2112.1	13268.1
67296	1826.6	2069.6	13462.5
61520	1818.1	2015.7	13081.2
11516	1816.0	2053.9	13094.9
54152	1828.8	2078.0	13503.9
12328	1807.7	2048.1	13100.9
72628	1822.3	2026.1	13098.0
80320	1808.7	2040.6	13008.6
58502	1828.3	2076.9	13553.6
51531	1808.8	2100.2	13340.0
55241	1827.0	2035.4	13578.1
26559	1812.4	2078.8	13087.5
76548	1828.2	2061.4	13729.3
75966	1818.2	2036.0	13191.2
65459	1802.6	2053.2	12996.0
5294	1812.4	2045.8	13048.6
337	1811.4	2041.3	13050.0
16096	1816.7	2021.7	13138.0
88719	1839.9	2093.7	13577.8
80651	1807.9	2022.1	13080.0
6225	1820.9	2034.4	13059.8
10996	1810.6	2068.2	12921.6
1059	1810.0	2045.1	13068.9
73218	1812.2	2036.0	13372.7
5580	1833.0	2156.5	13692.3
10128	1827.5	2103.3	13461.2
38024	1824.2	2080.4	13329.6
1152	1811.7	2109.2	13197.5
88611	1801.8	1996.1	13112.0
78385	1811.7	2032.0	13157.2
86911	1822.8	2100.4	13646.6
31077	1843.7	2124.5	13870.7
42691	1823.0	2058.6	13238.2
85211	1822.0	2053.8	13184.0
28211	1808.2	2059.0	12873.0
33861	1814.5	2060.0	13523.6
25308	1815.2	2021.9	13183.1
83121	1820.1	2055.3	13182.2
61822	1823.2	2061.5	13433.3
72828	1821.5	2058.6	13450.0
9865	1816.6	2045.9	13330.5
24648	1832.4	2042.6	13192.9
3204	1832.0	2084.3	13668.2
69896	1806.3	2043.6	12980.0
59542	1827.3	2045.2	13332.7
67804	1804.7	2006.6	12817.8
29430	1812.8	2044.6	13257.7
73093	1814.2	2049.0	13316.9
8316	1825.7	2084.8	13633.0
28879	1838.2	2127.7	13817.8
55251	1820.4	2051.9	13298.4
54183	1808.4	2056.2	12981.8
27800	1819.1	2118.9	13313.1
29129	1815.9	2055.8	13096.6
1570	1831.4	2091.3	13288.1
51063	1820.6	2004.2	13405.4
39912	1821.9	2077.6	13345.2
23125	1832.2	2158.6	14009.7
28270	1824.3	2089.5	13099.9
84434	1824.8	2097.8	13488.9
30905	1805.7	1978.2	12727.0
74754	1809.3	2016.1	12947.5
64427	1824.5	2055.4	13449.9
2263	1814.3	2059.0	12971.6
68884	1822.6	2041.2	13402.1
4863	1821.3	2112.0	13552.7
72965	1830.7	2149.0	15798.6
49555	1795.7	1985.7	12606.7
79019	1807.2	2045.2	12891.3
80499	1828.3	2051.7	13805.0
49688	1814.8	2054.4	13122.3
71262	1816.1	2009.9	13174.9
41006	1822.1	2091.7	13559.0
58016	1821.7	2049.6	13101.5
1425	1816.7	2067.8	12890.8
61096	1812.9	1985.8	12728.2
73149	1823.0	2106.4	13442.4
80893	1818.9	2036.4	13364.7
14338	1820.4	2063.9	13680.3
11514	1808.6	2066.9	13230.7
9271	1824.4	2111.0	13326.8
85124	1799.9	2007.8	12883.1
23800	1799.4	2006.1	12985.5
67780	1813.0	2046.0	13078.4
32467	1820.3	2054.9	13267.9
54014	1843.6	2193.6	14498.6
10327	1813.7	2060.6	13136.4
84022	1811.5	2019.1	13241.5
2675	1819.8	2076.2	13313.9
17858	1809.2	2020.4	12795.0
40489	1835.7	2078.8	13674.6
3272	1820.6	2055.3	13073.4
14197	1811.8	2047.9	13154.7
28459	1813.1	2097.1	13235.1
3572	1816.4	2067.3	13384.7
81552	1820.7	2072.2	13182.9
38724	1818.2	2038.3	12933.3
80752	1821.3	2039.1	13207.3
31903	1811.9	2060.3	13063.2
71335	1823.8	2053.1	13234.0
59394	1822.0	2056.3	13365.0
37228	1825.1	2118.4	13503.1
39434	1819.6	2042.6	13038.4
54385	1814.9	2045.1	13738.6
83120	1802.0	2016.9	12869.6
52380	1825.4	2027.7	13327.7
47503	1813.0	2030.4	13292.4
79361	1828.1	2043.0	13184.0
28575	1842.6	2172.8	13770.5
3227	1817.5	2096.0	13189.0
82926	1815.3	2004.9	13063.9
42693	1807.6	2035.4	12986.6
3378	1809.3	2020.1	12841.1
48909	1817.8	2057.7	13203.4
84380	1828.5	2088.0	13480.4
78081	1810.8	2073.5	13148.1
31218	1818.9	2088.8	13302.7
85182	1825.8	2076.3	13379.5
34519	1807.3	2009.4	12662.1
15730	1829.5	2076.9	13527.3
78457	1816.1	2024.9	13254.1
38517	1820.8	2053.3	13331.3
6096	1825.1	2034.3	13165.0
85898	1808.6	2066.6	13226.8
44016	1817.2	2031.7	13112.8
26621	1818.0	2042.6	13163.9
85787	1814.4	2045.1	13122.3
66135	1821.4	2046.5	13216.1
13139	1811.5	2006.4	12963.9
36715	1816.3	2036.8	13213.9
27868	1819.8	2047.7	12921.6
58037	1822.2	2108.7	13798.5
77077	1814.1	2055.1	13272.6
83745	1823.4	2067.5	13422.0
18789	1825.8	2103.2	13272.2
50516	1811.4	2005.9	12686.6
18591	1818.1	2013.2	12861.8
82016	1824.5	2100.7	13396.3
65244	1810.9	1980.5	13092.9
76045	1818.8	2058.2	13075.9
83219	1816.1	2049.4	13328.1
28050	1821.4	2017.0	13024.8
47203	1805.2	2021.5	12827.3
16496	1807.2	2067.1	13355.1
52587	1798.5	2041.5	13070.9
16057	1806.2	2027.2	12764.6
44774	1822.8	2061.9	13248.8
46638	1814.4	2031.3	13112.2
9185	1824.3	2051.9	13195.8
55765	1817.6	2071.0	13112.7
57318	1820.0	2058.4	13189.0
63834	1811.1	2005.9	12839.9
62165	1810.2	2070.0	13497.0
62632	1820.7	2085.1	13808.7
69439	1825.6	2067.1	13178.9
29221	1800.0	2017.1	12704.6
3289	1823.1	2106.0	13273.7
79952	1804.0	1991.1	12932.4
27862	1806.3	2022.4	12822.1
83735	1822.3	2029.7	13153.9
74887	1820.3	2041.8	13119.3
25526	1814.7	2076.1	13198.3
51047	1827.6	2082.4	13386.9
38981	1817.5	2056.3	12964.3
21121	1823.3	2067.6	13350.1
12902	1811.7	2042.1	12947.1
86164	1824.7	2112.7	13620.1
8561	1817.9	2063.9	13150.6
7343	1816.2	2083.7	13385.6
22742	1811.8	2063.1	13085.0
40328	1827.7	2120.7	13765.7
34388	1814.9	2066.0	13126.2
59427	1828.9	2095.5	13440.0
80650	1819.2	2044.8	13408.6
51097	1814.6	2006.9	13077.5
80447	1811.0	2040.3	13171.4
13498	1813.5	2001.3	12641.3
56579	1809.1	2051.3	12912.5
77816	1829.6	2111.9	13854.2
85226	1807.4	2050.5	12951.8
83920	1822.3	2063.2	13336.8
73146	1819.4	2088.0	13328.4
10326	1818.8	2107.5	13215.8
58795	1811.2	2029.8	12913.6
58631	1806.3	2058.3	13221.1
19167	1823.2	2073.7	13302.1
52049	1807.5	1995.0	12734.2
58302	1833.2	2034.1	13486.2
9063	1824.6	2092.2	13370.9
8127	1802.3	2013.6	12637.2
59143	1818.5	2049.9	12973.5
78071	1835.5	2088.8	13641.0
56492	1814.1	2007.4	13026.8
49840	1812.7	1962.8	12959.5
7118	1811.2	2019.5	12981.0
65149	1816.2	2105.4	13255.3
83769	1819.1	2067.0	13732.0
58908	1823.7	1991.6	13004.1
44265	1825.8	2108.1	13535.2
21293	1810.7	2011.0	13379.6
53386	1813.4	2032.8	13227.1
48835	1818.2	2078.7	13205.7
58445	1808.5	2002.0	12730.3
36351	1831.0	2090.0	13918.1
3978	1818.7	2029.5	13095.9
37470	1813.7	2043.0	13231.7
51605	1825.8	2090.9	13404.6
46605	1820.2	2083.1	13401.2
68031	1826.6	2089.3	13455.1
53256	1817.2	2073.4	13207.8
725	1826.0	2116.0	13451.6
31130	1805.2	2027.4	12784.4
16283	1820.3	2047.4	13658.2
34776	1816.3	2017.7	13016.9
50462	1832.7	2134.3	13860.8
47629	1821.4	2092.9	13829.7
51243	1827.9	2107.8	13325.0
24617	1810.2	2053.1	12835.9
23818	1829.1	2120.4	13394.7
73014	1813.5	2012.3	12842.8
83606	1804.2	2019.0	13050.1
19876	1815.3	2108.5	14618.1
31363	1824.8	2074.3	13477.6
40590	1820.0	2107.8	13290.4
36027	1791.8	1996.6	12891.0
25888	1809.5	2030.2	13425.5
82127	1826.9	2058.9	13440.7
34430	1817.7	2040.8	13127.4
77562	1823.0	2090.5	13429.6
