20551	1811.3	2056.9	10676.3
26212	1818.6	2063.8	10911.0
44837	1821.0	2049.8	10904.8
42010	1814.3	2047.8	10879.1
25829	1834.4	2091.1	11163.1
2966	1823.3	2063.8	10927.2
36694	1799.7	2017.2	10557.9
25135	1816.1	2062.2	10813.2
4084	1826.5	2073.2	10998.6
4074	1825.8	2086.1	11038.8
34353	1818.0	2114.9	11054.0
11156	1816.8	2043.4	10813.5
40901	1829.2	2045.4	10941.7
5850	1825.9	2048.2	10879.6
12839	1819.7	2051.7	11000.8
22333	1831.5	2085.8	11053.1
18702	1815.9	2013.6	10686.6
9402	1816.4	2094.5	10903.3
2358	1842.8	2130.8	11233.6
25768	1819.9	2103.5	11158.0
16274	1824.9	2061.8	10976.3
44309	1827.0	2100.5	11067.4
24542	1811.0	2052.2	10721.2
34140	1810.1	2035.1	10703.6
31159	1820.2	2082.2	10949.9
14259	1815.4	2011.2	10723.9
30496	1822.0	2020.3	10971.0
9765	1826.1	2099.4	11056.9
32794	1821.5	2100.4	11108.9
31623	1818.3	2021.3	10742.8
12683	1811.4	2017.9	10687.3
2270	1809.1	2050.6	10764.2
16357	1828.3	2083.2	11228.4
26043	1813.3	2059.1	11026.0
25116	1821.5	2094.6	10810.0
61	1830.3	2095.8	11110.6
319	1818.4	2033.3	10835.2
21345	1816.8	2072.8	10811.3
12938	1812.5	2017.5	10703.5
13382	1801.6	1998.7	10585.2
24856	1825.9	2063.2	11059.9
19556	1821.6	2085.1	11076.1
32	1821.2	2084.8	10877.3
32578	1814.9	2056.1	10961.6
14917	1815.8	2115.0	10902.6
40385	1827.5	2096.3	11226.6
32002	1817.2	2074.3	10863.9
32107	1816.1	2012.7	10786.4
39188	1808.6	2103.0	10871.9
27529	1823.1	2027.3	10879.9
28284	1808.4	2008.1	10647.1
41637	1826.8	2042.4	11082.2
38162	1823.0	2061.4	10878.0
34412	1817.8	2066.2	10825.3
44512	1817.9	2008.5	10924.9
9944	1825.5	2066.9	10886.7
23832	1812.8	2064.5	10909.7
44779	1826.6	2043.0	10945.8
27201	1815.6	2045.2	10908.0
43544	1819.9	2061.1	11146.9
40343	1820.4	2065.3	10948.1
42871	1810.1	2046.7	10781.8
29964	1824.1	2096.6	11113.4
3035	1822.9	2091.7	11092.3
16949	1800.3	2026.7	10738.3
21743	1828.3	2079.8	11159.3
37934	1830.4	2068.9	10998.4
23194	1827.5	2141.5	11112.8
11109	1820.9	2093.7	11014.7
43116	1837.8	2072.6	11062.6
3782	1822.1	2123.1	11164.4
38419	1812.0	2041.9	10680.2
6385	1821.8	2028.1	10968.5
11735	1818.5	2020.4	10705.6
40779	1829.1	2089.1	10927.9
22642	1818.1	2088.1	10803.0
31635	1831.8	2088.0	10916.1
38210	1825.5	2035.6	10859.7
32251	1820.5	2049.7	11048.1
10380	1811.7	2042.1	10722.5
850	1817.6	2053.2	10747.4
8150	1818.2	2083.2	10948.2
4737	1822.3	2039.9	10819.7
17348	1824.4	2026.8	11033.0
34082	1831.4	2077.7	11089.7
43823	1817.8	2054.1	10870.1
28049	1819.3	2034.6	10846.1
400	1826.4	2118.1	11153.3
24888	1808.1	2037.2	10801.2
39095	1809.7	2040.0	10723.8
37108	1814.5	2046.6	10775.5
27066	1825.3	2040.2	10956.0
42799	1825.7	2077.4	10972.3
33016	1826.7	2040.9	10982.3
1828	1809.2	2049.6	10667.1
5447	1812.6	1997.4	10716.4
20204	1822.5	2077.0	10985.5
24351	1827.5	2086.3	10954.4
31832	1826.7	2027.7	10983.9
1976	1824.7	2055.3	10823.2
3124	1808.2	2038.6	10759.9
33522	1810.8	2036.0	10784.7
41255	1826.5	2059.4	11059.0
37756	1823.1	2069.1	10898.2
29530	1814.6	2014.0	10904.3
12688	1829.6	2083.9	10958.0
14158	1817.4	2090.3	11059.7
33759	1816.6	2049.5	10824.9
25931	1808.8	2046.1	10851.3
22075	1820.1	2056.1	11004.6
17805	1808.9	2114.0	10929.5
7764	1806.6	2019.4	10652.8
3186	1825.6	2057.9	11021.6
28057	1811.1	2085.3	10937.8
4447	1820.0	2037.3	10818.3
15226	1818.3	2037.8	10860.7
16911	1814.6	2079.3	10749.3
2385	1820.2	2104.7	10890.1
29015	1821.9	2140.1	11035.3
39372	1828.2	2094.0	11011.2
19864	1810.1	2046.1	10688.7
13948	1813.1	2064.6	10911.9
36043	1816.9	2065.1	10914.8
28835	1818.6	2037.2	10921.2
782	1804.6	2066.1	10741.2
11237	1823.7	2081.7	10996.3
9245	1833.5	2092.2	10994.0
13595	1825.0	2058.4	10959.2
37376	1824.0	2058.7	10928.6
36522	1811.5	2026.8	10687.3
18745	1826.5	2068.4	10895.7
26757	1815.1	2032.4	10814.1
28107	1801.2	2027.8	10602.7
38102	1834.8	2160.9	11420.0
16807	1820.0	2023.3	10979.8
14311	1823.4	2104.9	10870.4
43226	1831.2	2110.3	12731.2
3877	1823.1	2039.1	10731.0
11186	1811.7	2074.8	10703.5
15383	1807.9	2052.4	10868.8
33038	1810.1	2081.8	10783.2
17579	1821.9	2106.3	11078.1
27781	1820.2	2038.8	10809.7
38242	1814.8	2020.6	10707.5
11672	1824.0	2111.6	10983.4
9679	1821.9	2032.3	10952.9
40985	1828.0	2145.6	11126.2
9045	1815.0	2020.7	10875.7
37021	1815.0	2030.0	10603.6
11155	1816.0	2075.9	10859.0
11660	1816.2	2055.5	10846.5
21169	1823.5	2062.8	10958.3
11185	1833.1	2094.8	11044.9
34855	1823.5	2064.7	10978.1
5249	1814.7	2060.4	10794.2
18832	1812.1	2046.5	10810.5
24086	1815.1	2006.3	10754.5
27231	1822.0	2009.1	10888.1
1928	1826.1	2062.9	10754.2
16652	1801.3	2026.5	10591.3
42912	1828.0	2072.3	10989.2
27026	1812.6	2087.8	10875.5
40033	1812.1	2064.5	11297.5
22826	1805.4	2018.3	10621.4
4463	1816.0	2053.1	10811.7
27761	1823.9	2108.1	11121.3
43161	1819.2	2087.4	10874.0
28492	1836.2	2115.9	11219.3
25814	1822.3	2036.3	11100.9
40064	1817.7	2020.9	10729.9
16351	1825.6	2103.8	11146.9
7369	1824.0	2118.7	11085.7
38123	1824.2	2072.2	11057.3
12266	1812.1	2029.0	10771.2
7033	1811.8	2064.3	10881.4
8233	1805.6	1961.9	10544.3
25601	1818.5	2028.5	10894.5
40374	1810.6	2013.6	10770.1
3346	1811.2	2070.4	10809.7
20131	1815.6	2068.1	10871.6
17066	1801.7	1997.9	10536.1
23879	1808.4	2098.7	10845.6
19365	1831.5	2129.1	11153.2
28886	1816.3	2032.8	10699.1
886	1812.7	2062.0	10848.0
23782	1819.6	2133.2	11018.6
6307	1820.7	2031.7	10782.2
38508	1822.8	2011.1	10710.7
10915	1816.7	2080.2	10984.4
35709	1811.0	1996.5	10812.3
883	1829.8	2132.4	11106.0
20125	1819.8	2053.4	10863.2
31937	1829.2	2068.5	11008.3
34351	1814.5	2038.2	10758.6
28837	1825.7	2049.3	10881.7
42220	1825.6	2052.5	11008.6
13685	1816.2	2047.5	10742.9
15883	1824.1	2037.8	10880.1
8703	1803.5	2053.9	10681.1
25492	1820.5	2001.7	10838.8
15381	1810.3	2004.2	10883.9
130	1831.7	2104.2	11182.1
35	1806.7	2038.8	10785.0
25449	1838.2	2122.6	11062.6
29	1821.7	2047.5	10800.3
16006	1814.8	2097.3	10762.6
35036	1828.7	2086.7	11044.5
40216	1810.5	2022.8	10662.7
39368	1809.3	2045.9	10655.2
7994	1822.8	2007.2	10825.5
12417	1820.7	2074.2	10868.0
35803	1826.5	2103.4	11170.0
949	1811.1	2019.1	10730.0
22504	1822.9	2065.7	10974.1
19447	1819.0	2109.7	10913.1
29518	1814.4	2019.4	10741.5
34432	1817.2	2111.1	10999.0
23887	1815.6	2063.0	10801.0
25338	1829.3	2084.7	11190.3
13279	1825.9	2065.5	10911.3
18276	1820.4	2100.8	10958.2
28566	1822.7	2031.0	10861.5
31304	1818.1	2084.6	11035.2
19721	1821.8	2012.7	10815.9
25167	1831.3	2059.7	10958.0
42834	1800.7	2061.5	10710.2
1757	1827.1	2053.6	10992.0
16747	1812.2	2044.8	10806.9
9141	1819.7	2024.8	10729.9
41607	1812.8	1997.7	10660.1
36558	1816.3	2096.3	10911.9
14299	1822.4	2026.5	10825.3
22117	1833.0	2112.1	11199.0
15774	1831.5	2093.8	11106.4
42936	1835.4	2120.6	11155.1
32703	1812.8	2018.9	10625.7
2332	1821.4	2061.5	11067.1
21116	1821.6	2043.7	10747.9
31040	1811.5	2050.0	10832.5
42175	1818.1	2083.1	10996.1
35498	1829.8	2065.1	10946.8
11648	1821.8	2046.4	11039.8
33089	1821.7	2132.2	11243.6
18741	1819.6	2042.1	10869.6
11503	1821.8	2148.9	11120.0
626	1836.0	2065.2	10986.5
33682	1822.5	2036.0	10820.2
37752	1800.5	2040.8	10704.1
5010	1820.3	2090.6	11138.1
29431	1816.9	2066.0	10822.7
42619	1820.2	2113.2	11100.7
18911	1807.1	1993.9	10591.3
18870	1814.7	2065.1	10942.4
21686	1817.8	2103.8	10928.2
3546	1816.7	1993.4	10775.4
3166	1814.4	2069.7	10858.1
9448	1833.2	2084.5	10993.9
42821	1814.4	2011.8	10720.0
28009	1823.8	2111.1	11104.8
23311	1821.1	2108.5	11062.5
154	1815.1	2058.9	10796.5
4918	1827.3	2048.9	11301.2
12580	1839.8	2140.6	11307.8
19265	1826.6	2044.8	10990.7
44925	1805.2	1971.8	10634.8
17453	1828.2	2073.9	11161.3
7946	1807.8	2017.3	10647.7
12102	1831.5	2088.9	11059.8
21748	1812.6	2048.7	10708.3
37080	1832.0	2142.3	11178.1
23813	1821.9	2076.0	11032.0
42325	1814.0	2081.1	11065.0
3352	1817.5	2013.9	10693.2
42996	1816.3	2067.2	10818.4
12115	1813.6	2041.4	10943.6
42225	1817.8	2025.2	11032.6
9407	1813.1	2068.8	10723.5
37366	1813.3	2071.0	10790.0
5719	1813.2	2021.6	10683.7
26179	1826.8	2099.6	10958.1
26604	1825.7	2117.2	11205.9
25466	1824.5	2050.5	10846.6
33095	1814.7	2075.4	10849.9
23651	1814.3	2060.2	10827.7
38464	1813.2	2026.0	10905.8
33144	1818.5	2007.8	10983.6
26429	1823.3	2042.4	10848.2
5634	1817.7	2113.1	10829.4
31927	1818.6	2018.8	10747.1
39183	1832.8	2076.1	10886.8
2308	1810.5	2023.8	10659.5
24843	1818.4	2050.3	10916.2
13566	1830.3	2086.6	10972.3
20861	1817.9	2040.2	10785.8
15077	1813.0	2063.1	10741.1
28400	1820.3	2077.8	10961.3
25901	1834.7	2096.8	11205.2
19957	1824.0	2076.1	11048.6
16952	1801.8	2048.3	10646.2
20539	1833.0	2094.1	11197.6
40317	1814.3	2036.9	10731.1
25750	1815.5	2072.3	11198.7
24707	1823.6	2055.8	10936.3
24548	1813.6	2000.4	10589.1
14579	1826.4	2086.0	11060.4
32830	1823.0	2051.2	10979.4
28455	1804.2	2018.9	10676.4
14778	1822.9	2102.0	11137.1
28687	1804.0	2036.1	10754.6
4527	1820.4	2078.2	10858.7
38589	1815.8	2041.1	10759.2
16829	1820.9	2098.6	11099.3
4164	1830.6	2136.1	11207.0
26415	1803.1	2019.8	10535.5
6718	1810.4	2040.1	10851.2
24254	1816.1	2016.2	10764.2
32826	1836.6	2093.6	11468.9
20610	1826.2	2052.9	13077.0
15165	1823.5	2055.4	10930.0
1528	1829.0	2059.8	10886.1
21286	1807.4	1996.9	10629.7
1773	1814.7	2058.3	10914.4
7501	1822.8	2110.8	10991.6
16847	1820.5	2031.7	10800.8
7625	1817.9	2040.8	10750.3
28678	1825.2	2042.6	10876.2
842	1829.8	2099.7	11093.2
36025	1810.3	2087.0	10755.9
32760	1818.8	2047.4	10837.2
295	1809.8	2025.9	10708.0
11580	1825.4	2091.9	11144.3
33267	1808.5	2048.5	10725.5
23147	1818.4	2069.0	10842.9
27626	1811.6	1998.0	10821.4
34238	1816.6	2049.9	10783.6
6807	1809.8	2086.8	11055.8
26197	1828.4	2067.4	10999.2
32728	1821.4	2055.0	10927.7
289	1815.4	2037.0	10945.5
446	1823.0	2078.9	11000.0
40920	1827.1	2005.9	10786.3
741	1809.3	2017.5	10694.5
38840	1822.2	2066.5	10889.4
24922	1827.5	2066.6	10972.4
33740	1827.5	2091.8	10892.5
6574	1805.5	2063.6	10670.3
40612	1819.3	2022.6	10908.1
26769	1819.2	2068.6	10838.1
18837	1821.0	2069.4	10945.5
37637	1828.7	2069.6	10891.9
31162	1820.5	2052.2	10961.7
34870	1830.0	2058.0	11091.2
19108	1830.8	2078.1	11015.4
35061	1815.0	2066.9	10874.6
35704	1811.9	2067.0	10815.5
19707	1823.0	2011.6	10823.9
40943	1817.4	2052.4	11093.3
40951	1827.4	2080.6	11102.9
10562	1819.3	2065.2	10846.6
24569	1824.6	2078.5	11001.5
14999	1816.1	2045.4	10799.2
14235	1828.6	2074.2	10946.0
41076	1824.2	2104.8	11038.8
31870	1820.7	2098.6	11138.4
22454	1812.2	2038.0	10807.3
1317	1816.6	2055.9	10927.6
15637	1821.5	2092.0	11057.7
23242	1815.9	2051.6	10854.6
19438	1824.4	2064.4	10880.5
9898	1819.0	2040.1	10936.3
11541	1818.6	2150.4	11213.7
38017	1810.4	2031.9	10717.4
38908	1822.7	2089.5	11065.9
40577	1814.1	2035.3	10849.2
9537	1813.9	2028.3	10772.8
9183	1812.8	2059.8	10951.5
29572	1825.9	2060.7	11006.6
42407	1813.3	2019.8	10847.1
36535	1817.9	2012.8	10893.1
35838	1800.2	2018.7	10558.3
38982	1840.5	2098.9	11461.3
722	1799.5	2023.6	10424.5
18567	1829.5	2021.3	11075.4
21179	1824.3	2092.9	11083.4
2068	1827.6	2100.7	11042.0
39222	1811.4	2043.0	10736.9
10094	1819.3	2077.8	10860.9
24766	1816.8	2017.6	10603.0
28404	1809.6	2061.8	10883.7
43168	1819.1	1967.1	10703.5
31145	1825.0	2059.9	10887.2
29544	1828.5	2113.0	11158.3
35415	1819.9	2110.3	11136.7
5722	1824.5	2050.7	10950.8
2014	1832.1	2103.3	11148.3
42041	1819.0	2084.9	11031.7
13751	1819.5	2039.7	10937.6
39839	1820.4	2063.7	10980.0
20587	1834.1	2093.3	11041.4
33371	1818.0	2037.4	10794.5
33653	1811.9	2015.5	10677.5
7753	1813.1	2042.0	10718.7
35333	1809.6	2009.6	10747.7
8115	1808.6	2030.3	10663.2
31903	1825.9	2045.3	11032.3
24468	1813.0	2059.2	10900.9
7057	1828.9	2075.0	11057.3
39713	1821.7	2071.9	11019.2
43480	1816.1	1975.7	10746.1
22612	1830.7	2116.9	11098.2
7189	1812.6	2004.3	10748.2
7852	1832.0	2103.9	11043.2
6859	1825.1	2098.5	11135.0
42532	1820.2	2077.8	10966.2
36255	1822.1	2054.5	10973.6
3510	1811.4	2034.1	10796.7
37371	1826.1	2033.4	10951.6
37507	1835.1	2122.9	11196.6
12080	1821.6	2055.9	10871.0
31215	1822.1	2122.8	11156.4
43315	1817.8	2083.5	10986.2
37766	1805.8	2063.6	10766.0
21093	1811.1	2014.4	10836.1
33274	1816.5	2096.9	11203.5
8816	1818.7	2080.7	11041.6
15431	1820.6	2052.4	10960.6
10981	1825.2	2078.5	11028.4
44556	1818.9	2030.4	10899.0
14498	1809.0	1993.5	10692.9
32243	1827.6	2094.7	10993.3
13557	1806.8	1995.2	10589.9
16461	1814.5	2053.3	10743.1
21322	1815.8	2030.7	10684.9
44306	1814.2	2069.4	10780.9
19103	1822.3	2073.2	11010.0
28583	1819.5	2114.9	11180.5
24284	1810.0	2054.8	10776.2
37341	1809.7	2051.2	10691.8
24775	1814.9	2112.6	11080.7
25499	1803.7	1981.4	10531.4
19942	1817.9	2048.5	10877.3
11616	1834.6	2168.2	11307.7
15985	1810.0	2084.7	10831.3
14697	1818.7	2077.5	10941.7
36913	1809.5	2049.6	10714.6
26063	1816.6	1993.6	10846.5
12469	1811.8	2097.1	10899.6
30187	1819.6	2067.6	10961.1
27822	1826.9	2137.1	11297.7
3378	1818.6	2097.4	10927.6
35459	1838.3	2113.3	11280.9
10552	1826.6	2111.5	11087.3
6146	1821.4	2102.1	11117.3
31043	1823.9	2081.3	10855.1
39971	1818.4	2016.6	10772.4
5160	1812.9	2057.2	10664.5
2555	1822.7	2101.8	11069.2
43095	1817.3	2066.7	10904.9
9285	1823.8	2066.6	10954.4
17287	1820.2	2097.8	11009.9
42281	1813.3	2023.8	11028.2
37065	1834.8	2120.9	11305.4
23287	1808.2	2035.7	10700.4
26819	1816.7	2034.7	10779.2
44400	1823.0	2038.4	10895.0
43705	1818.4	2060.1	10798.2
5874	1816.5	2075.8	11008.6
18306	1823.4	2130.1	11081.3
7126	1821.5	2071.6	10937.0
13908	1812.3	2010.8	10780.8
16612	1819.5	2050.0	10794.5
36813	1820.6	2073.1	10910.8
39244	1823.7	2073.6	11008.6
14918	1818.6	2072.5	10909.8
22715	1824.9	2072.7	10921.2
4286	1825.1	2099.3	11072.6
25187	1822.6	2020.8	10848.3
34259	1818.9	2036.8	10778.3
10361	1813.6	2048.3	11095.6
26596	1823.9	2046.7	10917.6
34305	1825.7	2101.6	11009.6
27796	1816.7	2018.2	10780.6
36726	1813.3	2033.3	10759.1
449	1831.8	2096.1	11063.5
42639	1823.0	1999.4	10815.6
16443	1818.9	2078.1	11076.4
32575	1826.3	2023.9	11115.5
30787	1829.4	2074.3	11125.1
42660	1816.0	2055.1	10831.9
13499	1822.0	2108.7	11273.1
901	1821.0	2108.7	10916.6
38898	1820.7	2049.4	10784.2
20260	1821.8	2076.7	11141.1
5388	1818.5	2016.8	10705.6
14063	1819.2	2016.8	10848.7
22031	1821.0	2074.8	10818.1
16610	1806.0	2042.2	10654.1
23327	1810.9	2062.8	10804.3
20405	1835.3	2102.2	11175.5
7138	1815.8	2082.5	10836.9
31103	1808.0	2102.1	10799.2
14837	1824.5	2070.5	11046.6
697	1821.1	2065.5	10856.1
44390	1819.0	2014.9	10733.3
32222	1818.0	2030.1	10891.6
43973	1820.5	2110.5	11020.3
41327	1820.8	2044.2	10944.8
19343	1833.3	2108.7	11440.7
3319	1824.9	2068.8	11031.2
9818	1811.3	2039.8	10743.5
21552	1829.7	2089.4	11047.7
14730	1815.1	2074.1	10860.6
16407	1825.3	2115.8	11369.4
3298	1823.4	2090.6	10995.5
41310	1815.6	2053.0	10865.6
11098	1814.0	2054.6	10915.6
3026	1821.0	2021.7	10724.9
32753	1806.8	2018.6	10666.3
27153	1819.8	2114.4	11201.8
25348	1812.5	2033.5	10661.9
9504	1806.4	2035.4	10790.5
32785	1814.6	2038.9	10816.5
30237	1831.5	2126.0	11318.6
41143	1802.7	2020.2	10692.3
12702	1822.7	2059.4	10973.2
37527	1816.7	2046.7	10856.1
36384	1828.0	2024.0	10981.2
43649	1812.3	2064.5	10769.6
37016	1819.2	2065.8	11009.8
1954	1825.5	2044.7	10973.1
16625	1823.6	2058.4	11003.3
676	1809.0	2045.3	10770.8
5264	1809.0	2058.9	11028.8
28272	1811.3	2077.3	10934.4
19689	1814.7	2106.8	10988.2
7992	1810.6	2066.3	10744.3
29812	1826.6	2038.1	10944.0
22171	1812.2	2051.9	10749.8
27982	1807.5	2034.2	10717.7
28720	1816.0	2038.4	10800.6
7951	1821.2	2122.9	11066.2
39333	1814.5	2094.4	10911.8
40121	1829.1	2089.3	11190.2
11282	1829.3	2082.3	10982.0
43057	1815.7	2079.5	10844.1
30278	1822.4	2083.0	10949.6
12357	1823.1	2080.4	10911.7
18581	1817.2	2004.8	10909.8
21284	1811.0	2034.0	10605.5
904	1809.8	2063.3	10649.8
44033	1808.4	2033.2	10730.7
29117	1820.5	2115.2	11203.0
9905	1834.5	2111.1	11210.0
43856	1818.2	2030.4	10855.9
4555	1817.2	2032.3	10709.6
30557	1809.5	2071.3	10753.1
15241	1823.8	2075.6	10843.5
7212	1815.6	2050.3	10726.5
40940	1822.7	2075.7	10936.9
40900	1811.6	2050.0	10903.9
43445	1823.5	2044.8	11001.2
21015	1814.1	2101.5	11126.3
12757	1818.0	2026.6	10822.8
17740	1814.2	2012.2	10735.8
38070	1815.8	2055.2	10963.0
1404	1814.6	2082.9	10847.0
43193	1815.2	2085.7	10856.1
1845	1819.5	2081.6	10867.0
24878	1817.5	2073.2	10969.7
4764	1806.8	2072.9	10781.1
38989	1806.5	1995.6	10540.5
8068	1824.1	2115.1	10873.1
8006	1825.3	2072.6	10874.8
29537	1812.7	2047.4	10622.5
41868	1809.1	2032.2	10873.6
7778	1815.0	2060.6	10957.1
35770	1809.4	2011.3	10606.2
7932	1826.0	2076.2	10938.2
39867	1829.0	2097.5	11327.9
24372	1823.0	2059.6	11236.6
40778	1815.0	2012.5	10641.7
14005	1814.6	2052.7	10789.5
16748	1831.3	2079.8	11176.8
17586	1829.3	2098.4	11108.0
42694	1824.7	2063.3	10882.6
39816	1809.6	2027.5	10785.9
44968	1810.0	2054.0	10823.6
34121	1814.2	2009.7	10769.1
9076	1826.8	2074.2	10936.2
711	1807.9	2013.0	10733.6
6005	1823.5	2042.0	10910.5
18758	1824.7	2056.4	10871.5
13063	1818.7	2126.0	11035.8
34310	1827.6	2067.5	11021.9
8149	1821.7	2072.0	10775.8
14138	1828.5	2128.3	11170.1
34495	1819.4	2094.0	10948.8
17536	1810.4	2014.1	10707.0
38548	1828.9	2068.3	11066.1
17723	1814.8	2029.4	10765.9
38744	1817.1	2043.9	10954.2
33748	1818.1	2087.8	10981.0
19296	1828.7	2064.8	10999.3
41705	1832.2	2114.1	11102.9
12395	1824.5	2085.9	11018.9
10372	1817.4	2047.7	10944.3
30475	1812.1	2050.4	10764.7
11417	1821.0	2092.0	10934.2
32590	1838.5	2100.1	11029.3
38111	1824.2	2107.4	11460.5
36602	1819.3	2075.7	10836.6
25749	1826.5	2100.8	11105.9
22643	1815.5	2027.5	10793.7
36684	1830.0	2029.9	10945.4
6580	1831.2	2139.2	11126.0
2018	1812.0	2037.0	10692.7
25533	1834.0	2101.2	11240.7
35165	1823.2	2078.8	10926.3
14776	1813.9	2044.5	11010.7
24871	1822.1	2090.7	11147.6
16284	1820.0	2087.8	10972.0
5973	1814.0	2025.8	10704.2
38098	1818.7	2057.4	10893.5
21059	1832.4	2105.9	11237.5
740	1832.9	2079.0	11340.5
12591	1817.8	2082.3	11027.2
28933	1828.6	2106.6	11207.0
44559	1813.8	2047.2	10811.5
39150	1829.3	2101.4	11194.6
19913	1804.8	2049.0	10774.4
42680	1814.5	2007.2	10738.9
8589	1811.6	2071.7	10793.6
9919	1820.5	2055.7	11052.1
5744	1826.6	2059.4	10871.0
3747	1818.9	2035.8	10883.9
18648	1821.2	2078.6	10995.8
17235	1806.2	2049.5	10663.1
14296	1823.8	2072.5	10995.8
29297	1822.1	2076.5	10882.2
29413	1817.2	2060.1	11022.8
23926	1825.3	2027.0	10803.8
32681	1832.0	2095.4	10991.0
39025	1823.9	2102.1	11241.0
22599	1811.1	2062.7	10735.7
10524	1819.9	2052.7	10856.2
643	1824.5	2095.0	10967.3
442	1813.8	2078.7	10779.3
16120	1831.8	2057.7	10989.0
16158	1802.6	2028.7	10589.1
23279	1819.5	2096.7	11024.4
31339	1812.5	2091.1	10867.9
10167	1820.2	2046.9	10800.4
32499	1812.7	2073.4	10914.2
7152	1825.8	2067.9	10941.9
28847	1825.0	2098.2	10925.6
36673	1805.5	2039.0	10604.5
36534	1829.8	2108.9	11323.0
25634	1815.5	2067.7	10914.1
38561	1828.3	2072.7	11048.9
10186	1812.1	2069.0	10758.0
29426	1813.1	2039.6	10646.4
7586	1830.9	2038.5	10939.7
19731	1816.4	2081.3	11145.0
21753	1821.1	2039.1	10824.2
19561	1816.8	2085.8	11050.2
13495	1834.3	2078.6	11009.0
26816	1823.8	2092.6	10998.6
8898	1824.5	2082.7	11063.9
43347	1804.8	1989.5	10598.4
15304	1818.6	2178.7	11395.5
23644	1816.4	2074.8	10944.9
17549	1813.0	2039.8	10737.6
38547	1835.0	2057.2	11020.0
34648	1816.2	2033.1	11000.0
13703	1821.7	2084.1	11112.3
33010	1823.3	2067.5	11000.0
24503	1835.8	2127.5	11246.3
21876	1822.1	2043.9	10985.4
23821	1819.5	2089.7	10892.6
41497	1815.0	2023.1	10707.1
7619	1808.1	2058.2	10638.8
6706	1821.7	2033.5	10847.7
693	1818.2	2073.2	11092.2
4091	1820.7	2073.9	10872.2
10709	1827.6	2102.6	11018.3
23012	1822.0	2048.1	10883.8
16561	1806.3	2023.6	10766.1
3426	1818.7	2083.7	11135.2
3238	1826.0	2062.7	11024.0
33026	1827.6	2075.7	11071.9
41819	1820.7	2062.1	10840.1
16337	1823.1	2035.6	10969.0
10064	1800.5	2030.9	10554.9
39410	1824.1	2090.7	11076.8
27093	1844.0	2131.4	11298.1
10995	1815.9	2045.8	10760.3
5936	1814.3	2088.1	10940.5
6547	1806.8	2040.3	10671.7
30949	1808.9	2032.4	10866.3
22754	1823.9	2026.2	11182.8
35105	1822.8	2083.7	11003.8
40958	1818.8	2074.6	10931.1
25961	1823.0	2060.6	10908.2
25505	1819.8	2041.5	10808.5
8320	1830.4	2148.9	11173.8
3288	1823.9	2097.1	11013.2
5904	1815.9	2066.5	10909.2
20781	1824.1	2037.0	10907.1
40281	1810.6	2063.1	10810.8
32752	1796.0	1903.2	10238.1
25179	1830.8	2073.8	11058.0
16188	1808.5	2071.7	10962.4
32135	1810.0	2055.1	10765.6
10227	1804.8	2032.9	10670.4
30181	1818.4	2033.8	10705.6
34639	1819.1	2105.6	11132.8
20865	1830.3	2120.9	11038.4
9754	1823.3	2065.9	11072.3
35196	1815.5	2081.7	10985.2
38309	1808.9	2032.6	11035.1
30120	1834.0	2105.2	11525.7
29275	1827.4	2108.5	11014.5
25992	1824.8	2087.4	10911.3
37437	1817.9	2052.2	10805.9
27551	1821.1	2130.6	11141.3
12219	1809.7	2047.2	10733.1
17498	1816.3	2042.3	10857.3
24583	1815.6	2051.0	10741.8
7786	1834.5	2134.8	11132.8
40800	1820.5	2029.8	10822.9
30969	1822.6	2082.5	10821.6
10250	1828.4	2055.5	11030.8
22453	1811.5	2019.0	10657.1
36396	1813.2	1971.5	10572.4
34189	1828.0	2095.4	11460.5
8504	1829.6	2109.4	11368.2
37538	1806.5	2023.4	10704.3
41071	1820.5	2062.7	11005.0
10695	1816.2	2045.9	10685.6
5208	1826.0	2064.3	11183.8
13989	1815.0	2057.5	10771.2
20022	1809.7	2076.9	10945.9
342	1825.9	2052.6	10898.3
44553	1831.4	2127.5	11258.8
40949	1819.8	2012.4	10817.5
20598	1815.5	2074.4	10806.3
8832	1829.1	2142.4	11205.8
11470	1820.1	2082.6	10963.0
29864	1815.9	2053.8	10743.9
1179	1824.5	2069.7	10853.4
3827	1820.3	2058.1	10894.0
39906	1821.7	2122.4	11269.7
21543	1805.7	2059.2	10763.5
9013	1821.3	2043.4	10877.7
41557	1818.1	2071.8	10815.7
12433	1817.6	2084.7	11039.4
1469	1806.9	2114.9	10815.8
7495	1809.0	2055.5	10732.8
41830	1817.8	2090.1	10979.8
34368	1822.9	2001.7	10856.0
32963	1798.7	2013.5	10463.2
971	1826.8	2068.2	10867.9
25520	1811.7	2038.8	10762.2
24484	1830.5	2108.6	11113.4
10082	1826.7	2096.2	11211.7
37469	1821.6	2059.3	10986.4
39891	1818.4	2073.7	10883.2
12271	1803.7	2015.1	10534.8
6948	1818.1	2079.2	10983.8
15170	1830.6	2103.4	11355.9
26647	1827.7	2097.0	11122.2
35588	1816.4	2071.0	10812.1
4088	1824.3	2071.2	11182.2
41831	1820.4	2059.4	10828.9
35284	1817.3	2035.7	10824.8
17913	1813.1	2075.6	10762.0
33526	1812.1	2020.8	10766.3
13086	1828.1	2084.7	11017.9
24629	1822.0	2065.4	10848.6
16079	1814.2	2010.6	10773.1
22209	1831.8	2089.0	11125.4
6775	1827.1	2073.7	10995.1
31688	1816.1	2092.4	11001.9
36314	1816.3	2030.6	10781.4
23246	1813.2	2034.7	10895.0
39153	1822.0	2046.9	11028.1
2365	1818.1	2063.3	10835.3
26007	1824.2	2099.5	11145.8
41935	1823.4	2042.3	10933.6
9627	1818.5	2054.3	10877.6
42316	1825.8	2085.7	11104.7
41968	1825.1	2123.8	11039.3
20130	1820.4	2055.5	10910.3
24673	1818.7	2052.0	10852.0
27100	1810.3	2012.7	10554.4
39831	1822.3	2100.8	11058.4
10890	1811.2	2035.1	10874.7
13492	1818.6	2060.6	11093.0
29803	1813.0	2041.4	10739.1
38751	1814.4	2025.2	10749.9
16266	1810.1	2045.9	10774.0
1749	1822.0	2148.8	11071.0
9519	1824.8	2109.2	10981.1
36145	1822.9	2082.6	11069.5
3700	1818.6	2059.2	10911.4
1266	1826.2	2155.6	11173.3
34281	1815.6	2054.1	10974.4
41743	1811.1	2038.0	10705.4
36917	1807.9	2014.9	10559.6
33668	1819.2	2093.0	10991.5
26748	1830.6	2110.7	11097.1
43662	1830.8	2084.3	11263.6
24179	1822.4	2060.7	10933.5
9884	1808.1	2057.8	10931.9
18939	1812.9	2030.6	10670.0
1368	1824.8	2092.6	10903.5
14279	1823.9	2059.5	10813.2
8051	1813.1	2065.8	10885.0
34137	1825.1	2076.4	10918.4
28711	1826.0	2091.9	11095.8
27783	1813.1	2070.9	10909.7
24735	1826.8	2112.1	11112.2
15538	1807.0	2003.0	10713.0
6548	1819.0	2087.8	11085.4
20630	1825.7	2068.0	10983.7
40089	1812.7	2028.8	10730.1
25669	1822.5	2069.4	11103.2
31404	1817.8	2079.7	10970.8
35335	1825.2	2041.4	10858.9
11019	1811.5	2049.5	10874.3
35811	1819.0	2099.4	10824.2
28293	1826.4	2082.4	10971.7
1311	1815.1	2043.9	10719.0
43294	1812.2	2050.9	10838.8
43582	1820.4	2041.0	10792.1
12062	1816.5	2002.2	10643.3
31569	1827.2	2091.6	11204.7
30823	1816.3	2044.8	10793.4
33709	1824.8	2020.5	10979.4
20848	1820.5	2068.0	10917.3
11537	1823.4	2068.0	11090.1
5142	1816.9	2078.6	10849.2
44181	1836.7	2106.1	11485.8
21657	1804.3	2020.5	10654.8
35736	1824.2	2099.8	11160.8
40826	1819.3	2084.6	10974.0
27189	1815.2	2046.9	10685.6
12682	1811.2	2059.2	10741.2
37783	1811.2	2021.0	10934.5
9254	1832.0	2093.3	11058.1
27740	1824.1	2043.6	10881.1
30344	1820.2	2075.4	11106.4
32384	1837.1	2123.6	11322.5
26896	1801.4	1984.5	10573.2
41966	1815.1	2068.7	10837.5
35024	1810.7	2022.9	10684.2
18093	1828.2	2076.1	11048.6
30615	1817.3	2064.0	10873.9
29819	1820.6	2032.2	10808.2
23435	1813.8	2035.8	10708.2
36996	1818.8	2083.0	10985.9
40672	1818.7	2017.5	10881.9
41871	1829.0	2076.2	11149.1
30824	1829.5	2096.1	11144.7
16438	1835.8	2112.7	11265.3
40503	1818.1	2079.0	11089.8
19340	1820.0	2083.4	11000.6
28372	1829.6	2093.1	11167.2
27290	1831.3	2070.7	11093.9
9151	1820.2	2087.4	10893.4
23918	1815.6	2011.2	10784.8
5236	1814.4	2071.1	10947.8
19361	1790.3	1969.3	10366.1
11111	1823.2	2060.1	10977.3
951	1819.7	2089.7	11014.0
42640	1824.2	2088.3	10954.3
17920	1815.4	2029.6	10630.4
14970	1824.6	2077.7	10984.8
36543	1824.9	2088.6	11025.1
20830	1816.1	2023.1	10732.0
27653	1820.7	2090.7	10976.1
1023	1829.6	2037.0	10933.9
24638	1819.6	2054.7	10848.2
7061	1813.2	2070.4	10978.8
751	1830.4	2062.1	10958.8
37723	1828.4	2039.3	10984.3
32509	1818.5	2028.7	11002.2
15910	1813.1	2090.5	10796.6
4746	1823.7	2044.0	10855.7
3923	1817.1	2062.3	10853.4
16111	1823.9	2015.0	10812.4
31726	1816.6	2033.0	10761.6
23707	1814.9	2078.6	10806.4
38171	1820.9	2092.6	10962.9
27433	1827.6	2091.7	10976.1
12701	1832.2	2103.1	11155.1
23806	1824.6	2058.6	10930.3
30392	1814.1	2024.2	10762.1
30435	1818.7	2028.0	11031.8
721	1829.8	2047.0	11029.5
27218	1823.7	2082.6	10979.2
26034	1808.5	2043.3	10759.4
43548	1817.8	2068.5	11027.2
5070	1819.0	2048.8	11071.9
36309	1817.9	2030.7	10838.5
22697	1814.7	2068.3	11094.9
10035	1817.5	2118.7	11280.6
19063	1810.0	2076.6	10939.7
8640	1820.6	2072.6	11100.0
1022	1804.4	2040.4	10576.1
41283	1812.3	2019.2	10774.4
5417	1817.6	2048.3	10891.3
2572	1814.5	2072.0	10858.4
6016	1818.7	2070.5	10941.5
18617	1823.5	2102.2	11052.7
26261	1816.1	2023.0	10782.5
9949	1805.3	2098.5	10868.4
22210	1816.1	1981.5	10831.7
13833	1819.3	2039.5	10968.5
2462	1814.4	2059.4	10680.6
43431	1814.6	1991.9	10689.8
37019	1825.0	2097.2	10963.1
6844	1813.9	2016.9	10770.6
30858	1815.8	2039.5	10744.1
40427	1822.8	2050.8	10996.3
22423	1828.3	2070.2	11102.3
9343	1823.2	2027.9	10888.8
36275	1825.2	2056.3	10787.1
31050	1813.2	2013.5	10719.1
36301	1820.1	2066.0	10892.2
11653	1818.7	2056.3	10911.6
25802	1825.1	2143.1	11200.9
2403	1825.8	2066.4	10934.5
8584	1821.0	2058.6	10897.2
28751	1818.0	2064.1	10936.6
11842	1807.3	2011.1	10665.7
9625	1829.8	2096.2	11127.5
39386	1815.6	2056.4	10944.2
10906	1817.5	2068.3	10921.4
24519	1821.9	2082.2	11145.7
26708	1818.3	2029.4	10817.6
17401	1820.1	2062.9	11066.1
23563	1823.9	2099.6	11178.0
41788	1817.5	2020.2	10862.9
37967	1834.8	2054.0	11110.1
4347	1821.9	2081.6	10935.4
4728	1821.7	2043.8	10864.7
3833	1811.3	2044.2	10792.1
9286	1824.3	2033.9	10891.0
3898	1803.4	2013.6	10707.6
32148	1820.2	2067.3	11029.5
30295	1813.5	2033.4	10857.9
31134	1825.8	2095.5	10996.6
25678	1810.4	2044.5	10815.6
44116	1824.4	2054.1	11026.2
39389	1806.6	2046.3	10625.5
43894	1815.1	2112.9	10882.4
37148	1809.8	2013.6	10609.1
20640	1817.1	2055.9	10816.5
42792	1820.3	2011.6	10785.0
12648	1809.7	2004.9	10816.9
23785	1810.9	2000.2	10659.5
26464	1808.1	2100.8	10966.7
7318	1825.4	2106.1	11057.3
21818	1811.2	2062.2	10740.6
43250	1812.9	2039.4	10833.4
36373	1818.7	2051.1	10741.6
36882	1817.6	2003.7	10726.2
29218	1818.1	2083.3	10941.2
13134	1813.3	2044.6	10817.2
19268	1823.3	2015.7	10896.6
28588	1814.7	2037.0	10774.3
32321	1815.3	2045.3	10761.2
13053	1814.6	2079.1	10757.1
22576	1815.4	2040.4	10955.1
8396	1825.1	2105.5	11430.0
26427	1818.0	2063.9	10953.3
31670	1815.4	2068.0	10858.1
4065	1813.9	2091.4	10771.6
37949	1823.0	2088.4	10994.0
40857	1811.7	2039.4	10807.2
31968	1815.4	2049.8	10767.7
17539	1829.8	2111.9	11117.5
39036	1828.0	2109.4	11040.8
44586	1819.5	2029.0	10740.2
1502	1815.2	2040.0	10901.0
27611	1830.9	2119.2	11227.4
8864	1823.5	2074.9	10993.3
7725	1820.4	2025.0	10863.4
27837	1826.9	2101.9	11108.0
29856	1829.2	1997.6	10815.5
3283	1819.3	2034.3	10736.8
17668	1827.6	2107.1	10941.6
29253	1825.0	2070.8	10958.3
6976	1811.6	2051.5	10750.7
38004	1820.3	2081.4	11089.2
27357	1826.2	2049.0	11152.4
10463	1809.3	2036.8	10662.8
11058	1807.7	2004.4	10701.9
30176	1815.5	2046.0	10738.6
