7491	1653.2	1909.7	11159.5
1588	1642.4	1818.8	10796.0
26711	1625.8	1906.9	11039.4
42543	1645.2	1891.8	11175.1
32986	1636.0	1804.0	10667.9
49776	1651.3	1928.3	11527.5
17614	1648.8	1868.5	11035.9
44628	1639.6	1872.6	11259.8
39136	1655.0	1945.3	11585.9
50390	1630.3	1856.0	11187.7
31010	1660.1	1985.5	11734.5
65292	1647.1	1849.5	11169.1
58851	1649.5	1906.5	11242.3
15488	1642.7	1852.9	10945.2
11453	1637.6	1883.1	11038.7
63229	1648.3	1813.8	10950.7
24554	1658.0	1840.9	11027.1
20870	1651.0	1911.0	11194.4
16146	1659.3	1889.9	11260.7
50854	1661.3	1927.9	11454.7
39948	1646.8	1879.6	10977.2
15159	1636.6	1832.0	10994.4
46845	1649.7	1933.4	11297.6
60639	1644.4	1836.7	11158.3
30002	1650.0	1915.9	11277.1
7215	1660.6	1906.0	11477.7
34936	1657.1	1932.1	11358.0
52203	1640.2	1858.3	10829.2
14849	1624.1	1852.3	10676.2
33390	1646.9	1863.7	10982.5
30642	1648.0	1928.0	11376.2
12688	1654.2	1945.1	11878.2
45830	1647.1	1852.8	11288.6
30580	1643.7	1944.1	11333.3
61860	1651.7	1879.6	11220.0
13266	1624.2	1795.0	10633.0
19079	1642.2	1910.5	11198.8
39963	1632.2	1861.7	11161.0
30398	1641.9	1821.1	10892.0
20336	1646.4	1895.9	11318.9
11004	1657.6	1889.9	11316.7
67967	1643.9	1873.2	11137.0
30682	1636.5	1856.2	10821.8
53716	1650.2	1906.8	11044.0
62539	1640.9	1891.3	11111.1
46912	1635.6	1885.2	11069.6
2568	1645.2	1855.5	10909.1
39067	1646.4	1887.0	11104.3
2447	1634.3	1843.0	10847.3
60255	1637.1	1833.6	10918.7
12197	1646.0	1884.4	11172.9
34859	1646.4	1860.7	11017.8
54955	1646.0	1881.3	11270.8
56200	1663.4	1904.4	11653.8
46211	1647.9	1880.8	10974.0
43867	1667.1	1889.7	11834.6
5328	1657.8	1940.0	11571.3
69565	1652.3	1840.4	11042.8
68389	1647.5	1874.1	11404.4
24859	1648.3	1858.3	11152.6
49794	1650.8	1931.4	11428.2
16819	1636.1	1881.7	10827.1
28653	1656.2	1913.0	11498.7
44683	1649.1	1875.8	11426.7
17032	1649.5	1922.7	11133.9
28127	1637.9	1823.8	11090.5
35279	1654.3	1928.2	11744.5
49980	1626.2	1844.4	10683.7
18953	1655.8	1897.7	11476.0
30947	1644.5	1839.5	10836.6
41215	1653.3	1904.7	11480.7
36874	1644.8	1910.9	11192.9
10043	1651.1	1883.8	11044.3
51520	1645.3	1836.7	10940.0
16181	1652.7	1887.9	11299.8
51757	1641.2	1886.8	11209.1
54700	1651.3	1947.5	11721.7
55126	1639.5	1879.4	10946.1
65192	1636.6	1813.4	10930.0
17881	1649.1	1919.1	11292.7
64849	1654.8	1949.6	11585.5
31669	1647.0	1848.0	11233.4
7722	1637.0	1884.0	11126.3
7554	1666.1	1964.9	11729.3
47978	1642.4	1865.2	11161.6
37324	1661.7	1941.7	11437.3
40266	1630.5	1836.0	10779.7
57584	1647.5	1899.9	11112.7
56274	1641.6	1879.5	11076.3
6014	1643.8	1877.1	11330.5
67706	1645.0	1888.4	11120.6
36200	1644.0	1883.7	11130.9
31644	1645.8	1873.6	11082.5
54851	1664.4	1890.0	11395.6
4805	1648.1	1911.9	11307.0
37956	1648.4	1882.7	11522.0
28727	1660.5	1899.4	11359.5
1483	1646.2	1881.0	10948.9
60896	1647.9	1887.2	10939.2
19307	1636.8	1831.1	10881.8
69181	1651.7	1914.1	11476.9
20791	1644.3	1911.1	11310.2
15587	1632.2	1813.1	10802.9
56739	1650.5	1873.6	11107.5
62874	1657.3	1889.1	11467.0
8657	1651.8	1889.9	11393.8
69865	1652.8	1867.9	11143.8
3429	1654.3	1894.3	11251.6
56615	1639.6	1858.8	11199.6
35145	1644.1	1922.3	11378.6
29525	1663.0	1926.1	11479.8
24987	1640.3	1918.1	11242.6
4964	1650.7	1862.0	11181.5
27667	1651.7	1873.3	11231.6
49624	1643.0	1851.8	11072.7
13529	1638.3	1862.7	10958.7
46443	1650.2	1880.1	11202.5
15737	1660.4	1919.7	11537.4
15784	1642.9	1882.5	10881.9
44061	1654.9	1869.2	11346.0
31491	1637.8	1882.5	11074.5
4577	1655.6	1925.6	11362.0
36177	1647.4	1867.0	11145.2
6079	1652.0	1856.6	10965.4
56445	1626.0	1835.1	10795.3
63914	1653.7	1886.0	11207.5
17753	1661.6	2000.4	11989.7
12683	1651.8	1881.4	11295.2
37599	1645.5	1870.2	11233.5
14324	1649.6	1884.1	11079.3
53871	1652.0	1874.7	11193.6
47873	1635.2	1857.8	10959.1
54664	1648.9	1940.9	11301.4
37976	1629.5	1829.8	10931.5
66458	1658.1	1892.2	11213.1
22623	1638.6	1850.8	10870.9
14411	1644.3	1905.1	11236.3
35535	1635.9	1867.3	10940.1
23955	1648.0	1891.4	11333.8
50175	1647.7	1862.2	11064.2
39377	1650.1	1915.7	11261.7
35448	1650.2	1858.0	11119.3
12739	1640.6	1870.5	10977.2
31388	1652.5	1865.8	11118.3
10153	1666.6	1969.8	11855.6
30929	1643.2	1858.3	11011.8
6395	1656.5	1897.5	11374.0
67369	1645.1	1890.1	11154.3
7906	1655.7	1947.0	11404.7
11308	1652.8	1931.4	11347.9
12172	1646.6	1884.2	11130.2
47081	1647.4	1887.9	11351.5
15438	1659.4	1912.8	11336.9
29663	1636.9	1859.6	10771.7
19768	1645.9	1897.6	11344.7
23776	1643.0	1845.3	11146.3
15964	1639.8	1824.3	10929.7
695	1644.3	1840.5	10927.3
22446	1651.9	1892.5	11225.1
17498	1650.1	1906.2	11101.7
58536	1645.8	1898.6	11255.6
25980	1664.9	1921.3	11701.2
62496	1663.2	1907.8	11483.7
16231	1643.3	1833.1	10940.9
26695	1657.8	1929.6	11397.4
28987	1637.6	1865.9	11113.9
14106	1648.6	1895.7	11108.7
3869	1634.0	1863.1	11021.0
36985	1649.5	1858.1	11091.1
12982	1633.8	1870.8	11010.8
53266	1638.3	1876.0	11199.8
65443	1628.1	1792.2	10789.9
63705	1651.1	1873.9	11257.3
41224	1649.5	1873.1	11176.1
13824	1651.3	1891.7	11119.7
31810	1637.1	1875.9	10948.2
61880	1646.1	1909.1	11038.0
6931	1645.6	1875.5	11109.6
53175	1645.8	1902.5	11205.8
7313	1650.3	1904.0	11171.4
21756	1665.5	1953.9	11606.5
48459	1646.8	1856.7	11491.9
53568	1649.5	1878.5	11083.1
23381	1640.2	1865.9	11290.6
67431	1651.2	1875.1	11192.3
2885	1651.5	1916.0	11381.9
34562	1635.6	1829.6	10881.8
47643	1660.9	1916.0	11671.6
68294	1636.1	1829.1	10996.6
24071	1642.1	1888.9	10954.0
64940	1642.4	1845.5	10906.5
10970	1652.5	1870.2	11261.4
29278	1643.0	1884.9	11107.5
63271	1648.8	1943.2	11893.4
17008	1652.3	1872.2	11233.6
35319	1644.1	1878.1	11066.5
52484	1649.7	1893.1	11456.3
5548	1649.8	1872.4	10941.6
29875	1652.6	1877.2	11223.8
4741	1645.3	1866.2	11160.0
9547	1665.6	1947.0	11614.2
22009	1639.9	1869.1	11048.5
55804	1645.9	1850.7	11075.9
65250	1647.8	1893.7	11180.2
22401	1642.5	1931.2	11102.6
24029	1642.3	1895.7	11357.4
34115	1674.8	1951.6	11960.1
30872	1667.0	1934.8	11611.2
14300	1642.1	1852.4	10981.1
19085	1642.9	1882.9	10932.1
60624	1642.1	1851.3	10965.0
38685	1643.2	1897.9	10960.3
7984	1646.6	1845.9	11038.4
1456	1652.9	1959.5	11197.7
13296	1644.4	1879.1	11120.3
40721	1647.2	1900.2	11296.1
36547	1645.3	1845.3	11143.8
41925	1652.4	1918.2	11303.1
45988	1644.4	1885.4	12143.9
39046	1656.7	1940.5	11594.3
1680	1641.4	1882.5	11043.7
31987	1639.0	1842.8	11221.8
8744	1653.9	1874.3	11166.1
3192	1648.2	1943.4	11363.2
63727	1652.9	1918.4	11691.7
43841	1657.3	1922.7	11480.2
37659	1655.0	1861.7	11207.3
5307	1643.3	1913.5	11225.8
40612	1646.4	1896.8	11202.6
31135	1663.4	1889.8	11627.5
38047	1643.5	1854.2	11070.3
55686	1644.4	1882.8	11075.6
23752	1668.1	1976.1	11751.1
37701	1647.0	1881.8	11137.5
5620	1666.8	2001.4	11717.6
11164	1663.3	1996.9	11506.4
57099	1640.2	1811.4	10930.3
51194	1641.3	1851.7	10906.6
41637	1631.8	1826.1	10830.5
65529	1652.2	1911.8	11321.3
61696	1651.8	1932.2	11439.2
30429	1638.7	1882.3	11099.0
54286	1651.3	1869.2	11349.7
8473	1644.0	1870.0	11077.2
9696	1642.9	1910.6	11728.8
56504	1641.0	1834.5	10930.6
795	1636.0	1925.6	11075.3
4484	1635.0	1872.2	11066.2
62614	1641.2	1892.5	11164.2
51433	1658.6	1922.9	11422.2
14671	1640.3	1867.0	11175.7
58890	1666.5	1945.9	11692.0
5272	1646.2	1877.9	11130.1
41056	1636.2	1894.8	11013.6
34646	1645.2	1827.4	11085.1
44724	1653.6	1934.1	11317.9
36509	1629.4	1825.9	10983.2
49840	1658.5	1885.2	11363.6
35365	1657.7	1853.4	11179.6
24021	1657.0	1958.1	11441.2
68879	1641.9	1864.9	10890.3
62925	1635.5	1861.5	11046.5
25560	1646.8	1876.9	11095.6
58302	1638.1	1834.2	10914.0
55631	1651.4	1929.3	11256.3
1817	1646.3	1817.8	11060.4
48751	1651.6	1869.2	11171.2
64699	1648.6	1871.2	11012.2
38986	1654.6	1948.0	11286.4
43880	1646.8	1915.0	11555.9
54885	1638.0	1844.5	10977.8
42327	1652.0	1902.0	11290.8
49909	1646.6	1884.3	11362.1
33333	1635.9	1830.9	10870.5
29198	1654.8	1885.6	11337.2
34990	1637.8	1901.8	11174.7
65900	1654.1	1907.2	11379.2
50376	1637.3	1862.3	10997.9
21708	1659.7	1954.2	11601.2
14216	1648.4	1919.0	11344.8
35822	1632.5	1839.5	10823.4
45139	1647.7	1893.3	11147.0
59133	1641.0	1886.0	11033.6
52787	1653.7	1873.0	11103.4
12481	1653.8	1889.4	11555.2
58848	1648.5	1837.9	11196.5
59987	1644.4	1853.9	11083.0
1041	1638.0	1902.5	11162.1
49483	1643.7	1887.2	11090.5
2273	1636.0	1842.9	10800.3
63596	1652.4	1831.2	11510.7
66724	1646.1	1883.5	11198.2
54908	1643.1	1878.2	11218.1
28658	1636.0	1887.8	11265.3
52903	1644.5	1863.2	11117.1
35181	1659.4	1910.8	11411.7
63773	1657.4	1902.0	11125.1
38742	1639.6	1839.1	11062.4
38519	1653.5	1904.0	11136.5
2591	1667.3	1922.5	11500.8
53064	1654.7	1852.0	11188.5
16980	1637.7	1847.7	10954.4
5025	1635.0	1831.8	11014.1
4546	1658.9	1877.7	11760.2
2055	1642.2	1920.8	11274.6
2364	1646.9	1879.8	11161.6
25287	1633.5	1812.7	10775.6
56061	1651.7	1915.1	11430.5
56605	1657.8	1899.7	11617.0
13485	1641.0	1912.1	11151.1
19943	1648.6	1916.8	11400.5
26456	1640.6	1857.1	10913.4
52561	1652.7	1932.9	11243.4
31906	1640.0	1869.3	10990.5
69519	1643.2	1813.5	10788.2
64036	1640.6	1839.8	10884.8
11090	1644.8	1881.4	11047.6
69391	1659.7	1871.2	11273.8
20874	1659.6	1918.8	11434.4
52425	1649.3	1815.0	10992.2
52107	1656.9	1894.6	11717.4
45932	1647.3	1891.0	11379.9
10857	1661.8	1891.2	11288.7
63868	1643.3	1896.5	11053.1
62282	1654.4	1936.4	11466.3
1634	1634.0	1866.3	11168.5
52600	1643.5	1914.7	11224.5
48545	1648.7	1922.7	11181.5
35898	1645.1	1893.8	11206.5
26272	1639.0	1841.5	10833.6
37395	1658.7	1933.9	11515.4
41879	1647.2	1856.7	11104.5
41106	1646.0	1830.7	11000.4
57638	1633.8	1854.4	10842.0
27478	1643.4	1849.9	10889.3
22661	1650.9	1905.1	11473.0
13471	1637.1	1883.3	10923.8
44559	1651.7	1905.4	11326.0
61189	1659.4	1942.1	11383.5
54283	1645.2	1874.4	11166.9
6254	1627.6	1832.9	10809.6
15138	1657.9	1963.7	11468.6
60853	1636.2	1789.3	10662.8
130	1640.2	1895.1	11223.9
8731	1648.6	1879.2	11205.0
45862	1650.4	1930.3	11505.5
51844	1651.0	1892.8	11339.0
27995	1651.4	1879.4	11247.7
18815	1644.6	1910.3	11272.6
43537	1648.2	1906.3	11143.4
38160	1646.2	1863.0	10941.5
18806	1643.4	1964.6	11344.3
9998	1647.8	1874.8	11321.2
13618	1643.8	1872.1	11158.4
15400	1627.5	1885.0	11179.9
37047	1647.8	1945.0	11359.8
42576	1631.0	1871.3	11036.8
47273	1654.3	1946.7	11417.3
35157	1651.1	1924.3	11190.0
45942	1646.4	1882.2	11123.9
65837	1635.9	1853.7	11193.5
22570	1646.7	1889.2	11200.8
5916	1656.9	1939.0	11344.1
60250	1633.4	1806.0	10935.5
834	1643.6	1924.7	11446.2
5517	1658.0	1904.2	11610.7
37198	1644.9	1882.6	11108.7
2315	1667.2	1934.7	11397.4
23555	1651.7	1927.0	11561.3
27683	1652.1	1922.9	11552.2
10616	1670.0	2041.8	11843.1
46720	1630.0	1857.0	11137.9
5505	1641.5	1860.3	10974.4
10766	1652.7	1912.8	11271.1
18658	1642.5	1943.7	11170.5
7772	1639.9	1858.9	11100.2
68507	1647.6	1894.1	11281.2
968	1666.7	2006.0	11645.9
8510	1629.6	1899.2	11018.8
1279	1637.2	1863.3	11079.2
51822	1658.9	1957.7	11415.4
62828	1642.2	1919.0	11135.3
28684	1654.9	1906.2	11288.7
40403	1637.5	1849.4	11027.6
38312	1651.5	1880.2	11362.1
17477	1645.1	1876.6	11062.1
52850	1656.5	1950.2	11446.3
64747	1642.9	1886.6	11197.2
37054	1658.6	1889.5	11255.3
23304	1658.8	1917.5	11321.6
18238	1640.8	1847.1	11090.0
8683	1638.7	1849.3	11005.4
7004	1645.4	1900.8	11155.4
48104	1638.1	1862.3	11099.1
27384	1644.1	1887.8	11138.8
32090	1659.5	1881.7	11234.6
35362	1651.4	1880.7	11161.2
68482	1656.6	1908.6	11781.9
63092	1654.2	1888.4	11316.8
25755	1654.2	1923.8	11260.8
18704	1642.1	1869.4	11036.4
18950	1665.4	1938.3	11412.4
52243	1631.6	1856.2	10942.1
45117	1664.5	1948.4	11638.4
2525	1645.0	1904.4	11069.1
14557	1636.6	1846.1	10997.4
32263	1655.6	1920.9	11629.1
6824	1658.1	1904.8	11380.2
22327	1644.5	1885.6	10880.3
24301	1651.4	1895.7	11499.1
4450	1659.4	1906.6	11428.3
48057	1643.9	1860.3	11223.3
21703	1645.0	1858.0	11162.4
53915	1623.3	1822.5	10869.3
45800	1662.2	1931.0	11683.6
10241	1663.1	1926.5	11554.0
60129	1647.7	1860.0	11148.2
14528	1664.4	1948.8	11649.1
30968	1645.0	1912.8	11083.6
48111	1668.1	1958.7	11821.8
60333	1653.9	1892.7	11541.5
39765	1650.6	1933.3	11288.0
66253	1653.8	1906.6	11424.6
57148	1651.8	1898.4	11429.4
27439	1633.8	1856.5	11093.4
52688	1644.8	1889.1	11182.9
54439	1640.8	1860.4	11033.3
38779	1631.7	1804.0	10701.1
1631	1662.6	1990.0	11686.6
46050	1633.3	1845.7	10644.7
58447	1663.5	1938.6	11625.0
4187	1649.6	1934.5	11231.6
10436	1651.6	1939.4	11542.1
49698	1647.5	1914.6	11178.9
1758	1653.5	1900.8	11195.2
48152	1654.8	1897.4	11366.0
5560	1656.3	1916.5	11476.0
69850	1640.6	1838.9	10852.3
57557	1641.4	1865.2	11047.4
42018	1638.6	1809.9	10845.6
21566	1666.8	1931.8	11528.7
38148	1658.4	1932.2	11522.0
49457	1641.0	1853.3	11081.2
62146	1658.6	1930.9	11364.8
57569	1660.0	1910.0	11308.8
14610	1642.0	1861.3	10997.4
57403	1642.9	1849.4	11147.1
1017	1639.5	1862.9	11047.0
53372	1644.5	1904.9	11103.9
231	1659.8	1961.2	11560.3
5995	1648.4	1949.8	11466.1
37638	1656.2	1907.7	11431.2
59824	1651.0	1866.9	11200.6
3233	1654.8	1892.7	11633.5
33604	1651.2	1890.2	11111.5
35517	1643.4	1858.6	11024.9
40033	1661.6	1910.2	11623.5
60686	1634.2	1811.8	10682.2
15915	1676.1	1962.3	11872.5
179	1637.2	1879.9	10867.0
56815	1646.9	1899.0	11187.4
36983	1658.3	1869.3	11392.8
10221	1649.5	1873.0	11132.7
18485	1637.3	1869.3	10994.6
23802	1643.4	1874.1	11124.4
63540	1654.6	1893.6	11310.4
50633	1649.3	1883.5	11377.1
55114	1635.1	1868.7	11292.6
42821	1644.1	1825.5	10902.0
18743	1648.6	1909.6	11628.1
68652	1636.3	1900.8	11188.4
69862	1639.4	1844.5	11166.7
44620	1648.2	1877.0	11371.7
28742	1643.3	1888.2	11057.0
14492	1648.0	1890.1	11768.7
18780	1645.6	1870.8	11018.3
27863	1642.4	1849.8	10962.6
41051	1647.9	1870.6	11099.6
49164	1640.1	1883.4	10993.9
38746	1658.7	1969.5	11394.2
11623	1641.8	1934.1	11363.1
63917	1636.8	1875.4	11014.7
49222	1646.8	1908.6	11121.4
12699	1641.0	1918.5	11114.3
92	1657.4	1904.3	11242.6
33669	1642.3	1911.4	11325.3
1698	1632.8	1865.5	11019.2
16680	1649.2	1911.8	11068.7
23870	1641.8	1904.9	11248.8
21416	1639.4	1906.5	11213.6
31802	1652.8	1912.0	11499.5
11165	1665.0	1927.0	11540.3
10949	1652.7	1874.2	11230.2
2825	1654.8	1939.0	11352.3
23965	1646.2	1903.6	11008.3
60585	1642.3	1876.8	11105.8
31697	1633.1	1842.3	10760.2
66862	1643.0	1859.1	11066.4
1300	1663.3	1941.1	11305.8
19468	1641.7	1898.5	11174.8
64580	1642.9	1822.3	10978.6
57622	1657.6	1909.0	11457.8
39762	1649.1	1926.8	11202.9
52947	1636.2	1831.7	11011.6
17883	1641.6	1851.2	11040.8
63313	1665.1	1919.2	11928.8
15842	1642.5	1827.5	10953.4
49546	1639.2	1877.6	11097.5
34820	1653.0	1844.3	11126.0
40467	1662.0	1904.1	11476.6
34240	1651.8	1903.2	11197.2
7155	1648.5	1853.5	11204.8
35625	1639.6	1868.4	11029.2
65418	1643.9	1886.5	11071.7
32155	1645.4	1905.0	11292.1
53488	1648.3	1899.3	11188.2
56487	1637.1	1841.0	11102.2
29013	1652.0	1874.6	11311.9
11716	1641.8	1856.3	10922.5
36162	1638.3	1862.6	10963.0
38187	1640.4	1845.6	11109.0
39312	1634.2	1884.5	11223.5
545	1648.4	1891.4	11213.1
45077	1632.4	1848.2	11034.0
34371	1653.8	1919.3	11390.8
43691	1653.0	1858.4	10995.5
17831	1651.9	1869.0	11132.1
37101	1629.2	1836.9	11018.0
29725	1653.0	1895.1	11402.8
8264	1638.4	1937.9	11131.1
899	1641.4	1897.4	11175.7
16978	1653.0	1925.3	12046.6
64310	1636.0	1868.6	11015.2
69466	1629.2	1850.7	10883.2
15877	1651.3	1910.4	11539.6
2854	1668.6	1977.5	11969.2
1327	1627.2	1820.1	10662.6
60794	1657.5	1904.6	11341.6
54975	1638.5	1933.4	11171.1
57138	1644.0	1894.1	11052.8
39644	1659.3	1963.7	11844.7
60672	1660.6	1905.4	11315.5
35183	1658.8	1939.3	11509.3
46250	1646.8	1903.0	11307.7
13831	1640.7	1883.2	11327.0
38445	1640.2	1864.2	11072.3
44702	1660.4	1902.6	11469.9
4764	1644.2	1874.0	10975.3
61524	1649.4	1895.2	11189.3
41064	1637.1	1864.1	11130.8
10115	1639.3	1909.0	11039.5
64998	1660.8	1861.4	11191.0
8244	1642.7	1878.9	11112.1
262	1633.1	1874.6	11107.7
44486	1645.7	1905.7	11135.1
20105	1650.2	1911.4	11429.0
56508	1639.3	1901.7	11080.1
43535	1643.2	1848.6	10943.4
48433	1644.1	1869.2	11163.8
30511	1647.8	1897.0	11375.6
58450	1655.8	1960.3	11481.8
41641	1628.1	1842.4	10894.9
54424	1644.7	1928.6	11499.8
27204	1653.9	1866.9	11400.5
12383	1656.2	1914.0	11460.3
14527	1628.0	1846.5	10926.4
66621	1658.4	1897.6	11226.4
2035	1638.5	1886.3	11005.1
55944	1661.4	1930.9	11459.3
53608	1650.4	1927.0	11290.9
45550	1639.6	1845.6	10920.6
1345	1641.5	1887.4	11127.7
5931	1639.6	1901.9	11169.2
69214	1649.8	1854.6	11213.4
10160	1643.8	1830.7	10946.5
3721	1650.2	1834.7	11171.8
65746	1644.7	1854.4	11243.7
17672	1657.0	1886.2	11194.0
17489	1645.3	1852.4	11450.2
12456	1649.2	1879.2	11281.9
3378	1640.0	1913.3	11132.2
31272	1630.5	1825.0	10821.7
11728	1649.1	1905.3	11253.4
63684	1659.0	1891.2	11253.6
47238	1657.4	1930.9	11398.6
379	1649.0	1869.1	11104.3
37412	1649.8	1901.8	11369.2
66134	1637.0	1863.5	10936.4
11166	1647.4	1858.6	10938.5
65544	1641.0	1831.6	11107.7
7922	1662.0	1876.6	11302.5
24360	1640.2	1913.4	11187.3
63956	1644.7	1913.9	11591.7
69545	1638.5	1851.3	10874.4
66540	1638.9	1885.4	11095.0
63826	1647.8	1889.2	11057.4
23962	1654.3	1876.2	11137.4
5676	1654.7	1900.3	11130.7
19296	1639.6	1851.3	11240.1
64385	1646.6	1853.9	11195.8
34261	1652.9	1931.8	11217.3
10953	1643.6	1874.1	11001.8
27762	1644.1	1898.2	11293.0
30908	1644.1	1841.3	11097.5
156	1646.9	1899.9	11270.7
11312	1653.2	1872.8	11196.3
11747	1644.6	1870.3	11206.2
57985	1654.6	1943.7	11496.1
10141	1654.1	1929.3	11549.0
48198	1647.1	1917.3	11080.8
24782	1644.8	1864.7	11200.4
64399	1632.2	1882.5	11204.2
32328	1653.3	1924.3	11472.8
21738	1646.4	1870.4	11181.3
29573	1649.0	1850.0	11007.7
61185	1648.1	1852.1	11038.6
22214	1646.5	1881.3	11211.6
39818	1652.7	1885.1	11317.3
38747	1649.0	1838.2	11067.8
18588	1645.2	1819.5	10881.0
34653	1646.5	1867.1	10855.2
9915	1637.3	1873.6	10946.9
19267	1651.3	1833.2	11121.3
57537	1650.4	1860.0	11162.8
40455	1651.6	1937.4	11495.0
49508	1635.4	1855.9	10941.0
10003	1645.5	1862.3	10990.6
58256	1634.6	1890.0	11009.8
14789	1622.8	1802.5	10641.2
43109	1633.7	1831.8	10919.4
24604	1653.4	1887.3	11307.9
15280	1648.6	1901.3	11165.6
64565	1667.0	1953.3	11715.0
54414	1637.5	1870.9	11130.1
27522	1663.9	1899.0	11699.2
34678	1662.8	1933.4	11322.7
30583	1651.6	1863.9	11287.8
48479	1645.2	1847.1	11487.3
36551	1639.1	1831.3	10896.9
15858	1642.3	1904.0	11029.1
51959	1654.8	1910.2	11428.2
34576	1627.1	1839.6	10728.2
49530	1651.6	1893.3	11145.9
56417	1636.8	1863.2	10941.4
7431	1633.2	1846.0	10862.3
57051	1644.7	1890.6	11426.9
17264	1658.3	1906.3	11445.8
23313	1655.9	1919.4	11420.0
39887	1647.4	1932.0	11219.6
32360	1642.8	1890.7	11066.5
46345	1638.4	1890.3	11333.0
12147	1646.5	1902.4	11145.3
55483	1661.7	1876.8	11398.8
3872	1631.9	1856.2	10979.5
33194	1647.1	1896.1	11248.1
61683	1654.3	1873.6	11150.7
49815	1639.3	1850.7	11111.4
50534	1652.6	1918.5	11282.2
11280	1643.6	1902.1	11082.2
20798	1639.6	1849.2	10965.1
62525	1634.4	1871.0	11021.7
62025	1670.4	2005.6	12007.0
9540	1635.7	1830.9	10746.9
27855	1651.7	1911.5	11392.5
4977	1644.9	1877.3	11148.1
47454	1662.4	1943.9	11537.7
10021	1652.7	1904.0	11320.1
26873	1648.7	1857.7	11011.7
15729	1662.6	1926.2	11270.3
18311	1654.6	1888.6	11435.7
20662	1645.1	1874.9	10934.9
8694	1637.0	1869.0	11181.6
40423	1647.2	1868.7	11107.2
55084	1649.7	1923.4	11164.4
30994	1654.2	1871.2	11091.8
11301	1641.7	1831.9	10918.9
23366	1648.6	1883.2	11418.4
67377	1648.8	1873.7	11047.6
17101	1643.6	1926.3	11155.9
26434	1642.2	1889.9	11355.9
68967	1651.7	1875.8	11369.5
62000	1646.2	1878.3	11179.4
17600	1647.4	1886.1	11301.3
20886	1644.1	1862.6	10880.8
62463	1670.5	1861.2	11455.8
69675	1647.7	1867.2	11225.7
50326	1662.1	1968.9	11618.2
37681	1658.1	1908.5	11513.8
11325	1660.0	1963.3	11767.5
11241	1658.1	1916.8	11241.7
8193	1645.4	1927.5	13023.8
55182	1654.1	1897.9	11252.6
30740	1662.5	1920.2	11511.5
32002	1649.8	1840.0	10935.0
61884	1652.6	1875.3	11033.7
28332	1645.6	1912.8	11153.7
48221	1642.5	1874.5	11123.7
9483	1651.8	1904.2	11190.6
8370	1632.3	1880.2	10865.4
66075	1645.4	1862.4	11563.5
61480	1659.0	1906.4	11363.5
51054	1645.6	1874.6	10991.1
64391	1649.5	1876.2	11244.5
68103	1645.7	1867.8	11047.5
34632	1636.6	1864.7	10988.0
68223	1642.8	1868.7	11407.6
53058	1649.8	1894.7	11302.4
19319	1646.1	1891.5	11261.1
18907	1663.0	1885.3	11327.3
63033	1655.4	1880.9	11530.9
48107	1633.1	1879.9	10976.2
18539	1649.9	1796.8	11035.4
69773	1654.0	1909.4	11472.9
48613	1635.7	1808.6	10874.3
4609	1657.5	1898.7	11334.2
39675	1661.0	1904.3	11292.1
55984	1643.7	1891.2	11376.2
26327	1650.9	1932.8	11244.2
34196	1631.1	1837.6	10847.5
6241	1641.0	1901.6	11088.4
8607	1644.1	1914.5	11160.1
1239	1650.7	1908.0	11848.4
36701	1657.2	1888.5	11312.0
53973	1629.2	1792.1	10749.8
49281	1667.3	1971.9	12027.8
40523	1634.8	1802.3	10819.3
1831	1654.6	1856.1	11044.3
22105	1654.8	1942.3	11378.0
54408	1637.3	1859.1	10925.0
1175	1644.4	1879.2	11122.9
40330	1648.6	1862.0	11009.6
68034	1664.0	1932.9	11844.5
58693	1658.7	1921.7	11511.2
28767	1649.0	1930.3	11284.6
34899	1651.5	1884.5	11312.5
32212	1637.6	1892.5	11056.7
59422	1627.7	1835.3	10925.1
61975	1632.9	1854.8	10900.2
34991	1651.0	1900.5	11194.6
50807	1659.7	1887.9	11651.5
7434	1652.0	1952.2	11362.7
19305	1638.4	1911.5	11453.5
32078	1658.5	1933.8	11687.3
51638	1651.8	1899.6	11365.2
41077	1654.3	1870.2	11301.4
27179	1655.9	1921.0	11496.1
7875	1651.7	1859.7	11394.1
68806	1636.7	1858.1	11092.5
55628	1651.9	1926.1	11721.7
31026	1659.0	1963.9	11700.5
21836	1641.3	1881.2	11286.3
62512	1662.8	1894.2	11373.8
26554	1647.9	1882.9	11306.0
59220	1651.7	1908.8	11381.5
69278	1650.2	1903.6	11439.7
25788	1630.3	1853.0	10869.8
40803	1643.9	1889.2	11177.5
68781	1635.7	1846.7	11098.5
36522	1653.2	1853.0	11404.7
621	1647.1	1909.9	11358.2
24889	1640.7	1891.1	11091.3
45265	1668.2	1896.0	11663.5
1477	1637.2	1903.7	10962.2
55226	1646.0	1808.8	10963.6
65996	1641.3	1896.5	11192.2
50731	1657.7	1905.0	11411.7
44043	1647.4	1873.7	11240.9
65426	1650.1	1866.2	11449.8
38002	1635.9	1849.9	10886.8
17752	1646.3	1867.7	11588.5
6825	1644.1	1934.2	11307.0
11368	1667.1	1940.1	11515.9
43413	1639.8	1899.8	11305.4
63319	1647.3	1885.2	11152.8
4434	1648.3	1905.1	11145.6
30138	1657.1	1874.5	11246.5
49663	1661.0	1894.3	11367.2
67646	1654.2	1954.5	11510.1
15959	1649.4	1918.8	11458.8
61912	1642.6	1932.8	11233.9
24533	1664.1	1934.9	11554.4
62416	1652.1	1886.6	11246.7
32974	1653.3	1909.2	11334.0
67822	1645.8	1853.7	11148.3
20298	1663.6	1889.3	11188.8
24233	1644.3	1894.1	11184.8
44586	1650.3	1863.9	11079.9
7803	1653.2	1891.5	11177.4
8536	1658.7	1964.2	11569.7
15153	1647.2	1890.4	11196.4
66114	1652.4	1853.2	11231.9
22703	1632.4	1861.5	11044.0
51637	1660.7	1884.0	11307.4
6360	1659.8	1928.2	11562.6
59748	1652.6	1839.7	11043.4
4457	1642.9	1884.8	11521.0
31769	1637.0	1895.9	10923.9
54571	1649.8	1871.6	11477.7
49791	1649.2	1879.0	11044.9
48580	1636.6	1878.5	10948.2
43857	1636.7	1842.9	10949.7
15297	1659.5	1931.1	11314.3
2660	1655.6	1904.3	11376.2
55645	1650.5	1891.6	11217.3
3527	1644.2	1848.1	10947.0
12930	1643.4	1923.1	11358.1
3581	1648.6	1905.4	11379.1
38595	1646.1	1857.5	11368.6
21726	1667.3	1931.2	11547.4
30876	1656.1	1902.5	11451.5
27329	1636.9	1903.6	11365.3
55518	1644.2	1846.5	11109.1
58675	1650.9	1883.9	11199.9
43179	1641.4	1869.4	11305.0
8064	1648.8	1927.3	11180.4
6007	1640.6	1855.9	11033.8
2042	1652.8	1919.2	11074.4
40649	1645.1	1856.7	11092.5
68323	1642.9	1896.2	11100.0
44933	1637.5	1879.5	11028.8
41222	1643.0	1902.8	11123.3
7287	1651.3	1894.4	11206.2
20147	1666.6	1943.9	11649.3
50186	1650.2	1881.9	11059.2
12453	1653.8	1965.2	11510.4
52797	1649.4	1890.1	11343.5
17633	1635.7	1872.8	11122.4
58501	1665.5	1948.1	11701.5
6957	1636.7	1886.6	11050.0
6675	1653.6	1919.9	11509.3
42620	1643.6	1853.3	10935.0
1372	1636.9	1895.4	11071.7
52445	1661.5	1907.1	11614.7
64975	1648.1	1885.5	11240.0
7709	1645.3	1907.2	11512.0
10387	1645.8	1879.7	11553.3
36294	1652.6	1888.7	11243.4
15765	1645.4	1881.7	11098.4
24813	1640.2	1905.6	11215.0
58379	1652.5	1902.3	11277.0
45974	1651.3	1898.7	11294.5
13376	1650.9	1918.4	11279.3
45811	1664.1	1894.3	11478.3
61827	1648.5	1877.7	11178.0
60371	1625.8	1873.1	10891.5
13196	1651.7	1963.1	11700.5
38527	1661.1	1975.0	11984.4
40257	1636.7	1924.3	11399.9
29704	1648.9	1963.3	11397.8
16898	1641.5	1902.1	11231.4
6175	1631.8	1820.4	10701.0
47998	1641.2	1883.8	11138.6
55157	1661.4	1864.7	11219.8
64364	1655.7	1882.4	11236.2
46551	1643.8	1855.3	10915.0
58992	1647.0	1853.1	11278.7
68484	1631.1	1820.8	10783.9
49699	1639.5	1899.6	11171.8
41732	1637.2	1862.6	10832.8
53700	1629.6	1868.9	10936.0
3706	1640.3	1885.9	11306.3
32534	1658.6	1917.8	11335.9
35850	1659.1	1895.8	11492.6
63281	1636.5	1839.2	10937.8
60118	1652.0	1865.0	11137.9
8987	1652.1	1906.9	11033.8
66297	1633.1	1826.3	10871.6
17431	1655.1	1909.7	11420.5
18342	1651.1	1891.6	11107.9
59065	1650.4	1851.8	11194.8
380	1656.1	1939.1	11390.0
56233	1653.3	1890.3	11137.9
1379	1647.7	1864.7	11012.6
46490	1646.0	1855.7	11056.8
44758	1643.8	1863.0	11013.0
67628	1648.2	1918.6	11691.8
46464	1656.8	1889.9	11144.3
43810	1655.6	1876.4	11153.8
36535	1639.0	1909.2	11109.8
41148	1650.1	1898.7	11166.9
21400	1645.2	1882.7	11273.6
53958	1662.4	1914.2	11319.7
15426	1653.8	1924.3	11395.7
26214	1651.3	1867.0	11170.0
7862	1638.5	1877.7	11134.0
1202	1637.0	1935.0	11027.0
2830	1648.6	1903.3	11256.3
65066	1665.4	1847.6	11225.5
13893	1649.0	1918.5	11125.6
28196	1660.0	1909.8	11701.1
43615	1661.9	1920.7	11308.5
8815	1655.4	1934.9	11438.1
643	1650.8	1895.1	11066.7
68003	1646.1	1884.0	11430.7
35751	1639.1	1865.7	11169.0
31280	1641.8	1906.2	11152.5
42680	1636.5	1918.2	11210.7
36608	1639.5	1807.2	10774.8
16722	1642.1	1857.5	11040.7
59827	1650.5	1918.8	11286.5
50282	1647.2	1853.8	11249.3
36716	1641.0	1903.0	11116.3
29698	1646.2	1901.5	11061.1
52644	1630.9	1866.3	11254.6
28163	1647.0	1858.1	11201.2
66585	1640.0	1862.5	11226.2
56343	1646.2	1873.7	11055.2
63884	1645.8	1876.6	11670.8
45702	1636.7	1853.6	10925.7
55096	1641.9	1845.8	11013.8
12774	1631.3	1835.7	10902.0
41183	1651.5	1933.1	11472.4
39147	1643.7	1883.1	11057.9
41712	1646.8	1906.4	11281.7
38086	1649.0	1867.0	11174.5
39171	1659.5	1906.2	11399.6
16969	1651.7	1910.9	11468.6
18274	1641.8	1857.7	11017.4
36862	1631.6	1800.9	11094.2
55635	1638.4	1859.4	10884.2
66794	1650.1	1886.5	11226.6
16189	1647.6	1866.2	11045.8
46127	1645.9	1881.9	11191.2
69347	1638.4	1831.2	10933.3
37382	1639.5	1844.6	10856.7
6606	1641.9	1905.4	11020.7
48988	1643.0	1891.4	11328.6
49503	1653.8	1891.1	11304.8
44893	1648.1	1857.2	11081.3
48855	1642.5	1825.4	10994.5
4388	1657.7	1889.3	11189.9
21904	1642.8	1858.2	11015.1
34412	1651.3	1891.3	11300.2
7743	1645.9	1910.4	11085.3
41565	1642.8	1821.4	10886.4
51185	1632.2	1809.4	10950.8
54206	1652.5	1912.3	11197.1
15971	1648.6	1957.2	11173.2
48087	1640.6	1905.5	11094.2
48623	1644.5	1875.6	11308.7
62666	1641.8	1845.4	11144.7
9881	1648.8	1959.9	11374.1
26913	1636.2	1850.9	10962.6
41674	1642.5	1882.5	11213.0
68319	1657.6	1927.5	11505.8
41726	1653.2	1910.5	11367.1
30862	1653.8	1892.0	11805.9
11849	1646.4	1862.8	11120.3
58257	1640.7	1913.2	11013.5
65574	1654.2	1950.8	11462.3
27237	1645.1	1813.8	10985.7
58888	1647.5	1877.5	11495.7
39340	1644.3	1879.2	11232.5
50209	1659.9	1924.9	11583.8
16099	1673.2	1944.1	11951.2
59025	1659.7	1906.4	11421.5
37293	1637.5	1883.4	11126.6
14350	1640.7	1900.2	11257.1
10278	1641.5	1895.2	11076.9
1270	1658.5	1937.1	11462.7
30270	1646.4	1887.4	11046.8
4824	1657.0	1867.8	11280.5
32996	1656.4	1928.5	11484.3
6881	1658.2	1922.6	11327.9
9190	1653.2	1891.7	11422.6
31872	1646.7	1887.8	11359.1
3766	1650.9	1950.0	11479.1
40940	1648.4	1903.0	11343.0
35275	1655.8	1953.1	11506.6
39804	1641.5	1874.3	10985.1
28172	1647.8	1865.2	11346.9
58376	1645.8	1886.7	11005.2
35228	1649.7	1939.1	11454.4
32877	1656.9	1923.4	11533.8
42372	1667.6	1988.7	12222.0
62277	1650.5	1864.4	11121.8
30413	1654.5	1917.0	11337.5
63278	1646.0	1872.2	10979.3
46629	1651.6	1882.3	11285.0
8411	1655.4	1916.8	11560.2
11152	1648.2	1876.8	11061.8
23272	1635.9	1867.0	10763.7
63452	1650.3	1865.8	11187.0
28587	1636.3	1862.4	11005.0
9565	1637.6	1909.4	11071.5
45986	1643.7	1872.9	11136.4
34617	1641.2	1884.9	10963.6
6302	1651.7	1907.6	11578.8
38706	1654.1	1902.5	11528.0
52619	1650.9	1892.3	11653.8
51117	1651.3	1891.6	11265.2
1574	1651.9	1889.5	11246.4
25495	1642.0	1874.6	11212.5
53039	1664.6	1941.8	12031.3
50490	1653.5	1891.6	11186.6
57034	1654.6	1914.8	11378.2
52050	1662.6	1921.0	11493.8
67308	1647.8	1890.1	11256.0
53692	1665.4	1946.8	11519.0
35564	1659.1	1978.1	11801.6
