6471	1171.1	1410.7	3110.6
10680	1170.7	1377.8	3062.6
9380	1167.1	1408.7	3084.3
12293	1166.0	1394.2	3002.3
13895	1164.9	1392.6	3038.6
13815	1160.3	1315.1	2966.4
14480	1172.7	1380.6	3111.2
13761	1172.1	1448.5	3178.0
2907	1166.8	1377.4	2992.6
13244	1174.1	1406.3	3022.7
7217	1163.4	1431.0	3072.2
13757	1175.3	1462.7	3172.6
5666	1176.7	1472.7	3093.0
6461	1171.2	1420.0	3114.5
7835	1175.9	1457.5	3170.1
4279	1176.4	1454.3	3178.3
6996	1167.5	1412.4	3035.6
7821	1170.8	1440.7	3108.3
6368	1174.0	1464.2	3074.1
2948	1173.2	1466.2	3144.5
14862	1160.5	1387.5	2960.5
12417	1165.8	1407.4	3051.2
13991	1171.7	1371.3	3026.1
9383	1172.8	1398.7	3151.8
2783	1173.8	1455.8	3117.6
7999	1163.1	1398.6	2990.8
13680	1170.8	1455.8	3130.7
11274	1176.5	1455.4	3154.9
7016	1173.2	1412.6	3119.2
2290	1171.1	1417.1	3082.6
3791	1162.7	1370.7	2937.5
1987	1168.4	1443.3	3027.0
13481	1172.0	1449.7	3124.9
3924	1173.7	1441.9	3156.8
6104	1166.6	1394.0	3043.0
5848	1168.8	1411.0	3086.6
5293	1156.5	1348.4	2942.2
11559	1165.2	1393.3	3014.7
13272	1167.4	1384.8	2998.3
8814	1171.8	1432.4	3094.2
4162	1170.7	1388.9	3027.6
13884	1173.7	1393.0	3033.0
7811	1169.9	1403.9	3087.4
6248	1161.3	1390.2	2992.0
14658	1171.5	1400.1	3078.6
3181	1168.2	1381.7	3042.9
12173	1169.3	1452.4	3143.3
3006	1160.9	1396.0	2993.8
5570	1167.5	1338.1	2981.7
13188	1175.7	1448.7	3088.1
12923	1158.4	1361.8	3018.0
1644	1160.8	1359.7	2936.2
8431	1160.1	1398.5	3097.6
8169	1166.0	1414.8	3122.6
5696	1166.9	1461.1	3140.6
7150	1175.2	1460.1	3149.1
1916	1161.2	1382.1	2977.0
8240	1175.8	1456.2	3113.3
2973	1176.6	1427.4	3095.9
11153	1166.1	1398.0	3060.1
9563	1162.2	1424.0	3057.8
4585	1166.2	1398.9	3048.6
13590	1171.8	1405.0	3050.9
8474	1173.9	1416.9	3077.5
4571	1166.0	1416.9	3056.3
1506	1178.2	1472.3	3186.1
9497	1172.3	1405.7	3070.9
3012	1166.2	1377.3	2990.5
7810	1163.6	1387.6	3020.4
2846	1162.9	1405.9	3025.0
10782	1177.5	1421.8	3161.9
9560	1168.7	1403.5	3068.1
6395	1165.7	1403.6	3042.3
6777	1173.8	1442.9	3089.9
10442	1173.7	1453.1	3120.9
11722	1171.8	1417.1	3066.9
6483	1176.7	1437.5	3136.3
4790	1157.0	1380.9	2975.3
8497	1171.8	1441.9	3086.6
10521	1170.1	1426.1	3029.5
13110	1167.1	1376.7	3032.6
5611	1166.7	1414.5	3081.1
8605	1166.7	1398.6	3065.4
4671	1168.5	1408.7	3063.6
499	1175.6	1399.4	3105.7
9428	1168.8	1441.5	3243.5
1469	1162.0	1387.5	3097.0
1265	1162.5	1390.6	2985.6
8934	1165.8	1409.3	3125.5
7768	1167.9	1432.8	3131.6
5272	1164.2	1367.1	2980.3
3824	1170.0	1384.1	3050.5
1854	1181.9	1445.7	3144.7
5029	1167.4	1402.6	3145.4
949	1169.7	1413.2	3141.0
13017	1173.8	1375.8	3103.2
4615	1161.8	1379.9	2979.7
4706	1170.6	1396.6	3045.9
11903	1165.5	1386.3	3043.6
2479	1164.3	1406.3	3028.5
3048	1169.8	1415.3	3050.8
9628	1171.2	1399.1	3053.3
9622	1171.5	1437.0	3133.1
1951	1171.4	1394.2	3093.9
13756	1170.8	1445.8	2995.5
10311	1170.8	1431.3	3076.6
12249	1175.8	1500.7	3175.4
1357	1166.2	1431.8	3113.1
11543	1159.2	1356.3	2984.3
14163	1165.0	1376.3	3033.6
4354	1170.4	1450.4	3087.4
13575	1176.3	1411.7	3326.5
4826	1165.5	1417.4	3071.3
6759	1164.9	1403.7	3030.6
13404	1170.5	1425.9	3125.7
14176	1163.0	1416.3	3017.7
658	1162.7	1434.6	3060.4
726	1175.0	1458.3	3117.4
2523	1166.1	1436.8	3017.9
8687	1170.1	1407.6	3035.5
6979	1156.0	1388.7	2953.7
1808	1181.0	1468.3	3203.7
4525	1168.3	1453.0	3055.6
11657	1171.3	1440.0	3090.6
986	1169.9	1506.9	3174.7
13311	1176.6	1421.9	3093.1
11239	1174.6	1391.4	3061.6
4203	1168.0	1388.8	3008.1
8576	1168.3	1393.4	3096.5
12332	1169.5	1417.1	3154.8
3020	1171.2	1465.4	3161.9
540	1168.8	1413.9	3028.9
6551	1164.0	1402.4	3038.2
3757	1165.8	1383.0	3020.3
6976	1163.8	1449.2	3079.3
3212	1165.4	1473.4	3171.0
14158	1175.9	1433.1	3162.3
7603	1171.7	1458.4	3229.3
2398	1162.0	1425.8	3067.7
14523	1166.0	1474.5	3131.6
7847	1174.0	1409.0	3070.9
10940	1168.7	1441.5	3064.3
12549	1179.7	1408.5	3144.2
11388	1165.8	1412.3	3102.0
6221	1170.0	1390.8	3017.2
9249	1167.6	1375.9	3046.5
12446	1162.5	1401.6	3011.7
3245	1159.5	1376.7	3038.3
4068	1170.4	1440.4	3176.2
8493	1170.6	1469.6	3159.9
9276	1164.3	1420.1	3025.5
14627	1164.1	1377.8	3020.4
3354	1167.0	1476.0	3129.0
14217	1175.6	1497.2	3354.9
6136	1172.9	1418.0	3073.5
730	1176.7	1402.0	3060.2
14373	1170.8	1486.5	3226.5
5572	1174.3	1439.6	3214.7
3350	1163.9	1345.8	2937.8
6214	1172.8	1403.9	3107.8
1628	1165.1	1449.5	3073.3
7798	1168.5	1426.7	3131.2
9400	1167.7	1386.4	3057.8
5713	1178.0	1467.2	3151.3
59	1174.6	1418.3	3078.7
2586	1167.4	1419.6	3212.2
10215	1165.4	1408.7	3036.3
2484	1153.1	1387.4	2970.5
1599	1163.1	1420.5	3146.7
5532	1169.0	1388.9	3056.2
12884	1168.1	1378.9	3017.3
5259	1167.5	1396.0	3101.5
3180	1171.8	1449.1	3087.8
3130	1171.1	1393.6	3036.8
179	1170.4	1453.4	3120.8
13215	1170.5	1374.6	3060.2
2585	1167.7	1391.1	3006.5
5433	1167.3	1350.9	3017.0
4069	1160.1	1382.2	3042.4
4502	1159.3	1401.7	2993.0
297	1179.1	1457.2	3161.6
10239	1180.0	1460.0	3209.4
14546	1166.5	1366.7	3007.4
3451	1163.9	1400.3	2976.5
2269	1172.4	1442.4	3114.2
12415	1172.8	1413.3	3046.1
10525	1167.8	1401.2	3071.8
5726	1163.9	1396.0	2990.9
9377	1158.5	1460.5	3047.1
13816	1173.4	1410.5	3101.0
4104	1161.3	1401.0	3000.3
11476	1158.7	1326.9	2913.6
4922	1177.7	1458.0	3256.1
6597	1159.9	1411.4	3008.8
1962	1171.6	1427.3	3279.5
11475	1162.8	1367.4	2979.0
5725	1166.8	1415.5	3052.6
12788	1173.1	1459.9	3178.3
5394	1166.5	1399.0	3076.8
1618	1169.6	1396.1	3031.5
6654	1165.2	1418.2	3054.5
3605	1165.9	1386.5	3021.4
11037	1171.4	1408.8	3108.1
11820	1163.0	1393.3	3011.4
3221	1173.3	1413.0	3081.7
1793	1171.0	1409.9	3102.9
13134	1177.7	1462.2	3416.1
14189	1155.9	1338.1	2901.3
12750	1178.4	1435.9	3143.7
11679	1164.9	1401.9	3083.5
2737	1163.8	1419.4	3014.5
4193	1172.9	1419.1	3088.8
6540	1167.3	1427.0	3049.1
2815	1157.1	1409.2	3004.8
140	1169.9	1434.0	3142.7
3769	1176.1	1420.2	3137.3
9631	1164.6	1411.0	3072.5
7891	1174.9	1484.1	3270.2
10071	1167.7	1442.5	3092.7
4569	1166.7	1469.9	3222.0
13633	1163.3	1384.2	3002.3
4921	1156.1	1320.0	2890.3
6138	1171.2	1429.4	3067.3
5131	1172.0	1402.4	3087.2
3010	1172.6	1396.1	3057.2
11723	1161.9	1383.6	3041.4
13947	1166.3	1433.1	3043.2
10719	1173.4	1455.8	3188.0
11006	1177.8	1459.4	3126.5
6305	1171.6	1443.9	3084.6
2665	1168.9	1398.1	3063.4
4325	1168.7	1477.2	3206.0
7776	1178.1	1514.4	3217.0
5813	1168.7	1368.9	3030.4
3026	1174.5	1419.8	3148.0
3164	1174.3	1457.6	3144.5
884	1163.7	1394.3	2983.8
3881	1165.3	1402.2	3020.8
11441	1168.5	1451.4	3070.4
4458	1164.7	1401.4	2996.3
7794	1161.2	1396.1	2989.7
946	1161.8	1369.7	3001.1
8130	1167.2	1451.1	3109.7
4739	1165.7	1390.4	3076.5
3344	1169.8	1462.7	3058.3
14007	1170.5	1408.7	3130.3
2694	1174.5	1452.6	3169.4
11525	1166.6	1421.5	3108.4
4208	1165.5	1420.4	3053.5
1929	1161.7	1382.4	2985.7
3426	1166.0	1446.0	3174.1
13524	1161.5	1413.2	3103.1
6631	1164.5	1450.6	3105.5
14097	1165.6	1374.2	2997.6
5257	1167.0	1452.7	3113.7
2964	1157.0	1394.8	2996.6
11673	1170.2	1365.5	3011.6
2937	1177.7	1417.4	3156.4
2852	1184.2	1503.7	3337.0
14675	1161.3	1410.5	3036.9
1094	1175.0	1441.9	3061.8
14227	1174.9	1416.8	3139.9
9271	1168.8	1401.9	3047.1
4469	1164.5	1416.3	3021.3
11836	1160.0	1435.9	3105.1
2758	1162.4	1439.9	3008.9
3168	1172.9	1440.3	3103.2
123	1174.1	1449.6	3068.6
1033	1164.2	1411.8	3042.8
3386	1171.0	1462.1	3143.6
10792	1171.9	1405.4	3104.6
13929	1169.5	1453.7	3096.6
4226	1166.2	1417.1	3090.9
1100	1178.3	1440.2	3165.4
1319	1170.9	1406.3	3041.8
10682	1169.1	1414.7	3060.7
259	1168.3	1392.8	3001.5
4606	1155.0	1362.4	2914.0
11319	1171.8	1456.6	3130.3
13503	1170.7	1382.4	3063.1
8143	1168.3	1447.8	3131.4
10952	1160.1	1391.4	2972.5
10860	1168.0	1420.7	3109.9
4188	1167.4	1404.4	3043.6
1559	1167.0	1393.2	3044.4
7740	1167.3	1423.8	3469.5
11223	1162.3	1361.2	3020.7
2226	1167.8	1395.6	3106.1
2424	1169.7	1400.0	3057.4
12830	1162.1	1430.4	3074.4
14974	1158.4	1377.9	3063.6
12912	1160.4	1389.4	3042.2
1438	1175.2	1395.9	3074.5
11833	1164.0	1407.8	3011.6
11554	1164.2	1415.4	3044.9
5953	1168.4	1410.7	3033.7
6569	1165.4	1380.8	3029.7
12276	1166.4	1436.6	3114.5
11472	1162.0	1354.5	3047.5
973	1165.3	1453.4	3098.2
10664	1166.9	1424.0	3074.0
8509	1170.8	1448.4	3112.6
1143	1171.4	1450.6	3152.3
10449	1166.5	1422.0	3128.6
6491	1162.1	1397.7	2980.1
8357	1160.0	1412.0	3043.3
1983	1157.7	1363.4	2968.6
10342	1165.1	1367.7	2924.9
11049	1167.3	1438.3	3161.8
14756	1164.4	1377.5	2981.4
14261	1156.3	1347.0	2864.1
7015	1167.1	1417.8	3056.8
7359	1164.4	1397.5	3000.1
4975	1166.4	1381.5	3055.1
11063	1175.9	1399.8	3118.7
4657	1171.1	1415.6	3076.5
7332	1165.9	1387.5	2994.8
2697	1163.6	1356.1	2948.4
12979	1168.7	1401.0	3084.9
13401	1161.7	1413.7	2994.0
13038	1163.5	1434.9	3082.6
3417	1158.3	1388.4	3005.7
7727	1167.4	1377.9	3004.3
10771	1167.6	1409.0	3063.3
9426	1158.9	1346.8	3006.5
11142	1173.4	1408.6	3102.3
8495	1159.7	1354.6	2971.3
1013	1162.5	1407.9	3023.5
4347	1168.8	1432.6	3056.3
12706	1161.4	1396.8	3071.3
10713	1168.3	1378.0	3031.0
8070	1172.0	1454.3	3070.6
7888	1169.7	1382.2	3043.5
4113	1181.1	1473.4	3256.4
6529	1172.6	1446.6	3205.7
3794	1159.2	1400.5	3040.1
6503	1175.2	1421.5	3151.0
8022	1169.3	1428.2	3101.7
8629	1160.1	1458.5	3165.6
8447	1175.5	1438.2	3242.8
14283	1155.5	1370.4	2988.7
6019	1158.7	1397.2	3136.5
14625	1166.0	1412.0	2993.9
12591	1178.1	1480.6	3239.7
5820	1173.1	1398.0	3110.7
13429	1171.3	1411.6	3099.4
1120	1176.1	1467.0	3192.4
5837	1155.1	1327.8	2875.1
804	1162.9	1406.9	3040.5
13648	1163.3	1373.0	3032.3
14339	1170.2	1451.0	3074.2
1467	1159.1	1388.9	2956.8
13654	1172.5	1454.4	3199.4
10250	1170.0	1397.3	3078.7
14644	1165.4	1410.6	3024.5
11667	1166.2	1429.1	3147.6
8828	1172.9	1423.2	3113.7
10829	1163.8	1388.9	3049.0
2905	1171.9	1447.4	3155.2
14746	1164.0	1364.0	2987.5
4607	1174.4	1426.9	3062.2
2289	1165.1	1389.2	2978.4
5275	1167.8	1402.3	3088.9
1315	1160.7	1393.0	2950.0
2946	1174.2	1405.8	3100.6
3116	1174.9	1436.4	3065.3
3815	1168.4	1430.9	3108.8
14405	1165.1	1425.8	3051.1
8084	1161.6	1381.3	2996.3
8881	1170.6	1411.3	3039.5
97	1168.8	1412.9	3013.2
13204	1168.9	1435.7	3037.9
10864	1175.9	1431.5	3275.5
4061	1160.7	1354.5	3037.8
199	1174.8	1467.3	3425.4
2324	1170.4	1424.5	3057.3
14425	1181.1	1463.0	3236.5
122	1172.0	1428.8	3126.5
14152	1165.9	1372.5	3020.7
3540	1166.4	1411.3	3077.9
4760	1160.8	1395.7	3013.6
2919	1171.6	1486.5	3122.3
6783	1164.6	1421.9	3062.5
1370	1163.2	1421.4	3037.4
3797	1162.8	1386.5	2989.7
11355	1165.0	1440.9	3096.4
5442	1168.2	1401.8	3033.1
2159	1167.5	1419.2	3073.4
1466	1161.4	1440.2	3044.7
5964	1168.6	1403.1	3048.7
1604	1170.8	1392.5	3095.3
8642	1169.1	1385.9	3006.3
5559	1163.8	1427.1	3060.0
9808	1173.6	1412.5	3140.2
2906	1162.8	1377.1	2957.6
2756	1173.6	1423.8	3169.0
8449	1173.5	1437.2	3104.9
8618	1165.2	1385.3	3026.8
9145	1173.2	1448.0	3124.6
7314	1166.8	1444.1	3079.1
2016	1162.1	1375.4	2996.1
3440	1153.7	1359.6	2916.8
11521	1167.1	1459.6	3105.0
11264	1159.3	1424.6	3102.9
4740	1171.5	1444.6	3129.9
5557	1169.0	1443.9	3036.8
1243	1170.3	1408.0	3071.7
8630	1174.3	1378.5	3043.9
4014	1162.9	1412.0	3085.9
2786	1168.3	1393.6	3007.2
748	1174.5	1426.6	3058.4
737	1176.2	1440.1	3269.0
1504	1174.5	1481.4	3203.5
11577	1174.2	1450.7	3147.5
6531	1178.3	1462.6	3216.8
6451	1173.7	1439.4	3127.5
11474	1160.7	1357.6	2960.7
5687	1170.3	1428.5	3100.3
4065	1161.9	1420.0	3086.4
3271	1166.6	1444.9	3030.6
11372	1173.1	1450.5	3128.1
2921	1158.2	1389.3	2970.4
7529	1166.1	1354.8	3021.7
13723	1166.9	1420.5	3106.3
12525	1171.0	1412.7	3135.4
9140	1171.6	1435.0	3076.1
3039	1165.1	1423.7	3130.7
11229	1165.9	1416.8	3028.8
305	1163.2	1413.8	3070.1
3444	1174.5	1483.6	3206.3
10759	1156.7	1346.6	2922.9
5417	1169.2	1463.5	3106.0
4445	1162.8	1398.4	3065.2
3566	1168.3	1439.1	3106.7
1977	1161.5	1378.0	3038.1
7309	1185.4	1505.4	3349.8
14109	1158.9	1380.2	3028.0
11225	1171.4	1427.9	3083.9
13059	1173.2	1406.5	3079.1
13800	1166.9	1394.9	3050.0
889	1171.2	1428.7	3133.5
6710	1162.7	1411.0	3122.4
9775	1176.5	1441.2	3198.0
4994	1174.3	1415.2	3165.3
10890	1172.2	1420.2	3141.7
7802	1173.2	1469.7	3162.8
4479	1160.6	1408.9	2998.6
3095	1175.9	1509.8	3147.1
11377	1173.3	1443.2	3148.6
7438	1174.1	1436.3	3137.6
836	1166.7	1372.2	3005.3
10972	1159.0	1383.7	2962.6
13697	1174.3	1453.2	3095.8
2747	1170.8	1407.9	3025.4
7579	1156.5	1375.9	2907.8
1544	1162.1	1438.8	3058.4
11681	1172.9	1477.3	3206.1
6303	1166.8	1441.4	3086.4
1800	1173.1	1424.2	3060.0
9282	1171.2	1406.7	3040.5
6382	1171.9	1419.9	3107.2
9435	1175.6	1427.0	3056.3
1498	1163.9	1409.4	3018.5
5035	1159.0	1378.5	2945.6
8770	1169.4	1428.8	3110.9
9451	1169.2	1433.3	3290.4
10703	1158.4	1387.4	2942.6
3369	1175.4	1427.6	3074.1
6969	1172.6	1407.7	3087.9
1815	1166.6	1362.3	3029.3
8922	1171.3	1398.3	3059.5
3310	1166.3	1429.5	3115.4
13553	1167.2	1408.2	3045.5
10130	1164.8	1364.5	2997.8
1852	1168.6	1422.1	3067.5
8239	1167.8	1458.2	3087.4
14600	1164.5	1399.2	3347.3
9176	1172.0	1454.4	3138.1
535	1171.3	1406.9	3072.3
11340	1170.9	1419.4	3205.7
11949	1167.6	1451.2	3067.0
12822	1163.1	1383.3	3013.0
13909	1166.3	1418.7	3024.1
2203	1169.9	1395.2	3075.0
9093	1172.1	1422.4	3038.6
2870	1172.3	1380.8	3072.6
2669	1167.1	1428.6	3163.5
11622	1168.6	1359.4	3003.0
10727	1174.4	1413.2	3130.8
7857	1174.0	1383.7	3113.1
10298	1161.4	1391.1	3035.5
9829	1155.4	1353.2	2942.3
11531	1163.7	1453.4	3099.4
8147	1164.9	1416.7	3046.1
14407	1179.9	1437.7	3168.6
3858	1165.4	1395.7	3065.4
11028	1177.4	1425.4	3088.3
13325	1167.7	1478.4	3297.7
12708	1163.6	1416.8	3019.3
248	1171.3	1436.5	3071.1
8625	1161.4	1367.6	3040.6
5930	1161.1	1429.5	3042.1
349	1170.9	1400.6	3068.9
8420	1161.8	1346.4	2968.4
2653	1176.8	1433.8	3091.6
5939	1183.4	1476.2	3153.8
14030	1173.7	1437.9	3100.1
527	1169.9	1452.0	3108.5
2267	1161.6	1411.3	2998.4
3753	1170.8	1433.4	3076.4
11131	1172.8	1444.4	3135.3
8439	1158.5	1398.1	3024.9
11924	1168.8	1391.0	3062.7
14986	1169.2	1403.0	3090.6
14934	1159.8	1358.7	2991.9
263	1166.6	1364.2	2998.5
6685	1167.0	1378.3	3053.8
10770	1171.3	1473.2	3204.5
14891	1176.3	1454.2	3174.2
3186	1177.2	1424.9	3151.9
13808	1167.1	1432.0	3092.4
9851	1162.4	1408.1	3012.3
1636	1177.1	1441.5	3121.3
1447	1174.9	1473.9	3200.1
7300	1159.4	1415.2	2991.5
3126	1158.9	1418.1	3038.9
3700	1165.0	1381.9	2982.6
14237	1167.7	1385.6	3003.2
1386	1170.2	1431.8	3079.0
11786	1162.1	1359.0	3020.6
762	1171.2	1415.2	3171.8
1905	1161.7	1368.9	3006.3
12821	1163.1	1365.7	3007.6
2981	1169.4	1415.2	3063.5
5246	1161.7	1392.4	3000.6
2467	1165.1	1406.2	3142.0
781	1173.7	1464.9	3159.6
2508	1157.0	1348.6	2911.4
7957	1172.5	1394.6	3111.8
13626	1168.0	1400.2	3009.0
12740	1166.5	1419.0	3063.2
14011	1168.1	1428.4	3086.7
12905	1160.2	1386.5	2929.2
1522	1162.5	1435.9	3106.7
3294	1172.5	1413.2	3097.7
10942	1171.3	1437.6	3124.9
5495	1167.1	1386.3	3044.4
13548	1171.8	1393.2	3076.2
10398	1166.6	1401.0	3096.9
65	1163.0	1406.3	3010.4
14634	1165.2	1393.0	3000.9
6667	1171.0	1438.3	3119.1
319	1170.1	1411.4	3133.5
9034	1166.1	1422.2	3028.6
13285	1164.8	1385.8	2960.2
944	1169.1	1423.5	3104.6
2004	1164.7	1399.4	3041.2
11224	1161.3	1381.1	2984.5
11707	1162.6	1387.7	2988.6
14455	1161.6	1391.1	2984.9
14436	1169.1	1374.8	2961.4
1006	1174.0	1409.3	3094.9
10296	1170.2	1427.7	3082.5
14628	1162.4	1399.1	3022.8
14904	1171.8	1397.2	3093.7
2613	1167.8	1428.5	3040.4
405	1161.6	1387.3	2981.9
10787	1169.8	1434.5	3086.6
9416	1176.3	1447.9	3197.0
9061	1171.5	1421.3	3134.0
2974	1170.9	1430.7	3131.5
3987	1161.5	1383.0	2985.7
5268	1167.7	1403.0	3034.1
12352	1170.9	1397.2	3192.3
2071	1168.7	1413.2	3103.6
4428	1173.4	1479.5	3141.8
12203	1162.5	1369.1	2964.6
14275	1171.7	1413.4	3163.2
9694	1164.8	1397.0	3171.0
9604	1173.5	1458.7	3170.5
6749	1168.0	1468.4	3106.7
13578	1165.3	1391.5	3061.2
206	1172.7	1402.9	3081.5
1459	1168.2	1440.5	3051.4
10090	1171.9	1440.9	3091.1
2740	1162.7	1365.6	3006.9
2170	1171.2	1440.8	3108.0
11987	1169.6	1413.9	3069.1
4676	1175.7	1412.2	3141.4
4179	1163.5	1412.8	3060.1
7158	1164.7	1431.7	3009.9
13743	1164.6	1381.0	3019.4
2832	1171.7	1405.8	3035.5
6469	1160.8	1361.9	3055.5
10255	1168.1	1416.2	3053.0
9078	1160.3	1380.2	3008.5
10299	1157.1	1420.0	2974.0
10385	1166.2	1416.0	3167.6
5315	1157.3	1358.0	2957.1
7914	1176.1	1455.6	3175.0
6319	1165.4	1416.5	3054.6
7988	1159.1	1358.4	2946.7
5355	1164.2	1414.6	3081.0
1720	1159.3	1404.1	3039.1
12586	1169.9	1414.8	3092.4
13557	1167.2	1425.1	3241.5
13179	1171.3	1413.3	3096.6
2589	1177.5	1423.7	3137.5
14802	1162.8	1384.9	3079.5
14383	1168.6	1407.2	3107.8
9791	1167.5	1414.1	3038.5
14307	1164.9	1416.4	3080.1
4121	1178.9	1441.1	3178.1
14782	1170.9	1417.6	3068.9
12796	1168.1	1451.4	3108.9
8166	1163.0	1372.6	3007.2
1374	1164.3	1424.0	3057.5
9821	1168.7	1430.4	3143.7
11371	1162.1	1367.7	2962.9
11035	1170.4	1368.6	3050.4
13093	1172.8	1445.8	3167.8
5866	1164.7	1377.2	3059.1
10329	1171.1	1460.3	3087.5
3204	1172.5	1472.5	3151.8
6722	1173.1	1446.4	3122.0
2092	1161.2	1406.9	3080.2
13271	1177.2	1462.5	3182.5
13842	1170.0	1455.1	3144.4
7451	1167.4	1400.5	3048.5
12843	1163.1	1396.6	3130.3
12104	1173.0	1421.0	3085.9
8738	1176.2	1426.3	3141.5
2817	1168.7	1473.9	3116.9
13166	1160.4	1398.6	3018.4
10252	1174.5	1469.6	3202.9
4722	1161.2	1347.5	3016.3
2664	1162.3	1406.5	3009.4
5046	1163.9	1394.9	3034.6
12634	1170.2	1438.1	3148.3
11193	1160.3	1383.6	2988.4
9752	1169.8	1422.3	3106.6
9009	1165.0	1413.2	3067.7
3691	1169.6	1443.8	3092.6
8552	1163.7	1430.3	3065.7
4313	1162.6	1409.3	3034.5
12470	1180.6	1441.6	3124.3
7191	1166.4	1374.2	3011.2
12971	1163.1	1382.2	2966.1
1064	1169.7	1410.7	3086.0
7372	1175.1	1435.9	3057.3
3773	1164.3	1415.9	3091.1
6905	1163.3	1413.1	3017.3
9610	1168.3	1404.5	3106.8
1191	1164.5	1412.1	3120.5
12440	1160.8	1390.7	2949.2
6568	1158.5	1372.6	2957.7
4999	1170.1	1377.5	3008.8
6463	1169.5	1393.4	3127.7
7422	1185.7	1418.7	3283.5
4364	1149.1	1382.3	2914.9
1792	1168.4	1363.6	3071.4
11033	1163.8	1459.3	3077.9
207	1171.1	1417.3	3126.0
3123	1161.0	1380.7	2992.2
7607	1172.3	1447.2	3193.0
8540	1170.6	1430.6	3436.1
4409	1167.8	1402.2	3053.6
11265	1168.9	1412.9	3135.8
14221	1174.5	1457.3	3149.1
11272	1174.9	1443.5	3081.5
7517	1174.3	1488.6	3323.0
7523	1175.0	1480.5	3115.8
274	1163.8	1414.1	3104.9
3106	1163.8	1438.3	3116.1
12953	1160.8	1397.7	2985.5
8123	1159.9	1372.4	2953.2
14489	1173.0	1394.8	3079.9
1069	1169.7	1459.9	3184.3
4192	1162.3	1421.9	3054.8
2834	1170.3	1375.5	3039.9
14975	1176.4	1444.2	3184.7
5389	1163.1	1345.0	2968.6
3390	1163.9	1421.2	3067.6
9029	1165.9	1392.3	3015.8
12671	1164.5	1429.2	3000.4
9980	1167.6	1423.2	3055.9
7416	1167.6	1420.3	3112.3
4019	1170.0	1367.0	3038.6
1443	1163.3	1436.6	3092.5
11854	1169.4	1402.0	3066.9
6230	1182.1	1404.7	3180.8
13887	1161.5	1426.6	3005.1
5840	1166.8	1383.6	3088.8
5736	1161.3	1414.2	3006.6
7117	1171.1	1432.0	3117.7
7657	1172.8	1457.3	3182.3
6292	1168.6	1400.8	3128.8
8706	1172.5	1424.9	3129.8
11947	1168.3	1392.8	3053.3
11874	1166.5	1408.6	3032.6
3938	1169.6	1433.1	3147.3
3075	1181.5	1461.5	3164.5
8657	1169.0	1404.7	3111.3
7407	1168.2	1377.0	2991.7
3102	1165.7	1438.8	3079.0
4256	1165.5	1396.5	3034.8
3192	1168.3	1377.3	3024.7
2537	1164.6	1416.6	3052.9
3517	1166.9	1394.2	3027.1
12344	1160.0	1392.2	2981.6
7647	1165.3	1415.4	3045.7
11323	1176.8	1487.6	3194.7
3543	1164.0	1362.4	2986.6
7730	1161.2	1374.6	2940.1
11995	1158.0	1366.8	3119.0
7104	1174.2	1427.6	3062.0
14896	1163.4	1344.4	2962.8
8325	1167.2	1488.0	3178.8
12935	1161.9	1380.1	2979.3
4433	1163.8	1404.6	2948.9
2412	1167.2	1411.9	3025.7
14131	1169.9	1414.9	3100.1
1017	1162.5	1387.9	3031.0
6417	1170.7	1416.0	3107.8
9084	1171.1	1424.1	3109.5
9575	1166.6	1450.9	3064.6
11744	1170.4	1403.7	3103.0
10159	1171.7	1429.0	3111.0
8248	1167.6	1427.0	3095.0
35	1162.1	1408.6	3062.3
11284	1170.2	1474.1	3084.1
7682	1161.3	1387.1	2946.9
9404	1160.2	1395.3	2965.0
1015	1160.1	1361.9	2973.9
8174	1183.1	1441.6	3199.2
9559	1160.2	1379.4	2994.8
7103	1172.6	1436.2	3093.8
10394	1178.4	1488.5	3181.5
10866	1179.8	1452.6	3124.7
8452	1165.8	1381.8	2997.2
6880	1154.0	1381.2	2921.5
7828	1171.0	1379.5	3105.5
1704	1169.2	1444.6	3159.1
5772	1162.9	1396.1	2987.0
8820	1163.5	1375.9	2982.2
1716	1167.0	1385.0	3018.7
8547	1162.5	1438.5	3038.2
2776	1176.2	1457.8	3125.3
13032	1162.4	1415.9	3066.8
3579	1170.6	1417.7	3116.2
49	1162.3	1405.0	2930.9
8344	1169.9	1414.3	3078.7
2470	1163.1	1395.7	3005.8
4724	1165.4	1405.1	2980.0
3184	1164.9	1425.1	3033.3
5826	1173.2	1452.3	3157.9
12375	1168.4	1472.6	3127.7
7758	1162.0	1382.6	3040.5
9187	1165.0	1436.0	3041.5
9613	1161.4	1387.8	2990.0
8810	1171.9	1443.4	3133.9
8252	1170.1	1477.8	3171.0
52	1168.0	1438.9	3103.3
925	1170.5	1417.0	2999.8
6829	1175.3	1419.5	3112.2
13338	1168.2	1424.6	3067.7
818	1175.0	1450.9	3132.2
13153	1162.0	1356.9	2996.0
1174	1173.1	1508.6	3171.5
5924	1170.9	1437.8	3201.8
7357	1171.4	1462.4	3089.2
4978	1164.4	1370.8	2946.4
203	1174.3	1436.3	3094.5
11955	1167.9	1412.0	3074.5
12523	1162.7	1403.5	3053.1
2406	1163.4	1369.3	2967.2
9937	1173.1	1474.1	3198.4
14824	1177.8	1446.7	3171.6
14302	1171.5	1424.2	3176.2
14160	1171.7	1451.1	3154.7
8644	1160.7	1407.1	3061.0
4925	1169.5	1414.0	3038.2
7355	1169.4	1431.5	3202.9
12556	1170.3	1413.8	3053.2
1697	1172.4	1428.1	3124.9
1631	1166.6	1407.1	3089.0
12162	1166.2	1437.4	3092.8
14860	1174.4	1440.6	3109.4
4844	1172.4	1470.7	3239.1
12720	1166.9	1398.4	2964.4
8197	1165.6	1408.7	3019.4
6128	1166.8	1362.6	2991.0
11642	1159.8	1388.8	3012.7
10190	1170.5	1385.3	3046.7
870	1175.4	1430.7	3123.3
3507	1157.2	1402.9	2975.8
6262	1175.7	1434.0	3114.8
11997	1165.7	1388.8	3027.9
9677	1168.2	1390.8	3041.8
13020	1171.6	1417.0	3041.2
3141	1169.5	1399.3	3022.9
12679	1159.3	1414.9	2985.9
12526	1160.3	1378.4	2945.6
7824	1166.3	1434.3	3065.3
13917	1163.3	1444.0	3055.1
8358	1173.3	1446.7	3155.3
8967	1162.2	1409.2	3053.6
3218	1173.8	1389.3	3065.1
10632	1165.3	1432.5	3070.3
5226	1171.1	1440.8	3155.8
1695	1165.2	1396.5	3006.0
4510	1166.2	1377.9	3031.6
2232	1176.7	1443.1	3146.2
9057	1155.8	1384.2	2963.2
6293	1169.4	1409.8	3059.3
7693	1168.0	1373.5	3030.0
1573	1172.1	1467.4	3254.7
1774	1163.4	1415.8	3050.3
4998	1173.2	1410.1	3097.2
4448	1176.8	1447.6	3133.9
5883	1161.9	1396.7	2980.4
2945	1176.0	1425.3	3095.3
5359	1167.4	1414.6	3037.2
14560	1174.4	1420.9	3144.3
13874	1170.7	1438.4	3118.4
14277	1184.4	1444.0	3188.4
8316	1167.3	1417.4	3028.0
6911	1173.5	1390.0	3073.0
14684	1161.4	1404.0	3074.7
9039	1163.8	1386.8	2996.2
11826	1166.1	1421.0	3066.6
11624	1164.6	1437.2	3186.5
12431	1173.5	1369.7	3065.2
6256	1174.1	1436.9	3106.1
2529	1168.6	1403.2	3021.7
10946	1167.6	1403.8	3029.7
14683	1164.1	1339.8	2898.6
9649	1163.8	1388.6	3011.4
9063	1158.5	1357.9	2895.2
9485	1167.9	1394.3	3032.9
1457	1169.9	1407.8	3086.2
3461	1166.9	1425.4	3053.0
12305	1166.0	1377.2	3071.0
5307	1162.5	1453.4	3062.2
12906	1166.8	1422.2	3064.2
9007	1159.0	1430.0	3099.1
7509	1182.2	1421.5	3085.7
5390	1177.9	1459.0	3122.0
9222	1159.6	1398.6	2989.8
6377	1172.4	1475.2	3155.2
7041	1172.4	1466.7	3095.1
5491	1172.9	1435.2	3109.1
11616	1170.6	1420.7	3220.9
10183	1163.3	1422.6	3065.2
5722	1162.6	1454.0	3060.5
3189	1172.2	1415.8	3066.5
12403	1167.7	1465.6	3219.7
7375	1172.9	1433.6	3147.2
8748	1163.0	1372.7	3054.8
3338	1170.1	1395.7	3069.4
7501	1164.3	1419.9	3060.3
10905	1176.3	1413.5	3054.2
13306	1170.4	1397.7	3084.4
3238	1165.6	1447.0	3056.6
14907	1171.7	1466.3	3176.3
10504	1166.1	1411.2	3121.6
954	1155.7	1365.9	2993.2
14005	1180.7	1515.3	3264.9
1874	1168.7	1439.9	3110.5
3744	1161.5	1380.8	3026.3
755	1178.1	1441.3	3195.3
14790	1157.7	1388.5	2993.0
13926	1166.8	1407.0	3009.1
3384	1158.4	1385.3	2987.3
12192	1176.5	1456.2	3168.5
10926	1164.4	1390.8	3069.9
4111	1166.0	1339.1	3003.2
11245	1165.8	1415.9	3067.7
5155	1179.2	1464.0	3249.3
2742	1172.0	1464.2	3124.0
14768	1170.1	1382.1	3044.2
9935	1170.8	1417.3	3102.9
4043	1168.6	1377.2	3079.6
10886	1171.8	1447.6	3156.3
13721	1166.3	1383.9	3043.1
6502	1164.9	1394.2	3034.4
14614	1169.4	1457.2	3110.5
12464	1163.0	1451.4	3010.5
14749	1164.9	1397.8	2992.1
8463	1173.7	1434.1	3125.9
3619	1170.4	1448.4	3043.2
7574	1176.9	1410.8	3337.1
489	1166.4	1436.2	3110.5
3557	1163.0	1414.5	3049.1
12563	1163.5	1439.9	3012.1
6145	1174.8	1466.0	3163.1
8330	1171.5	1454.4	3099.5
8199	1177.8	1432.6	3173.8
14401	1165.6	1415.1	3037.9
5932	1166.0	1438.0	3096.2
6216	1169.3	1424.2	3110.0
5764	1167.6	1460.2	3084.5
11109	1162.8	1379.6	3036.2
13376	1169.7	1426.4	3121.6
1247	1169.3	1466.3	3125.9
6918	1163.5	1409.3	3010.5
6671	1164.5	1421.9	3025.8
1325	1159.0	1366.7	2907.6
7966	1166.0	1368.0	3000.5
9620	1165.6	1412.0	3077.1
12017	1167.4	1426.5	3125.2
2839	1162.7	1434.4	3079.1
11558	1167.7	1371.0	3033.1
4299	1166.4	1430.4	3097.4
3348	1160.6	1418.6	2994.2
674	1164.7	1371.4	2968.5
9350	1165.3	1404.8	3103.0
4900	1169.3	1431.0	3087.4
10118	1162.5	1376.4	3001.5
13347	1159.0	1413.8	3136.2
10597	1167.9	1417.4	3043.8
11241	1163.6	1458.2	3104.7
7113	1171.0	1396.7	3078.1
14525	1159.1	1361.0	3020.0
9104	1167.3	1412.8	3081.1
502	1161.3	1424.7	2998.2
3234	1176.6	1440.0	3135.3
9332	1164.4	1435.5	3090.1
7195	1156.6	1402.0	3059.0
12722	1170.5	1401.5	3095.2
8423	1177.3	1489.1	3222.8
3513	1176.5	1464.1	3166.1
42	1167.5	1393.8	3034.4
6460	1170.7	1463.0	3194.8
953	1172.6	1440.0	3209.9
4029	1178.5	1435.7	3122.5
2539	1163.5	1381.7	2960.6
9577	1172.0	1465.7	3087.9
2029	1156.1	1424.2	3033.7
11335	1173.9	1384.2	3077.2
2517	1154.7	1348.3	2899.0
12096	1161.7	1422.1	3023.9
10876	1164.8	1408.0	3008.9
3295	1173.6	1447.9	3121.2
2044	1176.3	1424.4	3114.2
9264	1171.3	1409.0	3074.2
10811	1164.0	1387.6	2962.2
9299	1172.4	1433.6	3152.4
2553	1180.0	1451.3	3225.0
1645	1165.8	1378.2	2986.2
10391	1177.7	1467.9	3187.4
8014	1172.1	1465.9	3245.6
5139	1164.9	1423.9	3045.0
7595	1166.5	1372.8	2969.2
9006	1165.7	1436.5	3100.9
3439	1166.2	1399.9	3025.4
6423	1164.4	1390.8	3054.9
6944	1152.8	1369.6	2920.5
3898	1163.1	1404.7	3032.0
4996	1168.5	1453.7	3061.9
12929	1175.3	1429.8	3118.7
1271	1170.5	1396.8	3057.7
5651	1166.6	1415.0	3045.8
170	1168.2	1393.1	3236.3
14027	1173.4	1377.8	3066.2
10423	1169.7	1430.7	3141.7
2930	1166.4	1411.4	3063.2
8331	1159.4	1378.0	2992.2
14779	1170.3	1382.6	3030.3
6018	1166.9	1388.5	3035.5
8616	1174.1	1441.8	3158.4
1577	1160.8	1437.9	3129.5
9327	1166.7	1421.3	3040.4
3916	1163.8	1418.7	3099.7
7459	1166.0	1381.2	3069.8
3782	1178.0	1445.1	3198.2
10399	1170.0	1446.1	3126.8
9867	1166.6	1408.6	3081.0
6688	1165.1	1456.9	3606.3
8498	1160.6	1381.1	3018.1
1761	1178.1	1461.8	3138.9
487	1168.1	1421.8	3090.8
8380	1162.5	1371.7	3018.7
506	1173.9	1478.3	3119.1
14385	1174.4	1409.3	3085.7
7946	1157.2	1384.5	2990.2
1256	1177.2	1427.4	3263.8
5290	1164.6	1394.7	3010.7
6537	1173.6	1457.4	3133.1
8780	1165.7	1393.7	3036.6
14355	1160.5	1417.9	3028.9
1849	1177.6	1436.7	3116.9
13537	1167.4	1461.7	3129.7
4432	1169.6	1389.5	3054.5
8595	1165.0	1369.1	2956.4
5216	1155.1	1384.6	2968.7
8454	1171.3	1413.9	3106.3
7495	1162.3	1401.4	3024.3
9861	1166.5	1419.4	3074.9
14321	1181.5	1481.2	3253.7
