5929	1121.9	1385.1	2322.0
4353	1114.3	1371.0	2310.7
1251	1117.8	1397.9	2331.7
2363	1122.7	1396.9	2413.6
8900	1112.0	1348.8	2228.3
4193	1111.1	1346.5	2251.4
3250	1116.2	1360.9	2319.4
2493	1112.2	1324.3	2262.0
7177	1115.4	1356.0	2344.8
1207	1122.4	1396.3	2314.7
3982	1123.0	1373.7	2325.7
4109	1114.5	1329.0	2282.8
9470	1118.9	1325.6	2334.1
1146	1115.2	1384.3	2289.1
8119	1128.9	1449.9	2411.6
1693	1115.6	1321.7	2318.5
8018	1118.9	1410.8	2426.1
9605	1118.3	1367.9	2265.8
2300	1112.4	1328.8	2266.0
9905	1119.9	1378.8	2331.2
5395	1111.4	1366.9	2315.7
9468	1112.9	1376.9	2304.0
7607	1118.9	1420.7	2417.5
9843	1118.6	1337.1	2308.4
8735	1118.5	1359.9	2257.2
3246	1110.9	1335.5	2250.6
2770	1110.4	1342.2	2225.2
7097	1116.3	1390.4	2284.8
4912	1116.4	1345.4	2267.0
9373	1118.0	1325.2	2286.4
4028	1113.2	1405.7	2356.6
5427	1109.6	1345.2	2272.9
2428	1117.7	1347.0	2279.8
1176	1111.0	1367.5	2341.8
6526	1114.9	1351.9	2278.9
1691	1112.0	1375.4	2290.9
987	1123.0	1364.2	2293.4
3116	1105.3	1310.0	2165.0
9873	1117.8	1393.6	2283.1
606	1123.3	1402.1	2365.1
8810	1117.6	1417.6	2278.6
5722	1113.9	1400.2	2374.0
369	1110.7	1312.9	2269.6
3345	1110.4	1386.2	2328.9
3231	1110.1	1340.7	2246.9
5805	1114.4	1368.9	2294.5
9774	1112.5	1328.5	2230.0
2500	1114.7	1361.3	2259.0
5707	1111.3	1319.6	2247.9
5045	1122.4	1373.7	2377.9
5554	1110.4	1378.7	2271.9
5068	1115.5	1377.1	2289.1
9915	1121.3	1418.9	2341.0
5739	1119.8	1394.0	2320.1
6925	1113.3	1376.2	2260.5
9583	1116.3	1448.5	2460.8
2544	1119.1	1431.5	2374.7
326	1114.9	1374.2	2314.0
9285	1107.6	1301.2	2223.2
4948	1112.9	1402.2	2283.7
8365	1114.0	1381.9	2290.1
4276	1112.8	1381.3	2635.3
2251	1113.0	1360.3	2263.3
5968	1117.4	1343.0	2274.1
6835	1112.3	1363.0	2210.8
505	1119.0	1339.0	2261.1
531	1117.6	1411.3	2317.0
3358	1115.0	1417.5	2331.4
3161	1112.4	1350.9	2243.0
2774	1120.1	1372.4	2286.9
503	1123.1	1364.2	2302.3
85	1117.1	1369.6	2318.3
1144	1126.0	1396.8	2374.1
710	1117.3	1395.6	2309.8
7505	1114.0	1358.5	2278.9
7418	1107.2	1317.9	2184.7
8496	1115.9	1350.7	2268.1
3151	1115.8	1371.1	2251.5
9757	1116.1	1391.9	2361.9
8263	1108.1	1344.6	2330.4
5715	1107.4	1316.5	2206.8
6224	1122.1	1408.5	2344.2
3007	1122.4	1379.5	2335.4
1823	1112.5	1319.7	2247.7
3457	1119.9	1330.4	2291.0
3201	1107.4	1341.3	2227.5
4502	1120.5	1342.1	2286.7
8965	1116.8	1343.3	2330.7
8429	1127.2	1410.3	2368.3
4196	1111.4	1371.3	2277.7
4200	1119.1	1354.2	2269.3
8468	1123.2	1404.8	2300.5
7465	1112.6	1351.4	2257.9
8187	1127.4	1428.7	2394.4
2965	1112.8	1386.7	2303.1
2732	1117.5	1399.0	2380.4
1622	1117.9	1377.5	2262.1
9892	1108.5	1347.1	2327.6
7073	1113.5	1317.3	2240.8
8535	1115.3	1397.9	2311.7
4271	1122.2	1425.7	2412.9
1907	1114.7	1333.5	2267.7
766	1118.6	1369.3	2352.1
6181	1123.0	1384.9	2355.0
4947	1112.4	1370.2	2251.5
1851	1120.1	1349.0	2323.6
5879	1120.2	1330.4	2296.0
1725	1116.9	1368.3	2262.7
2808	1113.6	1337.3	2257.6
4804	1114.9	1351.2	2268.6
1859	1112.7	1407.8	2303.9
6017	1114.3	1365.0	2310.7
4875	1105.2	1346.2	2278.3
6432	1120.9	1350.7	2286.6
1372	1125.8	1396.4	2364.9
2270	1119.7	1347.6	2293.6
5478	1121.0	1413.9	2388.2
9235	1113.6	1302.7	2284.8
7455	1115.4	1325.7	2277.1
5126	1108.1	1331.8	2220.3
6170	1110.5	1345.2	2244.6
654	1125.3	1386.2	2331.7
3610	1117.1	1379.3	2287.7
3441	1125.1	1427.9	2340.9
4553	1121.3	1353.3	2317.6
6438	1126.3	1386.7	2541.0
5756	1112.4	1338.8	2263.4
7547	1117.6	1332.9	2292.2
2453	1104.1	1315.9	2201.0
3426	1126.0	1432.7	2412.5
5614	1115.1	1326.2	2256.2
131	1126.7	1418.8	2357.7
1214	1122.9	1322.2	2316.4
4471	1120.8	1407.1	2301.0
2260	1113.5	1312.3	2234.5
3293	1116.5	1360.0	2317.4
6026	1107.2	1323.4	2251.0
6938	1118.8	1358.2	2272.1
6347	1126.7	1394.4	2374.3
6519	1117.1	1352.1	2286.5
8120	1114.0	1352.6	2275.7
3976	1109.0	1362.4	2249.6
1043	1109.7	1377.6	2311.7
437	1112.1	1347.5	2309.8
696	1116.0	1340.9	2270.9
1268	1112.7	1360.0	2265.8
6080	1120.2	1394.8	2327.6
4779	1114.3	1342.4	2251.1
6869	1118.1	1364.5	2258.9
5689	1112.7	1344.7	2261.6
8868	1108.2	1323.8	2250.1
5475	1122.7	1344.6	2322.1
120	1115.2	1332.8	2289.7
8689	1116.0	1438.0	2378.9
2634	1117.7	1338.0	2325.9
4581	1118.8	1344.5	2999.1
5705	1116.8	1373.6	2407.8
6477	1115.1	1367.4	2277.9
2598	1107.2	1341.2	2264.5
4634	1114.5	1395.9	2281.9
1437	1111.5	1417.0	2328.4
9642	1113.6	1322.1	2288.6
147	1126.5	1329.8	2301.4
9546	1104.2	1317.4	2191.3
3864	1121.9	1369.7	2368.1
7093	1114.4	1381.3	2290.3
261	1111.9	1338.1	2246.1
9386	1125.0	1396.5	2344.0
1967	1124.0	1404.3	2362.5
6233	1125.2	1413.2	2369.0
6055	1114.6	1337.6	2242.1
1155	1116.5	1408.7	2325.4
7236	1121.6	1366.3	2345.2
6021	1122.0	1412.2	2390.2
6873	1111.1	1347.5	2282.9
2535	1120.8	1382.4	2319.3
4178	1119.5	1409.6	2338.9
4887	1107.4	1316.5	2256.9
4672	1117.7	1375.1	2307.0
9561	1116.5	1374.8	2286.7
1152	1112.3	1367.9	2263.6
2425	1110.4	1333.6	2286.6
4720	1115.6	1360.1	2265.1
580	1110.7	1347.2	2237.5
5219	1119.1	1390.4	2294.3
8679	1114.2	1325.5	2283.1
5119	1126.6	1416.3	2418.5
794	1116.5	1360.0	2308.9
1156	1112.4	1398.7	2275.4
7269	1120.4	1362.4	2262.5
1681	1109.6	1321.8	2169.5
972	1121.5	1366.2	2274.5
7959	1109.3	1332.8	2303.7
5980	1114.7	1386.5	2413.3
745	1115.5	1370.1	2349.7
1786	1116.5	1373.7	2281.6
6524	1109.6	1316.2	2218.2
3788	1121.7	1424.4	2371.2
1763	1114.4	1373.8	2296.9
5439	1114.7	1348.2	2256.8
8807	1106.9	1315.0	2248.5
1569	1116.9	1371.4	2272.4
1183	1115.5	1400.5	2327.7
1339	1113.0	1351.8	2277.1
9687	1127.9	1404.3	2367.9
7257	1112.4	1342.3	2235.9
7134	1107.6	1309.6	2289.7
6812	1119.6	1397.6	2458.7
9600	1116.0	1361.9	2238.7
8368	1118.5	1408.2	2382.2
9628	1118.7	1349.7	2301.7
8635	1119.2	1376.4	2277.3
8840	1129.3	1443.1	2502.6
9567	1109.9	1367.5	2299.9
5308	1108.7	1342.2	2274.5
1585	1114.0	1319.5	2240.4
6700	1123.6	1357.9	2332.9
6098	1102.5	1317.1	2232.2
4670	1108.9	1349.5	2310.6
9372	1110.5	1353.5	2231.4
9270	1121.3	1362.2	2314.5
1890	1114.9	1329.9	2248.4
8366	1109.3	1366.0	2241.4
4272	1115.2	1400.8	2350.3
7040	1115.1	1378.4	2311.8
4211	1112.7	1334.6	2266.6
1429	1124.6	1398.2	2318.1
3800	1108.8	1374.1	2289.5
5783	1114.3	1348.5	2339.1
6317	1112.8	1324.1	2250.3
4388	1108.8	1420.1	2256.9
8225	1118.3	1364.1	2250.4
9797	1113.2	1382.8	2306.0
930	1115.5	1360.4	2270.4
4403	1113.3	1333.8	2221.9
7871	1112.7	1347.2	2256.5
2847	1103.8	1330.1	2187.2
1121	1112.8	1356.0	2261.2
6178	1121.1	1399.3	2366.6
1802	1111.2	1304.8	2237.6
8507	1129.6	1422.3	2419.1
3502	1116.0	1388.6	2326.7
5612	1119.0	1367.9	2292.1
7620	1109.9	1356.3	2236.7
4905	1106.3	1289.8	2201.4
5156	1105.2	1281.8	2163.5
9378	1115.1	1374.8	2299.9
603	1110.3	1350.6	2238.2
7132	1117.6	1345.9	2267.5
2817	1122.0	1431.4	2348.1
3167	1110.8	1352.2	2319.8
2581	1108.3	1312.6	2278.3
436	1128.8	1382.9	2309.2
9488	1120.5	1352.5	2286.1
638	1123.9	1406.9	2372.0
5540	1106.9	1380.9	2236.9
8934	1118.2	1403.2	2300.9
9097	1120.2	1379.9	2286.6
3731	1119.2	1365.6	2311.5
4572	1111.7	1371.4	2276.0
2466	1118.2	1367.6	2299.5
4339	1116.2	1377.5	2536.4
1341	1111.3	1372.7	2271.4
2922	1115.9	1351.5	2277.7
7592	1115.1	1384.8	2312.6
422	1116.3	1388.7	2277.9
9280	1111.4	1385.0	2255.0
7502	1115.3	1390.9	2317.7
3360	1121.4	1390.7	2340.6
8707	1104.1	1333.5	2190.7
4545	1119.8	1388.9	2311.9
6309	1120.2	1391.0	2328.6
563	1119.0	1386.3	2423.6
1756	1121.5	1395.9	2352.8
9401	1122.4	1431.1	2345.8
1322	1107.6	1316.4	2223.6
8724	1105.4	1327.7	2201.6
1957	1117.2	1358.5	2399.2
107	1112.9	1383.0	2349.6
9821	1121.0	1350.4	2336.0
9469	1110.4	1361.8	2241.4
9433	1118.9	1380.6	2304.5
3767	1112.0	1343.4	2218.2
3887	1118.1	1368.1	2344.4
6866	1121.0	1376.4	2327.8
3993	1107.9	1359.1	2230.6
5668	1115.5	1334.4	2251.5
5878	1121.8	1389.4	2387.0
2048	1124.1	1369.0	2348.0
604	1114.5	1409.3	2334.6
3912	1120.0	1371.4	2334.1
1112	1118.3	1360.5	2333.6
6768	1111.8	1380.8	2313.6
7001	1118.7	1396.3	2329.1
8090	1121.7	1357.3	2278.0
7913	1132.4	1422.8	2355.5
5435	1109.3	1306.8	2210.8
8264	1120.2	1366.4	2380.4
2667	1113.8	1361.4	2293.6
1118	1117.1	1389.8	2312.4
5024	1117.4	1374.5	2285.0
877	1105.0	1345.3	2221.6
7329	1115.2	1392.6	2305.0
3825	1120.3	1405.2	2370.3
7201	1103.4	1377.7	2203.5
4707	1120.0	1392.7	2272.0
4818	1117.0	1366.7	2266.3
8462	1112.0	1341.4	2304.7
2565	1120.6	1387.4	2324.9
3801	1111.8	1333.9	2220.9
7228	1115.7	1349.3	2244.4
2458	1114.3	1365.7	2238.5
5751	1116.3	1353.9	2321.2
5826	1107.2	1368.7	2227.6
7390	1115.0	1367.4	2279.8
307	1114.2	1337.4	2239.5
4224	1112.7	1354.4	2252.3
7368	1110.3	1385.9	2312.0
5186	1115.9	1345.5	2259.2
9936	1115.3	1370.5	2262.4
9224	1115.1	1345.7	2291.1
9760	1116.7	1371.0	2305.3
2047	1104.5	1312.8	2155.0
3369	1124.1	1393.9	2337.0
3530	1119.0	1371.4	2311.9
4240	1110.4	1343.6	2326.8
737	1118.7	1337.2	2257.4
8991	1116.6	1355.1	2284.1
6230	1115.7	1394.8	2273.7
1238	1119.7	1322.4	2319.1
5117	1125.7	1397.3	2360.9
9666	1109.5	1341.3	2216.2
7414	1116.8	1362.0	2274.0
8688	1118.5	1365.4	2301.6
1735	1114.6	1381.8	2312.3
4448	1117.5	1320.4	2237.7
6776	1112.6	1374.1	2232.6
135	1113.1	1356.4	2245.5
9692	1105.2	1315.2	2262.8
981	1120.7	1342.2	2290.3
8411	1117.5	1364.4	2280.3
6640	1112.9	1327.6	2212.9
7327	1111.0	1344.4	2278.7
3908	1117.1	1341.0	2440.9
3720	1114.0	1335.3	2278.8
9279	1118.8	1377.7	2309.8
8951	1113.7	1337.2	2276.0
5737	1117.8	1377.2	2325.3
4332	1099.4	1280.6	2173.9
1457	1119.8	1360.7	2292.9
8838	1124.4	1420.6	2475.6
5979	1128.8	1439.1	2495.0
2329	1112.9	1338.4	2259.6
828	1120.2	1376.9	2267.8
9857	1113.8	1321.7	2225.4
4246	1115.6	1381.0	2272.9
3247	1124.6	1393.0	2380.6
1132	1117.8	1386.9	2313.6
544	1116.6	1360.0	2272.1
5182	1117.9	1350.6	2330.6
8071	1107.0	1345.8	2203.6
50	1114.2	1369.4	2318.0
417	1113.6	1401.9	2339.9
1719	1118.2	1338.1	2271.0
8759	1108.3	1306.1	2219.6
6975	1120.0	1342.6	2292.0
3985	1113.0	1351.2	2293.6
6441	1122.9	1373.7	2303.3
483	1115.8	1344.7	2227.5
9028	1122.2	1420.4	2372.9
5226	1115.2	1383.6	2329.5
8276	1123.7	1375.3	2327.2
6904	1116.6	1343.5	2311.0
6293	1113.5	1370.5	2256.9
6512	1113.4	1353.4	2261.6
6740	1118.7	1375.8	2309.1
3446	1110.7	1372.4	2270.8
4510	1115.4	1326.4	2234.4
4908	1112.4	1330.7	2237.9
628	1115.8	1346.8	2322.0
1282	1121.3	1388.6	2300.5
6448	1119.7	1428.1	2318.6
9260	1115.2	1356.3	2219.1
6758	1112.4	1325.3	2280.8
3620	1115.5	1367.0	2279.5
9573	1110.2	1336.2	2248.8
9207	1109.7	1350.6	2243.0
7027	1118.9	1337.0	2285.4
7211	1112.2	1393.2	2290.7
6278	1114.4	1393.9	2328.6
4960	1111.8	1389.5	2286.5
7046	1121.4	1399.5	2316.0
726	1113.2	1402.3	2303.2
4097	1114.4	1352.8	2298.8
3819	1116.5	1392.1	2328.9
7564	1117.4	1382.1	2305.4
8959	1118.8	1383.7	2376.3
1369	1120.1	1366.1	2278.1
9968	1113.9	1332.9	2261.5
1446	1104.4	1318.9	2220.6
2241	1110.1	1360.4	2242.5
2100	1116.7	1365.6	2292.2
4460	1113.8	1345.7	2284.8
6688	1106.4	1327.0	2165.4
291	1121.9	1381.1	2317.1
685	1112.8	1361.3	2278.8
4313	1117.4	1384.0	2308.6
4649	1121.7	1363.3	2278.3
7917	1121.4	1393.0	2347.1
8250	1115.3	1370.5	2336.4
5007	1116.0	1380.8	2277.2
821	1118.0	1351.6	2305.0
1487	1128.5	1428.3	2415.1
1870	1117.8	1382.4	2300.8
723	1106.9	1317.2	2173.8
8960	1111.6	1327.9	2286.2
3353	1114.6	1342.3	2234.4
4043	1111.1	1307.5	2212.4
8672	1120.5	1409.4	2395.3
8190	1115.6	1320.9	2241.9
2223	1119.7	1366.4	2260.6
4506	1108.6	1378.7	2232.8
5559	1112.7	1385.3	2353.6
8734	1114.9	1346.7	2262.6
1971	1109.2	1367.9	2258.5
8595	1123.3	1417.8	2440.5
6739	1105.8	1308.0	2233.2
9452	1103.7	1336.5	2208.7
7633	1115.4	1349.3	2293.5
9180	1119.0	1369.2	2364.3
8956	1120.2	1384.6	2316.8
7530	1107.3	1325.4	2320.2
4001	1112.5	1341.9	2235.1
457	1122.0	1338.2	2319.1
9059	1114.8	1340.1	2289.1
3434	1121.4	1384.9	2384.8
3871	1109.7	1340.6	2253.8
3705	1125.1	1402.9	2433.3
9730	1122.1	1402.8	2335.7
8260	1109.3	1370.4	2245.1
6335	1111.8	1300.1	2270.2
6129	1116.0	1348.2	2274.4
3207	1128.8	1447.9	2353.2
1395	1123.6	1346.2	2319.6
9389	1112.2	1381.3	2302.3
4662	1119.9	1387.5	2452.0
8189	1119.9	1365.8	2279.1
1822	1114.6	1358.1	2281.9
7363	1111.7	1337.2	2256.4
8969	1118.7	1334.7	2264.4
3571	1117.6	1399.6	2304.1
5578	1114.3	1323.5	2229.3
3994	1116.3	1396.1	2279.1
7226	1110.4	1333.1	2207.4
4712	1115.9	1346.3	2289.8
1209	1112.6	1342.0	2277.3
8821	1125.0	1405.7	2364.5
2040	1118.1	1361.8	2324.8
2989	1119.3	1349.6	2281.7
5122	1117.5	1337.3	2287.5
3455	1113.7	1338.3	2241.9
1537	1125.2	1415.0	2351.8
2551	1116.8	1385.7	2311.8
3759	1125.1	1371.3	2322.1
8815	1103.8	1345.5	2201.8
8801	1115.3	1370.4	2319.2
3984	1112.7	1363.1	2300.0
6039	1115.8	1371.6	2289.8
5002	1121.1	1369.1	2304.3
2702	1103.1	1329.2	2199.6
9965	1118.7	1424.3	2303.6
1452	1111.9	1340.2	2250.0
416	1116.0	1352.0	2305.9
8985	1118.7	1346.1	2262.9
8207	1114.3	1361.8	2298.1
9405	1122.4	1383.2	2353.9
9385	1112.2	1306.6	2210.2
4523	1110.0	1322.9	2238.4
6678	1119.7	1324.9	2261.8
3808	1117.3	1376.0	2267.3
7225	1116.2	1424.6	2466.4
984	1117.1	1385.4	2302.3
8757	1110.6	1362.4	2265.6
702	1116.8	1358.3	2352.6
4550	1109.5	1359.9	2331.4
7274	1120.7	1403.1	2364.9
7783	1106.7	1340.4	2237.3
254	1113.3	1325.2	2257.2
4856	1120.2	1374.3	2378.6
3646	1116.0	1358.4	2307.5
3876	1100.5	1281.2	2136.8
3245	1114.1	1363.8	2275.7
9785	1113.8	1401.0	2305.8
1576	1121.2	1351.3	2296.2
4918	1111.2	1364.7	2344.5
5209	1120.7	1394.0	2353.3
2627	1106.9	1358.7	2231.4
5525	1105.3	1346.2	2226.7
9126	1118.9	1353.7	2321.9
4105	1110.3	1367.8	2343.6
469	1112.8	1356.9	2289.7
8580	1116.0	1358.6	2299.6
1642	1116.3	1363.5	2287.4
5549	1115.9	1353.1	2282.3
1854	1114.4	1325.9	2257.0
8710	1121.6	1405.2	2346.9
5767	1106.2	1336.8	2260.8
139	1123.1	1373.5	2316.4
3752	1109.3	1334.6	2172.4
9291	1120.0	1420.9	2351.9
1303	1122.4	1406.7	2347.0
5631	1112.6	1347.3	2268.8
5948	1112.1	1300.6	2218.6
2776	1117.9	1337.2	2327.1
5216	1117.8	1334.4	2259.1
7848	1113.7	1333.9	2258.8
3275	1114.6	1353.7	2256.7
8863	1109.9	1352.3	2311.3
9813	1117.3	1340.7	2266.8
8691	1119.5	1375.2	2276.8
4285	1108.4	1347.6	2234.6
6498	1117.2	1365.1	2279.9
347	1109.8	1387.1	2250.8
7406	1109.1	1373.4	2261.2
5278	1122.5	1395.2	2343.5
2983	1107.9	1387.3	2281.2
7656	1120.5	1364.2	2333.7
2863	1112.0	1350.6	2256.6
2426	1108.9	1379.8	2288.7
9346	1111.5	1317.9	2278.0
7858	1120.9	1434.3	2383.7
3186	1121.0	1367.7	2315.0
3727	1114.9	1304.2	2256.7
4451	1114.5	1342.5	2314.0
6634	1116.5	1345.1	2364.3
6390	1121.1	1375.9	2345.5
1589	1110.4	1364.0	2247.8
4532	1117.6	1356.3	2300.4
6366	1125.2	1413.8	2376.2
1706	1121.5	1354.9	2293.2
1234	1119.0	1407.1	2331.6
6376	1110.9	1356.6	2297.1
5011	1114.5	1365.3	2363.5
9345	1117.9	1377.2	2358.8
7548	1117.4	1343.5	2298.7
2487	1113.4	1344.0	2276.4
1151	1114.8	1398.3	2320.5
9925	1131.7	1470.8	2403.5
9993	1114.5	1355.7	2268.5
8240	1116.9	1382.2	2334.3
5953	1127.7	1411.1	2343.1
3765	1110.7	1362.7	2269.5
6253	1119.0	1362.6	2313.5
4800	1118.9	1390.4	2342.9
4250	1124.1	1388.9	2366.7
7146	1112.6	1321.3	2281.8
1601	1126.5	1390.5	2335.9
8778	1117.5	1383.2	2318.7
1848	1117.1	1389.2	2331.6
7549	1116.5	1369.5	2342.0
4584	1107.0	1327.8	2260.6
1153	1122.5	1394.7	2284.3
5375	1122.6	1455.2	2360.4
2217	1116.1	1375.5	2310.0
1274	1119.8	1377.5	2427.8
9035	1114.2	1347.8	2374.0
1230	1122.6	1365.2	2245.2
9654	1109.9	1378.8	2243.5
1571	1122.0	1400.0	2358.9
6353	1124.7	1397.8	2337.2
1985	1112.3	1357.2	2273.9
2134	1110.0	1331.2	2233.2
7732	1108.4	1341.9	2228.6
6914	1105.7	1326.9	2219.5
8074	1119.7	1384.2	2286.2
8014	1114.8	1366.4	2326.1
8896	1116.3	1382.5	2328.2
2135	1118.9	1365.9	2284.5
5378	1112.3	1357.8	2248.6
268	1117.1	1383.9	2343.5
9705	1116.5	1385.0	2297.2
5940	1112.2	1357.7	2265.5
2617	1115.9	1367.3	2262.6
9079	1118.6	1389.2	2366.0
4048	1117.8	1349.2	2291.2
6337	1113.7	1302.9	2213.0
594	1128.0	1440.0	2412.7
7922	1112.8	1392.5	2348.1
7221	1111.2	1354.3	2327.1
4780	1127.9	1401.9	2374.2
7522	1124.8	1384.6	2399.9
1127	1109.4	1352.1	2248.9
3923	1117.7	1405.1	2309.8
5779	1120.3	1331.6	2276.1
6749	1115.8	1310.4	2280.2
9044	1117.0	1351.3	2312.4
5670	1124.0	1418.7	2319.1
5975	1115.1	1368.8	2270.7
7356	1116.8	1342.2	2260.9
8329	1114.8	1433.0	2387.7
1050	1109.6	1357.7	2266.4
7232	1117.8	1370.9	2347.5
9649	1108.3	1357.8	2252.2
3366	1115.7	1335.7	2284.5
6736	1113.6	1340.5	2255.2
5026	1115.2	1371.7	2329.2
4852	1117.9	1332.9	2263.1
6316	1113.6	1349.6	2252.7
7176	1113.2	1314.8	2216.0
1405	1113.4	1377.2	2281.4
7927	1119.0	1430.5	2365.3
7163	1126.3	1390.2	2413.0
4283	1124.8	1382.5	2359.7
7438	1110.0	1316.4	2200.2
7937	1117.8	1387.2	2302.2
7250	1117.7	1372.2	2267.6
6483	1118.1	1391.5	2298.9
1694	1126.5	1420.5	2384.6
2415	1107.1	1370.6	2304.6
5814	1119.4	1365.3	2272.7
7972	1116.2	1375.7	2287.3
636	1114.5	1369.6	2296.6
9375	1121.7	1377.2	2355.5
3051	1120.8	1368.7	2294.7
5520	1113.9	1386.7	2316.3
6348	1106.7	1320.6	2183.0
8902	1120.3	1401.3	2309.7
7576	1108.2	1318.3	2194.4
1753	1112.4	1361.2	2272.8
5275	1104.5	1327.8	2248.2
5786	1117.3	1367.0	2297.0
689	1117.9	1371.6	2306.3
1148	1119.9	1371.3	2333.6
781	1109.7	1362.0	2233.4
5599	1117.3	1372.5	2304.8
2571	1101.5	1337.3	2198.0
9984	1116.3	1385.3	2272.6
6831	1112.3	1390.0	2329.1
8936	1105.9	1289.6	2230.3
8939	1118.9	1401.6	2377.6
7773	1111.9	1322.8	2230.1
3999	1111.9	1322.0	2279.8
6600	1114.9	1380.8	2262.2
7411	1115.9	1345.7	2229.6
5183	1113.9	1344.1	2237.8
1899	1113.2	1316.5	2269.8
8352	1118.6	1317.1	2252.8
6551	1127.5	1361.2	2364.9
1469	1123.5	1414.0	2380.8
642	1109.3	1336.9	2283.0
7462	1111.6	1387.8	2320.0
402	1122.5	1386.5	2445.2
4799	1118.7	1376.5	2318.9
7741	1112.2	1361.8	2259.9
165	1114.9	1309.6	2210.3
8227	1122.4	1392.5	2304.7
4715	1114.3	1400.8	2329.2
4243	1118.6	1439.2	2299.6
9657	1120.1	1347.5	2289.5
4288	1113.9	1372.4	2248.4
2560	1108.5	1341.6	2216.3
4257	1110.5	1349.9	2219.8
3403	1115.4	1358.0	2298.5
1240	1120.8	1386.4	2330.5
5359	1112.3	1373.3	2302.2
8186	1107.2	1332.3	2244.3
9287	1120.3	1361.1	2268.5
6659	1118.4	1355.2	2304.7
3574	1127.0	1403.0	2319.5
5248	1127.1	1434.7	2394.8
1779	1117.6	1341.9	2271.3
4156	1111.2	1382.9	2252.7
8875	1123.0	1399.4	2725.5
9231	1115.4	1382.6	2270.9
1023	1109.0	1360.3	2200.3
2225	1120.8	1393.2	2396.6
3677	1120.4	1374.7	2360.6
1955	1119.4	1353.9	2333.0
2200	1120.3	1411.0	2313.1
4829	1119.7	1405.2	2401.0
5693	1114.8	1334.8	2265.5
1566	1125.4	1382.7	2327.2
9690	1118.8	1381.9	2307.3
2174	1119.0	1374.1	2336.6
8375	1114.8	1329.8	2261.6
8054	1109.3	1283.3	2193.1
4849	1115.7	1384.9	2335.6
1040	1121.1	1420.1	2369.0
4068	1117.6	1402.9	2365.0
9475	1121.6	1336.1	2290.6
2913	1115.4	1364.3	2276.9
9593	1117.1	1372.1	2301.0
2204	1111.5	1343.2	2263.1
8038	1099.9	1328.2	2151.8
7150	1115.3	1337.4	2282.1
283	1125.2	1348.1	2342.7
7208	1112.0	1411.3	2381.9
8791	1117.9	1361.0	2302.3
7413	1109.1	1340.0	2303.3
8986	1114.1	1319.7	2220.7
2616	1114.9	1367.8	2271.9
9065	1119.2	1402.8	2375.9
4382	1113.8	1341.1	2310.6
6086	1121.2	1390.9	2340.2
1072	1117.0	1371.6	2322.5
4573	1113.5	1399.2	2415.1
1645	1120.7	1371.9	2277.6
4113	1116.7	1380.0	2281.5
9539	1133.9	1480.8	2589.5
7473	1125.0	1395.9	2375.3
9684	1124.5	1402.1	2372.3
277	1118.0	1385.5	2315.4
4241	1123.5	1379.2	2321.1
4359	1114.8	1362.9	2281.5
3947	1115.8	1376.4	2260.9
2113	1131.0	1428.1	2386.1
5240	1114.9	1357.6	2281.1
6699	1108.2	1352.3	2285.8
6875	1113.6	1413.1	2336.7
2133	1106.3	1349.9	2232.9
801	1114.5	1345.6	2312.3
1936	1119.2	1369.1	2288.1
3833	1107.6	1319.0	2202.4
8372	1106.5	1361.7	2230.6
7485	1111.4	1365.4	2295.7
5047	1121.0	1359.6	2337.0
721	1116.5	1373.0	2268.4
2228	1112.9	1344.1	2249.6
3936	1113.2	1327.0	2264.1
8712	1114.3	1340.2	2253.9
3396	1106.0	1287.8	2178.3
5956	1103.0	1320.0	2173.6
5908	1120.1	1334.9	2275.2
3300	1114.9	1356.7	2271.0
7190	1111.4	1338.8	2256.8
2842	1104.3	1337.4	2182.3
1863	1103.6	1345.0	2246.9
9841	1119.2	1387.6	2324.8
3131	1113.2	1352.5	2278.2
9505	1106.4	1346.9	2232.4
1407	1110.2	1304.4	2199.5
7677	1107.9	1347.7	2224.5
4117	1128.5	1427.2	2479.9
7256	1116.8	1334.1	2312.9
8294	1111.7	1379.7	2300.5
8380	1118.3	1349.1	2262.7
7691	1121.8	1380.0	2393.7
5706	1120.3	1345.9	2457.8
5901	1113.1	1329.3	2243.0
9913	1122.6	1396.1	2345.7
5862	1122.7	1388.3	2321.9
7734	1109.3	1298.6	2185.4
2043	1119.0	1356.2	2316.7
4490	1105.9	1332.3	2228.5
4606	1110.9	1358.6	2275.1
3456	1125.2	1437.2	2415.8
37	1110.1	1363.7	2255.1
831	1118.2	1372.4	2367.3
6025	1119.7	1390.9	2315.3
1603	1111.1	1379.7	2351.0
5861	1119.0	1365.5	2295.3
4724	1112.5	1337.2	2225.1
3030	1121.8	1388.0	2347.1
9220	1101.8	1307.8	2157.8
6655	1115.2	1330.2	2279.9
9560	1110.5	1377.5	2266.8
7903	1105.5	1330.2	2198.5
9167	1121.5	1377.8	2322.3
4588	1123.2	1365.6	2310.4
5646	1111.2	1359.1	2311.8
5868	1110.6	1349.8	2226.4
7738	1119.6	1370.9	2413.1
7651	1113.9	1357.1	2278.6
7054	1123.1	1394.7	2342.9
1884	1108.9	1308.0	2184.6
373	1121.6	1413.3	2354.7
1970	1125.8	1393.2	2356.4
8204	1111.0	1319.6	2219.0
8999	1109.7	1350.9	2266.1
6744	1111.7	1404.8	2321.6
6024	1111.7	1310.0	2228.3
6408	1118.3	1410.6	2318.7
3445	1116.0	1341.2	2223.2
8610	1110.0	1351.0	2247.4
8550	1111.4	1336.4	2245.8
92	1112.3	1358.4	2244.2
2	1115.7	1406.7	2312.9
3573	1114.9	1416.9	2420.4
2368	1107.1	1360.2	2192.2
9867	1121.1	1392.8	2267.7
9034	1117.8	1390.0	2289.3
1352	1108.9	1327.7	2277.8
1845	1117.9	1341.7	2290.7
820	1117.7	1393.4	2308.6
8268	1113.6	1341.8	2250.0
1288	1112.3	1368.6	2268.0
1758	1120.8	1377.8	2297.7
4637	1110.7	1329.9	2256.7
834	1122.2	1404.8	2418.3
9856	1115.1	1332.3	2248.2
8802	1118.4	1296.8	2287.7
9681	1115.9	1343.2	2256.8
592	1119.9	1423.0	2346.5
459	1113.1	1353.5	2278.8
9506	1114.3	1350.7	2269.4
3630	1123.7	1384.6	2369.1
4213	1120.5	1390.0	2324.8
3332	1115.7	1355.7	2330.8
509	1119.1	1367.5	2303.5
7096	1115.8	1348.2	2298.6
8230	1107.4	1359.1	2211.4
1743	1120.4	1389.7	2294.2
3267	1110.9	1329.4	2250.7
1059	1111.7	1357.4	2288.6
7929	1118.6	1340.8	2301.5
6863	1117.6	1317.9	2232.7
7714	1107.6	1383.8	2268.8
3763	1123.6	1347.9	2291.1
8259	1114.0	1373.4	2253.0
1590	1110.7	1312.5	2201.3
3708	1112.8	1371.1	2328.3
6423	1122.8	1436.5	2368.7
6313	1110.4	1378.6	2313.7
3599	1112.3	1330.8	2242.4
3736	1117.3	1409.7	2351.9
901	1111.5	1367.5	2326.5
5994	1110.6	1389.6	2275.8
4847	1118.2	1344.0	2275.7
3121	1117.2	1369.6	2303.0
3651	1113.7	1342.5	2230.7
9427	1113.6	1388.7	2289.7
802	1121.5	1385.6	2328.2
8432	1114.8	1303.9	2260.9
7371	1112.4	1345.5	2256.1
980	1109.6	1379.4	2299.6
7829	1117.5	1368.3	2270.5
1249	1119.1	1431.1	2720.8
8249	1103.5	1339.8	2215.7
5844	1115.4	1334.3	2307.3
8871	1117.8	1390.6	2344.2
9023	1111.0	1343.3	2230.6
5858	1116.9	1380.1	2323.3
8075	1103.3	1324.6	2241.2
4968	1111.7	1338.2	2245.7
6715	1117.8	1367.7	2314.8
904	1122.7	1393.8	2605.1
7032	1109.3	1338.8	2265.8
8270	1120.8	1379.8	2331.4
701	1111.7	1344.9	2231.8
2233	1115.4	1369.0	2272.4
1944	1124.5	1410.1	2357.3
1715	1106.6	1344.2	2215.4
9499	1117.8	1386.1	2321.1
442	1110.4	1286.4	2239.3
7720	1120.4	1350.3	2283.8
393	1110.6	1331.6	2237.7
6308	1109.0	1343.8	2211.8
1828	1108.1	1327.9	2197.0
167	1118.5	1407.3	2324.9
1045	1128.0	1369.7	2369.7
2602	1122.4	1378.5	2322.3
4923	1121.2	1368.5	2342.0
1109	1119.5	1392.9	2335.3
2229	1132.0	1445.2	2445.7
3692	1112.8	1325.5	2222.0
1142	1110.9	1306.6	2235.7
9134	1117.7	1357.7	2285.5
4746	1113.8	1348.4	2234.4
9052	1109.9	1338.9	2237.9
584	1107.5	1345.1	2222.0
8088	1110.5	1315.1	2220.8
6865	1110.8	1325.3	2229.8
4595	1114.3	1353.9	2269.1
4821	1126.3	1445.3	2770.8
569	1116.5	1372.8	2348.6
9295	1118.9	1326.4	2299.4
6148	1129.8	1416.1	2350.1
5649	1116.3	1334.1	2262.8
8911	1121.9	1403.3	2307.7
3713	1113.9	1391.9	2384.7
1120	1114.9	1363.6	2264.4
9276	1124.3	1407.6	2412.1
5159	1126.8	1436.3	2461.1
1138	1121.6	1418.1	2375.4
5796	1123.7	1373.5	2322.9
9425	1120.3	1385.4	2363.0
8781	1113.7	1336.9	2254.2
3988	1119.4	1364.1	2325.7
9507	1117.0	1362.2	2325.0
4327	1115.9	1358.7	2270.5
2407	1124.5	1329.3	2311.9
8820	1116.9	1371.4	2273.7
4737	1120.7	1394.6	2342.6
1424	1114.4	1429.5	2320.5
9580	1109.3	1331.5	2220.5
5301	1114.6	1369.2	2289.1
3524	1109.6	1337.8	2254.5
9569	1107.5	1328.3	2183.4
7562	1112.2	1338.0	2300.4
2149	1114.3	1388.9	2298.0
4557	1118.0	1344.1	2312.1
3654	1118.4	1365.2	2296.9
289	1102.6	1311.2	2190.0
8680	1114.7	1368.4	2326.4
9361	1122.8	1399.8	2473.8
2730	1105.0	1387.0	2289.0
5969	1121.3	1350.1	2286.2
2711	1125.8	1402.0	2370.5
9185	1120.1	1354.5	2305.8
709	1124.6	1438.3	2363.9
8576	1112.2	1315.6	2284.4
9308	1111.3	1331.3	2248.7
3680	1118.6	1369.7	2307.6
5634	1111.9	1398.6	2286.8
2503	1116.0	1369.9	2336.1
6184	1111.3	1346.7	2234.6
2460	1115.8	1360.9	2286.5
5388	1113.9	1323.3	2231.2
5579	1112.5	1347.4	2245.3
1761	1120.6	1341.0	2271.6
6510	1113.2	1383.6	2279.6
6669	1111.2	1364.1	2286.8
7333	1111.2	1344.0	2264.0
611	1121.1	1364.0	2285.4
388	1117.3	1380.0	2340.3
7905	1113.9	1380.0	2305.9
479	1123.4	1374.3	2370.0
1167	1112.1	1356.7	2242.1
8976	1115.8	1347.6	2258.7
3671	1103.3	1308.0	2194.9
9362	1113.4	1315.1	2238.0
8461	1109.7	1388.0	2312.7
3435	1123.5	1363.3	2294.9
6034	1115.3	1357.9	2341.0
4806	1125.1	1391.7	2428.9
458	1129.3	1372.2	2383.3
2153	1110.8	1347.9	2231.2
9609	1114.5	1377.8	2309.2
1713	1117.7	1329.7	2255.1
819	1114.9	1377.7	2296.7
3157	1114.0	1379.7	2320.9
104	1111.2	1343.2	2264.8
4343	1114.2	1293.8	2236.1
6890	1114.6	1372.0	2311.7
9049	1120.2	1291.7	2280.4
6044	1123.4	1375.6	2314.2
42	1113.8	1312.4	2237.8
2222	1119.6	1350.8	2290.5
6602	1114.4	1361.0	2316.2
8761	1121.6	1351.3	2391.6
9514	1108.4	1324.2	2273.5
9382	1110.7	1308.3	2276.3
8287	1124.8	1381.8	2339.7
1905	1107.4	1355.0	2232.3
6829	1118.7	1344.9	2285.6
6813	1123.8	1384.8	2347.8
2805	1114.6	1371.2	2301.2
6145	1119.5	1405.4	2331.6
6781	1121.3	1367.7	2331.6
1781	1125.6	1423.5	2378.7
1687	1113.5	1337.4	2310.1
6867	1121.2	1383.4	2374.4
8789	1112.3	1395.2	2334.8
6599	1109.5	1296.1	2206.5
5924	1115.5	1385.5	2273.2
536	1116.9	1367.9	2292.4
7478	1117.3	1355.1	2349.8
9367	1125.0	1389.0	2332.6
6845	1107.0	1338.9	2233.5
5360	1121.5	1367.7	2404.9
3031	1118.7	1390.7	2315.4
6286	1119.2	1411.8	2314.1
5825	1112.0	1391.6	2294.7
6800	1110.8	1356.9	2227.5
4560	1125.0	1373.0	2395.6
1279	1120.9	1403.5	2330.2
4675	1116.8	1366.2	2295.7
6108	1114.5	1360.5	2263.2
5602	1119.4	1355.9	2271.0
640	1122.0	1425.8	2389.1
6276	1115.6	1328.8	2268.7
5170	1112.6	1366.4	2277.4
4036	1121.0	1405.6	2365.8
2532	1114.3	1411.8	2336.2
4406	1112.8	1316.9	2207.2
5995	1117.4	1354.0	2271.6
5709	1123.2	1386.6	2335.4
6075	1112.9	1371.2	2394.9
3380	1111.8	1386.9	2273.5
733	1108.2	1301.9	2211.2
8280	1115.7	1382.5	2320.2
9352	1107.7	1279.7	2191.6
2903	1119.2	1341.2	2317.7
4066	1112.5	1379.7	2268.1
5000	1116.4	1356.0	2281.1
4539	1101.5	1398.9	2366.5
3514	1113.8	1350.5	2246.1
9203	1119.7	1415.2	2374.3
4379	1104.9	1287.6	2205.0
8742	1123.1	1385.2	2331.7
