80043	1817.9	2074.2	13497.7
58642	1822.8	2088.9	13995.8
59528	1822.4	2052.0	14243.5
18552	1812.8	2031.8	13311.6
81732	1821.3	2045.2	14117.9
39941	1814.3	2076.6	14072.1
76586	1807.9	2014.5	13411.5
65693	1827.8	2037.7	13704.2
82309	1823.7	2082.4	14214.4
13730	1815.3	2070.4	13840.1
81518	1808.8	2011.8	13172.8
80526	1817.6	2011.5	13550.4
84158	1816.0	2015.4	13184.7
54895	1822.0	2021.9	13372.7
66456	1821.7	1990.4	13210.4
18466	1807.3	2038.6	13239.2
57489	1816.4	2043.1	13518.0
39144	1800.6	2001.0	13248.6
61488	1817.7	2081.5	13648.7
11498	1812.3	2037.5	13301.8
14211	1835.5	2118.8	14288.7
26405	1823.6	2062.8	13873.6
68278	1830.8	2085.6	14164.3
72529	1823.9	2089.8	14107.5
69774	1808.1	2046.7	13469.2
77795	1814.6	2020.0	13442.9
21483	1819.9	2098.2	13621.7
39232	1799.7	2064.4	13279.0
2623	1814.3	2054.2	13723.0
71632	1830.6	2092.9	13938.2
35922	1811.7	2048.0	13589.9
78718	1813.7	2046.0	13387.9
44830	1822.8	2039.9	13747.0
88233	1831.7	2078.5	14079.5
39636	1818.6	2142.6	13611.8
1092	1822.2	2086.1	13618.3
28539	1817.2	2096.9	13524.3
22759	1819.2	2032.6	13550.1
40574	1828.2	2088.2	13912.9
78340	1809.2	1987.9	13245.7
70747	1822.1	2059.9	13653.8
50129	1821.7	2050.1	13709.8
83096	1826.5	2060.5	13697.8
50083	1811.3	2096.4	13618.4
32447	1825.4	2050.6	13733.4
1802	1819.8	2061.7	14095.4
18564	1824.5	2105.2	13678.0
20843	1827.7	2088.1	14022.8
85898	1814.0	2051.6	13771.1
2859	1841.1	2166.0	14634.4
73220	1814.7	2032.2	13424.4
86896	1813.7	2041.3	13630.2
48862	1812.8	2078.0	13607.1
72438	1816.1	2049.9	13809.6
84772	1829.5	2040.0	13626.0
59084	1806.9	2070.4	13645.2
31090	1819.1	2060.1	13799.2
79061	1809.4	2018.2	13768.8
34235	1824.3	2094.3	13882.0
78182	1804.0	2047.9	13163.1
83569	1830.4	2111.6	14007.3
76677	1802.0	2019.3	13286.7
67509	1811.0	2023.8	13272.8
69166	1808.3	2022.6	13472.6
65561	1830.6	2119.4	14190.2
24078	1807.6	2066.5	13520.8
16539	1821.5	2089.9	13728.8
38856	1825.5	2099.3	13932.1
9401	1817.6	2088.9	13600.6
16132	1811.4	1997.7	13161.8
13191	1824.7	2066.4	13663.5
36710	1814.5	2075.1	13568.8
68912	1799.6	1995.2	13100.3
31643	1816.3	2046.5	13596.7
433	1822.0	2072.5	13792.7
50646	1804.1	2028.4	13245.3
67688	1832.3	2095.3	14270.7
52137	1827.5	2096.2	13912.1
71241	1830.9	2027.6	13723.0
15750	1820.2	2101.4	13842.9
62751	1807.3	2018.8	13377.8
79334	1829.1	2072.7	13789.5
69053	1823.9	2070.9	13956.8
31956	1829.1	2087.0	14065.8
82650	1822.1	2083.2	13740.9
68901	1834.0	2070.9	14129.0
34092	1826.4	2064.5	13964.2
74925	1827.4	2092.0	13802.5
21604	1821.2	2036.5	13489.4
69378	1816.9	2058.8	13507.8
11971	1815.2	2060.3	13533.9
53515	1804.9	2000.3	13220.2
20882	1810.8	2058.3	13440.5
29589	1813.4	2067.7	13592.4
38950	1820.9	2074.6	13804.1
15966	1811.3	2075.1	13967.2
8475	1811.8	2070.8	13663.2
14040	1818.7	2094.0	13886.7
4983	1827.3	2028.8	13563.1
55358	1828.4	2118.8	14018.8
79048	1808.5	2021.9	13385.1
1949	1822.4	2079.5	13711.9
75716	1837.3	2088.0	13931.2
81970	1801.3	1997.9	13033.7
27542	1822.1	2034.6	13662.2
34325	1809.4	2034.4	13563.0
85530	1813.8	2046.1	13428.2
7072	1816.2	2077.3	13798.5
69101	1803.7	2002.9	13275.9
7979	1817.2	2065.9	13632.6
19236	1816.6	2043.7	13510.8
88634	1835.5	2068.8	13780.6
56580	1836.8	2107.2	14058.5
39202	1815.6	2058.8	13792.9
62296	1810.5	2020.7	13416.7
64250	1822.9	2067.3	13598.9
49733	1814.9	2044.0	13528.2
25184	1811.9	2071.9	13399.8
38088	1814.6	2082.8	14369.5
67955	1818.0	2071.1	13575.7
7643	1808.8	2079.8	13507.2
54103	1819.5	2029.0	13678.7
88003	1821.5	2028.0	13455.0
29246	1814.7	2093.0	13846.6
71023	1822.1	2054.1	13751.0
2362	1839.7	2124.1	13977.2
82405	1818.7	2046.4	13699.2
162	1831.0	2125.9	14344.0
64010	1804.6	1989.8	13552.1
13303	1811.4	2011.6	13319.7
13250	1812.9	2035.2	13211.7
43299	1826.6	2065.9	13637.9
32586	1828.7	2041.9	13553.1
3701	1825.2	2061.1	13810.2
63775	1814.6	2022.1	13193.1
32712	1816.9	2044.3	14089.9
49125	1809.1	2057.1	13557.1
19484	1831.1	2067.6	14013.3
50197	1818.5	2043.9	13498.0
82108	1836.0	2102.2	14314.5
20097	1819.8	2070.0	13629.3
13262	1814.4	2075.4	13544.4
52617	1802.8	2035.6	13219.1
83219	1809.2	2017.7	13585.3
79159	1817.5	2028.4	13736.0
46792	1816.2	2071.1	13689.2
32387	1819.9	2069.7	13696.4
58263	1825.6	2050.6	13753.3
35094	1815.1	2054.6	13417.2
36945	1830.6	2113.1	14094.0
53541	1827.8	2077.9	14143.8
64528	1816.5	2060.2	13438.9
43257	1810.3	2062.5	13777.9
55989	1820.7	2057.4	13857.9
87686	1821.4	2060.9	13784.2
48740	1813.3	2054.0	13532.7
46218	1816.6	2004.5	13427.1
3990	1823.9	2029.6	13620.8
73598	1824.2	2065.3	13705.2
76679	1816.8	2007.2	13507.5
44774	1818.9	2018.7	13361.8
61345	1806.3	2025.8	13424.6
79528	1789.7	1971.5	13185.2
70060	1816.3	2044.2	13609.3
42748	1812.3	2008.6	13303.5
2219	1823.8	2044.3	13628.8
22945	1829.0	2036.3	13629.0
79954	1816.2	2024.7	13445.0
73203	1809.0	1959.0	13110.3
88549	1814.0	2080.6	13632.4
57126	1821.4	2084.3	13779.9
81853	1830.5	2094.4	14091.2
39259	1801.7	2036.8	13471.3
53430	1816.1	2047.5	13573.2
61905	1806.4	2016.8	13894.7
19058	1824.8	2087.7	13752.5
26863	1810.7	2064.6	13529.0
2851	1831.7	2060.6	13807.4
86102	1818.2	2034.6	13496.6
67890	1794.4	1986.3	13176.5
53470	1799.0	2036.9	13337.9
5501	1827.8	2083.9	13729.4
29309	1832.2	2119.3	14264.4
60668	1821.1	2046.9	13619.1
30940	1824.9	2116.0	14331.2
30835	1831.0	2080.9	13730.7
19716	1808.7	2041.0	13391.6
17571	1832.6	2068.7	13909.3
58772	1817.4	2037.9	13490.1
57533	1828.9	2113.9	14198.1
89903	1830.5	2123.2	14173.2
41	1820.1	2091.1	14598.1
63396	1816.8	2034.1	13661.5
72972	1828.5	2057.7	13716.5
12713	1806.8	2029.8	13623.7
16487	1830.1	2099.0	13775.2
27575	1839.1	2140.3	14710.3
17582	1817.4	2110.5	13652.5
8386	1804.9	2044.0	13224.4
76433	1794.9	1953.5	12841.8
40317	1798.0	2001.2	12982.1
71455	1833.7	2105.4	13866.2
58092	1828.7	2057.6	13699.1
52618	1811.3	2067.3	13554.4
53664	1794.1	2021.8	13101.2
47428	1827.9	2058.4	13803.9
31425	1812.2	2048.7	13668.5
41797	1803.6	2050.9	13381.4
40819	1812.8	2034.4	13507.5
65420	1810.9	2036.4	13291.7
12917	1801.2	2028.0	13113.6
57236	1808.7	2068.8	13453.1
70501	1808.3	2028.5	13370.3
3922	1813.1	2035.0	13534.4
48850	1813.7	2024.0	13621.7
31127	1817.5	2071.4	13840.5
40164	1817.7	2018.6	13917.0
75449	1811.1	2021.4	13632.6
10646	1822.8	2081.0	13819.3
82547	1815.8	2023.8	13285.6
40941	1821.2	2054.7	13609.7
15920	1838.5	2113.8	14312.3
86897	1815.6	2029.1	13546.9
62541	1811.2	2025.4	13309.2
47732	1830.0	2090.5	14036.1
15593	1823.3	2064.6	13783.9
87111	1803.6	1964.7	13252.5
5944	1804.3	2017.9	13156.5
30088	1814.2	2028.4	13402.9
75258	1814.8	2006.4	13609.2
85006	1807.3	1999.5	13467.7
66894	1821.8	2030.5	13559.8
25570	1821.7	2112.3	13745.8
58126	1823.0	2104.4	14065.5
89729	1825.6	2053.8	13638.9
16741	1822.1	2034.8	13532.2
63157	1828.0	2063.5	14013.7
32949	1824.9	2023.7	13667.3
15600	1814.8	1999.1	13551.2
48541	1831.0	2149.9	14122.6
85778	1811.8	2068.4	13449.8
62958	1824.2	2053.7	13951.1
89524	1818.3	2039.6	13688.8
68586	1815.9	2055.3	13444.1
88882	1822.7	2030.6	13509.8
35365	1827.1	2091.6	13780.8
72626	1827.7	2104.8	13845.1
21622	1822.9	2047.6	13928.0
14668	1813.7	2023.0	13772.5
73856	1800.6	2000.7	13352.6
49396	1815.8	2045.5	13376.6
81958	1815.6	2052.1	13770.9
76062	1817.1	2049.6	13503.4
88088	1814.8	2006.4	13375.8
78838	1815.0	2063.6	13509.5
68781	1821.6	2025.8	13533.0
67463	1832.4	2088.5	13996.7
9041	1815.4	2078.2	13423.3
18838	1819.0	2084.8	13736.2
37277	1824.5	2108.8	14091.1
76059	1809.1	2014.9	13392.9
41580	1836.9	2060.3	13811.3
73487	1818.9	2035.1	13679.2
69118	1807.8	1992.9	13103.8
30450	1791.9	1979.2	12979.5
54586	1802.8	1976.4	13342.4
58146	1821.4	2048.9	13850.3
62678	1832.4	2095.0	13849.4
87121	1807.9	2017.6	13436.2
20044	1821.9	2044.7	13529.3
2240	1825.7	2028.0	13395.6
84405	1818.7	2024.8	13439.7
15147	1835.2	2107.3	13946.1
29857	1809.6	2050.2	13455.1
40238	1826.3	2081.8	13989.9
69002	1809.1	2028.3	13553.6
53312	1821.2	2068.7	14451.7
29575	1811.9	2041.0	13513.6
35812	1824.8	2065.8	13908.4
65895	1819.6	2118.1	14445.6
58142	1821.1	2066.4	13736.1
67723	1823.6	2117.6	13838.2
50640	1821.4	2051.9	13672.6
84135	1815.4	2010.6	13483.1
11789	1820.1	2105.2	14066.5
52773	1822.4	2092.8	13716.5
85813	1813.0	2054.2	13810.1
35206	1806.3	1993.8	13058.1
59655	1811.3	2067.2	13787.6
62637	1815.5	2040.0	13882.8
12578	1813.7	2055.7	13790.1
84204	1797.6	1972.8	12921.7
9179	1802.0	2078.5	13214.9
15692	1815.6	2018.7	13525.5
30518	1809.7	2059.4	13228.7
86804	1817.5	1995.7	13384.8
73787	1816.9	2023.2	13609.3
42802	1812.2	2003.9	13594.7
43266	1814.7	2067.5	13670.5
46915	1798.6	1978.4	13019.6
27247	1818.5	2070.7	13604.7
64454	1819.8	2032.8	13658.2
50766	1826.8	2073.1	13720.0
16320	1819.4	2103.9	13879.7
70201	1814.6	2022.6	13422.0
1865	1832.6	2037.7	13911.1
74207	1823.2	2024.4	13675.2
82178	1830.6	2104.2	13972.2
14522	1816.5	2034.1	13516.9
9114	1815.4	2033.3	13338.9
68421	1810.1	2019.4	13518.1
74361	1816.8	2066.1	13719.5
87097	1827.5	2066.8	14036.5
44083	1804.8	1963.1	13436.1
22170	1826.4	2117.9	14736.1
70271	1821.0	2048.4	13992.0
66797	1822.5	2066.0	13728.4
19900	1843.6	2126.7	14404.2
29090	1813.3	2048.4	13525.4
88143	1824.9	2059.5	13831.8
48018	1815.1	2034.7	13435.2
71935	1839.5	2113.7	14111.6
35076	1816.9	2072.6	13629.0
2967	1811.6	2074.2	13325.4
26924	1828.2	2119.2	13786.0
70636	1815.5	2083.7	13663.9
949	1805.1	2009.7	13356.4
75770	1817.7	2057.4	13551.2
35674	1804.3	2033.3	13418.4
65666	1803.8	2047.5	13379.0
40305	1825.8	2024.4	13886.0
10319	1823.0	2070.9	13519.2
85022	1798.5	2006.4	13071.3
73948	1811.1	2061.0	13485.3
46625	1817.0	2047.2	13594.1
15002	1805.0	2070.6	13390.1
3240	1825.9	2087.6	14007.0
32519	1815.0	2076.0	13707.7
87534	1832.3	2059.0	13827.7
21046	1806.7	2038.1	13329.1
57848	1830.0	2052.2	13833.2
33208	1812.9	2084.6	13631.5
69826	1819.2	2041.3	13689.1
15332	1809.3	2082.5	13703.0
8094	1794.8	1985.7	12894.3
46215	1810.4	2082.3	13471.6
40520	1827.4	2079.9	13905.7
78546	1824.9	1977.5	13692.9
41689	1812.4	2057.9	13522.9
68571	1799.2	1998.8	13154.2
27116	1825.5	2048.2	13671.3
23587	1818.7	2049.1	13676.3
85980	1807.0	2001.6	13425.4
46752	1824.8	2056.0	13684.0
47905	1823.1	2063.2	13772.2
54220	1817.7	2038.0	13511.9
7320	1815.8	2020.3	13630.2
33183	1819.1	2024.0	13547.2
57337	1825.7	2090.0	13860.9
1300	1819.4	2068.4	14013.2
74219	1820.7	2063.4	13578.8
423	1810.7	2024.2	13452.5
29820	1817.5	2072.6	13675.3
55340	1803.1	2077.1	13683.8
8301	1809.0	2036.1	13243.7
74053	1806.2	1997.8	13239.4
22664	1835.7	2108.4	14132.3
82507	1805.7	2028.6	13328.1
7348	1811.2	2085.0	13605.7
70996	1811.5	2032.1	13580.0
47844	1835.9	2072.2	14027.8
42528	1831.9	2140.8	14540.6
55513	1814.1	2063.0	14201.8
35209	1813.0	2037.9	13476.1
43510	1810.5	2031.1	13435.5
78738	1822.0	2065.5	13741.3
64932	1815.2	2091.7	13826.9
88875	1809.3	2031.5	13090.5
144	1819.7	2048.3	13511.1
29029	1812.2	2008.4	13214.7
82999	1820.1	2036.7	13847.7
88728	1819.2	2069.2	13711.6
19622	1816.2	2085.6	13795.2
1628	1816.0	2061.7	13661.0
6533	1815.5	2046.8	13640.7
33347	1816.1	2103.6	13778.7
51717	1847.1	2057.9	14186.4
34696	1817.2	2072.1	13689.9
17863	1810.8	2015.3	13506.7
22730	1805.8	2027.0	13562.8
21680	1818.1	2086.9	13519.3
32205	1817.8	2045.3	13287.4
31179	1801.5	1954.1	12906.2
13601	1824.9	2030.3	13470.1
25091	1821.1	2071.1	13585.4
36697	1829.6	2045.2	13476.6
8929	1822.6	2043.7	13612.2
36725	1814.5	2088.8	13612.2
2082	1814.0	2037.2	13271.1
22629	1807.2	2006.0	13413.8
60590	1811.3	2017.5	13505.6
5817	1823.2	2078.3	13606.5
52561	1812.0	2101.8	14026.3
22532	1803.2	2005.6	13128.0
28792	1827.2	2077.2	13992.6
11923	1811.7	2003.5	13520.7
40547	1821.6	2092.1	13845.3
22129	1797.3	2038.0	13391.3
21808	1810.4	2034.2	13380.8
1733	1813.9	2070.9	13617.7
77155	1827.7	2084.8	14142.5
5490	1815.4	2062.0	13572.1
83631	1823.0	2051.5	13610.5
42576	1833.3	2110.2	14091.0
51574	1812.0	2020.6	13455.2
52158	1823.0	2049.5	13783.9
67196	1820.3	2060.9	13466.5
83072	1817.7	2069.8	13931.8
58764	1810.5	2070.5	13899.9
51617	1810.3	2013.8	13417.6
7068	1806.8	1990.3	12997.3
23413	1816.0	2047.1	13322.6
21751	1814.8	2036.8	13612.8
53305	1832.1	2074.5	14111.4
544	1813.0	2038.4	13575.3
89913	1827.9	2101.4	14064.7
42357	1807.8	2036.3	13383.6
19379	1831.3	2112.1	14026.0
23258	1824.7	2036.9	13512.5
36976	1829.3	2107.3	13776.1
8813	1818.1	2082.0	13608.2
39015	1804.9	2000.9	13054.5
23212	1826.1	2090.3	13787.4
80894	1823.8	2069.6	13599.3
57631	1822.2	2049.2	13409.7
24649	1812.1	2024.7	13338.5
57322	1792.5	1982.2	12915.2
56618	1823.9	2014.2	13470.9
55585	1806.3	1971.3	13429.9
44309	1827.5	2092.3	13860.5
74910	1802.1	2002.9	13197.0
81612	1820.3	2055.5	13448.9
60461	1826.0	2087.5	14015.0
87914	1828.9	2056.3	13680.6
62180	1807.0	2022.0	13399.6
30362	1812.4	2041.3	13613.4
66006	1806.6	2023.7	13436.5
33742	1812.2	2034.5	13697.2
56435	1811.2	1991.0	13300.4
50259	1832.7	2141.9	14961.6
86893	1815.3	2039.1	13389.3
82533	1804.6	1979.4	13009.3
19744	1810.4	2065.8	13424.6
84061	1832.8	2102.3	14182.7
83783	1832.5	2086.0	13831.1
70335	1799.1	2021.8	13175.5
19191	1824.0	2111.4	13742.7
11619	1830.5	2071.4	13791.2
31493	1811.5	2031.7	13377.9
9987	1824.5	2085.9	13669.8
17240	1826.2	2088.0	13754.3
13871	1810.4	2079.2	13585.6
72583	1830.9	2062.9	13792.5
76242	1820.2	2051.1	13849.9
80949	1829.8	2043.5	13997.2
20145	1807.1	2031.7	13196.1
59743	1816.3	2032.3	13802.3
52308	1813.9	2067.3	13377.4
24286	1829.6	2105.5	14257.3
17757	1817.0	2072.9	14107.1
80791	1821.7	2087.4	13940.3
17677	1829.8	2027.1	13683.5
50361	1818.7	2039.2	13739.7
73981	1815.1	2063.8	13728.3
57000	1814.4	2010.7	13385.5
4241	1824.5	2006.5	13618.7
87411	1805.5	1987.5	13474.3
6074	1807.0	2030.8	13502.6
77040	1819.7	2052.6	13465.0
30609	1819.7	2058.3	13880.4
42076	1824.2	2105.0	13660.1
7816	1829.1	2045.8	13797.5
89227	1814.0	2077.4	14043.5
12540	1821.9	2077.8	13830.4
60116	1810.3	2066.7	13468.3
4582	1826.3	2111.9	13800.8
63468	1818.2	2042.8	13435.6
86236	1812.1	2049.1	13465.7
76346	1817.3	2071.0	13655.9
2566	1813.9	2018.4	13242.4
25577	1805.5	2021.7	13440.3
23757	1836.9	2124.9	14350.5
31250	1818.6	2079.3	13926.5
22846	1818.9	2055.0	13590.4
57267	1815.3	2078.2	13634.9
56859	1807.7	1995.2	13231.9
49981	1806.0	2010.0	13201.6
19902	1822.1	2102.5	13743.0
60846	1825.7	2102.6	13939.8
66782	1824.7	2097.8	14100.2
51633	1815.2	2095.6	13547.0
23549	1823.1	2056.1	13752.5
31725	1827.0	2147.1	14220.2
391	1822.4	2075.0	13919.2
29168	1811.7	2049.7	13604.1
80974	1820.9	1998.4	13709.3
26560	1818.0	2079.1	13620.5
83372	1828.8	2049.7	14001.7
46732	1814.0	2065.3	13860.4
80230	1821.9	2048.0	13574.7
71610	1807.5	2027.0	13363.6
43026	1812.9	2033.6	13470.0
67137	1825.4	2044.4	13756.3
6203	1823.0	2029.4	13739.9
30174	1808.6	2062.2	13927.6
44063	1809.3	2056.7	13621.5
62161	1821.3	1985.3	13237.9
6165	1827.6	2129.6	13913.6
48675	1799.9	2053.2	13471.1
18579	1821.5	2049.7	13817.5
3569	1787.8	1988.7	12839.6
73732	1803.6	2036.2	13246.5
38063	1832.5	2128.5	14015.2
19507	1818.9	2029.9	13352.3
64440	1825.2	2058.9	13729.7
35904	1816.9	2117.9	13548.2
18177	1826.0	2113.2	14102.0
11376	1824.1	2091.7	13852.5
3437	1824.8	2109.7	14091.6
27219	1813.0	2055.0	13902.0
12366	1813.0	2017.8	13452.8
27023	1830.3	2115.5	13825.0
81027	1809.7	2049.7	13519.4
87833	1814.4	2011.4	13396.1
47200	1825.4	2071.8	13745.0
69296	1803.2	2029.2	13658.4
87797	1812.6	2037.5	13564.1
72276	1816.4	2036.2	13569.6
73615	1819.4	2108.5	13807.2
88285	1829.3	2039.6	13655.4
76604	1797.7	1998.5	13297.9
48593	1816.9	2072.3	13887.0
26845	1820.1	2030.4	13604.3
66700	1826.9	2075.3	13748.8
86863	1827.4	2086.7	13762.0
40697	1815.1	2011.3	13413.6
41700	1821.7	2073.1	13924.6
87426	1807.0	2023.5	13240.1
70114	1812.5	2038.4	13753.1
68301	1814.2	1982.1	13373.0
25735	1814.5	2088.6	13708.0
71997	1817.0	2042.2	13563.1
88279	1821.1	2042.0	13722.0
27122	1822.5	2087.9	13593.8
50326	1806.1	2018.1	13210.1
24256	1829.9	2111.4	14286.3
290	1812.8	2067.4	13647.6
34568	1812.6	2036.7	13555.2
88662	1817.6	2047.0	13994.6
12108	1814.2	2029.7	13304.2
17644	1828.9	2079.9	13981.5
84163	1819.5	2015.7	13337.0
58383	1803.7	2013.9	13360.4
26386	1812.3	2011.0	13162.7
40341	1817.7	2083.9	13648.0
48	1800.2	2057.5	13441.5
8653	1824.3	2108.7	13909.3
24625	1808.0	2004.3	13517.9
54949	1811.3	2021.6	13417.3
62139	1828.9	2051.5	13654.7
25926	1830.0	2085.0	16156.6
2324	1829.8	2146.4	13774.3
78484	1820.6	2057.4	14655.7
65369	1810.2	2019.0	13382.5
46237	1812.6	2012.6	13434.9
66212	1808.5	2082.9	13401.2
1208	1833.2	2103.0	13787.6
63514	1802.1	2034.2	13277.9
60296	1834.0	2105.6	13960.0
50604	1798.7	2002.4	13190.5
32868	1797.7	2040.0	13185.2
48165	1811.9	2020.8	13133.1
30571	1821.8	2065.3	13691.9
67919	1809.7	2052.4	13600.4
5710	1811.7	2044.5	13301.7
29843	1818.1	2040.3	13441.1
61785	1824.1	2032.4	13760.9
82658	1811.5	2069.7	13577.6
36592	1822.9	2112.1	13856.0
20023	1820.3	2050.6	13468.1
58428	1820.6	2044.5	13669.1
22320	1813.7	2098.8	13762.6
9032	1794.9	2035.6	13266.1
11296	1823.8	2107.9	13869.9
5087	1833.1	2090.1	14082.7
27713	1808.0	2022.3	14088.4
17310	1829.5	2094.9	14167.3
12412	1817.1	2061.8	13580.0
50405	1826.9	2079.4	14983.8
41789	1806.3	2043.4	13337.2
21882	1823.2	2094.1	14160.3
66779	1818.4	2070.3	13885.4
39637	1802.3	2034.8	13163.6
63222	1813.5	2078.5	13750.9
53984	1832.4	2077.4	13899.7
16482	1818.7	2047.5	13495.8
45667	1823.2	2005.7	13595.0
57147	1798.9	2000.3	13164.6
83070	1818.0	2067.1	13827.7
50779	1824.9	2142.9	13954.2
65093	1836.2	2095.1	14011.5
4760	1809.2	2038.9	13450.3
11594	1845.8	2108.1	14338.7
89332	1830.5	2072.3	14158.0
45276	1809.6	2035.9	13454.4
33452	1811.2	2015.1	13493.4
29039	1824.4	2041.1	14248.9
75651	1817.5	2022.5	13423.6
52225	1816.3	2106.7	13904.7
67078	1822.2	2048.9	13707.0
1037	1829.9	2088.0	13857.2
72484	1825.9	2106.2	14082.1
9416	1840.0	2119.3	14129.7
26875	1813.1	1975.6	13529.5
32029	1811.2	2077.0	13658.0
77529	1830.8	2095.2	13922.3
12690	1819.5	2099.1	13880.3
88282	1806.2	2013.7	13539.9
39737	1829.8	2072.8	13759.0
60162	1820.7	2034.4	13431.1
53910	1830.5	2121.9	14200.7
49296	1802.7	1973.2	12976.6
66555	1831.3	2089.8	14125.3
56918	1812.3	2029.0	13653.7
15152	1814.1	2055.2	13667.7
88466	1815.5	2050.1	13669.5
4048	1810.9	2072.3	14464.6
89921	1812.3	1982.2	13299.6
52164	1836.7	2098.7	14230.3
19787	1829.0	2046.4	13656.8
55699	1803.8	2058.5	13415.2
75702	1828.0	2022.4	13629.6
43171	1811.3	2064.0	13491.6
88162	1802.4	2009.2	13072.5
2472	1812.7	2049.3	13464.4
1860	1829.2	2072.9	13730.8
47520	1822.3	2078.7	13518.8
14579	1802.1	2016.1	13199.3
33261	1811.3	2055.8	13338.8
76446	1799.1	2011.6	13255.1
57173	1832.1	2052.7	14027.5
44501	1811.0	2028.4	13533.6
77870	1812.2	2076.1	13656.0
79757	1816.6	2073.6	14180.8
68254	1815.5	2015.9	13332.4
12245	1817.6	2088.1	13683.0
32813	1825.5	2030.7	13810.3
80390	1820.5	2065.4	14136.3
27201	1819.2	2078.4	13783.2
83017	1806.0	2005.6	13296.0
54256	1803.1	1983.9	13084.1
50392	1805.3	2086.7	13533.5
4379	1812.2	2035.1	13335.4
22192	1817.6	2001.3	13131.2
29129	1828.5	2059.5	13879.1
68321	1829.9	2083.1	13827.3
56091	1819.5	2031.5	13512.9
81478	1802.9	2008.8	13384.8
88194	1813.8	2094.2	13494.4
23106	1805.1	2027.1	13310.8
69715	1802.0	2037.0	13415.2
9777	1815.2	2043.3	13225.7
5262	1807.9	2041.6	13502.8
13761	1816.6	2056.0	13417.2
19226	1813.4	2067.1	13541.5
16895	1807.9	2009.0	13203.6
60655	1814.3	1999.9	13360.1
8640	1809.0	2041.7	13334.5
42318	1824.6	2054.5	14412.5
58246	1818.8	2046.0	13953.6
55759	1814.2	2032.9	13423.4
71258	1821.8	2061.2	13502.2
30832	1816.2	2083.0	13868.8
66108	1808.0	1993.4	13089.8
41141	1834.8	2038.6	14282.4
89679	1804.0	1991.7	13391.6
43469	1824.6	2035.6	13555.3
65001	1824.8	2057.1	14157.2
22281	1820.5	2064.8	13695.0
39133	1814.6	2034.5	13720.8
69637	1808.9	1990.8	13287.5
61213	1822.8	2077.0	13817.9
31770	1817.1	2025.7	13819.5
29019	1812.6	2128.9	13908.2
14372	1816.1	2055.2	13419.5
42709	1817.5	2036.4	13719.6
24645	1804.9	2024.2	13466.8
63320	1825.5	2050.6	13693.0
52254	1807.3	2034.8	13491.1
44142	1818.6	2044.5	13446.2
37122	1803.6	2011.4	13173.7
87579	1821.9	2005.7	13537.8
72954	1818.6	2054.3	13725.1
31754	1802.0	2036.9	13137.9
46591	1828.8	2065.9	13973.8
69469	1808.2	2029.2	13591.0
33624	1820.8	2051.4	13677.7
22518	1798.4	2026.3	13068.3
5467	1800.1	2051.5	13577.3
76527	1819.2	2005.3	13289.7
65945	1815.2	2067.7	13602.2
40983	1827.6	2113.4	13925.0
2147	1817.7	2078.4	13514.9
55446	1809.9	2020.7	13383.9
88535	1818.3	2019.6	13459.4
82213	1806.2	2001.2	13166.0
46172	1815.1	1984.8	13338.7
89631	1813.9	2019.3	13353.7
7414	1815.3	2042.0	13268.9
65928	1824.0	2061.1	13759.3
42040	1825.1	2038.5	13907.6
46690	1821.8	2059.7	13742.0
61312	1819.0	2013.4	13596.7
52624	1820.5	2105.2	14239.1
85768	1818.5	2060.2	13488.8
38220	1819.4	2050.8	13393.3
89131	1814.1	2012.8	13487.6
88487	1808.1	2004.2	13270.4
59064	1829.6	2112.3	14191.5
43904	1809.6	2116.0	13663.7
48748	1823.6	2084.8	13782.2
77343	1823.1	2057.5	13895.0
69009	1819.8	2025.5	13591.7
66998	1838.0	2108.9	14083.9
60079	1803.4	1994.2	13425.9
24147	1812.7	2075.9	13389.1
45158	1831.5	2077.4	13871.9
80820	1820.8	2063.9	13848.9
10439	1799.6	2023.1	13322.6
5771	1814.4	2083.7	13714.7
10917	1816.6	2049.3	13372.5
54365	1809.1	2029.2	13342.2
29225	1816.6	2055.5	13848.3
79786	1805.5	2073.5	13486.4
61416	1819.0	2116.1	13854.5
21993	1832.4	2096.2	13823.9
17829	1819.4	2032.5	13478.1
61206	1814.6	2028.0	13363.5
3253	1817.3	2030.6	13701.5
68855	1812.7	2009.3	13487.6
21710	1834.3	2113.9	14156.3
67099	1820.1	2039.0	13354.2
12020	1819.3	2099.6	13964.4
66138	1822.2	2058.1	13593.4
77727	1815.0	2026.1	13387.0
48684	1791.1	1975.3	13037.1
87270	1805.3	2039.0	13285.5
23228	1810.5	2064.6	13476.0
26482	1826.0	2146.4	14292.7
81566	1831.0	2101.3	14111.1
59049	1814.4	2057.7	13647.6
80833	1810.3	2048.0	13564.7
80796	1822.1	2089.1	13643.3
23798	1805.8	2014.5	13328.7
50170	1810.4	2037.7	13553.0
57466	1827.8	2022.3	13588.7
7984	1807.2	2057.9	13541.2
33696	1826.0	2058.9	13687.3
53002	1810.8	2002.0	13245.6
49829	1825.4	2057.5	13932.0
66163	1819.9	2019.5	13393.0
40956	1795.6	2014.2	13132.8
77177	1824.6	2048.3	13627.7
21859	1820.8	2042.6	13899.1
76193	1816.8	1995.1	13459.8
25805	1817.7	2078.9	13645.5
47870	1817.6	2066.8	13712.7
80728	1821.2	2058.0	13827.3
48610	1809.0	2021.8	13592.0
82349	1834.0	2060.6	13922.2
3979	1807.0	2039.2	13309.9
72949	1812.1	2052.0	13540.7
55990	1825.2	2076.9	13930.0
7673	1812.5	2035.5	13447.5
43671	1817.3	2071.7	13811.5
50820	1821.7	2069.8	13675.6
85239	1818.3	2063.1	13805.8
21156	1820.5	2109.0	14197.5
22338	1807.6	2070.9	13853.6
48929	1822.4	2068.8	13715.1
9789	1813.6	2043.5	13446.5
85271	1821.1	2114.8	13766.4
35824	1815.3	2023.7	13422.9
68122	1806.2	2051.7	13369.4
18468	1816.1	2056.9	13574.6
18204	1823.7	2043.4	13736.6
83214	1823.3	2049.6	13665.0
33232	1812.2	2045.1	13530.6
26351	1817.5	2050.1	13422.3
69564	1819.4	2047.5	13839.3
55602	1813.6	2061.9	13737.3
18938	1814.2	2042.8	13699.7
49130	1812.5	2080.8	13572.4
49994	1796.5	1973.8	13081.3
86366	1821.2	2069.7	14315.0
49524	1819.0	2005.2	13338.7
17482	1814.9	2063.4	13464.8
17118	1823.5	2059.5	13717.7
61674	1819.6	2052.0	13528.5
78829	1812.7	2081.3	13484.6
71279	1823.0	2050.1	13784.0
44261	1811.8	2106.6	13630.5
85146	1839.4	2075.1	14076.6
17080	1818.8	2033.2	13369.1
82551	1832.9	2075.2	13915.6
14289	1787.6	1972.6	12748.1
5226	1825.9	2111.8	13831.4
22168	1814.1	2048.4	13522.6
40236	1818.6	2075.7	13573.4
36544	1813.3	2019.6	13274.9
84078	1810.6	2017.1	13603.4
65538	1827.1	2041.3	13662.3
78535	1809.2	2063.8	13699.6
16183	1823.6	2063.3	13689.8
59222	1815.9	2039.7	13466.3
37622	1818.0	2035.5	13785.9
2450	1819.7	2078.6	13609.8
78639	1825.5	2045.0	13799.1
63624	1797.4	1998.9	13103.5
76422	1823.3	2136.8	14135.9
48549	1827.0	2094.4	13984.9
23597	1820.9	2083.1	13674.2
6829	1828.8	2060.5	13951.2
31970	1823.8	2109.7	13678.8
20452	1822.9	2067.5	13768.7
37882	1822.3	2018.0	13822.0
26936	1828.1	2043.3	13704.0
16392	1828.5	2135.3	14218.5
34880	1805.8	2064.1	13579.4
53841	1811.0	1998.5	13191.1
29212	1818.1	2096.5	13816.0
51719	1821.4	2053.2	13514.7
69827	1828.4	2069.4	13824.9
8147	1806.1	2083.8	13854.6
48510	1816.9	2088.4	13945.4
67381	1822.6	2020.7	13331.3
68899	1814.4	2090.1	14118.0
82711	1828.2	2054.7	13684.7
33961	1806.4	2055.7	13306.4
10031	1818.1	2115.7	14046.9
50480	1811.8	1986.6	13337.2
24295	1831.1	2148.2	14256.2
13515	1829.7	2119.4	13997.2
82160	1830.3	2080.9	13739.0
56622	1811.8	2001.4	13457.6
76414	1801.4	2018.7	13214.7
37325	1823.2	2057.2	13726.8
79397	1822.0	2084.5	13800.7
19761	1810.9	2060.2	13158.2
74995	1821.2	2019.6	13373.1
42134	1828.5	2106.9	14031.0
54532	1830.7	2042.3	13600.3
86406	1819.4	2039.1	13342.5
58188	1817.3	2081.5	13860.5
86674	1816.5	2018.8	13598.0
59408	1823.5	2065.8	14119.8
69229	1825.8	2103.9	14772.3
66738	1820.6	2070.3	13939.3
85479	1815.7	2082.3	13784.2
14752	1820.9	2067.6	13473.9
30170	1810.4	2070.9	13377.1
83773	1838.0	2084.9	14007.7
56407	1815.7	2056.5	13379.1
4920	1825.7	2058.3	13531.9
36981	1818.2	2034.9	13531.0
67579	1802.5	2033.7	13292.9
22207	1814.7	2086.5	13720.2
74523	1811.5	2029.0	13593.1
46559	1823.5	2070.0	13637.4
2657	1808.9	2115.5	13730.3
38200	1826.7	2054.5	13611.3
35806	1814.1	2069.3	13849.6
87144	1838.2	2051.0	13857.4
74758	1815.9	2008.9	14090.4
71398	1810.9	2021.7	13533.4
29713	1810.6	2077.6	13587.7
41863	1835.0	2064.5	13920.8
79827	1807.9	2046.4	13392.1
82085	1831.6	2051.6	13995.7
51715	1826.1	2052.5	13603.8
34771	1813.2	2022.9	13267.4
33072	1824.5	2095.7	14025.9
32770	1828.9	2076.4	13721.4
71549	1814.0	2032.6	13554.0
13146	1803.6	2059.8	13313.5
44512	1806.1	2051.0	13346.0
25267	1816.4	2041.3	13369.4
38273	1824.4	2064.0	13598.0
87028	1811.1	2073.8	13704.3
1633	1816.9	2013.1	13461.5
45542	1821.6	2054.8	13649.5
8799	1819.2	2034.3	13585.9
85939	1806.3	2057.8	13233.6
45329	1814.1	1992.5	13405.5
6538	1833.9	2127.9	14159.8
12457	1811.6	2061.3	13528.0
9050	1818.0	2084.8	13494.5
85679	1795.6	2006.8	13255.5
136	1820.1	2063.5	13629.8
39610	1827.1	2066.9	13798.8
10323	1814.4	2035.1	13446.1
77492	1806.0	2029.7	13492.8
29614	1827.1	2078.2	13925.5
14006	1819.3	2050.2	13597.6
72071	1852.3	2118.3	14579.5
13618	1828.1	2077.3	13856.3
84044	1824.0	2035.9	13700.7
6340	1814.1	2005.7	13203.4
76476	1816.6	2041.6	13774.2
72259	1810.5	2031.5	13524.8
51002	1819.9	2052.3	13694.7
88846	1832.6	2114.8	14121.3
36958	1824.2	2057.4	13686.0
47619	1823.0	2048.6	13583.5
45528	1806.8	1993.1	13357.6
53198	1810.8	2033.7	13433.9
60274	1815.8	2057.5	13730.5
13507	1813.9	2040.8	13571.7
84313	1808.0	2005.8	13375.4
39415	1809.7	2017.1	13281.3
58773	1818.7	2085.6	14133.9
63431	1810.8	2008.4	13357.4
4797	1794.1	2008.6	13135.6
77999	1814.2	2018.5	13644.2
47124	1821.4	2109.2	14620.7
26607	1830.0	2131.7	13674.1
35931	1831.7	2122.7	14051.8
80211	1820.9	2081.4	13575.0
69758	1815.0	2051.9	13600.2
14379	1810.9	2012.1	13493.3
44057	1841.0	2098.0	14509.7
22514	1809.1	2088.6	13616.7
54904	1826.2	2045.7	13806.3
62423	1826.9	2047.6	13572.0
48095	1816.7	2058.0	13288.4
40145	1829.8	2112.6	13923.8
23972	1818.6	2055.9	13407.6
25860	1816.4	2049.4	13674.4
38782	1804.6	2031.6	13503.7
69756	1809.0	2032.5	13455.5
14030	1813.7	2051.3	13698.4
66828	1811.7	2021.4	13303.2
27417	1808.9	2066.0	13527.8
63021	1810.0	2069.8	13314.7
87224	1800.3	2014.3	13375.5
41845	1832.6	2076.4	14139.4
65829	1806.2	2038.0	13532.8
25302	1825.8	2082.9	13684.4
67090	1827.4	2022.4	13654.2
89926	1805.1	2016.4	13208.1
33438	1820.9	2051.5	13698.8
26365	1824.3	2116.5	13888.8
39320	1821.3	2099.9	13701.7
81309	1812.6	2058.9	13471.2
50890	1830.6	2048.0	13764.5
35499	1824.9	2023.9	13697.7
60428	1824.0	2120.6	14182.3
45568	1837.3	2086.7	13901.6
579	1821.6	2049.5	13590.2
58204	1813.1	2043.5	13660.7
46645	1804.1	2049.0	13639.7
45843	1805.6	1994.2	13243.0
76354	1813.0	2013.4	13237.9
9487	1808.6	2012.4	13323.2
23983	1827.6	2018.6	13634.2
62556	1821.7	2074.8	13647.1
39477	1807.4	2002.7	13226.1
9628	1836.0	2141.1	13972.3
82492	1828.1	2098.1	13804.6
83695	1815.0	2024.2	13701.8
65849	1807.4	2042.6	13308.1
12068	1816.2	2067.5	13431.0
57355	1819.9	2039.3	13348.8
71676	1807.3	1987.6	13784.3
77785	1815.7	2097.7	13732.9
26617	1837.9	2121.0	14210.0
27512	1837.0	2106.0	15507.0
10955	1820.3	2111.2	14006.6
27357	1823.2	2054.9	13462.1
1747	1818.0	2079.3	13780.3
51476	1815.9	2015.3	13444.6
52296	1816.5	2068.1	13940.3
16613	1800.6	2028.1	13227.9
16557	1825.4	2134.4	13960.1
46530	1818.9	2077.8	13808.2
11360	1803.8	1972.8	13174.6
62191	1828.0	2076.6	13862.1
21686	1827.2	2084.8	13609.0
63558	1803.1	2052.7	13388.8
84619	1801.8	2023.6	13291.0
