44468	1481.3	1730.4	8208.7
32579	1473.3	1675.7	8171.3
33071	1485.4	1746.5	8259.3
10307	1474.4	1732.1	8188.6
45407	1469.1	1726.2	8015.2
22191	1462.8	1673.4	7838.1
42548	1473.3	1725.0	7979.5
36497	1484.9	1715.0	8214.6
45727	1463.4	1739.6	8046.4
7631	1469.7	1678.3	7921.0
45288	1480.4	1754.4	8213.9
44737	1471.7	1651.0	7848.0
46755	1475.3	1711.5	8001.8
30500	1478.3	1709.1	8136.0
36921	1463.0	1656.1	7757.9
10264	1464.0	1666.6	7751.0
31940	1473.7	1701.8	7932.7
21751	1471.3	1698.0	7988.3
34162	1488.1	1737.4	8056.8
6395	1473.5	1695.3	7978.0
7902	1469.3	1696.3	7845.6
14676	1466.6	1731.4	8082.4
37934	1483.5	1734.6	8197.5
40296	1475.7	1698.2	8094.2
38765	1477.6	1713.5	8128.6
43221	1478.6	1760.0	8107.2
11944	1475.5	1775.8	8224.4
21802	1478.6	1704.5	7997.3
1469	1480.7	1770.2	8039.6
39798	1471.9	1717.1	8166.7
19964	1469.7	1733.4	8200.2
43734	1467.7	1727.5	8008.5
24912	1481.7	1723.7	8237.6
49018	1473.0	1692.9	7922.8
22028	1469.3	1667.7	7852.1
622	1476.9	1694.9	8141.6
15866	1464.3	1711.5	7954.4
12656	1470.2	1713.2	7919.9
22550	1474.9	1736.3	8207.0
43524	1476.2	1692.6	8043.5
39307	1478.8	1703.7	8100.8
27857	1487.1	1718.5	8328.0
46166	1482.3	1735.5	8129.7
27832	1482.2	1766.1	8395.2
18038	1475.0	1742.4	8014.4
1020	1466.3	1709.3	7934.5
10329	1475.5	1735.1	8052.7
11595	1484.4	1743.3	8083.7
47722	1469.8	1679.7	7954.3
1609	1452.0	1674.1	7962.4
40682	1477.5	1690.5	7968.5
48276	1486.5	1745.1	8319.7
27156	1465.3	1694.9	7789.6
40248	1482.0	1731.1	8190.0
47097	1474.1	1693.7	7953.9
32833	1467.0	1698.3	7836.8
17288	1476.8	1749.8	8093.6
43926	1463.7	1660.2	7881.1
19035	1462.4	1668.5	7825.2
43438	1480.8	1697.5	8139.0
46429	1465.0	1700.7	7846.1
42602	1469.7	1707.0	7961.2
37512	1478.8	1711.2	7882.0
38432	1469.2	1686.5	7846.3
36430	1467.6	1679.9	7858.5
13398	1482.9	1732.5	8120.4
9212	1458.9	1630.6	7629.3
21603	1470.3	1680.9	7862.4
5249	1470.9	1706.4	8025.0
8987	1486.8	1718.3	8208.2
7355	1453.3	1661.2	7637.0
20413	1464.2	1680.1	7799.6
38292	1481.5	1771.4	8286.8
17600	1473.2	1752.3	8772.3
273	1464.0	1699.7	7883.5
28151	1476.1	1719.5	8175.9
37613	1479.1	1688.0	7967.3
28979	1473.0	1680.1	7908.8
39585	1468.2	1697.8	7826.4
8779	1469.2	1663.9	7900.4
34872	1482.3	1795.1	8353.8
44078	1476.3	1751.0	8062.2
38371	1475.6	1721.6	8019.7
17777	1466.4	1683.1	7677.4
45919	1476.3	1693.4	8008.2
38287	1464.7	1638.4	7747.6
18964	1482.0	1719.5	8022.0
41631	1468.6	1751.0	8004.9
12031	1466.5	1710.3	7880.3
38552	1480.8	1714.2	8173.9
6685	1467.6	1673.1	7739.7
29747	1491.0	1766.7	8334.0
11632	1486.3	1724.1	8123.6
16466	1467.2	1697.1	7858.7
21663	1467.8	1700.1	7938.0
8905	1479.0	1725.0	8180.5
4747	1478.4	1758.1	8237.0
7836	1474.3	1686.9	7942.6
2809	1482.9	1772.9	8167.6
30771	1483.9	1734.5	8089.5
43921	1471.4	1684.6	8135.7
1126	1471.5	1713.3	7914.3
42071	1476.5	1725.4	8098.4
45543	1478.1	1681.1	8029.5
15333	1467.6	1711.0	7865.6
19098	1472.9	1687.9	8197.7
47519	1482.2	1731.3	8264.7
3973	1480.5	1680.3	7949.9
38401	1467.8	1705.7	7905.9
4477	1487.8	1790.9	8450.2
10725	1468.4	1662.4	7898.4
49242	1469.4	1647.4	7774.9
31451	1467.5	1687.3	7780.5
21807	1477.4	1790.7	8230.6
34624	1471.7	1693.1	8043.5
35709	1477.0	1705.1	7970.6
27652	1479.4	1717.1	8037.1
14028	1479.7	1739.0	8078.1
21190	1477.9	1749.1	8128.4
37766	1472.6	1738.6	8143.0
4295	1468.1	1721.0	7934.4
30078	1468.5	1702.8	8043.0
48892	1467.5	1694.1	7969.3
16284	1469.4	1716.3	8128.3
39469	1465.1	1701.5	7817.0
1366	1482.4	1726.2	8141.2
45785	1473.0	1682.3	7809.4
146	1475.8	1712.9	8126.3
35577	1476.1	1776.0	8120.3
7439	1474.7	1769.1	8175.3
7410	1481.3	1800.9	8185.6
24085	1469.6	1701.6	8113.9
18140	1464.6	1706.5	7834.3
2113	1469.9	1687.6	8034.3
35448	1467.5	1689.2	7847.7
18211	1477.0	1754.7	7990.6
27319	1477.6	1759.1	8100.2
10872	1472.9	1700.9	7897.3
27914	1473.6	1695.6	8063.3
45621	1463.6	1669.7	7982.8
11213	1473.0	1715.8	8025.1
7421	1461.7	1663.9	7716.7
29257	1484.6	1756.5	8210.7
46238	1470.4	1665.1	7859.9
43985	1476.5	1699.1	8114.5
26027	1467.9	1684.1	7939.8
18034	1487.9	1773.2	8141.3
32391	1492.8	1766.3	8675.9
19536	1477.4	1745.1	8097.5
20564	1475.6	1707.8	8028.2
29772	1487.9	1728.8	8214.4
35868	1466.3	1705.2	8206.0
24067	1470.1	1740.3	8163.3
31131	1475.4	1782.4	8206.5
48716	1461.0	1680.9	7762.8
27109	1471.1	1729.5	8073.4
25710	1480.1	1730.0	8028.6
2283	1464.0	1719.3	7967.1
40900	1467.3	1735.1	7874.1
42610	1479.7	1761.5	8134.7
24910	1466.7	1659.5	7703.0
34103	1479.2	1719.2	8117.3
44190	1483.6	1731.5	8250.3
38938	1483.5	1722.9	8160.6
23787	1480.4	1780.3	8131.4
1304	1475.9	1719.3	7983.2
12802	1480.0	1754.1	8079.4
44427	1464.9	1684.2	7836.9
50	1465.0	1708.5	8188.6
49195	1475.7	1709.2	8106.6
31764	1471.7	1694.5	8251.0
45480	1473.9	1721.2	8093.3
21853	1482.6	1669.7	8070.5
29714	1481.8	1745.9	8194.5
34415	1486.5	1703.2	8099.1
10649	1480.4	1725.4	8093.8
14979	1477.3	1676.2	8012.5
1660	1477.7	1715.5	8159.0
47837	1465.4	1727.9	8192.7
37736	1462.4	1673.7	7749.5
29738	1485.6	1732.1	8130.1
3132	1472.4	1748.5	8070.8
16337	1472.8	1714.3	7997.1
33731	1474.7	1662.1	7898.3
17242	1473.3	1732.5	8115.6
17185	1478.0	1739.8	8404.5
11018	1474.1	1703.2	8049.8
9828	1474.6	1729.1	8150.9
32680	1469.5	1716.0	7911.5
31993	1467.9	1662.1	7801.2
49946	1466.6	1689.8	7858.5
27887	1486.1	1808.1	8849.8
35245	1479.5	1754.8	8220.6
40556	1461.4	1675.3	7877.6
7137	1462.8	1678.3	7962.9
9230	1464.1	1743.7	7856.7
15380	1473.3	1732.4	8266.1
9838	1479.9	1711.2	8011.9
4739	1461.8	1663.8	7733.3
42476	1475.4	1708.7	8194.3
22447	1479.0	1695.7	8062.0
39715	1471.6	1680.5	7978.7
32305	1473.3	1700.4	7903.2
29270	1464.7	1720.0	7971.3
29850	1474.6	1729.6	8036.1
26392	1482.5	1754.8	8071.6
17518	1466.0	1686.1	7880.6
23270	1490.3	1758.2	8260.4
22728	1483.5	1750.9	8251.8
36370	1475.8	1723.8	8172.5
7256	1467.5	1738.4	7885.6
31832	1470.1	1689.6	7825.6
39188	1478.7	1714.3	8066.3
2269	1468.3	1713.5	8046.5
27182	1462.1	1669.5	7765.1
17355	1466.8	1702.7	7887.9
22366	1467.1	1676.4	7885.9
41931	1459.2	1687.4	7876.0
6000	1474.9	1753.1	8139.0
45867	1477.3	1749.2	8239.3
22798	1482.1	1705.1	7964.9
8925	1469.4	1693.6	7767.1
48279	1466.3	1692.9	7820.2
34775	1471.7	1715.9	7998.9
26565	1488.0	1731.6	8244.2
8746	1482.3	1731.0	8208.5
48398	1475.9	1767.2	8323.7
3396	1473.7	1708.6	8106.7
16783	1470.3	1721.5	8098.5
41827	1478.0	1723.2	8088.3
47231	1486.7	1753.5	8272.7
37190	1476.5	1716.1	8206.6
14279	1470.6	1726.1	8006.0
32329	1474.0	1728.8	8011.2
49850	1484.0	1797.7	8288.5
9386	1459.7	1697.9	7961.3
35118	1486.3	1761.9	8308.9
18372	1467.7	1688.4	8040.6
8754	1463.6	1700.4	7832.3
27016	1475.3	1711.3	8003.8
47659	1479.7	1706.2	8061.3
35008	1467.0	1683.9	7766.7
49736	1470.7	1695.4	7978.8
38129	1478.8	1708.4	8067.1
49380	1474.7	1680.4	7968.7
19713	1471.3	1723.9	8033.3
40369	1470.6	1698.0	7882.7
12095	1465.0	1677.4	7820.0
8241	1480.1	1717.7	8003.3
41051	1474.4	1735.8	8273.7
27492	1468.1	1718.5	8161.8
45542	1475.3	1710.6	8084.9
42274	1475.6	1730.2	8083.1
48940	1480.7	1791.2	8478.2
43813	1467.2	1699.5	8013.6
38238	1464.4	1664.1	7857.9
37508	1467.2	1682.7	7944.5
5125	1475.8	1704.9	8058.5
10556	1475.9	1759.2	8165.6
20777	1483.5	1792.5	8449.8
42273	1478.1	1724.0	8012.9
23163	1471.9	1649.5	8029.7
40848	1474.7	1679.9	7967.5
38426	1467.5	1750.9	7932.1
16994	1469.3	1690.7	7971.7
30372	1474.1	1744.6	8133.5
32345	1459.5	1720.1	7899.9
34857	1470.4	1711.6	7971.6
48404	1475.9	1710.4	8163.1
11228	1469.1	1727.5	8003.5
1362	1465.8	1709.9	7933.7
46899	1469.5	1637.1	7822.2
8516	1478.8	1739.7	8192.2
16668	1470.4	1703.4	7901.6
22422	1469.4	1699.1	8008.0
38363	1480.1	1753.5	8116.5
29668	1465.8	1679.7	7748.9
16513	1463.6	1695.7	7736.3
19970	1476.7	1750.5	8205.6
36642	1480.6	1687.6	7964.3
266	1474.6	1713.4	7924.2
37655	1482.0	1742.8	8108.0
28188	1466.6	1701.2	7786.9
46750	1480.3	1722.7	8384.6
6659	1465.5	1703.6	7954.7
29371	1475.7	1716.2	8043.1
47680	1471.8	1691.4	7965.0
19636	1478.4	1737.0	7988.5
33185	1477.3	1746.5	8215.9
34837	1451.5	1645.1	7696.7
7099	1473.1	1714.8	7999.5
46788	1471.1	1698.3	7880.5
5216	1481.0	1740.0	8164.4
8825	1472.0	1702.6	7937.2
17041	1480.6	1762.9	8258.3
48229	1472.0	1711.9	7945.1
41016	1477.0	1713.7	7986.4
23848	1471.2	1709.0	8050.0
24105	1481.9	1734.1	8332.3
26128	1476.9	1696.7	7983.5
15231	1478.4	1727.3	8211.5
35846	1465.9	1683.3	7877.5
28262	1476.1	1654.2	7976.3
9177	1476.8	1765.9	8187.6
39030	1465.6	1652.7	7782.5
1169	1475.1	1737.7	8208.7
41250	1481.9	1722.7	8162.2
45666	1484.2	1709.7	8296.2
8183	1469.8	1704.3	7875.4
5187	1464.0	1706.0	7918.8
38045	1465.2	1708.4	7900.7
41336	1475.7	1729.3	7966.6
48391	1474.8	1669.0	7942.8
24562	1476.2	1699.4	8075.4
12422	1480.3	1708.6	8014.6
39070	1482.3	1693.9	8113.0
37146	1473.6	1679.6	7845.0
11165	1477.2	1734.8	8182.2
16257	1473.7	1760.6	8212.7
48971	1462.6	1655.9	7745.2
26743	1462.8	1740.2	8018.1
39992	1485.5	1706.3	8158.6
19574	1484.3	1727.4	8295.2
1787	1493.0	1783.6	8448.0
15059	1478.1	1756.4	8116.5
39273	1473.2	1702.4	8033.1
671	1475.8	1717.5	8173.9
42118	1467.7	1708.8	7958.9
19907	1478.7	1781.7	8282.2
36520	1467.6	1731.8	8050.3
22473	1477.7	1693.1	8022.2
5863	1468.2	1742.0	8133.0
47242	1488.3	1718.6	8267.7
41108	1471.5	1742.3	8228.7
25974	1469.2	1730.9	8218.4
8459	1469.7	1699.5	7918.8
1944	1481.0	1792.1	8336.8
18162	1478.6	1751.2	8380.0
48634	1471.0	1723.5	8053.3
11808	1477.6	1764.5	8255.7
32192	1486.4	1747.4	8162.3
18544	1475.5	1661.9	7908.6
38826	1473.4	1706.3	7995.2
8645	1482.6	1753.4	8202.1
4636	1467.9	1733.2	7980.3
25750	1484.0	1735.3	8292.0
22596	1471.3	1708.3	7933.1
43656	1461.5	1724.7	8037.9
23244	1469.1	1703.4	7987.6
38132	1477.0	1724.5	8003.6
15173	1463.4	1669.7	7790.2
13219	1469.7	1695.9	8029.3
47773	1463.7	1697.5	8163.0
26049	1458.0	1689.3	7844.4
26688	1469.4	1713.3	7958.8
30185	1471.3	1689.8	7854.6
4212	1481.1	1762.3	8239.3
18536	1472.4	1661.5	7848.5
31912	1477.1	1743.7	8028.8
880	1458.6	1733.5	7784.3
41261	1472.1	1686.9	7986.0
395	1485.1	1744.0	8247.7
16674	1485.1	1726.3	8103.8
30807	1474.9	1676.5	7904.7
4759	1460.4	1659.0	7743.2
41169	1467.5	1750.6	8171.1
12713	1464.8	1689.2	8011.7
45850	1481.2	1741.3	8126.4
4233	1472.1	1728.6	8065.5
39477	1467.1	1668.5	7803.9
26657	1467.7	1671.4	8004.4
23714	1473.9	1743.4	8019.4
30904	1480.3	1730.4	8065.0
19662	1468.9	1703.6	7903.8
24258	1465.9	1663.0	7769.0
43764	1472.4	1676.2	7887.4
36120	1480.3	1695.2	8095.3
49377	1477.0	1735.1	8197.2
43997	1477.5	1717.7	8080.3
16242	1463.6	1693.0	7876.9
46124	1470.5	1700.7	7967.3
49296	1461.9	1639.5	7685.8
11034	1472.1	1715.5	7999.2
1072	1481.4	1709.8	8147.0
3788	1467.4	1668.9	7926.7
18634	1471.1	1710.8	7861.4
28805	1477.8	1704.2	8079.6
19381	1467.4	1766.2	8120.2
10063	1470.2	1722.2	7886.2
12757	1486.4	1723.7	8191.2
12177	1473.8	1720.8	7976.6
18004	1476.5	1727.3	8100.9
17436	1482.8	1733.9	8202.8
7705	1477.6	1713.9	8029.9
14066	1471.3	1692.6	7965.7
20492	1466.8	1688.2	7971.1
5120	1486.6	1773.4	8267.3
20508	1470.9	1719.9	8047.3
1330	1480.3	1719.8	8100.8
12705	1483.7	1743.3	8311.1
33719	1472.7	1658.9	7815.7
3399	1461.2	1643.1	7691.9
29275	1479.3	1755.5	8245.9
12652	1465.4	1671.6	8020.1
16118	1471.9	1758.9	8075.7
6781	1472.7	1808.7	8164.5
22625	1464.9	1733.6	7987.8
12431	1489.7	1753.3	8209.4
12254	1471.5	1723.0	7912.4
1142	1470.5	1702.1	7921.6
42890	1483.2	1723.7	8376.9
3222	1479.1	1694.6	8105.2
46474	1473.2	1722.4	8054.9
23750	1477.1	1744.9	8396.8
28731	1473.1	1717.8	8039.1
29054	1472.7	1750.9	8068.4
37378	1478.3	1741.2	8141.3
46165	1478.5	1711.4	8167.7
32711	1470.2	1741.1	8060.0
28756	1464.9	1688.8	7946.3
4099	1466.6	1710.1	7886.8
13146	1460.6	1715.2	7858.1
12227	1464.7	1670.6	7856.5
29691	1473.2	1694.1	7992.0
490	1476.4	1728.2	8093.2
49952	1476.6	1679.3	8111.1
23632	1468.4	1743.1	7937.7
10916	1484.2	1695.5	8076.6
13062	1480.2	1767.0	8258.2
20655	1468.0	1702.8	7795.4
5069	1462.6	1720.2	7928.2
21784	1474.0	1754.9	8159.2
13039	1466.1	1728.4	8048.8
44960	1467.0	1657.7	7861.1
32087	1461.1	1634.0	7777.2
13835	1472.6	1765.6	8195.7
31916	1490.0	1748.5	8449.9
31527	1455.9	1715.5	7760.6
30955	1485.7	1752.5	8151.4
24716	1464.7	1704.6	7955.3
41650	1457.7	1671.7	7815.0
45358	1480.1	1759.5	8260.9
33654	1471.2	1712.5	8067.7
48845	1483.3	1739.8	8337.9
34605	1473.7	1708.3	8022.5
16999	1468.1	1698.8	7855.2
36723	1473.5	1727.0	8173.3
18870	1469.1	1758.8	8044.7
31427	1468.4	1755.6	8104.0
28010	1455.2	1692.2	7727.1
48281	1476.5	1715.9	7980.7
45868	1487.7	1692.4	8078.5
11126	1464.9	1728.3	8251.9
46713	1468.7	1709.1	8028.7
46560	1473.1	1734.8	7986.9
39119	1477.1	1710.1	8242.3
10821	1476.9	1694.7	7943.5
6633	1477.4	1738.2	8108.1
17629	1482.1	1778.8	8213.7
5731	1462.5	1720.8	7678.2
9744	1468.0	1689.3	7866.2
7880	1477.3	1675.4	8112.9
40364	1478.2	1757.8	8313.7
42388	1473.2	1689.6	7892.7
44992	1475.9	1743.5	8297.7
11352	1477.7	1730.4	8194.5
33260	1479.7	1755.0	8196.0
29147	1472.3	1746.6	8079.2
13645	1472.6	1731.2	8134.5
10033	1476.6	1749.2	8436.5
44905	1468.6	1753.5	8033.8
9989	1472.5	1702.0	7873.8
28071	1468.1	1734.8	8275.1
41138	1473.5	1737.7	8057.4
31744	1452.8	1628.7	7574.6
2558	1475.9	1708.2	8068.3
48567	1479.1	1751.5	8294.2
3573	1474.4	1751.0	8112.0
42830	1463.6	1674.0	7834.6
17146	1465.8	1682.3	7939.8
23489	1487.5	1790.1	8304.1
4538	1472.2	1723.4	7873.6
49572	1469.5	1700.3	8100.8
7152	1459.2	1688.9	7693.3
33470	1466.8	1713.0	8057.9
2751	1469.2	1700.5	8081.3
35324	1469.5	1679.0	7947.0
47918	1484.1	1780.1	8460.8
42447	1472.2	1697.0	7961.7
1638	1471.8	1724.7	8087.6
14366	1472.1	1694.3	7947.2
13359	1464.2	1701.5	7909.9
17504	1488.2	1764.0	8350.7
12856	1477.3	1734.3	8099.9
31895	1474.8	1702.8	8021.2
31670	1476.2	1693.2	8131.5
27866	1475.3	1776.6	8148.2
11230	1466.4	1703.7	7902.8
33875	1470.8	1739.1	8004.0
37158	1483.7	1744.4	8187.0
28780	1473.0	1742.2	8360.9
13248	1470.0	1714.5	7943.6
17770	1467.0	1679.0	7831.4
18036	1470.8	1719.5	7986.6
16357	1468.6	1673.4	7910.2
45008	1465.3	1705.8	7894.7
14915	1461.1	1678.1	7833.9
46334	1473.0	1710.9	8082.0
26071	1483.8	1747.0	8358.0
44597	1459.6	1684.2	7766.6
39830	1467.9	1701.5	7930.8
24023	1478.0	1704.7	8009.7
37356	1481.2	1719.1	8305.1
3659	1462.4	1688.2	7780.0
16916	1469.0	1756.0	8058.8
24597	1482.0	1689.9	8053.9
444	1468.3	1705.1	7800.1
3640	1469.9	1723.5	8270.1
27148	1476.2	1739.2	8138.1
10506	1473.4	1715.7	7905.4
2206	1473.5	1749.6	8145.9
41004	1473.4	1703.4	7874.6
21280	1481.3	1732.4	8282.9
11020	1462.3	1714.1	7828.6
35866	1470.9	1696.2	7982.6
20087	1475.5	1684.7	8098.9
10286	1480.5	1760.5	8673.1
6526	1476.4	1742.8	8089.0
2136	1461.3	1704.6	7780.9
15286	1487.5	1780.0	8401.6
7074	1465.2	1696.7	7790.1
15179	1474.8	1748.4	8152.9
45039	1475.8	1773.3	8172.0
48802	1486.6	1712.9	8276.4
26336	1472.7	1670.2	7821.9
38553	1466.7	1642.3	7768.0
48782	1469.2	1723.6	8152.6
40200	1467.4	1703.4	7852.7
40941	1473.6	1708.3	8086.5
49051	1472.0	1716.9	8011.9
42593	1478.3	1749.3	8417.9
27107	1459.7	1639.2	7747.8
15084	1481.3	1771.3	8348.5
37118	1493.0	1792.5	8274.6
48266	1455.5	1661.2	7643.1
22743	1471.7	1737.6	8111.9
23298	1462.5	1655.7	7951.8
48577	1478.7	1701.8	8160.5
39006	1466.8	1727.9	8067.3
38004	1492.1	1793.8	8422.2
14473	1477.7	1752.3	8290.5
40047	1480.1	1743.2	8245.7
49049	1465.4	1663.6	7833.7
15240	1481.3	1705.5	8070.7
28068	1483.3	1719.3	8048.3
13657	1471.1	1718.1	8279.4
7202	1459.4	1694.2	7982.2
19357	1465.6	1683.0	7887.0
49260	1476.3	1714.2	8185.6
6943	1475.6	1753.3	8195.1
10003	1471.7	1728.4	8095.8
46773	1484.3	1719.2	8262.0
32523	1475.2	1713.7	7999.0
14837	1469.2	1712.8	8002.2
22551	1480.9	1712.5	8220.7
47733	1472.4	1670.8	7936.6
5036	1473.2	1729.5	8122.3
13864	1464.8	1655.8	7768.5
30626	1476.4	1652.6	7922.6
34600	1467.5	1669.4	8064.1
14585	1482.9	1741.3	8291.8
1540	1486.1	1733.7	8127.7
43635	1476.3	1713.6	7946.0
36386	1472.9	1719.6	8099.8
25812	1476.1	1663.3	8030.7
36852	1474.6	1712.3	8031.2
925	1465.5	1648.8	7722.0
35361	1472.9	1681.9	7976.5
33583	1477.8	1741.8	8199.1
28226	1478.7	1702.0	8032.9
18424	1472.4	1705.9	7931.2
26879	1467.1	1636.6	7776.7
17156	1472.5	1722.2	7992.2
37797	1484.7	1751.0	8288.2
3417	1480.9	1772.2	8214.4
16754	1469.5	1703.0	8021.8
34407	1485.2	1690.5	8101.0
45942	1465.2	1680.9	7889.3
20485	1466.0	1686.9	7864.8
11328	1465.5	1677.6	7883.5
32552	1472.5	1717.7	7922.8
12599	1457.6	1682.0	7791.2
5256	1474.3	1756.8	8213.7
6508	1471.1	1768.3	8079.9
3076	1471.6	1720.3	7984.7
15580	1460.2	1710.2	7945.0
9832	1481.4	1706.0	8079.7
7126	1491.8	1774.5	8302.8
28120	1474.4	1688.3	7894.7
23359	1484.5	1771.9	8347.5
12360	1477.1	1710.1	7979.8
37168	1469.9	1717.1	7985.9
22171	1484.5	1785.2	8170.1
35204	1474.7	1732.9	8129.2
30099	1469.9	1695.7	8019.8
9378	1481.1	1727.1	8220.1
25504	1474.2	1759.0	8189.6
31847	1476.8	1707.4	8093.0
46171	1480.8	1712.3	8223.1
28329	1473.1	1715.5	7936.2
36238	1481.8	1720.5	8221.0
2903	1464.9	1670.8	7774.1
6679	1466.0	1703.4	7950.5
49630	1472.6	1691.1	7891.7
25290	1473.6	1723.1	7950.9
18757	1476.0	1713.9	7949.5
16319	1469.4	1686.0	7769.0
42072	1479.5	1736.8	8248.0
29130	1464.7	1685.7	7839.0
37336	1463.9	1687.3	7867.7
850	1475.0	1731.6	8053.5
40323	1474.1	1708.1	8079.1
5480	1467.4	1734.0	7894.1
15126	1469.6	1677.3	7924.3
17973	1470.0	1730.0	7880.2
43110	1490.0	1739.5	8160.6
7291	1479.1	1750.7	8195.8
539	1475.3	1728.6	8103.8
22233	1463.6	1664.4	7776.4
33516	1467.1	1705.3	7840.0
30063	1476.0	1715.6	7930.3
27514	1477.1	1767.4	8184.8
37048	1481.8	1760.0	8167.5
31725	1483.1	1799.4	8392.8
8654	1475.0	1758.9	8444.5
49152	1478.5	1709.2	7958.2
2521	1470.4	1702.4	7866.7
49956	1469.6	1714.3	8018.0
29100	1464.2	1687.4	7901.0
11215	1467.5	1714.6	8002.4
31053	1483.1	1753.9	8199.0
42102	1477.9	1736.7	8052.1
24133	1467.9	1702.9	7980.4
48985	1478.3	1689.7	8037.8
1654	1479.5	1752.0	8066.1
1316	1469.6	1717.0	7967.3
26536	1475.5	1713.5	8064.9
8342	1484.2	1730.4	8177.0
18661	1470.3	1722.7	8040.2
42513	1487.9	1725.8	8163.9
31869	1461.5	1642.0	7627.9
24870	1458.8	1671.2	7620.2
43300	1460.9	1679.5	7733.9
44342	1483.2	1687.8	8158.7
37989	1480.2	1730.5	8076.1
7056	1484.1	1735.1	8275.6
18416	1479.5	1799.3	8292.6
44692	1488.4	1742.6	8269.5
15317	1472.2	1703.5	8011.6
46143	1462.5	1690.4	8255.3
30259	1466.4	1699.8	8032.0
28125	1475.0	1697.5	8162.5
2715	1473.3	1714.3	7901.2
12552	1486.7	1789.8	8231.5
16383	1481.9	1794.8	8220.0
38028	1475.9	1717.7	8040.3
31274	1463.9	1675.9	7953.2
45294	1487.6	1766.1	8408.4
49002	1480.4	1717.3	8076.4
13059	1486.9	1743.4	8139.6
38798	1470.5	1720.1	8046.3
5699	1474.0	1675.3	7808.7
3206	1477.0	1734.4	8160.4
7900	1479.4	1755.5	8126.0
10918	1457.9	1650.4	7714.3
9631	1476.8	1719.8	8124.2
33796	1474.6	1636.6	7815.4
5074	1471.1	1714.4	8170.0
23671	1476.2	1744.4	8194.8
32466	1471.1	1724.8	7975.5
31093	1463.1	1710.9	7850.7
39651	1493.1	1780.1	8407.2
17330	1470.0	1748.6	8072.7
36808	1470.7	1679.0	7830.5
23022	1470.5	1727.2	7985.1
49823	1461.8	1692.3	7921.5
24308	1472.7	1742.7	7985.9
36197	1484.7	1737.9	8193.5
12610	1471.2	1705.0	8066.2
21915	1471.4	1708.9	8002.6
38757	1476.7	1748.6	8316.4
34106	1466.1	1713.0	7919.4
17851	1458.9	1684.6	7939.5
16332	1478.6	1743.8	8291.1
8245	1460.7	1679.0	7681.7
23890	1475.2	1748.4	8130.9
13918	1463.6	1696.3	7788.5
35270	1459.0	1640.0	7672.6
29161	1462.4	1643.1	7746.3
24683	1462.1	1683.2	7738.8
20807	1468.7	1687.2	7938.6
48663	1475.3	1705.9	8038.1
40590	1471.3	1747.1	7945.7
17845	1467.0	1692.1	7968.6
26036	1472.4	1711.2	8074.4
38666	1481.6	1712.0	8294.0
18878	1469.8	1663.8	7850.6
12747	1471.6	1705.4	7979.8
3335	1473.6	1718.0	8062.5
42562	1470.2	1726.5	8046.7
36721	1468.7	1732.1	7948.5
22941	1465.5	1710.9	7936.7
1504	1466.2	1732.2	7939.3
30926	1476.5	1718.9	8034.2
49191	1475.1	1737.7	8105.9
45701	1471.3	1753.1	8554.3
25807	1484.7	1759.4	8225.5
49796	1473.3	1733.5	7944.9
4414	1470.7	1692.5	8032.7
36712	1467.6	1690.1	7977.7
23527	1480.2	1775.9	8614.4
26094	1476.4	1678.7	8069.4
34165	1473.7	1699.2	8018.2
29370	1484.9	1761.0	8498.3
47664	1465.7	1659.7	7729.2
21420	1459.8	1646.1	7645.5
49520	1482.3	1743.4	8225.1
49165	1475.8	1692.1	7958.4
32925	1479.6	1734.4	8191.7
24558	1486.2	1835.4	8503.5
27232	1483.5	1732.0	8237.7
43014	1456.8	1636.8	7641.1
38414	1475.9	1761.9	8164.8
37305	1466.8	1727.6	8180.7
33487	1465.6	1741.2	7950.5
13656	1474.8	1736.3	8120.9
25252	1481.2	1745.4	8259.0
44933	1476.0	1700.4	8036.4
6092	1473.8	1705.1	7896.1
3516	1475.0	1712.2	8081.8
6356	1485.5	1745.2	8262.5
30334	1473.5	1715.3	7995.3
16461	1473.0	1737.9	8090.4
44363	1493.1	1751.1	8388.2
34226	1471.6	1661.7	7878.0
12470	1481.1	1729.3	8207.1
10173	1481.4	1730.7	8097.5
34110	1470.8	1683.4	7851.2
2130	1475.4	1735.4	8274.3
38331	1487.5	1745.2	8234.2
12316	1477.1	1764.9	8072.0
37363	1489.1	1791.1	8690.8
6969	1474.4	1701.5	8031.8
36832	1478.8	1739.7	8172.1
43228	1462.0	1679.0	7811.4
27202	1482.3	1734.6	8028.2
48493	1481.3	1762.0	8173.4
13156	1474.4	1662.8	7954.8
14952	1471.4	1735.9	8016.5
45346	1468.4	1716.8	7990.4
32922	1480.1	1732.5	8115.2
44942	1459.9	1675.9	8042.8
44922	1472.7	1671.0	7852.4
13472	1465.6	1677.7	7892.6
28023	1467.8	1683.2	7881.1
32049	1469.6	1669.8	8000.4
4748	1485.1	1759.6	8386.9
18935	1484.8	1759.1	8185.8
29587	1471.9	1749.6	8041.4
27837	1476.6	1698.7	8127.6
36848	1475.1	1691.6	7805.6
711	1477.9	1711.4	8042.0
42925	1472.5	1711.4	7967.4
12406	1482.5	1735.5	8184.5
42382	1468.1	1730.9	8031.2
14584	1473.2	1688.9	7937.7
26757	1476.8	1728.9	8123.8
44884	1465.7	1657.8	7929.3
27166	1472.2	1686.2	7926.7
45779	1480.1	1713.0	8046.9
2545	1474.8	1735.2	8075.9
40593	1475.1	1745.3	8097.1
31238	1471.9	1719.4	8080.8
4584	1476.6	1749.4	10331.0
24442	1474.3	1756.0	8300.7
28386	1473.9	1681.9	8079.0
47373	1475.0	1714.0	8080.2
12023	1476.1	1704.2	8181.1
12675	1478.6	1739.8	8114.6
27344	1465.4	1724.9	7896.1
5754	1474.0	1692.9	8117.7
47391	1466.6	1708.2	7801.1
20116	1475.3	1739.9	8159.0
37932	1474.4	1749.6	8104.1
10543	1474.8	1712.6	8124.2
10397	1478.0	1734.4	8207.4
46257	1479.0	1691.1	8042.7
18688	1476.7	1721.5	8063.5
14892	1476.0	1777.5	7963.3
38728	1468.3	1685.7	7971.7
31027	1476.6	1732.5	8309.6
10805	1489.0	1783.2	8615.5
27458	1477.8	1709.5	7959.2
27934	1470.4	1709.5	7966.9
47995	1464.6	1654.4	7861.1
27675	1467.0	1687.5	7829.0
560	1465.5	1680.6	8019.6
9803	1467.9	1715.3	7924.9
34377	1469.6	1720.4	8003.3
43839	1474.2	1715.3	8075.2
39675	1471.5	1697.8	8035.6
24774	1470.9	1685.2	7868.3
47323	1470.2	1719.9	7997.9
9784	1474.0	1762.5	8148.0
45891	1479.6	1705.1	7929.8
8246	1474.3	1736.3	8106.0
3248	1470.9	1724.1	8041.8
12592	1478.7	1733.5	8227.6
22556	1460.4	1692.3	7783.6
20520	1470.8	1716.9	8030.5
46734	1474.0	1724.6	8092.2
36510	1485.8	1768.0	8233.5
43677	1470.7	1757.0	8166.7
9293	1468.8	1731.8	8146.4
33027	1488.2	1722.2	8177.1
21116	1472.9	1715.5	8002.3
1721	1467.8	1729.9	8039.9
43735	1477.4	1669.4	8005.3
35455	1463.5	1699.0	7953.4
649	1491.3	1754.1	8223.6
27143	1469.0	1735.1	7924.7
13384	1458.1	1671.4	7739.7
4139	1468.2	1654.6	7944.9
18002	1485.4	1823.1	9440.7
11651	1457.8	1623.4	7686.1
21262	1466.2	1763.1	8037.9
15227	1467.5	1683.3	7984.8
9413	1462.5	1729.7	7933.3
19608	1483.1	1729.1	8317.1
630	1484.1	1732.6	8045.8
16483	1463.4	1689.2	8037.2
28893	1464.0	1685.4	7815.7
38877	1478.3	1751.7	8188.5
4870	1470.9	1668.4	7866.2
27125	1489.5	1786.9	8373.1
37529	1466.9	1712.3	7912.4
38366	1476.4	1716.1	8100.7
45981	1474.6	1678.7	8019.5
19104	1471.6	1721.4	7944.1
5911	1479.0	1710.4	7931.2
28212	1473.2	1764.4	7973.0
13776	1460.8	1681.1	7806.7
7833	1484.2	1737.9	8089.4
45677	1453.7	1698.8	7696.2
31598	1458.0	1740.8	7910.6
42510	1459.6	1663.3	7783.2
20961	1472.5	1774.3	7987.5
44154	1472.4	1664.7	7870.0
11279	1482.3	1757.5	8088.8
41728	1478.4	1673.5	8012.2
23613	1479.8	1768.5	8297.5
30448	1467.0	1698.7	8022.7
48019	1478.2	1736.0	8193.2
32463	1478.4	1731.3	8113.0
48166	1467.0	1701.4	7892.9
33136	1474.8	1681.1	8107.6
38550	1468.4	1730.6	8333.9
37177	1471.2	1730.7	8035.6
47508	1476.9	1744.7	8030.4
8521	1479.4	1696.3	8053.6
17020	1468.3	1701.8	7958.8
46568	1482.2	1723.1	8245.9
31483	1471.1	1723.2	8165.0
3103	1483.4	1743.0	8194.4
20776	1474.6	1700.0	8004.8
37642	1497.4	1820.6	9864.3
12633	1467.3	1713.6	7864.1
41469	1465.4	1754.0	8702.6
26056	1477.8	1714.1	8011.4
1859	1474.0	1754.7	8025.6
21449	1463.9	1714.3	7822.2
20130	1477.3	1724.1	8166.1
48425	1480.1	1760.2	8423.7
41599	1474.3	1751.3	8160.0
39747	1474.1	1729.6	8028.5
16773	1467.5	1686.9	7803.6
23470	1482.0	1742.7	8082.0
44393	1476.3	1733.2	8565.7
45638	1477.3	1707.2	8052.1
28900	1479.4	1717.4	8177.2
19562	1471.5	1676.0	7868.3
18626	1462.8	1726.3	7922.6
18460	1474.3	1743.3	7965.9
39831	1460.4	1716.6	7818.7
7646	1478.4	1707.9	8141.8
24932	1475.1	1684.9	7935.2
14326	1473.5	1727.9	8133.7
21494	1473.7	1755.7	8171.8
48362	1472.2	1722.0	7990.3
1303	1475.9	1759.8	8293.3
25500	1471.6	1738.6	8047.4
5253	1465.6	1692.9	7861.3
47762	1485.5	1752.6	8355.5
25384	1487.3	1801.8	8354.4
4008	1458.8	1657.7	7627.4
7270	1478.0	1727.4	8220.3
5393	1479.5	1745.3	8310.5
47619	1479.1	1718.1	8008.0
27477	1481.6	1745.3	8097.5
22234	1461.9	1721.8	8035.2
6096	1477.7	1753.5	8285.8
43108	1474.1	1717.2	8151.2
16727	1471.7	1684.7	7954.3
8127	1472.6	1728.0	7949.3
40121	1455.0	1657.1	7693.7
7914	1471.2	1689.5	8000.7
46718	1476.1	1718.8	8142.0
3905	1467.4	1731.5	7907.6
6	1482.0	1712.2	7973.5
40225	1479.2	1717.6	8168.0
28513	1462.1	1668.9	7776.5
49364	1491.8	1748.0	8568.5
874	1472.9	1702.7	7981.7
26650	1470.9	1694.1	7952.8
25498	1467.8	1685.0	7995.6
29724	1485.0	1762.2	8199.4
33622	1471.4	1695.5	8035.9
7857	1471.1	1673.7	7861.3
46867	1465.4	1711.6	7836.4
22132	1475.5	1684.0	8042.6
32796	1464.1	1696.0	7913.2
35363	1479.4	1684.1	8061.8
3061	1478.1	1737.4	8366.0
43389	1488.4	1740.0	8161.6
26379	1475.8	1699.1	7968.1
15077	1480.3	1723.9	8170.4
20214	1463.3	1701.5	7812.4
44607	1488.4	1715.5	8122.0
38849	1468.1	1664.5	7862.7
647	1486.6	1761.0	8164.2
24691	1468.8	1723.5	8226.1
12825	1475.1	1734.1	8153.9
30667	1473.5	1707.7	7905.4
34809	1472.5	1746.6	8031.1
26917	1471.7	1692.4	7935.8
22537	1479.5	1725.9	8017.1
13629	1467.5	1685.4	7882.6
14670	1480.4	1714.0	8003.6
21788	1463.3	1697.3	7833.4
938	1475.9	1730.9	8117.4
8154	1469.8	1710.1	7958.5
37237	1485.9	1724.0	8097.0
15529	1479.1	1709.8	8014.9
35140	1480.8	1698.9	8086.2
48471	1459.3	1640.4	7650.9
23476	1474.2	1676.7	7885.5
36687	1465.4	1739.5	8090.0
424	1468.4	1659.3	7781.0
37381	1486.8	1797.6	8376.2
49959	1473.7	1717.0	7990.6
18848	1472.9	1690.8	7811.5
758	1474.9	1721.2	7978.1
22088	1462.8	1693.0	7902.2
45213	1477.0	1701.2	7937.3
28460	1467.3	1652.0	7768.1
19984	1463.7	1702.7	7874.9
33714	1473.1	1775.5	8228.3
25530	1485.0	1734.7	8349.7
28304	1473.3	1726.9	8011.4
32489	1470.6	1741.6	7986.5
26124	1471.6	1695.1	7757.0
25682	1471.0	1696.8	7946.1
42485	1464.8	1683.5	7875.1
5661	1468.5	1740.1	8203.2
13644	1461.0	1671.9	7642.5
34887	1474.3	1727.1	8113.6
22177	1478.9	1707.0	8013.8
5741	1472.1	1706.4	8123.2
45865	1474.7	1755.9	8110.6
46528	1478.4	1709.0	8091.5
36701	1479.5	1764.3	8263.6
7086	1473.5	1671.5	8054.3
32024	1486.7	1755.0	8237.8
39910	1477.6	1778.6	8414.1
43274	1474.3	1689.1	7980.1
15099	1481.2	1752.0	8334.0
15592	1463.6	1643.3	7787.3
6475	1478.1	1751.9	8114.8
15507	1480.1	1731.5	8101.6
1406	1478.6	1714.3	8168.2
28788	1460.0	1646.7	7755.2
29240	1462.5	1678.5	7844.8
9593	1475.7	1721.0	7971.9
9562	1481.3	1700.9	7932.7
26065	1470.5	1686.9	7945.6
6701	1469.4	1717.4	7884.3
34688	1475.9	1714.6	8088.7
12388	1481.5	1756.1	8242.1
35442	1476.6	1711.4	8145.7
47037	1481.4	1726.0	8279.9
