20551	1424.4	1648.3	7220.6
26212	1431.2	1678.9	7359.5
44837	1433.7	1668.8	7399.1
42010	1430.6	1653.8	7338.9
25829	1442.3	1685.5	7542.8
2966	1437.4	1672.2	7482.9
36694	1410.4	1625.9	7063.4
25135	1423.1	1648.1	7228.2
4084	1431.4	1675.2	7434.9
4074	1435.0	1701.0	7468.6
34353	1428.0	1732.5	7525.6
11156	1427.4	1642.7	7347.3
40901	1432.6	1630.0	7384.4
5850	1438.4	1657.8	7401.9
12839	1432.7	1670.4	7467.2
22333	1436.5	1679.3	7520.7
18702	1431.2	1643.3	7283.3
9402	1432.6	1708.6	7420.6
2358	1451.4	1730.1	7623.6
25768	1437.0	1714.3	7848.7
16274	1433.0	1679.9	7440.8
44309	1440.3	1724.6	7549.2
24542	1422.8	1659.7	7289.9
34140	1420.5	1628.7	7223.0
31159	1433.1	1700.0	7417.3
14259	1428.6	1617.9	7203.4
30496	1433.6	1632.3	7402.2
9765	1430.8	1683.8	7493.4
32794	1436.2	1734.6	7595.2
31623	1423.6	1623.2	7158.3
12683	1416.4	1637.2	7137.8
2270	1421.8	1671.5	7268.6
16357	1436.6	1699.5	7624.0
26043	1420.8	1653.0	7494.5
25116	1435.1	1689.5	7325.0
61	1439.8	1699.9	7528.4
319	1432.5	1652.3	7312.4
21345	1428.7	1695.7	7336.8
12938	1422.1	1624.8	7134.5
13382	1411.9	1617.3	7024.6
24856	1431.0	1677.2	7458.4
19556	1435.7	1667.9	7603.8
32	1431.4	1692.3	7364.3
32578	1431.3	1659.4	7407.5
14917	1422.9	1727.7	7352.1
40385	1434.7	1708.6	7680.5
32002	1430.1	1659.9	7393.2
32107	1429.1	1643.9	7319.4
39188	1428.5	1724.2	7426.2
27529	1428.7	1598.6	7344.2
28284	1423.1	1633.7	7194.3
41637	1441.8	1687.9	7632.1
38162	1432.1	1643.4	7331.9
34412	1429.4	1688.9	7335.5
44512	1427.0	1625.3	7421.2
9944	1430.3	1681.5	7406.3
23832	1420.9	1683.1	7400.7
44779	1432.5	1627.9	7443.5
27201	1429.0	1668.3	7387.2
43544	1430.4	1671.3	7590.8
40343	1435.7	1676.9	7478.3
42871	1422.8	1666.0	7259.6
29964	1437.7	1709.3	7642.6
3035	1431.1	1700.3	7496.1
16949	1414.2	1633.9	7183.6
21743	1438.3	1695.1	7611.6
37934	1438.3	1689.3	7480.7
23194	1439.5	1755.5	7688.9
11109	1428.6	1694.7	7473.2
43116	1438.0	1640.4	7383.6
3782	1431.4	1723.9	7652.5
38419	1418.6	1649.6	7172.4
6385	1435.4	1676.9	7433.1
11735	1424.2	1619.8	7223.8
40779	1431.6	1662.7	7388.9
22642	1431.5	1711.9	7332.7
31635	1436.6	1689.7	7373.7
38210	1436.4	1667.1	7371.5
32251	1431.4	1666.0	7577.7
10380	1424.5	1645.4	7227.5
850	1426.3	1666.1	7231.0
8150	1426.6	1684.1	7319.0
4737	1424.6	1650.4	7223.7
17348	1428.4	1649.6	7417.9
34082	1439.3	1716.3	7570.5
43823	1430.1	1685.0	7355.1
28049	1432.4	1628.5	7268.8
400	1431.1	1709.5	7605.2
24888	1416.5	1672.0	7195.2
39095	1425.9	1682.8	7220.9
37108	1425.8	1655.5	7209.7
27066	1433.6	1657.8	7407.4
42799	1432.3	1635.6	7397.8
33016	1434.9	1631.2	7469.9
1828	1425.5	1655.2	7253.3
5447	1429.2	1631.5	7241.5
20204	1430.2	1682.4	7385.8
24351	1434.4	1652.3	7361.2
31832	1430.8	1627.3	7397.3
1976	1432.7	1665.6	7249.3
3124	1424.4	1658.8	7275.0
33522	1424.5	1649.0	7301.5
41255	1429.4	1666.5	7393.3
37756	1427.7	1671.7	7391.3
29530	1425.1	1684.3	7427.4
12688	1432.9	1672.4	7411.8
14158	1429.8	1707.4	7593.8
33759	1424.8	1644.7	7240.8
25931	1418.9	1668.0	7288.0
22075	1430.9	1679.2	7426.8
17805	1427.7	1702.5	7405.0
7764	1417.3	1618.3	7173.0
3186	1432.7	1674.7	7434.1
28057	1426.4	1718.4	7560.9
4447	1432.1	1661.7	7313.4
15226	1431.6	1632.0	7303.6
16911	1423.8	1657.7	7240.2
2385	1431.6	1714.0	7495.1
29015	1428.3	1695.1	7498.2
39372	1441.0	1715.9	7623.3
19864	1420.2	1653.1	7294.7
13948	1428.7	1692.8	7458.5
36043	1428.2	1689.7	7457.1
28835	1428.1	1659.1	7364.8
782	1419.2	1679.6	7240.1
11237	1435.8	1694.8	7499.2
9245	1435.7	1682.2	7434.1
13595	1436.0	1694.7	7445.8
37376	1429.4	1693.5	7391.1
36522	1423.1	1647.8	7137.5
18745	1433.3	1675.1	7375.6
26757	1424.2	1678.7	7270.2
28107	1417.0	1618.0	7117.1
38102	1447.0	1754.6	7860.0
16807	1426.1	1673.4	7329.6
14311	1430.3	1681.5	7357.8
43226	1437.5	1704.2	9123.1
3877	1425.9	1629.9	7210.7
11186	1419.6	1689.1	7145.6
15383	1419.4	1645.3	7401.0
33038	1421.5	1659.2	7263.3
17579	1430.4	1717.9	7503.7
27781	1424.8	1617.2	7209.0
38242	1428.3	1645.7	7248.2
11672	1430.9	1681.4	7459.2
9679	1437.4	1661.0	7453.6
40985	1432.7	1729.0	7558.8
9045	1433.9	1679.6	7427.9
37021	1423.6	1633.4	7090.9
11155	1430.3	1661.1	7359.5
11660	1433.3	1674.1	7439.7
21169	1438.0	1690.3	7353.1
11185	1437.2	1700.7	7402.9
34855	1430.9	1646.8	7349.1
5249	1422.4	1633.9	7260.1
18832	1423.1	1628.0	7233.4
24086	1423.9	1631.8	7141.1
27231	1428.0	1621.5	7301.6
1928	1429.8	1664.1	7241.4
16652	1412.1	1650.5	7135.6
42912	1443.1	1716.8	7447.2
27026	1423.5	1711.7	7369.6
40033	1428.1	1682.6	7870.4
22826	1423.5	1643.9	7155.7
4463	1429.5	1675.9	7362.8
27761	1436.8	1749.7	7617.0
43161	1432.1	1665.1	7349.9
28492	1446.2	1717.0	7600.1
25814	1433.3	1650.1	7588.1
40064	1424.1	1630.6	7237.7
16351	1431.6	1681.9	7593.0
7369	1433.6	1730.4	7584.9
38123	1435.8	1712.2	7538.7
12266	1419.0	1668.9	7207.6
7033	1425.8	1643.7	7430.8
8233	1416.2	1602.7	7068.1
25601	1430.8	1675.3	7377.3
40374	1420.8	1638.4	7227.7
3346	1433.2	1686.4	7494.7
20131	1424.4	1685.7	7267.3
17066	1413.5	1636.2	7066.4
23879	1429.0	1689.6	7399.6
19365	1444.5	1727.7	7643.9
28886	1422.0	1641.0	7139.1
886	1419.9	1683.4	7339.2
23782	1433.3	1725.8	7550.4
6307	1420.5	1646.3	7155.8
38508	1428.2	1609.0	7140.1
10915	1438.5	1691.3	7464.6
35709	1418.7	1618.3	7217.9
883	1432.7	1726.5	7481.6
20125	1424.1	1638.3	7257.0
31937	1438.0	1692.1	7479.3
34351	1426.6	1644.7	7248.0
28837	1438.3	1659.6	7426.2
42220	1433.9	1685.4	7392.1
13685	1429.0	1672.0	7285.7
15883	1429.8	1672.3	7369.5
8703	1417.8	1662.0	7222.6
25492	1425.5	1627.8	7160.9
15381	1420.1	1663.0	7328.8
130	1443.9	1718.1	7648.7
35	1424.5	1665.3	7341.1
25449	1443.4	1697.9	7445.7
29	1432.9	1659.1	7291.7
16006	1426.5	1673.3	7284.7
35036	1439.7	1715.1	7495.2
40216	1417.5	1609.1	7144.1
39368	1417.9	1610.0	7143.2
7994	1432.9	1638.1	7314.9
12417	1424.7	1664.0	7319.7
35803	1433.8	1701.1	7579.0
949	1422.2	1646.3	7203.4
22504	1427.1	1659.6	7345.7
19447	1428.0	1740.6	7411.5
29518	1422.9	1638.2	7215.6
34432	1428.3	1670.8	7489.6
23887	1426.5	1668.6	7374.3
25338	1431.0	1685.2	7600.3
13279	1428.4	1648.6	7286.8
18276	1428.2	1695.0	7497.5
28566	1430.0	1650.8	7225.5
31304	1434.4	1720.2	7542.9
19721	1431.5	1638.4	7291.2
25167	1439.5	1668.6	7420.8
42834	1421.2	1653.1	7206.9
1757	1435.6	1667.5	7375.1
16747	1424.3	1656.5	7211.5
9141	1431.0	1625.5	7209.5
41607	1421.1	1607.2	7173.1
36558	1427.0	1684.6	7360.6
14299	1429.9	1618.7	7226.4
22117	1445.0	1718.4	7714.1
15774	1438.0	1706.1	7607.1
42936	1439.6	1674.8	7455.0
32703	1422.1	1642.0	7150.3
2332	1434.0	1682.0	7595.4
21116	1429.2	1690.6	7203.2
31040	1422.7	1666.9	7346.0
42175	1433.0	1730.8	7487.2
35498	1440.1	1661.0	7427.4
11648	1433.4	1655.0	7406.2
33089	1428.7	1717.4	7686.0
18741	1431.9	1669.8	7303.7
11503	1434.7	1781.5	7619.0
626	1440.9	1670.6	7404.6
33682	1432.3	1645.9	7312.4
37752	1422.2	1632.4	7315.9
5010	1428.2	1696.0	7733.2
29431	1427.3	1659.5	7344.7
42619	1435.2	1697.7	7626.9
18911	1418.9	1615.3	7088.0
18870	1425.0	1665.2	7320.3
21686	1431.8	1719.6	7460.4
3546	1424.9	1600.0	7244.5
3166	1424.0	1695.7	7353.6
9448	1447.8	1737.7	7472.7
42821	1425.9	1619.1	7240.4
28009	1432.2	1680.3	7548.2
23311	1439.1	1745.1	7495.9
154	1422.7	1661.8	7300.9
4918	1436.6	1659.9	7691.4
12580	1447.3	1776.0	7687.1
19265	1437.4	1687.5	7396.3
44925	1410.9	1579.3	7012.5
17453	1437.0	1709.0	7668.0
7946	1419.5	1660.0	7068.1
12102	1440.2	1722.0	7501.9
21748	1424.7	1657.7	7272.2
37080	1447.6	1751.5	7701.0
23813	1432.2	1694.8	7483.7
42325	1424.4	1706.8	7542.2
3352	1427.8	1649.4	7219.0
42996	1429.1	1698.1	7359.7
12115	1423.0	1644.2	7327.7
42225	1432.0	1667.4	7501.5
9407	1420.7	1669.7	7208.5
37366	1425.8	1666.1	7339.3
5719	1417.2	1614.5	7127.0
26179	1436.5	1691.1	7484.3
26604	1437.6	1691.8	7651.8
25466	1428.6	1630.4	7216.4
33095	1429.2	1675.0	7376.0
23651	1428.7	1684.4	7359.5
38464	1423.3	1641.0	7276.0
33144	1432.7	1663.4	7438.8
26429	1426.1	1652.8	7299.8
5634	1424.9	1684.0	7338.7
31927	1425.4	1633.8	7216.1
39183	1433.6	1673.8	7271.5
2308	1423.6	1639.7	7199.8
24843	1434.6	1669.8	7410.4
13566	1433.5	1698.2	7328.8
20861	1422.0	1666.8	7187.7
15077	1425.5	1681.8	7254.2
28400	1428.4	1688.2	7378.7
25901	1442.2	1687.4	7578.7
19957	1434.7	1677.5	7516.2
16952	1420.7	1660.7	7249.6
20539	1437.6	1726.7	7608.8
40317	1424.5	1651.4	7197.8
25750	1431.4	1675.3	7707.2
24707	1435.7	1665.0	7414.7
24548	1421.4	1616.7	7081.5
14579	1435.8	1737.2	7518.6
32830	1432.2	1653.3	7364.0
28455	1417.0	1614.8	7184.4
14778	1438.1	1715.2	7690.7
28687	1418.3	1668.7	7315.4
4527	1436.4	1695.5	7486.3
38589	1423.2	1681.0	7168.9
16829	1432.9	1698.0	7594.3
4164	1442.5	1761.7	7682.2
26415	1413.3	1631.7	7059.4
6718	1423.3	1677.3	7320.1
24254	1422.6	1624.0	7134.6
32826	1444.9	1704.7	7933.7
20610	1431.3	1680.3	9345.3
15165	1434.3	1673.8	7426.6
1528	1435.5	1680.4	7403.6
21286	1419.0	1606.5	7096.8
1773	1429.0	1680.6	7392.0
7501	1429.6	1725.7	7443.3
16847	1428.1	1637.0	7299.4
7625	1425.8	1649.5	7247.3
28678	1428.7	1648.0	7289.3
842	1436.2	1696.0	7520.5
36025	1430.2	1699.5	7413.8
32760	1433.6	1660.7	7343.1
295	1422.6	1646.5	7183.6
11580	1437.3	1675.4	7563.7
33267	1417.6	1667.7	7253.3
23147	1435.5	1654.1	7381.4
27626	1422.2	1604.2	7338.6
34238	1420.9	1654.6	7141.8
6807	1430.5	1713.7	7576.0
26197	1442.2	1675.3	7488.7
32728	1432.1	1657.2	7379.6
289	1431.2	1665.1	7465.9
446	1435.2	1691.9	7476.5
40920	1431.3	1631.1	7201.3
741	1416.8	1633.1	7135.7
38840	1432.1	1710.7	7368.5
24922	1435.4	1692.3	7401.8
33740	1429.8	1702.7	7252.6
6574	1421.7	1657.6	7204.7
40612	1424.9	1652.4	7312.2
26769	1425.1	1688.5	7297.8
18837	1437.8	1680.9	7455.7
37637	1428.7	1660.6	7273.8
31162	1428.2	1652.4	7439.9
34870	1435.4	1676.0	7488.8
19108	1441.0	1700.8	7473.3
35061	1421.8	1687.3	7347.7
35704	1424.1	1683.7	7317.1
19707	1429.4	1644.6	7219.1
40943	1433.6	1705.6	7573.6
40951	1437.8	1686.0	7543.7
10562	1432.0	1693.2	7345.3
24569	1436.0	1678.6	7490.1
14999	1419.9	1661.9	7298.0
14235	1434.3	1683.3	7421.1
41076	1429.7	1690.6	7414.7
31870	1432.9	1700.6	7662.4
22454	1422.3	1632.2	7214.9
1317	1433.1	1684.6	7472.4
15637	1424.3	1690.5	7434.3
23242	1425.7	1676.3	7407.9
19438	1437.1	1666.9	7402.8
9898	1425.2	1668.3	7391.3
11541	1426.2	1735.4	7718.7
38017	1420.2	1666.3	7189.8
38908	1435.6	1717.1	7533.4
40577	1426.1	1642.6	7366.0
9537	1426.3	1640.7	7231.4
9183	1417.4	1624.3	7408.9
29572	1434.1	1680.9	7554.9
42407	1426.6	1641.1	7287.2
36535	1431.8	1638.3	7317.0
35838	1417.9	1627.6	7157.7
38982	1441.4	1728.3	7739.8
722	1417.2	1647.2	7055.0
18567	1439.6	1680.8	7563.7
21179	1435.3	1709.4	7560.3
2068	1436.4	1702.8	7431.7
39222	1418.4	1605.9	7230.3
10094	1430.9	1696.0	7343.2
24766	1417.0	1583.4	7025.1
28404	1427.3	1666.3	7413.1
43168	1432.4	1601.1	7166.1
31145	1435.3	1667.9	7315.0
29544	1436.9	1712.8	7618.6
35415	1429.7	1698.6	7554.4
5722	1436.8	1678.3	7530.3
2014	1437.8	1718.7	7556.4
42041	1426.6	1694.1	7436.9
13751	1431.4	1619.1	7373.1
39839	1428.9	1693.4	7368.5
20587	1438.1	1698.4	7456.2
33371	1432.1	1672.1	7323.4
33653	1415.4	1614.3	7128.0
7753	1427.5	1648.9	7246.3
35333	1426.1	1632.5	7264.7
8115	1422.4	1667.0	7172.4
31903	1434.7	1667.4	7481.6
24468	1424.3	1677.7	7311.5
7057	1440.4	1697.5	7470.7
39713	1427.7	1644.0	7397.5
43480	1432.2	1600.9	7281.2
22612	1437.7	1699.7	7542.9
7189	1423.6	1644.9	7270.1
7852	1441.4	1715.3	7529.9
6859	1432.6	1720.7	7462.8
42532	1431.5	1690.7	7460.5
36255	1435.9	1659.3	7438.1
3510	1416.8	1632.4	7179.6
37371	1432.6	1668.7	7382.1
37507	1440.4	1721.6	7570.1
12080	1431.4	1675.6	7289.0
31215	1434.0	1723.2	7697.0
43315	1431.4	1699.0	7433.4
37766	1418.8	1667.5	7278.7
21093	1421.2	1650.5	7329.9
33274	1430.8	1724.3	7688.0
8816	1432.3	1682.7	7437.9
15431	1431.2	1691.3	7423.6
10981	1433.2	1670.9	7503.2
44556	1429.7	1658.7	7368.1
14498	1416.0	1630.2	7221.9
32243	1437.4	1701.6	7512.4
13557	1422.8	1630.6	7213.5
16461	1422.9	1651.2	7140.0
21322	1421.3	1634.6	7091.8
44306	1425.0	1654.4	7292.4
19103	1434.4	1685.1	7441.6
28583	1431.5	1698.9	7620.9
24284	1418.6	1645.9	7247.4
37341	1421.1	1646.0	7230.7
24775	1430.4	1709.3	7619.4
25499	1417.5	1588.4	6982.9
19942	1434.5	1672.9	7360.6
11616	1444.9	1761.1	7775.9
15985	1417.7	1672.7	7287.2
14697	1427.7	1674.1	7392.0
36913	1423.4	1669.3	7270.4
26063	1426.1	1633.9	7362.6
12469	1421.3	1721.9	7342.3
30187	1432.6	1664.6	7364.6
27822	1442.3	1771.9	7735.2
3378	1434.9	1719.4	7550.0
35459	1445.5	1714.5	7734.6
10552	1431.8	1723.7	7519.7
6146	1437.9	1752.5	7665.3
31043	1427.6	1721.4	7292.8
39971	1431.1	1653.4	7327.9
5160	1413.7	1629.4	7133.1
2555	1429.6	1699.1	7430.7
43095	1423.2	1653.7	7307.7
9285	1434.7	1672.3	7388.8
17287	1434.9	1697.7	7505.0
42281	1425.6	1676.2	7567.2
37065	1444.0	1721.6	7685.1
23287	1419.7	1681.6	7205.8
26819	1429.4	1669.9	7238.6
44400	1430.7	1664.2	7380.9
43705	1431.1	1657.1	7375.5
5874	1422.7	1669.8	7449.4
18306	1432.3	1723.7	7523.5
7126	1426.8	1685.6	7325.9
13908	1424.4	1650.8	7317.1
16612	1429.1	1698.3	7355.7
36813	1427.1	1664.5	7283.5
39244	1436.9	1694.2	7499.6
14918	1433.4	1688.1	7421.3
22715	1432.9	1672.7	7312.3
4286	1431.1	1690.2	7517.3
25187	1431.0	1657.5	7274.8
34259	1424.2	1644.5	7238.1
10361	1428.5	1679.5	7524.7
26596	1432.5	1659.3	7349.9
34305	1433.5	1678.0	7420.1
27796	1428.8	1625.3	7283.8
36726	1422.4	1632.2	7213.1
449	1439.6	1690.5	7477.9
42639	1435.2	1631.8	7325.4
16443	1424.0	1708.1	7558.0
32575	1430.3	1654.4	7466.8
30787	1438.5	1669.5	7480.8
42660	1427.6	1681.4	7275.4
13499	1434.9	1725.9	7757.0
901	1438.1	1722.6	7470.0
38898	1432.5	1658.8	7274.2
20260	1431.2	1690.2	7595.5
5388	1430.9	1657.7	7242.4
14063	1428.7	1645.7	7265.7
22031	1426.7	1689.6	7298.5
16610	1420.1	1658.0	7266.5
23327	1421.3	1678.6	7245.5
20405	1441.2	1713.7	7562.7
7138	1425.0	1655.7	7229.2
31103	1420.9	1702.3	7370.8
14837	1429.5	1677.6	7459.3
697	1433.7	1679.8	7391.3
44390	1425.7	1595.1	7221.7
32222	1430.6	1658.0	7405.4
43973	1432.5	1692.2	7524.8
41327	1427.8	1646.9	7381.8
19343	1443.2	1698.4	7907.2
3319	1434.3	1679.3	7472.1
9818	1425.3	1650.5	7235.1
21552	1437.1	1687.5	7396.7
14730	1429.9	1686.5	7410.7
16407	1438.9	1749.9	7889.9
3298	1437.6	1708.1	7523.2
41310	1420.8	1690.7	7222.6
11098	1429.4	1651.4	7465.7
3026	1427.4	1627.1	7236.9
32753	1425.3	1657.4	7293.0
27153	1434.0	1706.1	7627.6
25348	1428.5	1662.2	7251.9
9504	1417.3	1671.2	7285.8
32785	1433.2	1656.8	7354.3
30237	1440.0	1718.4	7728.1
41143	1418.9	1637.9	7245.2
12702	1432.0	1670.3	7470.5
37527	1422.7	1628.2	7254.8
36384	1436.8	1668.2	7393.1
43649	1423.6	1664.8	7303.2
37016	1433.2	1677.5	7444.5
1954	1434.3	1661.8	7443.1
16625	1434.5	1663.6	7431.0
676	1422.4	1674.9	7340.3
5264	1418.0	1670.5	7458.7
28272	1431.5	1730.5	7563.5
19689	1425.2	1701.2	7397.3
7992	1424.8	1668.9	7272.5
29812	1433.1	1652.6	7382.6
22171	1420.0	1628.2	7222.0
27982	1419.8	1668.4	7189.4
28720	1434.4	1649.9	7364.2
7951	1433.9	1686.2	7529.4
39333	1424.3	1685.4	7376.0
40121	1441.9	1732.8	7640.0
11282	1430.6	1694.5	7400.7
43057	1425.8	1656.0	7331.4
30278	1431.4	1691.8	7435.2
12357	1435.8	1712.7	7370.6
18581	1436.4	1651.1	7353.3
21284	1416.1	1648.8	7065.7
904	1419.1	1662.8	7154.9
44033	1417.4	1671.7	7193.2
29117	1431.9	1699.9	7685.6
9905	1441.9	1749.0	7612.0
43856	1425.7	1644.1	7216.3
4555	1422.3	1637.5	7080.6
30557	1426.0	1656.6	7236.2
15241	1434.7	1662.5	7300.0
7212	1424.6	1661.8	7229.6
40940	1431.4	1665.1	7345.4
40900	1423.8	1671.4	7368.4
43445	1423.8	1632.7	7306.7
21015	1429.3	1729.7	7602.2
12757	1429.1	1631.9	7326.6
17740	1424.1	1608.1	7153.5
38070	1424.3	1700.6	7360.6
1404	1426.6	1701.6	7324.0
43193	1423.8	1658.2	7327.6
1845	1427.2	1681.5	7296.9
24878	1428.6	1674.9	7437.4
4764	1420.0	1689.1	7352.1
38989	1416.7	1616.1	7123.8
8068	1430.4	1667.1	7338.6
8006	1430.7	1684.5	7345.6
29537	1418.4	1629.1	7112.7
41868	1417.8	1701.2	7380.4
7778	1426.6	1671.8	7442.8
35770	1427.2	1636.2	7153.6
7932	1432.0	1708.4	7365.1
39867	1437.0	1691.5	7750.9
24372	1435.3	1673.7	7618.8
40778	1423.4	1618.8	7128.2
14005	1424.3	1676.1	7408.2
16748	1434.8	1729.8	7525.8
17586	1440.6	1686.3	7561.0
42694	1434.2	1685.0	7339.7
39816	1422.6	1662.0	7298.0
44968	1423.6	1644.6	7342.4
34121	1419.8	1618.6	7249.5
9076	1439.4	1689.3	7409.8
711	1431.2	1628.7	7331.3
6005	1432.2	1671.4	7380.5
18758	1434.5	1648.7	7314.2
13063	1432.0	1718.6	7412.8
34310	1436.5	1679.3	7502.9
8149	1430.7	1697.5	7328.7
14138	1438.1	1686.7	7573.9
34495	1430.7	1667.4	7436.4
17536	1422.1	1652.6	7177.4
38548	1437.5	1676.1	7523.7
17723	1425.3	1643.4	7274.1
38744	1427.7	1646.3	7511.1
33748	1432.5	1681.7	7520.8
19296	1432.9	1639.4	7400.8
41705	1446.0	1732.1	7586.9
12395	1431.4	1684.5	7468.6
10372	1428.9	1697.4	7431.9
30475	1429.1	1671.3	7301.7
11417	1428.9	1735.7	7364.2
32590	1441.1	1664.8	7460.7
38111	1439.9	1725.6	8006.4
36602	1434.0	1685.6	7314.2
25749	1436.9	1703.7	7565.8
22643	1427.7	1678.8	7300.1
36684	1441.0	1663.6	7402.8
6580	1440.4	1723.8	7572.8
2018	1419.5	1654.5	7119.3
25533	1445.4	1731.1	7642.9
35165	1430.2	1633.7	7418.7
14776	1426.0	1672.1	7464.1
24871	1435.1	1706.5	7580.8
16284	1430.3	1725.7	7412.4
5973	1422.7	1649.0	7144.4
38098	1425.2	1660.5	7288.5
21059	1436.8	1702.3	7655.9
740	1438.3	1702.2	7792.1
12591	1424.5	1727.4	7517.8
28933	1436.5	1720.5	7592.5
44559	1432.7	1653.5	7424.6
39150	1437.1	1688.8	7523.7
19913	1416.4	1661.8	7257.4
42680	1418.1	1625.9	7144.7
8589	1425.9	1684.8	7342.6
9919	1429.7	1690.7	7426.2
5744	1426.7	1684.2	7264.4
3747	1424.4	1636.5	7338.6
18648	1438.7	1680.3	7415.0
17235	1427.0	1670.1	7280.2
14296	1438.5	1721.3	7486.6
29297	1430.8	1693.0	7378.9
29413	1433.1	1675.5	7515.4
23926	1436.8	1647.8	7261.1
32681	1436.7	1670.6	7469.5
39025	1433.3	1730.0	7599.8
22599	1424.2	1681.8	7269.4
10524	1432.9	1671.9	7291.0
643	1441.8	1696.8	7525.6
442	1419.1	1677.5	7223.0
16120	1437.5	1672.3	7406.7
16158	1412.7	1625.6	7083.6
23279	1434.9	1711.3	7605.2
31339	1420.4	1688.8	7333.4
10167	1431.3	1638.6	7329.4
32499	1424.9	1722.9	7444.4
7152	1431.2	1669.7	7350.7
28847	1434.8	1688.1	7441.2
36673	1421.1	1630.2	7164.9
36534	1437.6	1731.3	7800.1
25634	1431.4	1699.2	7428.8
38561	1432.5	1659.3	7469.0
10186	1422.1	1685.0	7309.6
29426	1422.5	1613.9	7128.0
7586	1437.7	1670.6	7400.3
19731	1427.4	1674.8	7622.7
21753	1430.9	1654.6	7236.3
19561	1424.4	1673.2	7535.3
13495	1438.7	1677.1	7379.3
26816	1435.0	1727.2	7462.2
8898	1436.2	1680.4	7664.6
43347	1419.5	1602.2	7069.3
15304	1430.8	1781.1	7806.7
23644	1430.3	1680.8	7402.9
17549	1421.4	1635.9	7200.8
38547	1440.1	1671.4	7382.3
34648	1420.8	1621.3	7363.8
13703	1436.1	1705.1	7556.4
33010	1431.0	1663.6	7357.7
24503	1435.9	1696.8	7626.3
21876	1430.0	1640.0	7368.0
23821	1434.6	1679.6	7366.6
41497	1429.5	1666.3	7221.9
7619	1421.0	1653.8	7208.4
6706	1431.5	1662.2	7265.9
693	1430.7	1682.7	7521.8
4091	1433.2	1683.2	7299.7
10709	1431.8	1682.9	7389.2
23012	1432.8	1639.9	7383.6
16561	1412.9	1645.8	7264.9
3426	1434.2	1707.9	7679.3
3238	1430.6	1661.5	7450.1
33026	1433.7	1694.4	7446.8
41819	1432.3	1678.8	7267.4
16337	1428.8	1665.3	7410.9
10064	1416.1	1635.4	7105.4
39410	1432.5	1742.7	7495.1
27093	1449.4	1714.8	7690.1
10995	1424.6	1646.4	7306.8
5936	1425.9	1698.3	7420.1
6547	1420.5	1638.8	7124.4
30949	1421.3	1652.3	7365.7
22754	1433.4	1644.8	7619.3
35105	1432.9	1649.0	7411.2
40958	1432.6	1693.5	7389.7
25961	1433.3	1661.6	7375.2
25505	1425.5	1664.7	7206.7
8320	1440.6	1734.4	7571.5
3288	1433.8	1700.2	7419.4
5904	1418.0	1638.9	7323.5
20781	1425.8	1641.8	7335.4
40281	1425.5	1649.5	7341.3
32752	1408.5	1525.9	6816.2
25179	1441.2	1680.0	7510.8
16188	1426.3	1701.7	7494.5
32135	1417.3	1660.1	7220.3
10227	1415.6	1640.9	7184.6
30181	1427.5	1657.2	7235.2
34639	1428.4	1709.0	7641.2
20865	1438.0	1697.9	7494.8
9754	1435.2	1683.2	7464.0
35196	1426.2	1702.0	7511.6
38309	1420.2	1641.2	7468.9
30120	1437.4	1724.1	7909.4
29275	1437.2	1720.4	7487.3
25992	1432.7	1702.9	7335.7
37437	1430.5	1671.2	7296.3
27551	1430.1	1735.8	7574.9
12219	1427.8	1647.9	7285.3
17498	1428.6	1649.6	7297.0
24583	1427.1	1676.7	7227.7
7786	1447.0	1734.7	7524.4
40800	1435.7	1674.8	7317.7
30969	1429.8	1671.3	7273.0
10250	1445.1	1668.0	7561.4
22453	1422.1	1652.5	7166.3
36396	1427.2	1600.2	7077.9
34189	1432.7	1732.2	7792.3
8504	1434.5	1690.2	7787.0
37538	1415.0	1629.3	7192.1
41071	1434.5	1680.5	7505.4
10695	1421.9	1629.2	7168.5
5208	1436.3	1701.7	7617.9
13989	1428.7	1653.9	7334.4
20022	1423.2	1705.6	7419.5
342	1426.4	1668.9	7330.8
44553	1449.5	1748.7	7831.4
40949	1431.7	1629.6	7398.9
20598	1423.7	1667.6	7288.1
8832	1436.1	1723.3	7612.9
11470	1427.6	1700.4	7388.0
29864	1424.4	1673.0	7293.7
1179	1427.5	1675.5	7371.3
3827	1433.1	1679.5	7282.8
39906	1433.6	1729.6	7732.1
21543	1424.0	1627.6	7304.8
9013	1428.2	1681.1	7353.4
41557	1427.9	1667.3	7286.5
12433	1430.0	1683.3	7486.2
1469	1419.7	1719.9	7320.8
7495	1419.3	1657.1	7208.7
41830	1429.5	1691.7	7468.7
34368	1428.4	1621.8	7301.9
32963	1409.8	1606.5	7067.0
971	1436.8	1675.5	7366.2
25520	1422.7	1641.7	7236.8
24484	1441.2	1675.6	7671.8
10082	1440.7	1703.6	7652.3
37469	1426.8	1650.7	7376.3
39891	1426.3	1695.6	7364.6
12271	1418.6	1629.4	7125.2
6948	1427.7	1674.9	7440.6
15170	1440.0	1696.9	7783.4
26647	1436.9	1726.9	7504.6
35588	1429.9	1659.3	7286.1
4088	1428.9	1675.4	7594.0
41831	1430.8	1654.4	7313.5
35284	1423.2	1673.2	7256.0
17913	1423.5	1670.8	7267.9
33526	1422.5	1601.2	7289.0
13086	1437.8	1671.9	7487.8
24629	1432.0	1660.7	7322.0
16079	1425.5	1624.1	7298.8
22209	1440.6	1683.7	7539.7
6775	1425.7	1656.1	7210.6
31688	1427.0	1684.4	7425.9
36314	1424.8	1649.2	7280.5
23246	1426.6	1657.7	7319.7
39153	1428.4	1660.1	7389.2
2365	1431.2	1672.7	7361.3
26007	1428.3	1691.7	7467.7
41935	1431.0	1645.1	7387.3
9627	1432.1	1678.4	7461.4
42316	1437.4	1683.3	7523.2
41968	1439.5	1716.7	7565.9
20130	1430.8	1683.6	7409.1
24673	1429.1	1690.2	7310.2
27100	1422.7	1643.2	7185.9
39831	1435.6	1720.1	7505.1
10890	1425.8	1648.1	7439.3
13492	1427.3	1701.2	7575.0
29803	1427.0	1648.6	7224.8
38751	1422.6	1631.8	7173.0
16266	1426.5	1684.6	7235.0
1749	1435.4	1757.2	7598.0
9519	1432.6	1716.4	7398.6
36145	1433.2	1680.5	7523.8
3700	1427.7	1674.8	7304.5
1266	1439.0	1767.8	7669.7
34281	1424.6	1660.5	7309.0
41743	1418.0	1644.7	7129.4
36917	1419.2	1616.2	7103.3
33668	1429.4	1700.7	7342.0
26748	1438.0	1698.4	7520.6
43662	1433.6	1691.6	7654.5
24179	1427.2	1654.7	7295.4
9884	1424.2	1693.0	7474.7
18939	1417.0	1615.4	7136.4
1368	1434.8	1700.4	7437.7
14279	1427.9	1693.5	7270.2
8051	1422.2	1690.1	7303.6
34137	1425.5	1651.4	7215.0
28711	1439.7	1722.9	7607.9
27783	1430.1	1676.7	7426.3
24735	1436.7	1724.8	7631.3
15538	1424.7	1624.3	7234.6
6548	1432.4	1712.8	7539.3
20630	1443.1	1715.8	7460.6
40089	1418.5	1630.0	7172.0
25669	1428.1	1694.9	7428.3
31404	1432.2	1679.4	7533.0
35335	1433.7	1649.6	7347.2
11019	1426.1	1694.7	7330.5
35811	1430.5	1684.3	7371.1
28293	1427.8	1677.3	7339.1
1311	1424.7	1644.1	7159.5
43294	1427.7	1668.3	7381.6
43582	1430.9	1661.7	7328.3
12062	1426.2	1611.7	7175.3
31569	1433.6	1698.2	7575.3
30823	1425.6	1651.4	7243.2
33709	1432.3	1643.6	7418.9
20848	1432.4	1674.2	7392.1
11537	1433.8	1694.4	7523.3
5142	1426.1	1688.1	7365.5
44181	1445.4	1702.1	7864.4
21657	1416.2	1621.3	7174.7
35736	1436.9	1712.8	7550.7
40826	1426.9	1709.0	7477.6
27189	1428.6	1668.1	7292.9
12682	1418.5	1679.8	7202.4
37783	1419.1	1662.9	7335.6
9254	1443.6	1689.8	7537.1
27740	1435.9	1670.0	7439.3
30344	1433.2	1710.5	7532.1
32384	1441.8	1703.7	7855.6
26896	1413.1	1611.6	7048.2
41966	1429.6	1665.7	7379.3
35024	1420.2	1654.5	7225.7
18093	1437.6	1712.5	7472.3
30615	1426.8	1662.2	7393.9
29819	1429.7	1650.5	7232.9
23435	1417.7	1629.1	7184.8
36996	1429.4	1707.4	7464.9
40672	1425.6	1647.0	7291.2
41871	1441.1	1712.1	7651.3
30824	1447.9	1713.2	7629.0
16438	1438.5	1704.3	7593.9
40503	1433.7	1693.8	7550.5
19340	1433.6	1695.0	7449.5
28372	1438.9	1682.9	7635.0
27290	1439.6	1692.4	7557.2
9151	1424.0	1678.4	7334.8
23918	1427.8	1638.8	7246.0
5236	1423.0	1695.7	7351.7
19361	1402.6	1597.3	6917.5
11111	1431.1	1698.9	7452.8
951	1430.4	1698.9	7405.1
42640	1429.2	1687.0	7363.1
17920	1420.7	1633.0	7037.5
14970	1429.8	1669.3	7457.1
36543	1433.4	1705.7	7448.9
20830	1432.8	1649.9	7315.6
27653	1436.6	1740.5	7512.7
1023	1433.3	1626.7	7289.4
24638	1425.6	1651.1	7256.0
7061	1422.9	1675.4	7515.5
751	1438.7	1683.3	7383.2
37723	1431.4	1657.4	7429.8
32509	1428.3	1675.5	7438.1
15910	1429.2	1655.1	7348.2
4746	1420.3	1645.9	7193.4
3923	1428.0	1656.1	7259.7
16111	1430.1	1658.9	7339.1
31726	1428.7	1649.8	7326.9
23707	1425.4	1682.5	7305.2
38171	1430.4	1686.8	7358.7
27433	1440.4	1694.8	7421.5
12701	1440.2	1704.0	7642.1
23806	1435.3	1679.2	7418.8
30392	1428.4	1613.0	7230.1
30435	1437.1	1651.3	7536.9
721	1441.1	1671.0	7420.3
27218	1432.0	1691.6	7385.4
26034	1426.5	1660.9	7313.7
43548	1429.3	1689.0	7434.3
5070	1427.3	1679.2	7506.9
36309	1428.9	1664.4	7348.4
22697	1426.5	1676.8	7572.0
10035	1439.8	1733.5	7835.8
19063	1424.5	1716.7	7387.5
8640	1430.9	1687.3	7477.8
1022	1419.8	1646.5	7128.4
41283	1418.4	1611.0	7244.1
5417	1426.4	1672.2	7341.8
2572	1422.6	1683.2	7288.0
6016	1427.7	1713.9	7480.8
18617	1428.5	1724.6	7553.9
26261	1427.0	1643.3	7268.3
9949	1423.8	1691.9	7381.6
22210	1420.5	1609.5	7233.5
13833	1433.9	1672.2	7469.1
2462	1429.6	1677.1	7174.5
43431	1418.5	1595.8	7086.8
37019	1430.4	1679.5	7362.9
6844	1418.0	1650.2	7156.1
30858	1423.2	1647.5	7202.4
40427	1434.2	1668.1	7444.5
22423	1434.0	1655.1	7464.1
9343	1428.9	1630.2	7251.6
36275	1426.0	1650.5	7245.4
31050	1422.5	1639.8	7261.6
36301	1430.1	1678.9	7454.6
11653	1425.0	1665.1	7403.0
25802	1430.2	1733.3	7651.6
2403	1430.1	1662.9	7334.7
8584	1430.5	1668.5	7451.9
28751	1431.4	1670.6	7339.8
11842	1422.2	1624.9	7171.2
9625	1434.8	1666.1	7536.7
39386	1420.2	1624.5	7428.1
10906	1425.2	1698.7	7432.5
24519	1434.5	1675.9	7651.9
26708	1427.1	1639.5	7183.9
17401	1430.3	1687.6	7608.6
23563	1435.0	1725.2	7630.2
41788	1434.8	1654.0	7371.1
37967	1441.2	1656.6	7485.4
4347	1436.9	1695.3	7430.4
4728	1425.4	1642.8	7219.3
3833	1432.5	1671.6	7331.5
9286	1434.9	1671.9	7345.6
3898	1414.3	1621.8	7143.2
32148	1431.5	1698.3	7410.0
30295	1431.2	1692.8	7393.1
31134	1433.4	1705.0	7490.1
25678	1426.8	1646.7	7263.7
44116	1430.7	1686.1	7444.2
39389	1419.2	1653.6	7146.5
43894	1426.6	1744.5	7424.1
37148	1425.2	1635.7	7175.5
20640	1428.2	1653.5	7335.8
42792	1428.8	1626.3	7257.9
12648	1421.7	1631.2	7314.5
23785	1419.5	1615.8	7160.7
26464	1421.4	1667.1	7518.7
7318	1430.6	1669.3	7464.4
21818	1422.4	1637.2	7184.0
43250	1422.8	1663.0	7308.9
36373	1422.5	1660.5	7187.4
36882	1425.6	1643.4	7236.8
29218	1423.2	1680.2	7404.3
13134	1424.8	1669.6	7351.1
19268	1434.3	1657.0	7316.2
28588	1421.7	1671.2	7174.5
32321	1425.3	1647.8	7198.9
13053	1426.3	1708.9	7301.0
22576	1433.2	1679.0	7399.3
8396	1437.6	1727.0	7821.9
26427	1429.2	1689.0	7422.4
31670	1427.7	1642.3	7361.9
4065	1425.2	1705.1	7312.0
37949	1436.1	1686.2	7526.1
40857	1425.7	1677.5	7269.8
31968	1419.1	1627.8	7160.0
17539	1438.7	1718.4	7560.2
39036	1433.2	1705.7	7433.3
44586	1430.2	1644.0	7233.1
1502	1420.7	1665.8	7414.4
27611	1440.7	1696.7	7701.5
8864	1432.3	1711.2	7460.5
7725	1432.2	1641.1	7301.5
27837	1437.6	1723.7	7611.7
29856	1430.8	1611.8	7174.5
3283	1429.8	1659.1	7226.3
17668	1438.2	1683.1	7390.6
29253	1440.8	1702.6	7461.5
6976	1424.3	1662.5	7179.1
38004	1427.7	1667.7	7555.7
27357	1433.5	1673.2	7607.5
10463	1425.0	1666.2	7237.2
11058	1423.9	1656.6	7183.9
30176	1419.9	1622.5	7133.7
