25887	1583.8	1832.8	9662.8
42719	1558.6	1792.0	9247.4
37519	1572.3	1775.9	9415.1
49173	1575.0	1784.9	9473.3
55581	1569.9	1826.4	9637.9
55262	1586.4	1860.0	10012.8
57920	1559.7	1782.9	9348.3
55044	1573.3	1780.7	9648.3
11608	1570.6	1779.8	9335.4
52973	1563.7	1789.4	9349.3
28855	1573.4	1783.9	9298.3
55025	1568.6	1773.6	9436.2
22643	1561.0	1805.0	9236.2
25824	1562.6	1788.2	9420.6
31320	1563.6	1780.4	9290.2
17084	1567.6	1790.0	9303.5
27961	1573.6	1811.6	9478.4
31260	1567.3	1754.3	9280.8
25443	1568.3	1798.2	9478.3
11746	1557.1	1796.8	9274.4
59448	1568.9	1749.7	9321.7
49660	1567.1	1807.3	9476.6
55961	1569.7	1787.2	9332.4
37507	1580.9	1813.4	9717.1
11075	1571.4	1804.8	9341.7
31963	1578.1	1853.5	9567.6
54717	1575.2	1840.8	9798.4
45078	1565.4	1821.3	9630.7
28019	1571.9	1841.4	9645.1
9087	1564.1	1851.0	9862.3
15097	1571.8	1796.4	9546.4
7868	1565.6	1752.6	9471.0
53916	1577.4	1816.5	9630.7
15624	1573.3	1820.4	9464.9
24358	1561.6	1811.0	9445.8
23331	1584.0	1825.8	9420.2
21103	1582.5	1852.5	9750.9
46214	1573.7	1847.3	9547.9
53078	1572.1	1833.2	9764.5
35208	1583.1	1873.5	9783.3
16564	1575.7	1797.0	9699.7
55529	1569.6	1777.3	9453.5
31187	1564.3	1829.3	9781.2
24919	1575.1	1835.5	9494.0
58632	1577.5	1787.2	9485.3
12620	1564.2	1787.8	9377.3
48667	1581.5	1790.6	9447.7
11914	1567.9	1814.1	9481.0
22192	1559.5	1759.1	9256.7
52734	1563.3	1843.2	9371.7
51671	1583.0	1825.7	9739.9
6439	1561.9	1807.4	9286.4
33659	1577.5	1861.6	9753.7
32604	1580.9	1927.3	9997.6
22687	1577.5	1834.6	9890.7
28514	1575.7	1808.7	9798.5
7516	1566.7	1840.6	9413.5
32885	1568.1	1777.8	9426.9
11754	1559.7	1794.3	9247.0
44566	1580.7	1832.2	9753.8
38188	1571.6	1848.4	9505.8
18216	1576.0	1845.5	9662.6
54343	1571.9	1848.2	9711.6
33813	1573.2	1815.2	9417.0
18152	1573.4	1870.1	9672.3
5849	1568.7	1819.1	9456.8
37916	1546.7	1721.2	8918.2
11887	1570.1	1826.9	9616.7
31142	1576.3	1846.0	9467.7
11215	1566.8	1794.8	9318.9
43069	1591.6	1799.6	9751.5
38163	1574.5	1799.7	9507.5
25459	1562.5	1791.6	9287.9
26990	1576.2	1834.6	9703.9
41701	1574.0	1792.7	9489.1
46838	1565.1	1798.2	9442.1
25803	1563.0	1849.8	9446.5
19003	1567.7	1820.1	9537.4
33888	1546.8	1728.6	8910.1
42015	1564.5	1812.2	9366.0
52411	1575.9	1857.5	9754.7
22295	1575.8	1841.4	9879.6
34315	1575.8	1819.2	9594.8
18512	1570.5	1748.6	9338.5
1751	1573.5	1867.2	9562.8
37620	1557.6	1818.6	9374.0
5644	1584.4	1876.9	10198.4
4823	1571.4	1860.2	9637.1
35630	1555.9	1772.7	9320.5
30945	1566.4	1802.3	9147.0
20911	1572.6	1771.0	9437.1
15092	1577.9	1849.3	9791.7
7174	1579.3	1833.9	9445.8
19932	1554.0	1728.9	9134.0
3530	1578.6	1801.4	9496.6
52032	1580.6	1808.0	9586.4
18260	1570.9	1789.5	9339.4
18623	1584.5	1825.3	9633.9
47553	1562.2	1748.6	9299.6
9667	1567.2	1811.5	9388.2
11954	1569.8	1901.7	9898.9
38405	1578.0	1811.0	9651.3
38378	1575.3	1787.9	9668.1
7537	1577.7	1862.2	10438.7
55001	1557.7	1748.7	9263.6
41145	1562.5	1783.9	9297.4
48939	1564.6	1836.2	9612.7
5137	1574.2	1821.7	9546.6
46098	1559.7	1810.0	9359.8
56637	1551.8	1774.4	9066.2
17182	1559.7	1782.0	9302.0
54272	1576.4	1805.4	9606.1
19075	1587.0	1869.8	9787.3
26850	1583.4	1842.0	9552.9
53582	1547.5	1747.2	9058.4
56688	1551.3	1774.4	9220.1
2297	1569.3	1788.5	9296.0
2569	1562.3	1849.5	9408.3
9798	1571.5	1820.7	9552.8
34598	1568.4	1808.5	9345.6
27722	1571.4	1775.2	9525.0
6912	1567.2	1835.7	9558.1
17843	1579.1	1804.1	9572.3
46547	1562.0	1740.3	9234.9
3596	1567.7	1811.6	9554.5
53203	1567.5	1785.0	9337.3
44861	1567.7	1864.7	9839.9
16536	1570.7	1780.8	9576.1
34140	1577.9	1811.7	9834.5
49260	1576.7	1838.1	9661.5
11768	1571.4	1842.6	9378.8
1779	1569.7	1830.2	9434.0
25980	1559.2	1770.0	9163.7
14729	1566.1	1798.5	9335.0
27690	1564.6	1824.0	9625.1
12527	1588.5	1854.1	9689.4
56612	1564.4	1852.1	9372.8
30210	1563.9	1827.0	9522.3
9244	1559.8	1802.5	9317.2
58082	1574.6	1809.3	9400.3
31189	1582.0	1931.6	9894.1
43647	1569.7	1805.0	9598.4
50127	1581.9	1864.0	9679.2
45450	1575.5	1813.7	9478.8
24630	1568.0	1795.4	9543.7
36830	1574.6	1796.3	9616.4
49712	1570.5	1799.5	9474.3
12633	1574.3	1846.5	9592.9
15946	1560.7	1821.9	9445.7
33778	1560.1	1801.5	9443.5
36932	1558.5	1774.4	9275.6
58496	1578.6	1823.8	9578.2
13061	1564.2	1803.0	9287.8
56847	1573.5	1820.2	10076.4
24270	1570.9	1846.5	9651.1
2476	1567.5	1791.8	9368.9
57475	1569.3	1795.0	9473.9
21989	1572.5	1836.6	10120.8
13031	1569.2	1833.7	9604.3
24576	1561.9	1744.1	9214.6
6082	1576.8	1835.4	9736.3
30960	1559.2	1789.5	9324.1
37418	1570.7	1803.2	9438.1
22547	1570.7	1829.4	9569.8
44484	1567.3	1805.5	9484.9
9931	1577.6	1778.0	9598.1
40699	1562.0	1805.4	9496.5
9515	1576.2	1877.3	9893.1
5943	1575.6	1789.0	9260.4
21807	1582.9	1870.5	9672.9
51463	1584.3	1811.4	9829.6
20702	1578.5	1854.9	9656.0
12310	1563.3	1804.7	9260.9
12105	1567.3	1795.7	9497.1
194	1574.4	1791.5	9367.3
52797	1570.2	1831.3	9568.3
9898	1569.9	1809.1	9540.7
21389	1583.3	1845.3	9645.8
15882	1561.8	1757.8	9273.5
17627	1574.4	1809.4	9360.9
653	1556.8	1780.8	9061.3
40782	1573.3	1821.2	9481.7
58169	1566.7	1797.1	9394.1
13378	1557.9	1805.7	9248.0
8603	1572.5	1828.7	9522.3
49563	1575.0	1807.4	9496.7
41932	1570.8	1803.0	9442.0
22553	1567.8	1785.3	9347.5
37294	1570.7	1837.8	9658.4
55219	1569.0	1818.8	9453.7
15999	1575.0	1819.2	9518.5
45767	1568.0	1785.5	9249.6
19298	1568.3	1762.4	9333.3
26060	1565.5	1753.3	9481.7
7338	1570.4	1876.4	9659.0
45762	1560.1	1807.4	9229.5
22533	1574.2	1863.2	9782.7
51066	1582.9	1866.2	9792.2
21194	1574.2	1832.8	9627.6
5935	1565.9	1844.8	9324.3
26280	1573.4	1815.7	9660.4
13958	1577.1	1877.1	9653.7
43988	1566.8	1781.7	9426.4
47149	1560.3	1782.3	9341.9
12400	1570.7	1865.2	9531.8
6624	1569.6	1840.6	9495.8
52460	1592.1	1879.1	9928.2
56724	1578.7	1801.0	9911.2
50907	1572.4	1813.4	9439.8
46577	1558.2	1759.6	9191.1
10426	1573.1	1880.9	9854.6
16311	1579.4	1843.4	9785.3
25799	1570.3	1869.3	9820.7
10737	1559.7	1817.9	9336.7
31079	1570.8	1730.0	9248.8
14588	1571.0	1782.3	9394.8
38290	1555.1	1803.0	9368.3
31252	1560.0	1805.9	9222.5
40069	1579.7	1804.4	9730.4
17814	1560.7	1784.8	9304.6
54472	1566.2	1742.5	9355.1
19233	1575.5	1793.1	9780.7
24156	1577.7	1828.1	9598.4
20077	1562.7	1787.3	9401.8
11498	1576.3	1826.6	9591.7
46746	1563.1	1794.5	9413.7
55740	1570.5	1801.8	9392.4
42682	1556.4	1756.3	9382.1
43842	1566.9	1782.8	9506.2
24817	1561.8	1773.2	9354.7
10084	1583.3	1862.1	10070.2
16802	1569.6	1828.4	9553.7
30765	1568.3	1809.9	9414.2
22820	1560.4	1780.8	9199.2
11537	1560.4	1803.5	9197.5
12093	1569.0	1810.8	9461.1
2862	1561.2	1780.2	9172.7
14992	1584.6	1868.1	10036.9
45593	1575.5	1821.3	9416.4
17323	1568.3	1823.2	9570.0
30826	1561.7	1785.7	9358.7
3097	1559.3	1790.6	9279.9
32184	1571.7	1788.9	9626.7
18451	1569.9	1837.8	9555.8
12800	1563.4	1776.6	9315.2
55980	1579.6	1851.4	9847.4
10163	1562.2	1791.8	9275.2
45927	1568.1	1839.6	9590.8
16288	1590.1	1870.2	10181.6
7058	1561.7	1806.4	9577.2
13115	1576.8	1828.5	9660.7
54021	1570.1	1817.9	9426.7
26097	1570.0	1783.8	9374.2
56345	1577.2	1806.0	9811.0
20525	1567.2	1783.5	9369.5
11233	1578.7	1798.7	9349.8
46518	1576.5	1837.3	9714.2
11119	1562.4	1821.2	9755.2
10772	1562.7	1788.3	9290.1
58684	1582.4	1845.4	9682.9
3640	1571.9	1844.6	9648.8
56869	1565.8	1767.9	9335.7
36779	1574.3	1839.7	9892.8
17314	1583.9	1856.8	9777.8
47176	1581.0	1874.3	10092.4
10371	1571.0	1831.5	9592.6
12032	1578.9	1851.4	9908.9
46450	1559.6	1791.6	9406.2
3373	1564.5	1785.5	9385.9
12911	1563.0	1798.5	9272.6
42936	1564.6	1794.7	9336.4
55658	1574.9	1844.4	9582.9
16309	1567.1	1798.0	9305.0
3627	1563.2	1787.8	9388.7
4516	1575.5	1874.5	9705.8
42489	1577.6	1776.2	9367.8
259	1570.5	1798.6	9368.0
17838	1565.2	1767.8	9463.9
45070	1572.6	1797.5	9524.4
53929	1567.3	1811.8	9380.6
32182	1575.6	1848.5	9837.3
43578	1575.4	1855.2	9573.4
43202	1568.4	1838.1	9454.2
16130	1555.1	1777.5	9341.7
5457	1576.4	1842.5	9508.6
30538	1582.7	1839.8	9571.9
44674	1576.9	1888.0	10231.9
8157	1568.3	1782.1	9356.6
8958	1563.8	1804.1	9375.0
51193	1553.9	1753.3	9210.7
59896	1580.5	1840.3	9729.5
51524	1576.4	1837.7	9557.0
4947	1570.7	1803.6	9419.8
47143	1571.7	1794.6	9496.6
46010	1567.0	1799.6	9523.9
23271	1569.5	1798.6	9273.2
25769	1558.5	1789.2	9481.9
48942	1568.5	1819.1	9482.4
45676	1561.3	1764.0	9180.0
3036	1590.3	1834.7	9801.8
42392	1560.9	1783.1	9306.9
33640	1577.0	1840.5	9505.4
3721	1576.1	1814.2	9439.8
41515	1571.4	1783.5	9364.7
25438	1568.7	1841.3	9725.1
33017	1571.5	1821.0	9465.8
7121	1569.1	1833.6	9437.7
41078	1565.2	1826.0	9440.2
43949	1565.4	1851.6	9470.6
59011	1569.6	1811.2	9455.6
57000	1560.2	1811.1	9427.2
27555	1578.6	1834.4	9588.3
28952	1559.6	1787.9	9232.1
19261	1566.4	1830.3	9624.3
43999	1569.2	1812.0	9459.4
17965	1568.0	1817.2	9399.0
28836	1576.2	1833.1	9789.4
9994	1561.0	1823.2	9299.4
51787	1575.9	1823.3	9576.2
53502	1555.9	1810.4	9532.3
52026	1575.4	1803.3	9417.5
269	1567.1	1829.1	9608.5
30430	1575.6	1858.3	9535.4
42805	1577.9	1860.1	9774.1
37336	1584.1	1824.0	10021.5
44313	1573.9	1782.5	9634.8
33549	1566.7	1828.8	9426.4
3118	1570.8	1796.0	9558.3
16674	1566.2	1788.2	9354.8
50671	1567.2	1791.9	9499.0
42562	1577.3	1862.6	9606.2
31811	1572.1	1765.9	9409.2
31069	1585.3	1808.5	9693.8
15714	1573.7	1793.9	9382.7
25540	1578.3	1792.3	9653.8
14408	1549.4	1834.8	9443.6
25429	1571.5	1814.2	9617.5
31607	1572.9	1789.5	9402.9
34076	1550.7	1740.1	8958.7
33336	1564.5	1820.7	9623.1
57082	1560.0	1764.5	9228.2
23450	1574.8	1827.9	9610.3
58476	1572.1	1789.1	9538.1
50197	1572.4	1815.4	9610.4
22637	1569.2	1820.7	9441.1
53605	1567.5	1784.8	9501.7
3497	1559.3	1784.2	9582.5
22699	1578.4	1848.0	9723.6
2205	1557.6	1773.3	9142.2
54497	1565.1	1780.4	9387.2
57309	1563.8	1797.5	9310.1
4897	1565.6	1788.2	9243.7
54521	1572.4	1786.0	9331.2
40658	1561.4	1771.1	9302.2
58553	1574.0	1812.2	9470.8
46427	1567.8	1746.0	9338.7
34865	1578.2	1870.9	9855.2
43013	1566.1	1816.3	9581.2
10736	1566.9	1809.0	9370.2
58965	1574.4	1808.8	9622.1
17663	1573.7	1825.4	9521.7
8218	1563.5	1804.4	9491.2
20381	1571.5	1792.8	9420.8
4245	1576.6	1755.0	9476.7
10886	1576.6	1852.0	9740.0
11578	1558.2	1790.4	9340.9
14421	1571.7	1807.8	9542.6
57575	1554.9	1777.3	9111.8
31815	1556.2	1819.6	9378.5
35063	1581.4	1870.2	9912.1
18043	1557.0	1787.2	9231.9
52682	1574.0	1745.9	9256.2
43144	1569.8	1823.2	9550.9
15407	1579.6	1870.7	9825.7
5448	1577.4	1842.5	9726.2
8324	1563.2	1827.8	9523.9
57656	1563.9	1781.1	9350.3
17293	1586.1	1805.5	9758.0
56546	1558.1	1853.5	9398.3
13269	1571.4	1806.5	9507.4
18244	1560.6	1782.2	9266.3
10733	1573.0	1828.2	9443.4
26488	1567.4	1836.3	9381.3
4410	1578.7	1782.6	9334.7
14307	1565.2	1808.2	9516.8
45133	1563.3	1764.2	9256.0
21010	1572.8	1840.9	9526.2
7618	1570.0	1841.5	9530.9
4785	1577.8	1836.8	9735.3
23138	1574.1	1841.6	9523.4
5347	1570.7	1801.3	9487.8
34061	1560.4	1772.4	9178.6
21476	1574.1	1880.3	9513.2
38814	1575.9	1799.0	9266.2
10649	1572.6	1821.1	9607.9
10033	1576.2	1811.0	9546.5
33266	1566.6	1863.0	9496.6
33953	1580.0	1843.2	9787.2
36103	1571.8	1817.3	9542.2
28628	1569.0	1819.9	9494.6
6997	1574.5	1838.9	9662.4
12808	1572.1	1836.9	9542.4
45799	1572.3	1849.3	9589.5
44747	1580.3	1782.7	9509.1
18110	1563.5	1823.5	9498.8
21444	1568.1	1823.9	9469.0
3824	1573.0	1801.3	9426.7
33988	1576.9	1801.1	9497.2
15137	1573.0	1866.7	9692.3
10119	1573.7	1807.2	9600.8
1793	1573.3	1816.6	9456.0
1742	1576.6	1817.9	9457.5
4873	1577.1	1827.1	9610.1
46019	1569.5	1831.5	9437.0
25403	1571.7	1855.1	9665.5
25076	1565.4	1779.3	9350.0
45595	1549.3	1777.3	8990.5
21950	1573.4	1868.4	9910.6
15319	1584.8	1857.7	9808.4
12073	1570.3	1794.2	9505.2
45178	1571.0	1782.9	9429.5
10638	1560.9	1799.0	9410.2
29468	1570.4	1832.1	9503.8
54782	1571.5	1873.1	10059.4
49885	1564.4	1787.7	9403.1
36048	1574.4	1801.6	9676.4
11110	1565.4	1793.5	9312.3
44587	1567.6	1804.3	9295.8
32845	1576.7	1815.7	9601.0
12759	1593.2	1871.0	9843.9
42661	1586.2	1860.2	9719.6
20817	1573.8	1848.3	9697.6
16842	1579.2	1841.6	9920.5
13245	1564.5	1776.6	9476.3
6743	1563.0	1776.5	9337.6
28547	1569.4	1809.8	9597.9
56360	1582.6	1824.5	9818.0
44562	1561.0	1763.6	9191.2
52062	1556.8	1781.8	9204.8
55091	1557.1	1748.9	9409.1
2280	1579.2	1840.5	9698.3
26088	1568.7	1782.0	9814.2
38624	1570.6	1844.6	9699.5
19065	1569.4	1818.3	9512.7
43185	1557.9	1768.1	9180.1
30551	1546.9	1754.6	9055.6
16952	1568.8	1823.3	9706.0
11286	1574.0	1836.0	9562.3
45176	1570.6	1790.4	9438.4
29052	1564.8	1757.9	9315.3
2030	1574.5	1776.5	9475.4
43517	1571.5	1805.6	9436.6
54669	1559.4	1787.7	9337.8
9845	1568.8	1785.1	9326.9
29623	1572.0	1794.2	9476.1
4916	1554.7	1770.0	9379.4
46412	1568.3	1846.5	9605.0
24392	1575.7	1846.9	9535.3
5955	1569.3	1857.8	9430.3
36588	1565.8	1825.1	9422.0
24710	1580.1	1816.1	9894.2
37211	1574.7	1812.0	9657.6
4708	1571.8	1833.7	9565.7
19191	1565.8	1729.0	9117.3
34484	1571.1	1843.4	9637.1
37272	1561.7	1799.1	9361.6
42401	1569.6	1824.8	9380.9
12356	1575.1	1818.3	9407.7
27102	1567.3	1823.7	9531.9
5986	1573.4	1835.6	9635.8
35099	1568.7	1793.6	9302.2
173	1564.6	1784.7	9311.1
54074	1578.9	1798.7	9370.4
40047	1570.1	1814.8	9332.2
6123	1565.0	1808.8	9329.4
32294	1569.7	1839.7	9525.7
58363	1565.7	1861.9	9578.0
36133	1584.0	1908.8	10082.4
715	1573.6	1799.4	9343.4
45000	1564.3	1769.6	9331.1
47495	1574.4	1869.2	9639.4
51072	1571.5	1793.3	9539.4
41	1557.0	1792.3	9347.1
103	1566.4	1799.9	9660.7
35785	1568.4	1796.2	9432.3
10265	1573.2	1809.2	9718.5
9439	1567.8	1824.1	9516.8
46150	1575.8	1867.7	9516.2
42477	1570.4	1826.9	9542.2
30708	1576.0	1859.8	9725.0
40718	1570.3	1803.2	9577.0
38794	1570.2	1838.0	9449.4
45772	1576.9	1792.9	9487.4
31890	1568.7	1812.1	9317.3
57569	1574.6	1811.2	9400.3
14292	1581.5	1812.9	9645.8
43705	1578.2	1799.7	9584.9
53131	1568.7	1799.4	9452.1
50595	1578.0	1823.7	9619.0
15721	1572.8	1839.4	9666.2
33841	1565.0	1809.3	9378.3
22780	1576.8	1835.4	9666.7
54454	1578.2	1781.7	9469.8
32995	1565.2	1831.8	9319.8
9325	1566.9	1818.2	9637.7
22812	1573.8	1793.4	9349.9
56021	1557.3	1777.4	9187.7
589	1562.3	1781.2	9283.0
7730	1559.0	1766.0	9045.6
13827	1572.5	1857.2	9601.8
44115	1563.8	1843.6	9890.3
33063	1580.3	1868.0	9792.4
47371	1569.9	1807.0	9367.5
59944	1576.8	1751.5	9352.1
59732	1576.9	1822.1	9556.7
16755	1571.5	1796.2	9387.5
25853	1570.3	1804.3	9540.6
42629	1551.3	1798.7	9107.8
59555	1558.5	1743.0	9348.2
11476	1560.0	1721.3	9067.7
55103	1579.3	1863.3	9731.8
38848	1578.0	1806.6	9810.8
5100	1573.3	1851.4	9880.4
4322	1566.1	1790.6	9453.4
28365	1560.8	1775.3	9391.4
11214	1568.8	1755.1	9521.2
13572	1570.0	1825.7	9463.9
56867	1565.5	1779.4	9188.6
4057	1580.1	1838.3	9631.5
46794	1566.3	1808.8	9390.3
1484	1572.3	1790.1	9370.0
6180	1563.4	1787.3	9212.9
51046	1578.9	1844.0	9798.2
10596	1568.8	1838.8	9357.3
19907	1571.9	1824.8	9690.3
8477	1570.1	1787.5	9296.9
1544	1560.4	1838.7	9392.1
8641	1570.2	1790.9	9452.1
31042	1576.2	1820.0	9659.6
54350	1569.4	1854.2	9623.5
50708	1562.7	1798.7	9255.3
55934	1570.7	1784.9	9367.7
51386	1569.1	1845.0	9458.2
4572	1568.5	1798.3	9500.3
11857	1565.2	1802.6	9360.4
43312	1573.5	1847.0	9528.6
20903	1568.2	1828.3	9411.1
54030	1563.2	1768.5	9273.5
41070	1569.5	1848.9	9538.4
4487	1571.9	1846.1	9606.2
58497	1571.3	1838.2	9609.8
25718	1571.4	1835.7	9430.9
53422	1578.2	1853.3	9565.5
35453	1568.7	1738.7	9427.7
52943	1567.8	1773.2	9362.9
2157	1569.9	1819.6	9364.8
6519	1573.0	1832.0	9599.1
44461	1577.4	1777.7	9667.7
46449	1570.1	1772.8	9351.6
57758	1558.4	1764.9	9239.3
57682	1565.2	1774.3	9225.6
2396	1575.7	1864.7	9770.9
40635	1578.9	1837.7	9699.0
58470	1585.2	1815.2	9670.3
59608	1563.3	1831.2	9431.5
8998	1554.9	1776.0	9172.1
21120	1563.5	1847.3	9501.3
42655	1577.4	1826.9	9502.5
37004	1567.8	1741.7	9318.0
35542	1584.6	1882.2	9746.5
10473	1573.4	1863.7	9645.2
14643	1575.0	1918.7	9750.5
19915	1573.4	1837.0	9442.2
49096	1568.3	1789.1	9432.7
6744	1581.8	1848.7	9638.5
16448	1572.7	1800.3	9473.7
48478	1579.3	1845.2	9603.6
57016	1563.2	1813.8	9476.0
38138	1565.8	1853.4	9482.4
37769	1568.3	1836.3	9518.4
26001	1573.7	1847.9	9656.5
54140	1577.5	1807.5	9504.8
52311	1573.3	1816.1	9601.9
4197	1571.6	1822.2	9500.7
39763	1572.5	1840.8	9541.3
9468	1570.1	1828.4	9378.8
7118	1587.3	1862.8	9885.3
47580	1577.0	1868.9	9649.0
17443	1576.8	1805.0	9591.4
15389	1571.1	1815.2	9333.2
27670	1562.2	1807.9	9333.9
54819	1575.0	1782.6	9393.1
9829	1556.0	1751.1	9139.7
24822	1569.4	1842.2	9491.3
40434	1569.9	1806.3	9475.4
35581	1560.0	1742.5	9216.9
40615	1574.3	1862.8	9964.7
40967	1576.3	1816.3	9512.0
20057	1569.7	1786.1	9418.2
30771	1571.4	1768.3	9284.2
24192	1574.7	1837.0	9736.6
31074	1551.0	1752.5	9097.3
20212	1568.9	1817.0	9440.0
5214	1571.7	1818.3	9400.1
50043	1573.7	1819.2	9824.0
54047	1573.9	1774.6	9527.3
52488	1568.6	1803.8	9992.7
8789	1563.0	1773.7	9168.9
59185	1559.8	1759.9	9344.6
57455	1563.7	1808.4	9439.6
38504	1558.2	1801.3	9637.4
57142	1569.1	1785.6	9384.0
30	1597.3	1881.8	9861.6
59102	1570.7	1824.5	9946.4
50902	1557.8	1735.3	9160.5
31790	1566.8	1830.0	9429.8
3747	1561.3	1828.2	9551.9
38617	1566.8	1777.7	9391.3
45019	1565.1	1819.5	9729.7
43628	1574.2	1808.1	9425.2
52126	1568.7	1766.1	9466.2
22280	1562.9	1821.0	9336.4
40713	1588.2	1838.6	10128.1
11283	1565.8	1765.1	9368.6
25811	1573.8	1819.4	9828.0
6687	1581.8	1836.1	9637.2
52861	1568.1	1776.6	9253.7
55217	1570.2	1829.2	9751.4
28817	1577.8	1784.0	9498.9
51090	1581.5	1858.4	9766.0
48036	1575.2	1838.2	9965.4
34130	1563.0	1845.5	9372.8
9660	1561.1	1787.5	9479.0
52423	1568.0	1759.0	9238.8
40380	1573.0	1869.4	9621.8
17527	1562.2	1812.8	9315.5
9021	1557.4	1746.5	9089.0
18862	1575.0	1877.0	9630.8
50223	1573.9	1815.5	9380.9
44265	1549.7	1768.8	9222.8
38307	1576.9	1827.4	9711.4
35237	1583.9	1843.4	9692.4
13247	1570.8	1804.6	9458.5
33342	1576.7	1868.0	9740.3
15815	1564.9	1791.5	9424.0
49543	1571.4	1742.3	9197.4
27711	1578.6	1803.6	9603.2
51610	1561.1	1779.4	9367.4
2370	1567.0	1828.2	9577.2
28455	1566.5	1826.2	9575.2
13569	1563.5	1754.6	9320.3
26520	1564.1	1799.2	9357.9
37707	1567.1	1770.7	9342.2
2880	1560.1	1762.0	9188.2
49410	1572.0	1865.2	9769.8
25120	1555.3	1750.9	9126.0
18625	1571.6	1803.1	9406.0
24681	1573.2	1791.9	9387.9
28648	1558.0	1772.9	9282.5
15991	1584.9	1875.2	9812.1
5345	1559.4	1815.8	9368.8
43585	1570.5	1815.2	9717.2
56644	1582.1	1814.0	9534.8
10844	1570.4	1866.6	9523.8
29401	1576.7	1828.1	9617.9
33263	1573.2	1815.2	9487.5
16161	1568.7	1796.6	9483.1
44541	1563.7	1798.3	9357.5
56775	1566.1	1843.7	9582.4
44568	1569.4	1843.8	9962.8
29019	1569.5	1810.2	9573.9
29043	1565.5	1760.5	9302.6
3353	1563.7	1804.7	9379.0
10750	1568.2	1815.1	9374.4
291	1576.6	1816.9	9603.0
31520	1553.1	1799.4	9169.3
57885	1573.5	1807.1	9572.0
2301	1576.3	1839.4	10112.5
15236	1565.7	1820.6	9456.2
9608	1561.7	1822.7	9629.2
290	1567.2	1822.1	9586.4
20187	1566.2	1856.0	9478.8
11904	1588.2	1838.9	9796.0
35262	1570.1	1842.0	9631.5
50350	1574.9	1812.2	9910.9
39202	1580.6	1851.0	9658.6
28576	1571.9	1787.2	9538.7
14495	1555.9	1745.4	9271.4
3817	1562.0	1795.3	9555.1
46965	1579.4	1845.0	9670.1
23654	1577.5	1839.3	9964.0
55389	1584.0	1852.3	9799.6
22033	1579.1	1844.6	9780.4
21600	1578.9	1783.9	9592.8
27322	1554.6	1737.6	9109.5
29559	1586.4	1833.1	9709.8
23899	1569.7	1786.6	9288.2
33906	1573.5	1845.7	9791.0
47344	1581.9	1814.1	9486.3
47038	1572.0	1800.9	9436.0
14130	1574.5	1855.7	9670.1
10549	1572.4	1871.2	9640.9
33694	1583.8	1815.5	9571.4
28509	1568.8	1816.8	9781.6
10651	1569.3	1822.6	9409.3
15436	1582.3	1870.7	9573.8
11020	1562.5	1783.7	9250.7
8301	1564.1	1790.2	9372.1
12364	1580.9	1847.0	9742.1
48983	1562.5	1786.5	9292.1
29494	1570.0	1836.1	9408.9
44743	1567.7	1808.6	9682.3
12459	1566.6	1838.0	9524.2
29833	1566.6	1808.9	9279.5
47531	1574.0	1897.6	9928.2
27232	1569.2	1846.9	9535.0
59569	1569.0	1834.0	9622.6
32295	1568.3	1779.6	9295.6
51432	1571.1	1796.4	9440.7
16136	1556.7	1766.0	9144.4
7747	1569.4	1783.6	9430.0
56394	1573.6	1829.7	9621.1
1947	1569.0	1813.4	9405.1
24366	1560.9	1807.6	9475.9
35438	1555.7	1766.0	9274.1
37475	1559.5	1765.7	9269.1
46481	1575.3	1810.7	9721.0
39898	1568.9	1816.1	9542.1
31962	1570.0	1812.3	9693.9
21992	1560.5	1754.0	9293.2
44569	1565.0	1795.1	9450.9
29604	1586.5	1895.4	9869.3
36758	1569.2	1813.1	9410.7
1907	1558.7	1794.1	9153.0
31644	1570.6	1840.2	9795.9
37397	1570.6	1812.6	9573.4
27191	1579.5	1816.9	9486.4
40864	1576.4	1881.7	9662.4
42823	1560.4	1815.2	9276.5
32793	1575.0	1818.7	9465.9
26256	1571.1	1786.6	9361.1
30197	1564.2	1776.7	9181.5
4744	1581.2	1834.9	9650.4
21647	1561.7	1812.2	9438.7
34316	1564.8	1829.7	9457.8
4782	1569.5	1769.0	9320.8
33177	1565.3	1779.5	9373.7
9184	1568.6	1805.2	9414.2
51821	1570.7	1803.3	9451.3
12517	1585.9	1851.9	9875.9
52469	1579.5	1814.2	9727.6
32326	1579.9	1830.8	9816.7
7897	1574.4	1867.8	9490.4
17267	1568.3	1791.5	9298.7
10861	1563.1	1770.9	9084.8
21846	1580.1	1797.3	9538.7
49082	1575.2	1855.6	9607.6
29880	1564.8	1832.6	9372.3
35822	1587.0	1898.0	9819.1
37593	1578.3	1805.6	9636.0
34252	1564.2	1847.8	9476.5
31926	1587.3	1873.4	10149.7
32672	1567.3	1778.8	9281.8
1441	1570.8	1806.5	9716.6
26004	1569.8	1833.8	9710.9
53084	1563.3	1801.3	9480.6
985	1558.2	1793.5	9106.1
52314	1566.3	1825.8	9511.5
2460	1583.0	1831.7	9715.5
22228	1563.0	1785.8	9398.6
28187	1552.3	1743.9	9091.8
18285	1563.6	1804.6	9307.7
46764	1553.0	1760.5	9279.0
47326	1568.4	1805.8	9837.7
49688	1571.1	1850.6	9605.2
7565	1555.8	1793.4	9207.0
38923	1582.7	1840.9	9633.4
59269	1569.5	1813.5	9420.5
57095	1567.5	1830.0	9836.3
56502	1562.9	1745.7	9278.1
33530	1578.4	1806.5	9515.2
18041	1571.5	1850.6	9524.0
28159	1566.8	1836.2	9487.1
49820	1571.3	1813.7	9535.3
4590	1569.4	1812.9	9462.4
4310	1569.6	1840.4	9723.7
48180	1579.9	1874.7	9809.6
59420	1552.8	1746.1	9191.9
17689	1560.7	1818.9	9501.9
50501	1572.5	1790.0	9488.1
31655	1572.4	1808.9	9458.7
23032	1567.8	1814.3	9378.2
46007	1568.2	1791.9	9371.9
39955	1560.5	1803.7	9458.5
1113	1571.1	1835.8	9449.8
12101	1566.3	1820.6	9305.1
23579	1564.6	1792.0	9451.4
47484	1577.5	1798.6	9722.3
37812	1572.6	1772.6	9420.7
51747	1576.7	1791.3	9527.7
10561	1568.8	1793.6	9265.5
50323	1555.2	1784.7	9373.0
49687	1574.5	1835.7	9603.9
30078	1569.3	1767.6	9443.8
55486	1564.0	1792.8	9362.5
32305	1561.5	1790.7	9412.7
34844	1574.4	1844.9	9571.1
10865	1569.4	1782.1	9331.0
41783	1563.9	1838.9	9620.1
19232	1568.2	1811.9	9559.7
4504	1567.1	1803.8	9602.0
16242	1568.7	1814.4	9400.6
6736	1572.5	1842.9	9514.4
39	1573.2	1852.2	9725.6
23676	1577.3	1831.4	9626.8
29513	1560.2	1831.0	9403.1
3975	1568.9	1787.2	9314.3
4813	1556.4	1806.3	9246.2
18265	1582.1	1856.0	9766.2
15967	1573.5	1906.0	10023.5
21951	1580.0	1814.7	9479.6
9688	1554.3	1746.8	9269.2
19762	1567.7	1803.7	9290.8
58167	1548.3	1743.7	9131.0
55302	1582.2	1796.3	9465.2
56984	1596.8	1841.2	9758.2
32098	1567.3	1814.4	9725.6
26228	1566.8	1872.5	9704.0
276	1564.6	1809.5	9340.1
35112	1579.4	1831.4	9527.6
46748	1571.2	1831.1	9498.1
45905	1582.4	1837.5	9636.7
49274	1567.3	1788.6	9422.2
23481	1573.4	1821.6	9493.1
7917	1553.9	1808.4	9281.6
70	1567.7	1816.6	9624.7
58677	1567.3	1768.1	9501.9
37650	1555.7	1753.5	9185.3
35201	1572.7	1810.5	9395.3
36960	1561.2	1772.1	9306.7
3421	1570.7	1781.3	9346.7
11789	1566.7	1778.5	9167.9
48739	1565.6	1793.5	9392.8
19496	1571.0	1832.7	9672.6
51252	1564.3	1785.1	9319.6
34957	1591.2	1911.4	9803.6
28696	1572.3	1795.8	9468.3
19837	1573.9	1853.4	10177.5
35851	1566.6	1811.1	9512.2
23959	1587.2	1907.2	9783.2
26729	1566.7	1821.1	9481.7
20251	1580.8	1825.8	9605.9
45852	1570.3	1769.3	9491.1
39862	1568.8	1815.9	9388.2
21211	1574.8	1811.4	9560.2
10617	1560.3	1782.3	9342.9
49142	1579.6	1838.5	9729.2
28116	1565.6	1786.8	9366.4
33855	1571.8	1845.2	9520.2
11227	1579.9	1851.1	9955.7
28639	1567.3	1838.1	9522.0
42874	1576.1	1868.2	9795.5
52916	1565.3	1779.8	9241.3
10799	1571.1	1783.4	9752.1
59611	1576.6	1761.1	9390.0
41194	1571.7	1809.1	9812.8
1236	1577.3	1835.7	9681.3
55840	1583.6	1827.6	9584.4
5080	1582.9	1833.3	9757.7
12903	1562.5	1813.4	9437.2
21613	1562.4	1789.0	9335.5
59121	1568.6	1790.9	9302.6
55506	1567.7	1823.6	9882.6
11383	1565.0	1832.4	9400.2
48250	1583.4	1853.5	9699.4
42947	1586.6	1842.7	9918.7
14420	1559.6	1788.6	9248.2
44280	1577.3	1797.0	9607.0
18785	1577.7	1839.1	9503.8
8682	1573.1	1792.8	9651.3
59030	1581.4	1897.0	9814.5
38793	1566.0	1786.0	9484.4
14122	1571.4	1829.9	9564.9
42773	1575.6	1841.8	9635.8
54647	1575.5	1793.5	9648.5
24410	1575.1	1789.1	9699.8
58384	1573.9	1803.0	9798.4
49377	1571.6	1781.5	9492.5
58951	1564.8	1787.2	9668.8
32618	1573.7	1847.1	9553.7
12323	1556.8	1762.9	9293.5
28893	1576.0	1824.0	9701.7
30075	1563.2	1745.6	9282.4
12057	1566.5	1826.5	9501.4
49791	1568.0	1808.7	9403.9
22896	1557.5	1764.4	9112.8
32051	1568.1	1851.3	9885.4
31498	1572.1	1799.1	9607.7
57491	1572.1	1814.6	9674.5
21993	1561.1	1842.7	9311.8
23185	1574.7	1809.8	9553.3
21287	1567.2	1829.7	9567.5
43690	1578.9	1776.1	9539.0
53194	1573.0	1807.2	9625.2
2343	1561.0	1816.2	9481.1
26115	1557.4	1756.0	9099.3
25079	1565.0	1738.8	9075.4
2661	1567.2	1768.6	9191.1
30504	1578.9	1862.2	9731.8
37441	1587.7	1813.8	9678.7
47491	1567.3	1784.4	9342.4
9000	1574.6	1830.9	9382.7
45567	1581.8	1794.7	9644.3
15119	1566.3	1770.7	9340.1
11126	1552.2	1801.7	9277.7
51416	1572.5	1803.1	9446.3
36297	1581.2	1799.3	9596.3
17630	1550.3	1767.0	9022.5
39520	1556.2	1773.8	9263.6
53066	1570.0	1745.6	9390.6
41525	1568.4	1764.6	9362.4
44227	1576.1	1827.0	9561.1
26906	1559.3	1772.9	9442.5
58008	1569.2	1827.0	9459.4
35255	1572.9	1771.8	9421.9
54327	1565.1	1799.1	9471.4
10613	1568.1	1835.1	9436.1
36209	1566.0	1816.6	9441.0
27237	1577.4	1789.4	9726.7
50440	1571.3	1777.5	9363.5
32389	1574.7	1826.2	9483.7
11773	1577.3	1830.0	9705.1
29816	1570.7	1774.4	9311.8
24144	1582.7	1862.1	9850.1
1015	1557.4	1741.7	9214.1
13932	1577.5	1839.9	9923.6
7669	1569.4	1815.8	9367.7
37224	1576.9	1845.1	9699.6
5524	1566.7	1761.7	9264.7
44606	1559.9	1761.5	9137.7
7564	1583.5	1859.9	9808.5
47804	1571.3	1749.3	9591.4
42675	1565.3	1784.4	9271.0
10827	1565.5	1809.6	9423.4
5566	1574.9	1827.4	9490.1
35900	1571.0	1833.3	9787.6
42400	1562.3	1760.1	9362.5
36047	1559.3	1770.2	9196.3
7695	1570.8	1792.9	9449.5
3877	1570.9	1822.3	9401.1
40629	1562.6	1791.8	9458.2
30640	1570.2	1871.6	9653.6
18553	1569.1	1808.5	9432.0
28876	1572.1	1803.4	9460.5
34804	1564.8	1822.3	9427.1
11398	1572.4	1852.3	9612.2
23943	1573.5	1831.3	9501.4
26132	1576.3	1860.3	9666.1
13323	1578.4	1840.2	9597.4
17934	1564.4	1827.6	9562.4
51291	1575.3	1845.7	9745.9
2268	1568.8	1850.9	9555.8
20682	1562.3	1788.5	9529.7
51102	1580.2	1813.8	9572.9
55911	1563.5	1766.0	9388.1
40749	1573.0	1797.0	9496.3
9229	1563.8	1771.2	9515.5
31947	1562.2	1759.8	9426.8
59073	1583.4	1818.4	9790.9
22213	1573.0	1840.0	9589.3
33141	1574.5	1812.5	9621.6
3521	1576.3	1831.7	9564.8
36129	1554.1	1842.8	9296.9
13357	1570.4	1850.5	9630.7
28266	1575.1	1812.5	9395.1
12792	1577.0	1823.8	9628.3
40638	1571.5	1818.7	9624.6
38397	1564.4	1774.1	9337.2
25012	1582.8	1829.2	9965.6
32630	1562.0	1811.1	9203.4
4271	1565.2	1747.3	9222.6
45778	1570.3	1761.5	9235.6
32131	1563.9	1817.6	9537.7
55916	1573.6	1824.8	9791.8
57410	1567.0	1809.7	9433.0
30299	1569.6	1805.2	9379.8
2125	1575.9	1833.0	9681.7
19110	1559.4	1786.9	9356.6
24360	1574.3	1855.3	9658.2
33804	1574.8	1811.6	9646.5
57284	1573.6	1775.3	9392.3
4608	1569.1	1775.2	9239.6
53838	1571.4	1780.8	9437.3
15482	1569.2	1818.0	9398.0
33016	1577.9	1862.1	9787.9
18779	1569.2	1779.0	9604.1
32422	1561.5	1789.4	9374.0
28378	1573.9	1800.3	9543.8
38345	1568.1	1826.5	9623.2
57141	1566.2	1787.2	9429.0
