12661	1321.9	1593.2	5448.3
8124	1315.4	1571.1	5429.6
6926	1319.2	1615.7	5650.2
25401	1310.4	1563.8	5248.1
27188	1326.0	1549.1	5529.5
18769	1316.4	1561.0	5405.1
15645	1309.4	1561.0	5291.3
18867	1312.5	1505.5	5294.7
12317	1317.2	1543.7	5316.2
25000	1312.4	1540.2	5301.9
624	1323.2	1594.0	5464.3
8224	1309.9	1576.9	5398.2
25099	1315.1	1591.5	5514.0
12451	1311.3	1567.1	5378.2
26002	1315.1	1559.2	5335.7
7485	1317.8	1604.2	5529.2
18063	1326.3	1533.8	5416.9
29022	1319.9	1533.1	5311.0
27031	1311.8	1513.5	5205.6
22692	1323.0	1602.2	5493.6
28414	1313.8	1580.0	5437.9
16494	1318.3	1535.8	5379.7
6244	1316.1	1601.3	5405.8
29469	1316.2	1584.7	5528.4
18688	1313.8	1553.0	5388.0
25113	1310.8	1527.1	5334.5
18184	1314.4	1536.1	5287.1
25748	1305.0	1510.4	5163.6
12208	1302.2	1505.0	5175.1
24329	1319.7	1603.4	5533.0
6539	1321.9	1609.9	5474.9
2098	1308.0	1536.7	5384.0
28889	1309.3	1533.7	5215.6
14758	1310.8	1550.9	5379.0
5789	1316.7	1597.6	5608.6
24799	1311.8	1552.1	5345.8
18148	1305.3	1491.5	5141.9
3764	1311.5	1526.7	5269.9
15369	1324.7	1573.4	5452.8
12758	1304.3	1505.0	5250.2
16039	1316.4	1597.4	5322.3
11305	1310.4	1507.2	5228.4
28331	1305.5	1537.5	5145.4
344	1311.4	1571.4	5335.2
22848	1313.4	1566.1	5367.0
20234	1322.0	1551.4	5526.9
11475	1317.2	1569.2	5402.1
6166	1310.7	1525.2	5246.3
9708	1316.6	1529.4	5412.2
21062	1322.2	1601.8	5586.2
3272	1310.8	1527.7	5348.2
19589	1311.6	1568.7	5395.7
21787	1305.0	1561.9	5140.5
15836	1301.9	1531.1	5196.7
5259	1310.7	1509.5	5207.0
27001	1317.7	1560.0	5372.5
7754	1313.2	1547.2	5369.3
20515	1323.0	1523.3	5427.9
27593	1310.7	1514.4	5198.2
10533	1311.8	1513.1	5261.8
27435	1312.0	1561.5	5323.0
1315	1312.2	1545.0	5375.4
26978	1301.8	1518.3	5167.7
21995	1319.0	1608.8	5672.7
17034	1324.6	1574.6	5461.7
26194	1310.2	1539.8	5462.1
15902	1310.8	1502.4	5244.3
9916	1321.1	1554.6	5428.0
22857	1315.5	1547.7	5386.1
21354	1319.6	1555.9	5463.0
26575	1311.8	1555.2	5333.6
5915	1318.3	1586.2	5646.0
22156	1318.6	1621.0	5658.3
20294	1312.0	1517.4	5274.0
15639	1320.3	1594.7	5516.8
27778	1319.3	1545.8	5493.7
27028	1308.8	1519.5	5312.9
13340	1314.1	1580.1	5444.3
11328	1315.0	1520.9	5267.9
15244	1319.5	1519.8	5323.7
6574	1306.8	1512.9	5257.7
9623	1312.9	1531.9	5328.3
28962	1306.2	1501.7	5164.8
19334	1318.6	1559.1	5528.9
4237	1320.1	1585.5	5892.3
3340	1316.2	1569.7	5376.9
18873	1311.3	1553.3	5340.4
16486	1325.4	1569.0	5439.8
6481	1314.7	1545.9	5335.9
21409	1314.7	1591.1	5389.6
13277	1326.3	1620.0	5571.2
13980	1302.1	1524.6	5082.3
5535	1321.7	1606.4	5554.4
16406	1318.0	1551.8	5325.0
2682	1318.8	1558.8	5428.7
14493	1312.2	1554.8	5392.2
5386	1308.8	1524.5	5238.5
13423	1316.8	1559.6	5416.5
20966	1310.3	1586.1	5353.9
21202	1322.6	1552.1	5399.6
26035	1315.4	1548.7	5412.1
22937	1318.3	1578.1	5383.4
1558	1308.5	1510.8	5166.1
22053	1323.9	1615.9	5717.9
16866	1314.5	1552.3	5354.4
25591	1317.4	1600.8	5398.3
26366	1319.5	1544.7	5417.3
16259	1315.6	1502.8	5257.3
28711	1317.6	1529.6	5378.8
24753	1300.4	1524.9	5156.6
13882	1313.6	1579.4	5316.6
6746	1308.8	1593.5	5405.0
14972	1314.8	1549.4	5403.4
9148	1322.6	1496.1	5369.4
13222	1327.2	1583.5	5516.0
579	1321.2	1572.3	5598.7
22636	1314.0	1574.7	5485.1
28451	1327.2	1550.6	5443.0
21514	1310.9	1547.3	5340.9
8666	1328.4	1577.3	5636.5
9133	1315.7	1546.4	5277.7
19681	1310.9	1518.3	5247.6
19055	1304.9	1508.3	5119.8
9886	1311.4	1524.1	5325.5
1145	1311.8	1582.5	5342.0
14502	1316.7	1571.0	5416.9
12485	1323.7	1576.0	5553.8
10822	1303.1	1519.4	5252.5
17590	1312.3	1541.9	5280.6
27816	1300.0	1518.4	5168.5
19133	1306.2	1552.6	5304.4
7037	1327.6	1629.4	5502.0
24760	1320.8	1619.4	5621.2
8569	1322.7	1630.6	5637.4
23617	1330.6	1631.6	5600.3
12043	1324.0	1615.5	5399.3
24794	1314.0	1571.9	5377.6
19158	1325.8	1594.5	5452.6
2802	1312.4	1543.3	5322.8
26258	1314.5	1547.0	5376.9
5635	1312.6	1536.9	5278.6
17858	1308.7	1497.9	5197.5
16092	1312.1	1559.0	5371.3
727	1322.0	1617.6	5466.9
17406	1333.8	1595.7	5587.5
2346	1310.6	1561.0	5316.4
28604	1317.3	1541.7	5457.4
1318	1318.1	1555.0	5394.5
27994	1321.1	1558.4	5395.3
2685	1306.4	1570.7	5268.0
29262	1326.6	1560.0	5520.9
22600	1320.2	1585.1	5460.2
16112	1313.6	1553.3	5410.8
20929	1321.2	1603.1	5632.9
19467	1314.5	1571.4	5358.5
6215	1311.6	1568.6	5299.1
4059	1309.2	1561.7	5331.3
25774	1317.1	1555.0	5556.8
28180	1318.8	1547.5	5333.0
13225	1303.9	1548.5	5239.3
21799	1321.3	1561.6	5350.6
22667	1316.3	1619.7	5491.3
7970	1312.9	1550.1	5327.9
11871	1313.1	1545.8	5310.6
28026	1306.6	1539.1	5256.0
2895	1315.0	1573.9	5338.3
13211	1319.4	1572.8	5402.1
27097	1317.5	1565.6	5362.9
24325	1306.1	1551.1	5260.7
16066	1310.6	1530.5	5333.7
15392	1307.7	1551.7	5329.1
8274	1310.9	1587.0	5378.0
6452	1312.5	1516.8	5335.5
15869	1324.3	1607.1	5497.3
1381	1318.7	1580.1	5349.5
14638	1313.4	1567.7	5352.5
2555	1317.3	1521.8	5317.7
20518	1321.6	1560.7	5404.7
16777	1311.5	1543.9	5261.5
1425	1316.8	1564.5	5349.4
19781	1312.3	1510.3	5249.1
19622	1311.1	1569.5	5236.6
7315	1334.5	1645.7	5854.9
9051	1321.0	1492.2	5340.9
19593	1311.0	1524.0	5313.1
3810	1316.3	1570.9	5342.9
27838	1322.7	1523.0	5263.3
3232	1318.4	1636.9	5493.1
714	1317.1	1535.2	5314.3
5528	1314.4	1567.0	5283.9
15280	1318.8	1573.5	5543.8
28317	1310.7	1540.4	5356.5
5840	1329.4	1578.9	5532.9
5927	1314.3	1577.2	5450.0
5801	1312.1	1570.9	5332.7
212	1322.5	1568.5	5394.2
10363	1321.8	1573.3	5553.6
27399	1317.7	1584.6	5405.9
6552	1329.3	1636.8	5737.0
2953	1307.9	1541.1	5329.8
7429	1318.6	1588.7	5522.1
23863	1303.6	1507.9	5329.1
27841	1326.2	1590.9	5392.7
10371	1326.7	1604.8	5497.3
22465	1305.9	1570.2	5431.1
4939	1321.6	1554.4	5341.7
26614	1306.9	1499.0	5179.8
22316	1319.0	1582.7	5513.0
3677	1326.1	1621.8	5584.9
15102	1314.2	1590.0	5390.1
19007	1319.9	1591.8	5500.6
21155	1315.3	1594.0	5635.7
6764	1308.4	1561.9	5247.4
420	1308.7	1589.7	5560.0
8825	1321.9	1603.8	5497.3
12074	1314.0	1508.9	5307.6
23872	1313.9	1551.4	5395.0
10498	1307.6	1528.7	5302.7
17028	1318.2	1586.0	5506.8
6423	1319.7	1548.9	5497.5
7777	1316.1	1552.3	5361.9
22332	1313.4	1533.1	5283.9
25317	1311.6	1542.5	5442.5
23345	1320.0	1542.8	5333.5
15305	1311.0	1538.7	5490.2
8874	1310.1	1508.2	5240.7
7799	1314.2	1525.5	5299.1
14406	1319.9	1523.7	5286.4
9743	1308.8	1524.1	5291.2
24235	1313.8	1533.3	5257.5
5158	1301.1	1484.4	5120.3
2407	1320.8	1585.5	5542.5
13769	1319.4	1551.6	5390.6
3701	1307.4	1550.8	5238.8
24822	1320.2	1603.6	5439.8
17463	1319.2	1583.2	5500.2
973	1310.7	1567.7	5448.2
22148	1308.2	1534.2	5304.7
29298	1312.8	1586.1	5511.7
25278	1322.7	1579.3	5404.8
15734	1319.6	1579.2	5367.7
18845	1324.4	1557.4	5495.8
29372	1324.3	1520.2	5362.9
22161	1307.7	1534.8	5193.6
10908	1322.1	1616.4	5505.0
26300	1311.6	1568.8	5251.1
11743	1315.5	1547.6	5347.1
25598	1305.1	1534.0	5230.2
16139	1316.1	1567.4	5402.8
28789	1317.0	1569.7	5368.5
671	1313.1	1572.9	5378.8
28074	1308.5	1487.7	5245.1
1656	1310.9	1594.4	5381.3
14134	1316.4	1557.7	5479.8
25028	1311.8	1575.0	5457.3
18299	1322.1	1555.7	5445.3
26769	1320.6	1540.0	5468.4
13755	1318.1	1553.3	5417.6
8327	1323.7	1552.3	5413.7
23830	1316.5	1554.6	5378.1
23453	1316.3	1555.3	5368.7
8228	1322.9	1662.5	5645.6
25888	1316.4	1546.7	5457.0
19762	1316.8	1540.0	5332.1
19366	1309.1	1513.7	5163.6
15375	1315.3	1560.0	5457.0
9090	1319.7	1577.7	5451.7
2945	1325.2	1574.0	5491.0
5126	1321.4	1570.7	5404.7
18290	1312.0	1515.0	5382.1
2891	1311.3	1545.2	5356.6
24336	1326.2	1553.2	5572.6
1920	1325.7	1559.5	5417.9
26898	1314.9	1575.7	5428.0
20886	1309.1	1555.3	5330.7
22076	1315.2	1565.0	5423.2
22797	1321.6	1565.6	5334.3
17556	1314.5	1534.2	5375.9
21592	1315.8	1523.4	5264.4
10004	1311.3	1560.1	5492.8
16130	1307.5	1535.0	5254.5
15269	1323.0	1615.4	5498.5
4876	1320.6	1535.6	5457.4
20849	1314.8	1572.4	5391.7
18733	1322.3	1545.8	5324.1
19291	1317.5	1539.4	5411.7
13186	1307.6	1549.6	5312.0
6003	1315.4	1635.2	5580.2
28847	1325.6	1582.2	5501.0
18562	1294.5	1522.9	5198.2
1579	1319.9	1608.9	5614.9
2783	1313.9	1565.3	5753.3
12833	1317.0	1634.3	5410.6
7046	1322.2	1577.5	5532.6
6023	1322.1	1630.2	5599.6
25420	1320.8	1615.4	5532.2
13867	1328.7	1638.0	5644.4
21167	1315.9	1554.1	5272.2
1192	1312.8	1594.2	5440.9
26218	1317.2	1542.7	5352.7
3056	1308.6	1509.9	5268.1
1278	1307.1	1553.6	5384.4
19228	1308.8	1570.8	5261.1
26346	1311.1	1537.5	5316.4
8781	1304.0	1554.6	5243.4
19355	1322.1	1621.2	5535.3
25277	1316.9	1589.3	5487.9
8429	1325.5	1634.3	5624.0
4099	1313.6	1577.7	5407.0
15384	1308.1	1543.3	5401.6
178	1316.9	1547.8	5303.1
23461	1301.9	1569.3	5472.6
21414	1320.6	1574.6	5679.8
19949	1313.4	1579.3	5421.8
23210	1302.3	1587.6	5324.2
5453	1317.2	1591.3	5426.1
22456	1306.7	1523.0	5213.0
11946	1321.7	1553.3	5796.6
21438	1326.9	1591.3	5657.3
17738	1308.8	1551.0	5388.6
28438	1308.0	1511.2	5320.1
4395	1314.2	1595.2	5424.5
23234	1314.5	1560.2	5402.9
8330	1309.8	1559.4	5384.3
19785	1319.5	1514.5	5303.0
23199	1314.3	1549.9	5309.0
27298	1314.2	1573.6	5358.0
18354	1305.7	1543.0	5280.2
9550	1301.9	1464.2	5088.8
1181	1312.3	1521.0	5315.0
5589	1312.0	1517.3	5216.8
14697	1296.5	1477.6	5007.5
6595	1312.8	1579.7	5543.0
29472	1312.8	1549.1	5308.7
2411	1311.3	1568.0	5362.9
5839	1309.1	1582.8	5449.7
4765	1317.4	1579.3	5377.3
6140	1324.8	1611.8	5611.0
10380	1304.1	1479.9	5098.2
11881	1322.5	1605.9	5465.0
7912	1312.1	1549.7	5339.6
17341	1299.7	1498.3	5086.6
7738	1326.4	1643.5	5624.6
18740	1309.3	1504.0	5166.6
29928	1309.7	1546.4	5327.9
29014	1317.2	1578.6	5494.6
25456	1322.2	1611.7	5735.0
27712	1313.3	1520.4	5667.2
23165	1310.0	1488.2	5286.2
27866	1310.4	1575.4	5373.3
25869	1303.9	1501.4	5237.2
17537	1307.9	1506.3	5207.5
27742	1315.5	1557.0	5369.2
23233	1331.1	1571.0	5528.0
18398	1319.5	1560.6	5433.5
11199	1306.2	1534.0	5233.6
9641	1321.0	1593.4	5492.1
5058	1320.0	1549.5	5427.1
17395	1319.1	1572.3	5431.1
29039	1317.8	1538.5	5380.8
21339	1306.5	1551.0	5201.0
20803	1316.5	1560.8	5415.9
15864	1317.2	1568.2	5427.6
20204	1316.7	1581.8	5489.5
3674	1308.3	1508.5	5568.7
18951	1309.4	1549.2	5321.5
23203	1302.6	1508.9	5183.5
22048	1317.1	1533.0	5401.0
14929	1306.5	1574.9	5431.9
10021	1324.5	1615.5	5606.6
2866	1294.6	1467.3	5039.0
24059	1314.3	1522.0	5333.0
10410	1318.7	1578.3	5544.2
7979	1315.7	1555.9	5485.4
15727	1317.5	1602.6	5478.7
13128	1324.3	1566.3	5421.4
22095	1315.5	1547.2	5426.2
20642	1316.2	1616.2	5443.8
14729	1323.2	1579.5	5462.6
16323	1309.7	1546.8	5729.7
5487	1314.5	1555.8	5355.3
23080	1328.2	1587.0	5474.6
8229	1322.9	1601.1	5455.0
26053	1313.2	1537.5	5336.0
381	1324.1	1615.2	5499.1
5514	1326.0	1576.0	5628.1
9137	1305.1	1584.7	5320.7
25249	1314.1	1547.0	5348.5
22007	1314.2	1555.0	5346.5
11925	1302.3	1518.8	5236.0
26409	1312.7	1582.9	5420.7
26385	1313.1	1530.0	5259.4
1933	1315.4	1553.0	5344.9
3339	1317.3	1593.7	5438.8
26418	1300.0	1494.0	5146.8
8613	1332.2	1639.1	5731.3
27849	1318.4	1547.2	5355.8
13219	1312.5	1530.4	5305.0
14028	1305.2	1524.0	5191.3
19081	1327.1	1620.1	5535.6
22218	1316.9	1553.6	5429.4
24495	1309.9	1522.7	5333.7
5783	1309.1	1539.3	5268.0
73	1317.7	1555.2	5440.5
5056	1312.2	1597.6	5435.3
12206	1325.7	1605.2	5617.4
6534	1311.0	1559.4	5353.4
1395	1329.6	1658.3	5928.1
18447	1315.8	1565.6	5288.8
20431	1317.3	1580.7	5527.2
22566	1301.2	1535.8	5189.4
1137	1322.8	1563.3	5439.5
24965	1319.4	1598.2	5454.1
28063	1315.9	1638.4	5479.9
29952	1315.2	1550.4	5361.5
293	1322.0	1576.6	5377.8
20292	1322.9	1562.7	5466.6
20024	1324.3	1606.6	5465.6
7703	1310.0	1549.9	5359.2
8807	1324.3	1638.6	5585.6
13950	1311.5	1502.7	5234.2
19193	1314.5	1538.3	5345.6
18412	1317.8	1586.8	5670.0
26941	1317.4	1519.3	5333.3
13553	1320.3	1569.6	5437.3
24509	1314.9	1595.3	5381.2
29950	1320.0	1589.0	5521.0
15170	1310.2	1580.9	5356.1
18494	1316.9	1570.5	5378.1
26451	1315.6	1601.1	5519.9
24605	1324.8	1569.3	5499.9
24081	1302.4	1593.9	5256.1
15653	1318.1	1592.7	5393.8
9965	1311.1	1485.9	5218.4
25370	1309.3	1526.8	5328.5
7872	1317.6	1578.7	5466.3
396	1326.3	1601.6	5688.9
6073	1308.9	1571.4	5338.0
7018	1317.7	1584.5	5493.9
28452	1320.2	1603.2	5456.8
8493	1324.9	1601.2	5451.9
20402	1320.0	1567.1	5424.8
23167	1322.6	1592.7	5441.4
12232	1323.1	1632.2	5504.0
5777	1316.8	1555.8	5386.9
26102	1323.6	1602.7	5526.8
9072	1312.6	1547.4	5338.8
23222	1305.6	1557.3	5248.7
3412	1309.7	1535.1	5212.1
23442	1318.0	1572.2	5333.1
1304	1328.2	1590.9	5427.7
21875	1316.0	1520.6	5233.0
23138	1324.4	1577.9	5573.2
11255	1327.5	1654.5	5647.5
5904	1311.9	1596.8	5467.9
14776	1308.4	1557.3	5332.1
18448	1306.2	1529.9	5315.8
17435	1321.9	1588.5	5506.8
22052	1317.9	1584.0	5380.4
17676	1323.2	1526.9	5402.7
27104	1311.9	1544.5	5306.2
843	1310.4	1554.9	5377.7
21699	1320.5	1557.1	5468.5
15782	1327.7	1568.7	5535.2
26782	1318.2	1593.8	5428.1
11139	1323.0	1576.6	5433.0
5400	1315.2	1552.8	5344.1
27378	1309.5	1516.7	5210.9
19685	1323.9	1564.3	5405.8
13320	1324.2	1564.8	5512.1
8063	1314.9	1573.1	5268.2
15776	1311.3	1544.4	5396.3
5120	1324.5	1610.7	5542.6
27460	1306.0	1583.0	5340.5
24603	1327.4	1607.0	5600.6
10442	1316.1	1539.9	5276.4
20059	1301.2	1543.1	5173.1
24493	1302.1	1504.4	5175.2
25691	1301.1	1532.7	5368.6
18325	1316.0	1587.9	5392.5
12743	1311.3	1550.7	5248.8
26889	1309.4	1560.2	5255.0
20491	1310.5	1530.4	5381.2
9603	1321.7	1577.9	5470.9
6540	1314.6	1581.8	5400.2
15932	1317.4	1521.2	5358.8
19698	1321.7	1564.1	5431.3
25726	1317.7	1580.5	5342.9
1810	1317.0	1545.9	5421.1
14553	1320.9	1590.1	5626.6
27856	1325.7	1564.1	5564.3
20940	1320.4	1518.9	5372.0
21985	1304.6	1508.2	5177.9
16651	1309.5	1560.6	5345.2
12473	1311.7	1571.9	5391.7
27194	1317.2	1532.1	5445.2
27485	1318.4	1611.5	5593.5
22913	1320.6	1616.7	5490.4
24327	1318.0	1559.5	5496.2
302	1315.6	1608.4	5411.8
24563	1315.5	1547.7	5322.6
1060	1301.4	1496.1	5217.7
4153	1327.6	1588.6	5563.9
20589	1302.7	1522.2	5299.4
462	1317.3	1567.2	5389.9
12532	1308.0	1520.9	5220.4
26009	1313.0	1571.9	5334.4
20126	1317.2	1533.9	5256.0
19034	1306.5	1522.6	5265.4
29324	1317.5	1566.1	5441.8
11004	1310.1	1506.3	5200.6
26332	1315.8	1568.8	5350.3
4921	1320.0	1565.4	5615.5
19238	1312.1	1539.5	5412.2
15226	1311.4	1545.4	5314.0
21093	1308.8	1534.6	5238.4
15577	1308.7	1558.1	5306.4
16962	1323.1	1571.4	5454.7
2226	1317.4	1600.8	5445.5
24434	1323.5	1608.9	5523.3
5541	1307.9	1582.4	5493.8
21445	1313.0	1531.9	5326.4
2217	1324.2	1620.7	5562.2
4561	1324.2	1572.8	5596.9
22890	1313.0	1578.0	5465.3
26306	1309.1	1543.7	5435.4
12491	1316.2	1597.6	5522.5
24286	1315.7	1586.2	5520.7
25756	1311.4	1585.6	5339.4
6972	1326.8	1640.1	5692.5
11058	1311.6	1555.5	5362.6
23041	1315.8	1596.3	5385.7
22777	1312.1	1539.8	5548.9
9573	1310.1	1511.2	5286.2
3428	1328.9	1625.8	5639.6
10013	1315.5	1554.3	5429.8
21267	1317.1	1637.6	5754.9
7753	1314.0	1530.1	5334.7
15736	1313.3	1532.2	5326.2
12598	1302.2	1552.8	5246.5
29073	1308.3	1492.6	5286.9
1755	1311.3	1523.4	5315.6
20401	1326.3	1608.9	5634.6
8468	1316.6	1523.7	5360.8
25622	1311.9	1510.6	5301.6
20949	1321.0	1534.5	5349.0
9228	1305.4	1543.5	5267.8
2367	1313.5	1506.5	5200.0
1998	1309.0	1501.5	5262.5
15624	1318.5	1591.3	5630.3
20038	1326.3	1585.3	5706.8
6280	1313.4	1597.9	5509.4
22505	1315.5	1535.3	5354.2
1359	1307.0	1561.4	5264.7
28258	1312.3	1560.8	5269.2
5688	1310.8	1510.6	5325.4
22991	1326.4	1640.3	5695.7
10304	1308.8	1569.2	5322.9
4714	1315.4	1540.9	5378.4
11539	1321.0	1572.5	5421.3
11606	1318.8	1543.7	5301.6
2057	1306.5	1503.6	5299.1
653	1324.4	1554.2	5337.6
15826	1306.7	1543.3	5355.4
14188	1317.0	1557.3	5296.3
29085	1301.7	1528.3	5261.4
28192	1316.6	1523.2	5293.7
29160	1307.2	1510.6	5209.5
9276	1312.1	1543.8	5443.2
13880	1316.5	1573.2	5454.6
20189	1318.0	1517.2	5310.5
8757	1323.6	1600.3	5502.1
16910	1315.3	1564.1	5360.8
26152	1305.5	1569.5	5326.9
28019	1302.8	1503.8	5139.6
9011	1313.0	1549.5	5410.4
21096	1306.6	1535.7	5358.1
5916	1322.3	1592.3	5558.5
18575	1301.2	1477.1	5115.1
2408	1316.8	1553.6	5423.0
6106	1323.6	1633.7	5534.4
10130	1322.0	1583.9	5468.0
9848	1323.6	1560.5	5451.2
29797	1313.3	1526.3	5345.2
25176	1312.0	1559.6	5305.7
18510	1311.9	1513.2	5305.5
11905	1307.9	1515.8	5343.6
14194	1316.5	1583.9	5377.9
12156	1320.6	1578.2	5569.6
2823	1317.9	1623.5	5469.7
4401	1316.1	1577.1	5677.9
27477	1320.3	1583.8	5412.9
2749	1320.9	1550.8	5336.1
29272	1319.5	1603.0	5381.9
27999	1316.2	1535.5	5325.8
23057	1323.4	1570.6	5604.1
5602	1324.8	1606.7	5682.8
26475	1314.6	1534.7	5355.3
24379	1320.1	1565.6	5394.3
22596	1320.4	1587.7	5432.2
25674	1314.1	1549.6	5454.6
505	1323.0	1533.8	5429.3
28218	1315.0	1532.0	5404.7
20528	1302.1	1478.2	5117.7
12948	1309.3	1526.2	5255.0
1802	1318.0	1562.9	5473.7
17696	1303.8	1496.3	5184.7
29702	1315.7	1561.7	5345.9
22136	1322.2	1579.3	5557.0
20032	1316.1	1559.7	5269.5
3354	1309.6	1543.3	5319.1
8025	1319.3	1533.3	5314.6
5591	1326.5	1617.1	5566.3
23010	1305.0	1529.8	5310.3
404	1323.8	1623.9	5699.9
20470	1312.8	1534.1	5366.8
8434	1315.4	1511.9	5364.3
20487	1318.3	1543.1	5440.1
16691	1306.0	1522.1	5244.5
2176	1317.3	1564.2	5502.9
19800	1327.7	1563.5	5474.7
2530	1314.6	1510.3	5200.1
16293	1315.8	1560.1	5397.9
28000	1318.5	1547.0	5349.2
26203	1305.5	1510.8	5160.1
13355	1335.5	1641.2	5749.9
5660	1310.4	1582.4	5488.3
1886	1304.8	1502.2	5143.0
19103	1314.2	1565.1	5335.7
26108	1322.4	1581.2	5452.3
23013	1308.9	1504.8	5176.2
9697	1313.4	1551.7	5409.9
11387	1305.0	1515.1	5230.9
8653	1318.4	1574.1	5613.5
11026	1308.7	1518.8	5167.7
11454	1319.2	1584.6	5413.1
1813	1316.3	1592.2	5349.0
15381	1313.0	1527.4	5268.3
15348	1310.1	1585.6	5440.8
2404	1309.7	1568.8	5353.3
25849	1311.4	1521.5	5277.5
7512	1322.1	1577.2	5443.3
15862	1307.6	1564.4	5251.2
7345	1314.8	1613.7	5447.1
27833	1299.5	1512.7	5215.3
26634	1310.3	1523.5	5298.5
17969	1314.9	1549.8	5318.8
7652	1305.0	1499.2	5302.1
10732	1312.8	1518.3	5302.9
27703	1301.8	1496.5	5123.0
8475	1310.7	1561.3	5333.4
200	1318.0	1554.1	5368.7
23535	1310.2	1598.8	5490.8
18239	1318.2	1597.8	5484.4
20190	1309.4	1551.8	5290.1
28429	1307.7	1514.4	5391.3
12789	1321.0	1596.4	5522.7
7319	1317.3	1549.9	5361.7
9080	1334.4	1604.1	5552.7
1211	1310.8	1526.8	5328.6
10221	1314.6	1561.9	5356.6
21869	1318.2	1559.5	5309.3
8461	1310.6	1571.4	5328.1
3902	1305.3	1524.9	5240.8
27244	1322.8	1594.4	5574.7
17195	1314.5	1566.1	5768.6
6033	1312.8	1550.3	5409.2
18770	1321.7	1536.1	5384.3
29821	1321.8	1552.6	5428.0
18628	1317.1	1605.2	5443.1
24899	1310.5	1529.9	5199.7
895	1321.7	1572.7	5543.6
6752	1308.6	1508.4	5214.9
10277	1323.1	1575.7	5786.5
25868	1325.2	1613.8	5503.1
24166	1311.0	1497.5	5222.2
22944	1321.9	1539.2	5319.2
25065	1307.5	1492.4	5185.7
29514	1317.5	1566.8	5445.7
21526	1317.2	1559.0	5425.3
8541	1309.2	1532.5	5496.5
15164	1313.3	1516.3	5267.8
25559	1319.5	1622.2	5475.5
20018	1316.8	1608.7	5512.9
28557	1314.6	1565.5	5320.6
21936	1312.7	1593.9	5355.8
6952	1322.6	1587.6	5408.3
7956	1313.0	1601.9	5320.2
24297	1319.9	1572.0	5378.4
5399	1307.2	1503.2	5240.9
1591	1308.5	1555.1	5264.4
25752	1323.0	1581.9	5521.6
26413	1307.3	1515.6	5186.1
15671	1315.7	1498.1	5306.9
5463	1322.3	1564.1	5441.9
20732	1315.7	1566.3	5358.6
21627	1312.0	1560.8	5373.0
3722	1312.0	1572.5	5333.1
17042	1313.2	1553.6	5364.4
20986	1314.1	1594.0	5545.1
713	1313.6	1615.2	5378.7
2066	1315.6	1553.2	5312.3
4097	1306.8	1550.3	5365.5
19244	1326.9	1578.5	5825.0
26121	1304.8	1481.6	5170.9
12387	1322.3	1577.1	5487.0
6071	1318.9	1546.2	5324.5
24319	1317.0	1584.5	5392.8
8515	1319.2	1579.8	5494.4
15855	1315.3	1529.5	5364.6
1228	1313.2	1603.4	5418.2
8916	1315.8	1539.6	5343.4
19538	1308.0	1552.2	5291.2
11636	1322.5	1581.1	5397.7
12995	1309.8	1523.4	5221.4
17445	1309.1	1575.0	5450.9
28559	1325.5	1594.1	5490.9
29597	1315.0	1549.4	5354.9
27673	1316.6	1502.5	5215.0
24066	1313.0	1559.7	5514.8
20883	1318.4	1566.9	5375.0
2347	1310.8	1557.0	5303.1
859	1323.8	1610.7	5548.1
11033	1314.6	1561.3	5370.1
4922	1303.5	1528.9	5347.5
849	1314.5	1559.6	5373.2
16064	1322.8	1569.8	5486.4
2984	1330.4	1588.7	5542.2
19230	1324.5	1551.9	5420.0
15028	1317.6	1592.5	5416.4
19786	1324.7	1565.2	5439.6
26159	1322.7	1576.2	5504.3
1107	1319.3	1622.1	5448.1
3006	1325.2	1624.9	5703.2
7849	1317.9	1575.3	5545.1
28133	1322.1	1548.3	5381.8
9036	1316.7	1570.5	5352.2
7858	1318.4	1545.7	5332.3
14072	1313.4	1579.2	5425.8
5407	1324.5	1596.6	5446.9
6305	1320.2	1578.5	5514.4
25484	1312.7	1511.5	5265.1
3934	1321.3	1518.7	5396.4
26798	1314.3	1535.1	5300.4
11458	1311.5	1551.0	5334.6
25267	1317.1	1570.6	5405.0
21556	1296.0	1467.3	5050.4
5707	1316.7	1584.0	5520.4
720	1316.4	1504.8	5312.1
6109	1303.6	1564.9	5379.6
5029	1304.9	1518.5	5264.8
28935	1314.8	1561.1	5509.8
2450	1305.5	1543.4	5336.7
13392	1321.5	1540.3	5396.2
19128	1318.6	1537.9	5350.7
13841	1306.6	1568.8	5324.6
10602	1312.7	1542.1	5321.6
1413	1312.1	1553.1	5316.2
25239	1313.7	1570.1	5405.7
5226	1315.7	1574.9	5638.1
3124	1316.3	1544.8	5400.6
3041	1326.0	1560.7	5424.9
11220	1315.5	1559.3	5388.8
3486	1310.4	1576.3	5309.1
7949	1307.0	1519.3	5169.7
13703	1324.6	1603.6	5477.1
23781	1302.9	1546.5	5293.6
17380	1329.4	1625.1	5517.1
22246	1306.1	1535.8	5238.9
20400	1319.0	1612.7	5507.6
29774	1324.8	1597.2	5436.0
12367	1304.3	1539.3	5276.6
21823	1317.5	1531.2	5244.3
27861	1323.2	1558.2	5482.2
29267	1316.0	1578.6	5445.7
17950	1311.0	1505.2	5270.3
28677	1318.0	1521.7	5365.4
28538	1316.9	1581.2	5375.5
7874	1310.8	1507.4	5334.5
16840	1322.6	1596.8	5481.6
21773	1312.8	1543.3	5299.2
17836	1312.5	1535.4	5186.6
9173	1323.7	1590.3	5446.6
12251	1302.2	1559.8	5272.6
3219	1313.1	1538.3	5182.8
24100	1316.3	1500.7	5320.6
20703	1310.8	1518.5	5209.8
16212	1327.5	1628.2	5544.5
27088	1316.7	1541.5	5295.8
2518	1322.1	1586.3	5476.4
5637	1309.2	1588.0	5305.6
16340	1315.7	1539.0	5361.9
25189	1308.4	1505.5	5234.3
21511	1314.9	1525.8	5356.8
26751	1321.9	1604.1	5487.9
856	1320.5	1561.5	5393.4
15161	1311.9	1576.3	5396.0
17722	1304.2	1543.3	5311.2
26000	1316.2	1526.2	5256.0
12403	1327.3	1617.1	5577.3
5627	1320.9	1520.1	5335.2
3447	1314.9	1523.7	5231.8
25926	1302.5	1512.5	5223.0
10970	1317.5	1580.2	5392.7
6190	1314.8	1522.0	5282.7
23047	1320.3	1566.7	5489.4
25287	1318.7	1586.2	5491.7
681	1307.6	1502.0	5372.4
19605	1310.6	1544.8	5332.8
26858	1320.6	1585.0	5537.5
20342	1308.2	1535.2	5264.9
7886	1316.3	1613.2	5500.6
21914	1313.5	1528.1	5362.2
8892	1314.3	1602.9	5402.0
17163	1313.8	1539.4	5421.1
6030	1313.7	1538.1	5350.7
9507	1304.8	1551.6	5271.8
27011	1332.6	1620.8	5648.6
16404	1328.2	1613.7	5695.9
5990	1323.4	1570.1	5506.6
6643	1315.3	1572.0	5449.7
19050	1312.1	1599.5	5334.2
8562	1319.8	1597.9	5392.4
3497	1307.6	1578.6	5383.6
3133	1312.4	1546.7	5411.9
11310	1321.7	1601.7	5521.4
25087	1307.1	1544.9	5225.8
17545	1325.0	1594.2	5610.9
21398	1319.8	1526.5	5352.8
8709	1302.6	1553.6	5173.7
11351	1320.3	1579.9	5529.5
23882	1316.4	1577.8	5401.5
5726	1310.4	1531.9	5331.4
4088	1305.8	1519.8	5254.4
19453	1313.0	1510.5	5356.2
20693	1321.9	1565.8	5513.7
26202	1315.1	1592.6	5376.1
13206	1317.3	1587.7	5404.8
27393	1295.2	1476.2	5081.8
12835	1322.0	1603.6	5543.4
23685	1317.5	1565.9	5458.6
10902	1316.1	1577.5	5466.1
4741	1315.6	1562.4	5415.6
23965	1328.6	1617.3	5549.4
13433	1311.6	1538.1	5345.0
12862	1315.5	1582.1	5476.4
2040	1306.1	1516.4	5193.7
10076	1303.7	1551.5	5262.0
29240	1311.5	1548.9	5305.0
15156	1316.6	1582.6	5476.1
27846	1311.7	1529.9	5338.4
17026	1324.4	1586.0	5537.1
13677	1316.4	1561.1	5345.0
8313	1317.4	1559.1	5410.1
18040	1310.5	1533.1	5320.3
14905	1317.6	1617.3	5421.3
5174	1314.7	1579.0	5408.6
19151	1308.1	1536.2	5307.1
25	1312.7	1488.3	5195.3
13396	1307.8	1505.2	5234.2
15764	1320.6	1601.0	5549.6
4703	1320.3	1562.8	5469.9
4440	1323.9	1634.4	5696.3
2805	1317.5	1534.9	5287.2
26015	1318.1	1584.6	5474.7
10470	1312.3	1530.7	5304.0
6324	1321.6	1561.0	5476.7
12780	1308.8	1582.7	5306.4
24103	1324.7	1624.0	5796.7
28146	1317.2	1570.4	5496.5
2737	1311.4	1590.7	5463.4
9533	1318.9	1544.9	5307.3
5697	1321.6	1535.3	5338.8
19044	1309.5	1544.5	5229.4
6325	1312.5	1578.1	5363.5
12286	1321.8	1572.5	5411.6
17834	1322.0	1604.2	5482.5
2004	1315.1	1530.1	5293.4
25581	1323.4	1611.6	5709.6
26238	1321.2	1589.3	5464.5
27914	1316.1	1539.6	5361.1
19177	1321.6	1578.0	5448.2
24944	1313.2	1532.1	5437.3
26422	1320.3	1569.3	5411.4
8430	1306.1	1546.3	5278.0
12151	1316.2	1578.8	5364.5
6365	1313.7	1557.8	5275.0
10430	1321.4	1576.5	5466.6
8731	1320.6	1580.1	5418.0
6973	1323.9	1589.3	5576.7
5639	1317.8	1589.1	5485.6
23419	1323.4	1679.0	5869.1
2030	1316.8	1576.7	5437.6
17009	1307.4	1543.5	5274.0
6220	1321.4	1558.8	5429.6
22633	1317.4	1557.7	5524.2
28582	1315.4	1519.6	5412.2
12116	1316.7	1606.2	5374.5
13305	1315.6	1543.6	5400.7
13671	1312.0	1515.1	5317.5
6888	1311.0	1571.5	5365.3
2448	1319.0	1620.9	5528.5
3116	1309.0	1562.1	5424.9
22825	1307.0	1574.0	5465.2
15261	1318.0	1546.6	5384.5
16122	1317.7	1582.6	5448.1
9414	1309.0	1544.2	5267.4
16174	1313.5	1557.3	5320.5
2745	1313.9	1546.5	5436.2
20014	1318.9	1525.6	5339.5
8494	1318.1	1560.3	5395.9
24174	1305.0	1583.3	5270.0
14067	1310.5	1583.7	5337.8
14451	1316.4	1498.1	5216.5
14989	1319.5	1558.2	5320.9
17199	1305.9	1531.4	5245.6
19829	1304.5	1507.8	5224.6
18842	1312.4	1534.3	5342.2
9100	1317.6	1558.9	5447.2
26687	1313.2	1541.2	5365.4
5821	1319.2	1559.2	5387.1
8219	1323.1	1624.3	5511.0
4961	1312.9	1516.1	5215.7
7461	1317.0	1548.9	5373.6
9922	1317.0	1558.6	5454.3
5640	1315.4	1527.7	5338.0
15411	1325.9	1616.8	5441.1
11588	1310.5	1536.2	5493.5
25713	1313.5	1547.4	5366.6
12246	1312.3	1576.7	5270.4
12843	1322.3	1580.4	5381.0
17574	1304.2	1537.9	5266.3
4791	1320.5	1596.0	5511.4
20332	1317.1	1557.0	5351.2
17860	1308.6	1517.2	5232.3
878	1315.9	1538.5	5333.4
18646	1327.6	1565.9	5478.6
839	1325.0	1577.7	5385.0
11035	1302.0	1507.8	5232.7
15147	1321.4	1596.1	5487.4
19449	1305.3	1555.2	5247.8
24414	1313.2	1575.6	5612.2
2886	1307.8	1496.3	5185.3
24267	1306.3	1542.2	5289.9
2361	1336.1	1637.1	5588.9
11038	1316.0	1570.1	5437.7
26569	1308.6	1554.1	5349.8
22111	1314.0	1558.2	5368.3
5302	1318.2	1547.8	5375.1
16251	1308.2	1564.0	5292.4
5492	1316.6	1564.6	5478.0
20514	1325.1	1522.8	5372.3
14236	1307.2	1488.7	5268.9
7761	1303.9	1538.2	5104.5
4338	1316.0	1574.1	5349.5
15520	1314.6	1543.2	5265.5
26658	1311.4	1535.1	5241.3
2763	1326.0	1580.4	5482.9
13510	1314.1	1510.9	5259.7
10180	1330.7	1621.8	5695.9
10730	1313.5	1552.7	5374.0
1223	1301.7	1530.3	5196.4
28922	1312.8	1554.1	5396.5
27503	1319.8	1578.4	5463.7
20275	1307.4	1545.4	5287.0
12860	1317.5	1548.6	5362.6
13011	1317.1	1517.1	5301.1
26719	1320.7	1573.8	5407.1
6217	1296.6	1511.5	5062.9
22226	1320.3	1607.3	5512.8
22793	1324.8	1568.7	5466.9
19487	1320.9	1584.5	5660.6
29351	1310.3	1540.3	5281.5
18052	1305.3	1524.0	5213.6
4640	1321.8	1606.6	5415.4
23865	1317.1	1557.5	5302.2
6017	1318.0	1576.9	5470.9
10125	1318.6	1585.2	5500.1
12011	1307.9	1518.1	5232.8
2811	1323.9	1577.1	5455.8
6012	1308.4	1571.4	5417.2
14457	1315.6	1532.6	5393.3
25174	1301.6	1541.7	5271.8
6700	1313.5	1582.5	5326.2
26050	1317.7	1529.1	5360.7
23422	1307.6	1562.1	5295.1
10892	1319.8	1621.2	5517.8
7894	1316.4	1520.0	5355.4
26551	1313.7	1558.5	5368.8
19497	1328.0	1609.6	5480.1
23951	1323.9	1596.0	5572.4
13426	1313.3	1518.5	5297.0
1055	1308.0	1551.2	5240.8
22671	1314.6	1572.2	5429.8
18544	1323.4	1613.7	5428.7
20004	1310.3	1484.4	5301.7
27936	1314.6	1591.4	5551.8
7525	1312.4	1553.1	5348.4
20655	1306.2	1529.4	5222.9
29969	1306.9	1562.6	5308.6
