9973	1135.0	1395.9	2388.5
4588	1135.4	1387.1	2437.7
7411	1128.8	1393.3	2368.3
8702	1127.6	1377.5	2321.8
6348	1144.3	1416.7	2410.4
4727	1123.7	1320.1	2287.3
3233	1136.0	1333.4	2323.3
5423	1133.5	1415.5	2377.3
6849	1135.5	1400.2	2356.2
6375	1132.5	1390.0	2344.9
7121	1138.5	1409.7	2350.1
1509	1136.7	1436.2	2440.3
3862	1138.4	1410.1	2347.4
9373	1128.6	1355.4	2293.2
8065	1137.3	1458.5	2443.2
2592	1143.7	1433.1	2414.1
8010	1131.0	1406.0	2551.5
4610	1130.5	1386.8	2363.3
3530	1129.0	1355.0	2284.3
1678	1126.4	1396.7	2297.1
7951	1121.4	1369.4	2274.3
6241	1133.8	1371.5	2346.2
7801	1136.6	1445.9	2370.2
7517	1138.2	1403.5	2383.8
5400	1136.9	1400.9	2360.0
7608	1137.6	1443.6	2471.3
480	1138.9	1420.2	2401.9
7369	1128.5	1398.0	2375.2
6140	1120.6	1343.9	2310.9
2457	1146.5	1399.7	2495.7
2004	1130.5	1364.6	2303.7
7257	1133.2	1367.7	2345.9
9902	1125.2	1396.1	2302.5
4967	1132.5	1347.5	2321.9
4128	1130.7	1336.7	2244.4
7996	1133.5	1350.7	2313.7
5084	1129.1	1331.8	2271.5
7588	1136.1	1340.6	2355.0
5316	1137.1	1390.2	2416.5
9667	1126.3	1361.5	2269.7
7670	1136.0	1411.7	2330.1
9673	1140.1	1400.8	2372.8
8655	1142.8	1464.3	2480.8
5498	1122.5	1338.2	2237.9
8358	1133.5	1376.6	2324.4
2446	1127.0	1392.6	2314.9
9290	1146.9	1465.4	2471.7
3871	1136.2	1373.7	2381.2
5573	1133.8	1412.4	2385.2
2659	1142.2	1384.2	2404.1
6802	1136.6	1367.6	2341.5
6450	1129.6	1356.5	2322.0
8634	1124.2	1423.9	2411.7
2992	1131.0	1364.1	2342.1
5222	1133.4	1399.2	2504.3
8527	1129.8	1404.8	2368.5
9854	1125.3	1399.5	2318.0
4835	1130.4	1411.0	2373.8
7024	1133.0	1381.8	2336.6
9965	1128.4	1381.0	2380.5
95	1135.8	1371.0	2372.3
9259	1132.1	1332.7	2318.1
8764	1143.6	1394.6	2443.6
8238	1137.2	1356.9	2361.7
428	1140.6	1364.6	2381.6
4381	1131.1	1392.4	2308.8
8046	1128.5	1395.3	2342.9
6922	1131.7	1379.6	2325.1
4809	1129.9	1360.2	2338.5
943	1131.5	1360.1	2322.5
3735	1142.2	1375.6	2346.1
3904	1136.3	1383.3	2377.6
3100	1141.4	1485.6	2428.1
4122	1130.1	1377.1	2296.3
8884	1133.2	1372.2	2316.6
6813	1135.4	1390.1	2501.5
7946	1125.2	1359.6	2330.4
5852	1137.9	1355.6	2347.6
1219	1136.3	1321.4	2313.2
6441	1137.6	1417.3	2392.5
4892	1121.2	1334.1	2249.2
3994	1124.0	1390.8	2284.0
789	1126.5	1383.8	2325.0
2382	1128.3	1385.4	2293.6
5875	1134.1	1414.4	2342.2
8694	1142.6	1432.2	2426.4
9887	1141.1	1395.2	2419.3
2715	1140.2	1468.4	2539.4
522	1132.8	1406.0	2357.8
2876	1146.9	1478.0	2477.4
8991	1131.7	1393.5	2359.0
7859	1137.2	1441.8	2414.2
7413	1132.5	1339.4	2277.2
6362	1133.8	1375.6	2306.9
1547	1120.5	1356.6	2269.9
4120	1132.7	1401.0	2377.1
8108	1121.3	1335.3	2264.8
4735	1136.7	1376.7	2391.0
7146	1129.3	1390.7	2339.9
6428	1129.6	1379.3	2359.9
6288	1119.0	1341.8	2264.5
8959	1133.9	1353.2	2340.4
4581	1123.5	1406.7	2342.2
1663	1147.6	1452.6	2493.8
458	1138.0	1344.2	2359.2
7970	1132.4	1349.0	2331.7
7507	1135.4	1323.0	2285.3
7120	1133.9	1335.2	2285.9
5113	1125.0	1412.4	2357.9
2233	1132.7	1377.6	2341.1
61	1141.5	1401.6	2418.4
8798	1137.3	1375.1	2382.1
7777	1132.3	1369.7	2290.4
456	1140.7	1437.0	2435.2
665	1128.2	1358.4	2320.2
6158	1129.3	1372.9	2315.0
3420	1145.6	1429.7	2423.0
1208	1139.4	1426.5	2385.7
1440	1121.4	1321.1	2264.2
5327	1134.3	1379.9	2321.2
5408	1141.1	1369.3	2388.5
8574	1141.1	1428.4	2442.4
8946	1129.0	1400.8	2402.0
6615	1137.7	1415.8	2348.1
5215	1128.4	1335.4	2308.8
1817	1133.5	1429.8	2427.7
7435	1135.0	1369.5	2307.0
6040	1133.6	1372.7	2361.7
8900	1138.6	1384.3	2457.5
2172	1133.4	1399.4	2356.6
6827	1138.6	1382.7	2374.9
141	1130.1	1390.7	2321.4
5977	1130.2	1343.6	2262.4
9569	1128.1	1344.7	2293.1
3572	1133.5	1407.6	2367.3
7447	1131.3	1344.1	2282.0
9189	1131.9	1340.9	2312.3
8728	1137.5	1385.8	2393.7
2525	1145.4	1422.6	2367.6
5256	1129.3	1352.7	2249.3
7629	1128.9	1354.9	2324.2
3995	1132.3	1379.6	2327.4
7643	1131.2	1368.6	2325.0
4043	1130.3	1352.0	2331.0
3707	1128.0	1359.6	2246.9
34	1132.2	1367.5	2302.8
1500	1131.2	1354.3	2343.8
7900	1129.8	1345.4	2278.1
2493	1140.9	1371.7	2365.3
2088	1136.3	1421.4	2401.5
8506	1136.2	1368.9	2499.5
4013	1118.0	1379.1	2234.1
7405	1125.2	1314.8	2237.8
1215	1140.1	1353.7	2364.0
2421	1134.0	1436.8	2420.9
7259	1141.3	1420.6	2393.5
784	1124.1	1395.7	2321.9
1251	1135.2	1388.9	2358.6
2371	1136.3	1441.2	2440.1
9720	1140.9	1381.6	2303.7
2349	1133.7	1397.3	2421.6
1615	1137.9	1402.7	2336.7
8700	1136.8	1389.5	2384.5
9598	1131.4	1352.2	2344.5
3566	1132.8	1378.7	2295.1
3512	1121.8	1352.2	2272.0
2257	1129.3	1366.0	2328.3
2672	1134.2	1360.2	2322.8
7529	1130.7	1360.7	2263.3
5827	1122.3	1392.3	2279.0
6264	1131.7	1375.1	2340.9
6303	1127.5	1383.4	2354.7
1232	1129.3	1341.9	2302.2
8970	1134.2	1353.6	2305.5
4326	1135.8	1396.4	2368.7
1877	1135.1	1403.5	2390.0
283	1129.3	1379.6	2326.2
850	1129.1	1303.1	2247.2
2982	1132.3	1399.2	2421.4
1857	1133.2	1393.2	2347.3
8436	1124.9	1356.0	2358.8
538	1122.0	1331.6	2364.5
4574	1128.7	1427.6	2469.1
3000	1136.4	1413.6	2365.0
5825	1137.6	1399.8	2362.0
1164	1140.3	1420.5	2499.6
898	1125.5	1369.7	2296.3
8024	1137.1	1374.8	2300.6
6487	1136.7	1377.2	2332.8
4676	1131.3	1389.4	2332.5
3893	1133.2	1412.0	2396.1
7814	1139.3	1365.4	2368.6
8118	1129.9	1436.3	2348.5
8210	1135.0	1393.7	2314.7
5898	1133.0	1375.2	2368.5
6389	1139.1	1371.7	2373.5
189	1142.6	1470.2	2603.2
4895	1127.8	1346.5	2301.3
6344	1120.9	1377.2	2327.1
9494	1124.2	1359.1	2270.1
2308	1136.4	1378.0	2449.8
1744	1138.7	1392.8	2309.8
2180	1129.2	1371.4	2315.4
740	1133.0	1368.7	2317.5
7500	1126.4	1356.3	2271.9
249	1133.2	1336.5	2350.8
1259	1139.6	1400.6	2377.6
1254	1138.5	1437.5	2426.8
5815	1135.7	1368.7	2349.1
2160	1120.6	1287.6	2229.7
2782	1129.3	1420.2	2499.1
946	1127.9	1352.7	2256.4
7083	1138.0	1443.5	2419.3
9872	1131.5	1366.7	2353.6
7250	1132.0	1376.4	2362.5
5475	1136.7	1377.2	2365.3
9058	1136.1	1366.5	2344.8
9924	1130.2	1363.8	2315.6
6998	1138.9	1427.2	2368.8
4804	1132.4	1394.8	2294.7
1285	1133.9	1352.3	2349.2
2898	1132.7	1339.9	2303.4
6004	1129.3	1365.8	2276.3
9912	1136.3	1425.8	2415.3
8603	1139.0	1403.7	2449.4
8230	1129.0	1369.8	2404.6
9128	1133.1	1379.8	2337.0
4324	1131.7	1430.6	2421.7
7277	1123.7	1388.3	2303.7
3376	1138.5	1374.1	2358.6
4778	1126.9	1372.1	2393.0
2537	1130.4	1353.3	2311.9
1452	1139.6	1421.7	2422.5
5697	1132.2	1333.5	2283.4
5311	1125.1	1399.6	2381.1
4770	1135.0	1396.1	2325.8
4473	1120.0	1383.0	2312.5
4021	1131.9	1357.5	2349.1
8466	1136.3	1408.6	2354.0
8892	1130.8	1385.3	2368.4
605	1131.9	1409.3	2382.6
6317	1131.5	1352.3	2292.0
4894	1122.8	1372.0	2448.6
6733	1122.7	1323.6	2309.3
6439	1142.4	1385.6	2593.4
6608	1137.7	1349.3	2336.0
6473	1136.6	1411.3	2365.4
1858	1138.9	1403.0	2340.2
6469	1126.1	1355.4	2286.0
6113	1131.9	1388.3	2314.9
4000	1126.9	1339.0	2322.5
9831	1127.1	1353.4	2254.1
5844	1137.9	1413.9	2380.8
999	1131.4	1372.9	2282.9
8301	1129.7	1363.0	2273.5
9886	1126.5	1365.3	2344.0
4378	1139.4	1431.9	2387.2
3073	1141.1	1396.2	2448.7
6934	1129.7	1363.5	2325.3
1013	1132.5	1385.9	2335.4
8194	1129.9	1412.8	2329.1
8922	1134.4	1416.1	2581.4
6649	1135.3	1387.6	2367.5
8769	1129.4	1363.3	2307.3
2018	1130.8	1347.6	2269.1
4483	1137.3	1380.1	2357.9
7018	1129.9	1323.2	2274.3
6565	1131.0	1365.8	2287.7
1489	1133.4	1348.5	2309.4
6905	1132.9	1409.7	2339.6
5118	1142.6	1419.7	2409.2
2079	1135.3	1410.0	2394.3
9949	1136.8	1364.5	2336.9
9951	1127.4	1409.1	2330.4
8471	1132.9	1374.7	2348.4
1860	1131.1	1434.8	2333.5
3300	1138.1	1393.7	2372.0
312	1127.7	1382.9	2297.4
1229	1148.4	1470.0	2546.1
9497	1138.0	1379.3	2396.2
1738	1129.8	1403.2	2320.2
8251	1130.5	1376.1	2384.7
5882	1126.9	1373.5	2324.8
4525	1129.8	1331.5	2316.2
9324	1135.7	1382.2	2304.3
45	1129.9	1343.0	2311.2
3171	1126.5	1393.6	2320.2
9576	1137.1	1376.6	2383.3
6231	1131.1	1400.3	2324.2
8699	1129.0	1375.0	2317.4
1766	1141.7	1419.2	2388.2
2976	1142.1	1424.9	2428.8
2162	1133.6	1383.6	2344.0
4246	1141.6	1411.6	2384.3
1090	1135.5	1396.4	2330.2
6508	1138.6	1389.8	2409.0
4936	1130.2	1304.2	2316.5
4932	1129.1	1387.5	2362.9
1900	1128.8	1311.0	2291.5
9760	1137.3	1356.4	2345.7
8776	1137.2	1366.5	2329.9
1949	1122.2	1335.6	2263.2
1017	1125.8	1365.8	2358.2
4295	1131.3	1384.8	2339.4
5746	1126.9	1358.6	2276.0
290	1119.5	1320.3	2236.6
5931	1140.3	1369.7	2403.8
9221	1119.0	1313.2	2210.4
1185	1136.1	1373.0	2330.0
7079	1131.4	1426.1	2355.1
8262	1134.4	1358.2	2374.9
2986	1133.7	1397.7	2308.1
1807	1140.2	1416.5	2422.7
6135	1141.8	1378.8	2352.9
1639	1132.9	1385.8	2323.4
4706	1128.1	1373.0	2296.2
2578	1129.8	1387.2	2324.5
5869	1126.1	1351.7	2269.5
7409	1131.1	1388.9	2360.7
9457	1139.3	1409.4	2402.6
8997	1140.6	1404.9	2410.9
7980	1134.0	1372.7	2319.2
7047	1137.7	1406.9	2388.5
5663	1129.7	1407.7	2337.4
1085	1128.6	1390.9	2295.8
2863	1127.1	1365.5	2341.6
5569	1128.9	1377.3	2268.9
3589	1130.9	1364.9	2276.1
4135	1131.7	1409.3	2398.5
3954	1129.4	1394.5	2331.8
410	1127.1	1331.2	2265.9
1112	1137.5	1426.2	2413.1
1681	1119.6	1364.3	2275.1
8063	1127.8	1385.0	2350.9
5565	1133.2	1351.1	2306.1
8294	1129.1	1356.1	2305.5
7260	1129.3	1335.2	2279.2
5841	1130.7	1382.5	2378.9
179	1132.2	1380.4	2308.4
4607	1127.3	1361.8	2324.2
8709	1135.5	1355.7	2317.3
4034	1141.2	1374.2	2397.7
3471	1128.2	1376.4	2360.0
534	1130.0	1380.5	2360.4
3024	1131.0	1337.1	2288.9
4724	1140.8	1360.5	2333.8
5205	1138.1	1396.8	2378.1
2536	1137.6	1410.7	2401.7
3011	1126.5	1382.5	2287.3
8488	1138.6	1395.6	2325.3
7669	1131.9	1379.7	2372.9
863	1133.4	1389.4	2373.1
9680	1128.0	1306.3	2265.5
6354	1141.1	1404.0	2382.4
4494	1124.8	1371.4	2315.1
8336	1125.5	1358.3	2267.4
3529	1135.1	1448.6	2433.4
8313	1131.7	1359.9	2335.0
3730	1141.2	1362.9	2351.7
3202	1124.2	1339.6	2273.3
668	1133.9	1402.5	2385.6
9455	1132.7	1343.2	2333.4
782	1127.0	1363.4	2283.3
8359	1130.6	1446.2	2410.7
8142	1137.8	1393.7	2395.3
5334	1130.2	1402.8	2368.3
8660	1136.3	1381.9	2409.4
6749	1140.5	1423.3	2377.7
1036	1121.1	1279.6	2215.8
2534	1132.0	1357.0	2291.8
9798	1130.3	1438.3	2363.0
3139	1135.7	1373.9	2401.2
3744	1136.3	1374.9	2311.0
7595	1134.3	1358.7	2291.1
3224	1134.0	1432.1	2382.3
1058	1132.2	1343.6	2394.7
7650	1130.3	1380.4	2351.3
6497	1136.4	1401.0	2339.9
9964	1128.9	1344.7	2253.2
9807	1141.8	1397.0	2367.3
9863	1130.0	1415.9	2374.4
3387	1126.1	1371.5	2327.5
4273	1130.6	1404.4	2370.6
7320	1131.5	1409.0	2375.9
8182	1124.4	1390.0	2316.4
9070	1124.7	1337.5	2319.3
4437	1133.0	1355.1	2337.2
4815	1135.1	1358.2	2360.1
7809	1135.5	1398.9	2413.1
6962	1126.3	1398.0	2293.8
8018	1140.2	1431.1	2555.1
117	1125.1	1354.9	2275.6
9279	1130.7	1338.2	2299.6
6024	1125.2	1389.6	2415.2
1524	1137.1	1384.5	2317.0
2710	1130.4	1356.3	2323.2
9244	1129.1	1441.2	2376.3
4308	1134.5	1399.3	2364.1
6711	1131.7	1386.9	2292.0
1780	1132.8	1344.9	2315.2
1145	1143.8	1397.3	2410.6
4900	1131.0	1393.9	2350.2
3841	1126.7	1399.6	2337.1
7465	1131.2	1389.7	2356.9
7364	1129.1	1359.0	2280.4
3382	1139.8	1432.4	2497.7
4318	1126.2	1355.3	2325.4
9813	1137.7	1398.1	2421.0
701	1139.3	1410.8	2387.4
9661	1141.9	1414.6	2428.6
7454	1126.0	1324.8	2255.4
1597	1130.9	1350.9	2328.6
7818	1129.5	1323.1	2256.1
1512	1134.8	1397.0	2378.9
5221	1121.0	1376.9	2250.5
7148	1124.6	1327.6	2303.5
627	1125.4	1351.9	2290.8
2477	1132.2	1354.1	2320.3
1882	1138.8	1379.5	2349.0
4572	1126.1	1345.0	2256.1
184	1135.0	1408.0	2380.5
178	1130.2	1368.5	2278.1
7385	1142.1	1448.7	2501.4
4604	1135.2	1339.2	2308.3
8609	1130.3	1342.8	2299.7
9888	1134.1	1360.4	2353.7
6511	1128.6	1414.3	2340.1
3580	1134.8	1420.7	2378.6
7323	1131.5	1356.5	2326.2
1315	1133.3	1389.3	2305.4
5578	1124.7	1376.8	2312.4
9978	1127.9	1347.4	2289.3
7408	1138.6	1430.8	2371.8
8726	1133.1	1353.9	2387.3
4817	1122.6	1325.9	2218.8
9672	1130.6	1392.4	2317.8
1818	1129.0	1381.9	2332.8
2290	1133.9	1420.1	2388.2
7786	1131.4	1340.9	2319.7
9514	1134.4	1400.6	2344.5
8880	1131.2	1435.1	2370.5
3804	1140.3	1398.0	2350.0
5069	1132.3	1389.0	2330.3
992	1124.7	1393.2	2370.2
9406	1136.9	1381.6	2398.9
9186	1137.6	1388.3	2335.6
1504	1124.7	1402.3	2339.1
7113	1126.5	1408.3	2354.4
935	1122.6	1328.5	2231.4
6685	1133.4	1369.1	2315.1
2570	1129.5	1390.0	2301.6
775	1125.9	1330.4	2252.6
5360	1128.0	1390.2	2337.4
9329	1126.7	1334.4	2285.2
9510	1132.1	1386.1	2336.7
4015	1127.2	1353.8	2390.6
601	1132.2	1410.5	2409.7
838	1138.8	1361.7	2347.4
9749	1133.1	1406.1	2318.7
7312	1129.3	1372.9	2287.7
2284	1120.9	1351.0	2293.2
9230	1132.7	1364.0	2313.9
381	1128.9	1359.0	2280.0
2872	1131.6	1394.3	2328.3
6675	1128.6	1388.5	2340.2
25	1141.9	1392.6	2326.9
3914	1132.6	1341.7	2351.2
6328	1128.0	1376.5	2289.5
3152	1133.1	1369.3	2291.5
9424	1125.5	1370.9	2327.1
175	1130.9	1362.9	2487.1
5853	1132.0	1347.4	2323.7
6224	1128.9	1369.9	2318.4
7234	1136.8	1393.4	2313.7
7291	1138.1	1432.4	2455.9
1884	1137.7	1433.2	2369.2
801	1143.8	1449.9	2490.9
8095	1130.2	1365.8	2293.6
1154	1139.0	1363.9	2337.6
388	1125.8	1403.2	2350.3
8904	1132.8	1354.6	2306.4
1601	1132.0	1375.1	2373.4
743	1123.1	1343.4	2285.7
3750	1128.2	1400.0	2372.6
4205	1125.5	1369.9	2284.4
2892	1136.5	1405.6	2363.9
955	1130.6	1391.6	2307.1
3698	1127.7	1358.6	2291.2
441	1136.4	1390.7	2387.7
2685	1131.9	1382.9	2354.9
4263	1129.4	1350.3	2315.9
7518	1143.8	1415.4	2495.3
5887	1131.9	1347.4	2323.2
3102	1125.0	1340.8	2277.3
1926	1123.7	1319.7	2245.9
1357	1133.7	1445.2	2391.1
5183	1133.8	1398.5	2382.0
1074	1132.0	1418.5	2430.9
643	1125.4	1371.3	2312.1
5900	1129.4	1338.3	2277.0
3433	1127.6	1362.0	2321.5
8837	1136.5	1407.3	2349.2
3111	1128.5	1430.7	2369.2
7384	1129.4	1321.5	2249.2
882	1132.8	1376.0	2332.1
7526	1125.1	1363.7	2302.0
2548	1129.7	1374.3	2312.3
6908	1142.0	1379.9	2394.5
360	1137.8	1400.0	2330.0
6204	1131.5	1385.9	2309.7
5078	1140.6	1429.8	2374.9
4859	1128.2	1329.0	2242.2
3524	1134.0	1403.7	2327.0
8954	1133.8	1394.2	2340.4
4068	1141.5	1409.7	2378.6
7916	1133.6	1351.7	2315.8
6901	1138.8	1403.5	2396.6
4076	1136.1	1385.7	2366.5
6752	1125.8	1339.5	2259.1
1382	1130.7	1336.4	2282.8
1366	1139.2	1361.8	2342.1
1746	1134.2	1411.0	2361.0
2865	1113.3	1298.0	2135.7
8480	1135.8	1397.5	2328.6
4385	1131.2	1367.2	2275.5
6498	1135.3	1396.2	2346.8
735	1142.1	1366.3	2334.4
8626	1137.6	1345.5	2363.0
1653	1124.3	1333.8	2255.5
8547	1145.0	1400.0	2382.9
1774	1132.9	1379.7	2377.1
1768	1132.4	1341.9	2330.0
1881	1122.8	1367.7	2225.3
8198	1128.9	1391.0	2285.8
910	1128.5	1411.3	2318.7
3984	1140.6	1370.5	2344.9
2409	1127.5	1374.4	2292.4
5652	1137.9	1364.8	2360.9
1814	1130.7	1380.5	2337.7
5922	1126.4	1361.9	2348.9
9363	1129.9	1351.3	2298.0
1966	1134.1	1423.1	2388.3
325	1127.0	1369.6	2293.0
9802	1140.2	1429.1	2457.7
2651	1127.8	1354.6	2306.2
6889	1131.3	1359.9	2327.9
8116	1140.0	1457.6	2368.8
3752	1127.4	1394.7	2361.7
9033	1140.0	1396.3	2375.7
7962	1136.5	1377.3	2391.5
8540	1126.1	1356.8	2395.0
4695	1137.4	1404.6	2392.0
3950	1132.5	1362.3	2293.5
6366	1132.6	1367.0	2309.4
5156	1143.0	1427.7	2464.7
565	1139.1	1412.2	2377.2
4088	1131.2	1387.1	2480.1
1011	1139.4	1379.4	2353.0
4511	1131.2	1321.5	2272.8
7611	1126.5	1367.4	2282.1
49	1139.7	1432.7	2385.2
3009	1131.4	1356.6	2332.0
3809	1134.9	1391.9	2328.1
8742	1136.4	1412.8	2441.1
8724	1134.6	1399.2	2362.0
1977	1126.9	1323.6	2256.3
1187	1130.5	1350.4	2275.1
9780	1138.7	1382.1	2446.8
2076	1133.3	1395.5	2365.3
2836	1137.3	1396.8	2352.4
6838	1132.2	1378.3	2342.1
1021	1136.2	1458.8	2577.8
6694	1144.8	1434.0	2446.0
8338	1133.9	1423.8	2438.8
9562	1133.7	1418.0	2353.5
483	1132.8	1397.7	2310.1
8477	1135.3	1392.7	2388.0
9599	1140.7	1401.9	2402.8
1722	1138.9	1387.5	2372.8
7960	1126.5	1349.5	2330.8
9800	1126.0	1339.5	2323.1
3676	1140.9	1420.1	2425.7
2562	1137.2	1414.5	2348.4
4821	1129.1	1346.9	2322.1
4108	1137.4	1445.7	2383.2
2807	1139.1	1413.2	2392.1
907	1122.5	1328.0	2233.0
7351	1124.1	1359.0	2286.9
8580	1134.0	1367.4	2322.6
3307	1129.5	1334.1	2318.2
8107	1138.3	1401.8	2377.5
101	1130.0	1426.0	2356.8
7587	1140.9	1401.8	2422.8
7543	1127.6	1360.1	2318.1
2624	1125.4	1362.3	2300.6
6771	1134.0	1374.8	2320.0
8843	1130.6	1435.2	2361.2
5659	1127.4	1399.4	2367.6
2116	1137.2	1391.5	2388.3
8390	1133.9	1396.4	2326.0
6773	1134.5	1371.8	2349.1
4074	1125.1	1368.8	2304.2
7175	1136.8	1418.4	2388.3
8373	1120.5	1363.9	2273.2
1065	1127.5	1362.9	2300.3
8304	1136.3	1382.4	2608.0
9155	1130.6	1399.5	2360.3
4116	1131.5	1357.9	2305.4
9855	1138.8	1384.7	2356.7
1866	1143.9	1430.8	2457.8
4343	1136.7	1403.2	2367.5
1557	1128.1	1318.2	2257.0
5769	1134.0	1414.7	2353.8
9095	1133.0	1366.2	2355.1
919	1128.0	1351.2	2300.8
3083	1134.0	1350.6	2308.5
9017	1144.6	1398.9	2385.5
1762	1136.6	1343.3	2339.2
4808	1133.6	1374.8	2376.0
6139	1139.0	1432.5	2412.3
8399	1118.5	1339.2	2222.6
9327	1131.6	1386.9	2344.8
6361	1132.4	1430.6	2405.9
5731	1129.1	1368.5	2280.8
7067	1128.3	1310.0	2249.2
2139	1131.5	1372.3	2297.2
2622	1131.2	1384.1	2339.5
3639	1116.0	1309.5	2191.6
8949	1134.1	1381.5	2336.2
8217	1129.1	1363.1	2266.3
5592	1135.0	1390.3	2335.4
5214	1138.8	1378.9	2377.2
3198	1132.9	1407.7	2332.8
6878	1138.2	1438.6	2459.8
7150	1120.3	1324.1	2232.6
4561	1143.2	1407.8	2453.3
3444	1130.9	1347.1	2310.5
3353	1126.0	1374.1	2289.6
6065	1136.6	1405.1	2415.9
3793	1140.8	1415.2	2410.3
9071	1130.2	1378.7	2344.6
9465	1130.7	1342.5	2301.0
5007	1124.8	1331.1	2235.0
5161	1139.9	1372.0	2341.7
1825	1138.2	1431.0	2410.7
7750	1131.6	1383.1	2340.7
10	1134.3	1373.1	2341.8
523	1131.8	1375.6	2359.1
957	1141.8	1349.7	2385.3
4739	1127.2	1310.0	2305.8
4367	1128.4	1382.0	2305.1
2490	1133.3	1392.6	2368.9
2214	1127.4	1350.1	2297.4
1603	1129.9	1372.1	2324.4
6844	1129.0	1341.6	2302.9
4050	1128.4	1417.2	2301.9
6514	1129.5	1335.2	2251.9
4997	1136.9	1390.9	2378.5
195	1146.1	1432.7	2404.4
4371	1135.3	1444.8	2386.3
7827	1126.1	1350.2	2272.8
7141	1123.0	1307.4	2259.8
8998	1129.8	1360.0	2335.5
9841	1142.0	1411.4	2397.5
7713	1129.5	1355.7	2326.3
7476	1123.1	1301.7	2186.8
5458	1140.6	1437.2	2433.7
5258	1126.9	1326.5	2244.3
2720	1134.1	1377.7	2343.8
3119	1133.0	1362.5	2340.3
1495	1128.5	1377.8	2308.0
7451	1140.1	1390.6	2374.0
3835	1133.9	1373.1	2310.5
5081	1134.6	1340.1	2343.6
1788	1119.6	1343.9	2246.5
2708	1137.9	1395.9	2357.5
2612	1132.5	1356.0	2348.5
4752	1126.0	1353.1	2287.5
5965	1138.2	1416.0	2404.3
5187	1133.1	1382.9	2337.4
6424	1138.5	1435.4	2411.5
630	1136.9	1426.6	2365.8
6145	1132.6	1372.8	2286.4
9700	1138.5	1450.2	2412.5
4991	1133.8	1394.4	2305.6
6178	1121.2	1328.5	2221.4
4589	1140.4	1372.8	2349.2
9358	1129.4	1405.6	2306.0
9542	1136.6	1384.1	2336.1
5117	1132.3	1360.6	2335.3
8062	1132.8	1388.8	2315.2
2877	1130.2	1406.7	2506.4
7145	1129.5	1369.9	2303.5
1852	1136.8	1389.7	2363.4
3201	1120.3	1345.2	2261.2
6370	1136.8	1402.4	2387.0
4294	1136.7	1375.8	2370.1
4524	1125.5	1343.3	2258.4
5589	1131.8	1346.8	2322.6
6471	1139.4	1370.3	2344.4
6445	1133.9	1386.5	2305.1
2831	1130.5	1361.3	2299.2
8131	1128.3	1409.3	2384.5
6478	1130.1	1385.8	2311.3
1713	1130.9	1346.2	2290.1
7578	1141.7	1371.6	2458.8
6153	1124.9	1346.7	2248.1
2428	1132.6	1366.8	2316.6
6313	1132.3	1402.6	2338.3
3861	1132.7	1378.5	2341.2
5264	1131.3	1403.0	2339.5
3803	1128.4	1395.1	2320.8
6074	1132.1	1361.0	2321.3
4590	1134.2	1341.0	2310.1
2332	1134.4	1364.8	2316.2
9586	1125.9	1361.4	2281.4
9715	1140.0	1381.9	2412.6
6592	1137.2	1406.2	2380.1
677	1138.6	1409.3	2386.8
9810	1132.9	1390.1	2320.5
5105	1133.3	1387.7	2482.0
9037	1141.7	1396.2	2452.0
6871	1126.7	1375.4	2326.5
416	1129.7	1314.2	2293.0
4342	1132.0	1346.0	2320.6
9929	1144.0	1411.4	2371.5
3155	1128.0	1342.7	2280.7
8804	1123.4	1338.5	2222.6
1584	1129.3	1339.2	2297.4
5483	1136.9	1430.6	2410.2
8160	1128.2	1343.0	2315.1
836	1135.3	1407.0	2378.9
9306	1140.9	1428.5	2425.5
7043	1129.7	1405.5	2341.2
3321	1135.7	1379.7	2361.8
5242	1125.1	1367.6	2281.2
5255	1131.7	1368.1	2269.5
877	1131.7	1361.9	2317.2
3046	1135.2	1427.4	2448.6
6193	1137.2	1315.3	2309.3
3584	1134.9	1378.8	2373.2
3704	1125.2	1321.5	2230.3
4405	1134.8	1305.7	2317.7
2725	1132.1	1357.1	2300.1
3598	1139.3	1393.6	2424.7
3016	1127.8	1369.5	2309.8
8453	1135.4	1352.8	2333.9
3908	1135.5	1345.3	2308.4
1322	1138.1	1417.2	2384.2
6610	1133.7	1378.2	2341.5
7828	1125.5	1362.2	2259.4
2103	1129.7	1340.5	2304.0
5476	1137.4	1354.2	2340.3
7569	1142.3	1404.6	2425.8
5493	1136.3	1371.6	2368.7
8497	1133.0	1360.8	2324.9
7330	1132.2	1414.3	2366.0
1429	1128.4	1377.1	2313.7
8983	1135.8	1385.8	2339.9
9475	1126.8	1360.2	2346.5
6000	1136.4	1365.7	2391.5
5388	1136.4	1366.1	2325.9
4349	1136.7	1404.0	2364.9
5872	1142.0	1412.0	2381.4
9359	1146.8	1407.8	2376.7
7663	1123.5	1340.3	2258.8
1561	1124.3	1354.9	2357.0
8520	1137.7	1369.1	2338.7
5574	1136.7	1377.5	2394.7
7937	1132.8	1379.3	2339.8
4139	1134.1	1404.5	2388.7
3831	1129.8	1364.4	2343.9
6509	1139.7	1390.6	2383.8
1672	1127.4	1276.1	2229.6
2965	1129.1	1397.4	2306.4
584	1133.0	1402.9	2337.8
1213	1124.4	1317.0	2256.2
7642	1139.8	1399.1	2411.8
3713	1135.4	1437.7	2381.6
6808	1134.8	1365.2	2336.4
2338	1124.1	1351.7	2287.2
3167	1135.7	1472.4	2404.7
7094	1130.1	1371.1	2339.0
7796	1138.5	1420.5	2395.8
3656	1133.5	1406.6	2339.8
950	1122.2	1387.2	2327.4
3506	1133.0	1389.8	2328.7
5488	1133.3	1390.5	2324.9
4410	1132.1	1366.1	2343.6
4542	1124.4	1376.0	2311.3
1897	1133.3	1350.6	2345.5
9533	1126.9	1347.6	2318.3
7046	1137.1	1423.5	2371.5
5318	1134.3	1413.6	2382.8
4300	1140.6	1422.0	2430.7
6882	1131.2	1367.2	2295.2
8038	1132.9	1346.2	2289.2
802	1130.5	1362.1	2336.5
7136	1124.1	1395.9	2304.3
9877	1139.3	1375.3	2329.5
4548	1122.0	1329.2	2272.0
6470	1135.7	1434.4	2484.6
9432	1122.6	1363.8	2280.5
9105	1129.5	1333.3	2297.0
1384	1131.0	1374.7	2316.7
3838	1138.9	1387.2	2475.9
690	1134.1	1413.8	2348.8
9061	1124.3	1334.8	2311.4
3929	1138.6	1418.4	2377.9
7909	1137.7	1396.7	2371.4
972	1126.4	1355.0	2346.3
6042	1128.7	1357.1	2300.3
781	1134.9	1381.5	2377.2
2366	1131.2	1353.7	2255.9
614	1135.4	1377.8	2355.7
9383	1126.9	1343.4	2335.5
2254	1126.2	1370.1	2289.2
7346	1129.1	1410.3	2346.1
6308	1131.7	1388.6	2338.0
1118	1132.6	1396.8	2314.4
8619	1127.9	1355.4	2307.5
3297	1125.2	1387.0	2310.4
8221	1121.7	1354.2	2307.7
3833	1121.1	1335.2	2257.6
1275	1134.9	1358.9	2468.0
5099	1127.1	1338.7	2287.8
2510	1137.9	1360.3	2312.6
554	1133.8	1397.4	2348.8
8759	1135.0	1374.5	2345.6
7520	1127.2	1370.0	2290.9
982	1137.3	1360.5	2336.9
6481	1140.9	1437.1	2463.5
9461	1130.8	1408.4	2370.0
6750	1133.3	1346.3	2337.9
8548	1141.6	1401.6	2407.1
7453	1134.8	1392.4	2327.4
613	1124.0	1355.2	2269.8
8448	1140.4	1383.9	2386.4
4319	1136.4	1371.2	2312.0
28	1136.4	1368.4	2380.1
4014	1140.2	1397.7	2351.9
888	1125.0	1384.6	2292.4
6416	1125.7	1360.0	2258.4
1117	1126.8	1359.9	2223.6
2061	1128.8	1396.3	2418.4
7700	1132.7	1357.7	2319.8
173	1131.6	1383.4	2340.8
2317	1137.2	1337.7	2318.1
8479	1137.0	1382.1	2360.8
846	1127.8	1388.2	2337.0
2530	1135.3	1383.3	2301.4
5336	1139.9	1436.3	2397.0
7914	1147.4	1451.0	2403.0
2369	1124.4	1357.4	2261.3
3236	1133.8	1399.5	2430.3
7183	1130.3	1392.0	2381.2
2748	1134.8	1376.9	2293.0
7660	1130.6	1389.4	2370.2
3738	1127.7	1357.3	2316.2
553	1139.7	1437.2	2373.8
4696	1121.6	1300.4	2214.4
4489	1140.0	1390.6	2365.9
4625	1124.7	1367.0	2368.7
4169	1136.3	1376.0	2336.9
1516	1123.6	1366.9	2392.0
8861	1141.5	1463.0	2372.1
4987	1143.4	1432.3	2409.3
4638	1127.9	1352.9	2309.6
3112	1129.8	1424.8	2363.6
3241	1122.2	1344.8	2259.1
5954	1145.3	1413.0	2408.1
1895	1138.1	1396.5	2398.9
671	1135.4	1377.9	2362.2
3085	1139.2	1448.6	2416.4
3718	1128.2	1363.4	2252.3
8270	1120.4	1332.8	2216.6
956	1125.2	1383.2	2306.5
3785	1127.9	1295.0	2273.8
3782	1131.7	1409.4	2363.8
3191	1138.7	1405.6	2403.4
23	1138.9	1383.7	2446.5
5575	1131.9	1354.9	2276.5
9507	1132.3	1371.8	2299.5
9418	1135.3	1388.7	2365.8
7665	1135.3	1371.0	2343.1
1242	1134.1	1392.6	2521.4
903	1138.8	1432.6	2354.2
7383	1119.4	1352.4	2286.2
754	1144.7	1401.8	2376.8
8854	1136.2	1406.2	2453.5
3223	1137.6	1350.6	2352.8
5441	1132.8	1394.3	2323.8
3981	1129.6	1377.2	2323.3
2492	1138.3	1425.7	2359.6
5050	1135.2	1368.0	2346.5
2667	1133.2	1383.0	2397.8
832	1135.3	1407.9	2408.7
6431	1120.2	1321.8	2226.6
3084	1126.1	1343.0	2307.0
1324	1134.9	1360.6	2347.1
597	1138.7	1384.3	2348.5
5141	1131.3	1400.6	2321.6
3242	1138.0	1439.9	2432.5
3345	1135.6	1379.5	2323.3
6217	1138.2	1402.5	2403.4
753	1137.0	1384.3	2342.1
8849	1122.9	1330.5	2230.3
6575	1114.5	1320.0	2220.4
6884	1137.8	1390.6	2365.1
8322	1141.2	1445.1	2444.5
698	1131.8	1352.5	2290.6
3688	1129.4	1371.0	2277.2
8076	1119.4	1360.5	2246.7
8022	1130.3	1354.9	2292.6
5065	1145.5	1404.5	2409.7
8835	1136.2	1435.2	2434.3
2721	1139.6	1423.4	2365.2
1905	1134.8	1396.9	2351.6
5862	1134.7	1388.6	2361.3
5382	1126.4	1331.4	2259.9
9036	1129.9	1378.8	2386.0
5555	1126.6	1381.4	2344.7
8550	1128.8	1442.8	2435.9
9378	1128.9	1341.8	2298.2
6228	1137.6	1367.4	2335.8
7352	1126.8	1375.0	2336.6
3154	1125.6	1387.5	2309.9
1438	1128.1	1420.5	2373.4
9570	1124.8	1316.4	2222.1
7296	1133.2	1354.3	2322.9
7934	1133.9	1387.2	2312.8
4709	1133.7	1438.3	2638.3
6681	1137.8	1380.6	2344.2
5395	1141.7	1391.0	2409.1
7222	1127.7	1398.5	2350.7
4710	1129.3	1393.0	2325.5
1950	1128.4	1354.4	2301.2
7138	1136.1	1416.1	2443.6
8154	1138.7	1396.4	2374.7
2626	1147.3	1420.2	2402.7
8721	1132.4	1342.9	2296.5
6418	1133.0	1374.9	2318.5
7727	1132.8	1354.9	2327.4
4540	1119.4	1392.1	2430.7
3859	1133.3	1361.3	2313.6
172	1124.8	1368.4	2259.1
4514	1128.1	1344.0	2304.6
8461	1131.4	1391.1	2344.1
7555	1129.0	1360.2	2293.4
542	1129.7	1379.0	2332.2
9308	1132.8	1386.3	2379.7
658	1123.6	1337.7	2241.3
2198	1136.0	1378.0	2377.2
9815	1129.7	1419.0	2341.0
8844	1135.4	1389.3	2321.8
1290	1129.7	1344.1	2275.3
1028	1137.2	1384.9	2373.5
4042	1125.4	1297.3	2229.5
9564	1125.0	1358.2	2298.8
8259	1137.5	1346.9	2352.4
5321	1136.9	1438.5	2404.4
5303	1123.8	1378.8	2416.9
8053	1126.3	1370.5	2313.0
9771	1134.2	1327.9	2297.1
3724	1132.1	1342.4	2300.9
7671	1128.0	1392.5	2290.6
4038	1139.5	1402.4	2369.7
6403	1141.9	1458.1	2444.1
5789	1128.2	1330.5	2294.2
6255	1135.2	1368.6	2328.4
4095	1133.0	1410.3	2294.7
4441	1135.9	1421.0	2432.8
8166	1137.1	1411.8	2352.3
6335	1130.4	1383.6	2325.8
7213	1125.9	1324.6	2330.6
7582	1134.1	1416.5	2355.7
8445	1129.2	1363.6	2333.2
9116	1132.0	1361.6	2297.8
6535	1134.1	1433.3	2360.9
2849	1138.7	1392.6	2374.3
4375	1131.0	1397.2	2356.2
7703	1135.6	1397.3	2334.8
4217	1137.2	1380.1	2388.1
4722	1123.0	1329.1	2261.6
5786	1132.1	1337.2	2319.4
4959	1129.4	1362.7	2312.5
1303	1143.9	1416.2	2396.3
2735	1119.7	1343.0	2247.4
5821	1126.7	1332.4	2356.9
1805	1138.0	1418.1	2369.3
530	1136.9	1407.6	2374.9
4170	1136.5	1441.2	2364.8
9251	1127.6	1339.2	2291.8
3740	1125.0	1364.5	2313.4
3214	1125.1	1370.2	2316.1
9238	1138.7	1456.0	2399.9
688	1129.3	1365.7	2311.4
562	1134.1	1374.8	2362.0
5516	1125.4	1359.7	2278.2
3964	1127.9	1392.6	2313.7
