84490	1857.9	2093.2	14192.1
61900	1858.1	2091.8	14233.3
62835	1876.7	2119.7	14842.5
19582	1856.6	2100.2	14227.1
86273	1855.0	2031.5	14255.8
42160	1864.2	2082.2	14188.9
80841	1869.0	2066.9	14277.4
69342	1867.6	2066.3	14553.7
86881	1848.0	2009.7	14252.8
14493	1867.5	2013.3	14292.9
86047	1841.9	1998.9	13705.4
85000	1849.3	2100.1	14060.3
88834	1875.5	2101.9	14790.6
57945	1886.3	2098.0	15168.9
70147	1855.7	2085.0	14436.3
19491	1864.3	2081.6	14385.8
60682	1875.4	2107.8	14796.7
41319	1866.6	2081.6	14244.7
64904	1869.7	2079.8	14455.7
12136	1860.1	2064.6	14348.0
15000	1862.5	2009.0	14065.4
27872	1858.1	2077.0	14291.2
72071	1893.2	2126.8	15314.0
76558	1857.4	2057.5	14616.2
73650	1854.6	2040.9	13947.7
82117	1866.5	2100.5	14290.4
22675	1855.3	2056.3	14204.3
41410	1867.0	2049.2	14146.9
2767	1860.4	2065.3	14153.3
75611	1852.3	2096.8	14433.8
37916	1845.3	2041.8	13849.3
83091	1861.0	2052.2	14209.3
47320	1868.3	2073.2	14313.6
93134	1873.0	2094.5	14598.4
41837	1839.2	2013.8	14047.0
1151	1866.1	2069.7	14505.5
30123	1860.8	2037.9	14166.0
24022	1853.9	2066.7	14100.0
42827	1854.0	2032.9	13988.4
82692	1864.1	2090.1	14501.2
74676	1860.4	2125.7	14605.7
52913	1856.2	2014.8	13889.4
87712	1851.2	2085.4	13954.2
52864	1874.2	2082.7	14465.2
34248	1852.2	2017.4	14279.9
1900	1852.3	2051.5	14138.4
19593	1868.9	2052.9	14380.8
21999	1849.7	2007.0	13908.7
90670	1859.2	2095.9	14328.7
3015	1857.1	2070.0	14144.8
77287	1850.4	2038.4	13910.1
91723	1883.0	2126.3	14922.9
51575	1860.3	2157.0	14926.9
76462	1863.3	2060.7	14664.5
89481	1855.3	2041.0	14177.1
62366	1852.3	2045.8	14088.5
32815	1853.4	2121.8	14451.4
83453	1853.6	2075.2	14668.0
36135	1851.8	2066.1	14084.1
82526	1873.1	2068.1	14337.9
88212	1863.8	2065.6	14605.9
80936	1853.7	2072.0	14130.2
71259	1868.2	2103.7	14529.9
73008	1838.6	2010.1	13630.2
69202	1873.2	2019.2	14406.0
25413	1859.6	2009.2	14081.2
17455	1852.8	2083.8	14144.3
41012	1852.4	2029.9	14131.3
9920	1849.6	2057.0	14001.8
17026	1848.0	2028.5	13939.6
13921	1860.8	2040.5	14278.3
38747	1852.8	2043.1	14265.4
72740	1857.4	2056.4	14129.6
33399	1876.5	2123.0	14813.9
453	1872.0	2108.0	14380.9
53458	1861.2	2026.9	13868.7
71447	1868.6	2109.5	14397.1
55031	1865.5	2053.8	14377.4
75198	1851.7	2085.4	14163.8
16621	1875.6	2093.8	14834.5
66236	1853.2	2057.5	13930.1
83741	1859.3	2086.2	14320.1
72888	1879.9	2108.0	14644.9
33728	1870.9	2108.9	14481.3
87241	1841.0	2064.1	14057.9
72728	1863.0	2046.8	14096.8
35983	1863.8	2066.2	14477.3
79087	1867.1	2103.3	14457.9
22800	1861.7	2056.3	14249.0
73232	1866.0	2096.5	14556.3
12631	1841.6	2055.4	14020.8
56486	1850.8	2022.6	14048.6
22038	1860.2	2050.0	14056.2
31229	1869.0	2091.6	14546.7
41111	1858.9	2045.0	13936.5
16849	1871.5	2102.9	14904.9
8941	1857.0	2083.3	14543.5
14815	1846.8	2046.6	13855.5
5255	1846.5	2064.0	13997.6
58432	1860.7	2102.6	14661.9
83439	1864.1	2086.5	14365.8
2051	1872.0	2100.9	14555.1
79921	1860.7	2076.5	14365.5
86524	1868.9	2073.1	14240.4
29069	1866.0	2043.1	14289.6
36228	1854.6	2066.6	14521.0
90281	1857.1	2084.9	14517.4
7460	1847.2	2005.6	13918.4
72939	1852.2	2066.8	14204.1
8417	1859.1	2020.5	14177.5
20300	1861.6	2064.5	14501.6
93559	1846.1	2028.3	14192.6
59721	1850.9	2053.4	14084.5
41377	1849.6	2009.4	14146.1
65755	1872.6	2108.7	14821.8
67818	1866.5	2085.4	14687.4
52493	1860.6	2061.4	14187.3
26578	1860.7	2051.2	14205.7
40200	1852.5	2048.2	14053.7
71729	1862.8	2081.4	14302.1
8062	1849.1	2016.7	13885.5
57106	1868.0	2046.2	14151.1
92892	1867.9	2079.6	14411.2
30866	1873.8	2081.5	14485.1
74967	1866.8	2082.6	14361.9
2487	1867.1	2078.5	14345.3
86982	1868.7	2086.1	14619.1
164	1862.6	2101.4	14488.1
67564	1859.2	2076.6	14101.5
14036	1860.4	2038.0	14201.6
13980	1853.1	2033.8	13746.0
45701	1857.4	2112.7	14887.3
34391	1856.3	2065.4	14170.4
3899	1854.8	2059.0	14287.2
67316	1862.5	2087.0	14728.5
34525	1859.2	2039.3	14233.1
51851	1865.7	2085.1	14339.4
20561	1839.3	2057.0	13992.0
52983	1854.6	2021.2	14051.1
86669	1860.1	2071.5	14399.0
21208	1845.9	2014.6	13722.5
13992	1858.7	2073.4	14262.9
55536	1859.7	2042.8	14232.9
87842	1861.4	2079.4	14416.5
83556	1859.1	2093.0	14487.1
49388	1873.4	2120.3	14551.0
34182	1853.4	2058.0	13847.7
61497	1839.8	1989.6	13587.9
37038	1885.7	2113.6	14829.7
38992	1856.1	2038.2	14063.4
56512	1860.1	2035.3	14172.1
68111	1859.7	2022.4	14098.9
45656	1848.1	2013.8	13642.3
59097	1863.7	2065.3	14214.8
92558	1856.1	2085.9	14177.8
51444	1874.9	2054.4	14595.7
48782	1854.1	2051.8	14382.0
4203	1864.9	2071.6	14043.4
77685	1852.6	2056.2	14195.7
80938	1863.7	2057.6	14224.4
47257	1860.8	2068.8	14417.2
64750	1855.0	2059.2	14125.7
83945	1879.4	2092.9	14716.8
73951	1863.9	2036.6	14447.0
45118	1869.8	2046.7	14484.7
2333	1843.0	1997.1	13880.9
24212	1840.7	2015.5	13725.3
84395	1860.4	2030.9	14000.1
77268	1853.2	2005.1	14023.8
93468	1856.0	2049.0	14157.0
60297	1864.6	2096.3	14353.8
86399	1862.1	2067.6	14315.4
41434	1853.4	2074.2	14277.6
56394	1868.6	2041.7	14133.8
65341	1863.7	2104.3	14343.9
20109	1853.5	2048.8	13890.5
28348	1861.6	2035.3	14157.9
3000	1848.6	2030.4	13853.6
90885	1867.3	2099.6	14454.8
71659	1864.6	2097.5	14838.7
56437	1873.3	2106.5	14532.2
5797	1859.9	2094.9	14516.5
30930	1857.0	2059.4	13950.6
64035	1859.7	2067.9	14131.5
32652	1856.3	2047.5	14301.6
32541	1860.4	2102.4	14652.7
20803	1849.3	2026.6	14017.7
18539	1852.9	2006.8	14491.5
62033	1856.5	2102.9	14498.5
60725	1874.3	2124.3	14749.1
94897	1856.7	2109.4	14547.2
52909	1873.6	2173.1	15347.5
66914	1849.0	2037.2	14376.1
77024	1848.3	2019.6	13818.6
13410	1850.1	2058.0	14090.7
17394	1860.8	2071.1	14170.3
29099	1864.2	2091.7	14613.5
18550	1849.8	2063.1	14120.2
8842	1851.7	2080.7	14489.0
80678	1859.8	2057.7	14232.0
42551	1862.4	2066.2	14241.2
75422	1866.5	2088.9	14761.2
61316	1855.4	2029.3	13968.2
55537	1851.7	2044.4	13893.5
56641	1858.7	2131.1	14626.8
50057	1849.4	2082.5	14340.6
33163	1853.0	2043.9	14052.7
44113	1867.7	2045.5	14306.3
43080	1872.5	2080.4	14820.8
69052	1860.5	2029.1	14099.6
13624	1862.8	2088.9	14472.5
60411	1848.2	2055.7	13981.7
74415	1837.7	1981.4	13847.0
4128	1876.6	2112.7	14652.5
51559	1867.7	2094.9	14380.3
32848	1852.8	2061.2	14482.4
42389	1842.2	2045.7	14055.2
79639	1859.7	2099.4	14705.0
11227	1861.1	2075.5	14181.0
87132	1845.2	2076.2	14159.2
43208	1867.2	2098.5	14381.0
16795	1855.7	2023.8	14016.3
91724	1861.5	2075.4	14236.9
66012	1857.8	2084.5	14402.8
50378	1864.2	2057.7	14408.5
16449	1875.3	2117.5	14822.7
91950	1872.8	2134.1	15065.6
6262	1861.5	2112.2	14526.9
31751	1879.0	2082.5	14449.3
79437	1866.5	2083.2	14643.7
89728	1855.6	2089.8	14220.6
70607	1870.4	2074.5	14524.4
26981	1871.8	2133.4	14781.3
61350	1865.2	2068.6	14372.1
94714	1864.6	2049.6	14261.0
17661	1863.5	2143.2	14351.8
66661	1851.6	2055.7	14057.8
34772	1858.8	2028.5	14104.7
16456	1861.2	2056.6	14142.6
51232	1860.6	2018.4	14052.5
90543	1856.4	2036.0	14067.5
66451	1875.1	2117.2	14686.1
94498	1840.7	2002.6	13658.9
72393	1852.1	2028.9	13834.4
93819	1858.1	2065.9	14116.9
37322	1863.5	2079.7	14294.1
76658	1840.8	2060.4	14954.2
22812	1855.4	2057.4	14166.5
15471	1854.5	2041.3	14135.4
77956	1858.5	2076.1	14206.2
52134	1861.8	2019.2	13836.9
86510	1851.0	2084.0	14289.2
80286	1867.0	2106.2	14561.9
92982	1866.3	2028.8	14427.8
83216	1862.7	2107.2	14248.6
72599	1855.6	2051.5	14005.5
71207	1866.5	2138.1	14755.5
9530	1863.1	2092.1	14306.1
19873	1874.8	2078.3	14436.5
39340	1856.8	2030.9	13942.6
80283	1843.8	2057.2	13733.9
43882	1840.3	2021.9	13740.4
77567	1887.6	2134.1	14935.3
72954	1859.9	2092.9	14414.0
32131	1854.3	2073.9	14706.8
57613	1846.4	2076.1	14230.0
61371	1854.9	2035.7	13968.9
66156	1852.5	2052.3	13920.0
91961	1868.7	2097.8	14628.4
21146	1879.7	2097.1	14553.3
2350	1849.3	2078.9	14214.8
89093	1857.0	2067.2	14153.9
15976	1866.6	2086.9	14332.7
31505	1861.2	2078.0	14411.0
42465	1856.6	2046.3	14124.5
72832	1846.1	2038.4	13771.8
56267	1852.1	2091.4	14288.1
31207	1867.6	2063.2	14497.5
37793	1856.2	2030.8	13914.0
69552	1867.0	2083.8	14523.6
61366	1864.5	2085.5	14269.5
71482	1880.2	2108.2	14753.8
53447	1854.1	2005.5	14071.2
88808	1857.3	2114.9	14654.9
12430	1856.3	2068.3	14158.8
55698	1848.4	2067.7	14357.5
90580	1853.9	2024.8	14175.9
37152	1854.8	2031.7	13928.8
62964	1883.8	2113.0	14996.4
66112	1857.1	2040.3	14453.8
13263	1863.1	2060.1	14378.1
88881	1884.7	2141.2	14874.3
9674	1856.6	2077.7	14170.9
16550	1867.9	2096.1	14729.8
32203	1864.4	2101.0	14778.1
91626	1873.3	2105.8	14875.0
77883	1856.7	2033.8	14168.0
45172	1855.3	2082.1	14784.1
45661	1842.9	1996.1	13804.7
49514	1868.2	2071.4	14568.2
28750	1863.1	2049.0	14261.0
68030	1867.8	2155.4	16932.0
53579	1867.3	2083.0	14402.0
17213	1864.2	2049.6	14191.5
74097	1864.1	2081.2	14545.8
1952	1850.9	2077.8	14028.6
78327	1857.5	2074.3	14211.2
86742	1862.9	2080.7	14321.6
15314	1850.9	2049.6	14082.3
9605	1866.1	2066.6	14183.1
72218	1862.3	2076.0	14504.2
78489	1868.2	2108.8	14222.2
91935	1856.8	2047.1	14457.6
46523	1859.4	2100.5	14593.0
23388	1866.2	2086.4	14505.1
74171	1852.0	2061.2	14093.7
70504	1863.8	2079.8	14163.3
20992	1865.5	2074.5	14390.5
30695	1876.7	2105.2	14628.5
93040	1857.6	2085.2	14333.7
50677	1855.6	1992.7	14517.1
75928	1848.6	2056.3	14030.1
37014	1858.8	2078.3	14166.0
3114	1854.5	2112.6	14259.1
28407	1854.1	2080.1	14114.7
74556	1867.8	2104.6	14450.8
984	1868.0	2064.4	14243.0
79977	1875.8	2111.9	14946.2
37644	1852.7	2020.0	13952.8
69309	1862.8	2053.4	14249.7
42535	1866.8	2114.9	14664.2
10876	1863.0	2085.5	14420.4
89744	1861.0	2062.3	14043.9
78053	1861.0	2066.3	14470.3
49206	1877.6	2111.8	14750.3
15820	1861.3	2072.6	14125.1
3402	1864.4	2065.0	14207.4
34313	1872.8	2108.5	14552.4
92396	1871.6	2084.9	14500.3
22201	1851.1	2045.3	14223.4
61055	1869.7	2088.0	14470.0
35040	1872.6	2114.3	14525.9
73701	1888.5	2173.2	15387.5
16168	1857.8	2063.3	14284.3
8527	1869.2	2169.1	14895.9
48773	1874.5	2092.0	14597.5
42761	1858.9	2034.3	14199.4
82908	1853.9	2094.1	15300.3
43995	1854.2	2088.9	14021.0
72376	1859.1	2086.8	14520.4
28609	1856.7	2091.6	14230.6
24883	1874.6	2078.2	14400.1
90755	1867.0	2086.5	14149.4
49340	1870.0	2081.6	14532.0
50558	1849.6	2058.2	13921.1
57225	1853.8	2067.5	14135.3
7708	1859.0	2060.9	14248.4
35014	1868.1	2067.6	14361.3
60515	1867.5	2044.7	14700.2
1353	1874.5	2091.6	14544.8
78338	1875.1	2115.6	14929.1
426	1847.1	2046.2	13928.1
31463	1842.5	1983.3	14157.4
58407	1851.3	2046.3	14128.4
8744	1867.7	2127.5	14761.8
78163	1853.8	2059.0	14189.8
23908	1859.2	2062.5	14285.0
87089	1864.9	2077.2	14480.3
7737	1846.9	2003.4	13698.1
74936	1871.1	2083.5	14861.3
50492	1857.1	2040.3	13950.4
44880	1854.6	2054.5	14469.0
58589	1858.8	2047.2	14324.8
287	1846.2	2036.5	14323.2
45916	1864.2	2054.1	14276.4
83110	1854.2	2052.1	14014.4
68534	1855.2	2072.0	14012.2
93812	1857.3	2125.0	14325.0
83554	1878.6	2105.3	14613.4
30627	1852.5	2080.6	14546.2
87609	1869.9	2067.4	14413.5
93657	1872.3	2140.2	14848.5
20696	1866.2	2087.5	14409.5
1697	1878.0	2130.3	14835.1
6876	1852.0	2031.8	14136.0
35186	1870.6	2122.9	14482.4
54581	1870.9	2075.9	14336.8
36610	1853.6	2035.8	13760.9
18838	1863.0	2076.2	14387.8
23976	1862.4	2084.3	14407.9
22868	1866.2	2064.6	14413.3
33981	1848.3	1993.9	13742.4
32897	1851.4	2064.7	13863.0
14338	1855.0	2023.6	14181.9
26469	1851.5	2061.6	13994.3
38723	1879.7	2163.0	15158.8
9405	1850.8	2058.8	13909.5
38752	1858.8	2010.9	14137.4
2177	1865.8	2071.1	14603.8
23869	1856.1	2023.5	14185.3
63948	1860.4	2044.0	13941.1
6119	1863.8	2068.4	14046.6
55472	1848.6	2030.6	14020.5
23767	1863.0	2062.7	14863.5
30377	1860.4	2057.1	14358.1
12566	1857.6	2042.2	14613.8
42787	1866.7	2076.4	14413.6
23341	1874.7	2073.7	14570.9
23003	1851.0	2090.5	14291.6
1807	1869.5	2097.9	14388.7
81438	1856.4	2055.8	13919.0
5773	1863.8	2085.3	14652.3
88275	1855.2	2047.9	13991.9
44929	1835.4	1973.7	13592.2
54429	1859.2	2100.3	14670.0
55046	1865.1	2043.2	14393.8
70923	1859.4	2084.9	14219.9
87686	1867.2	2105.5	14578.2
62021	1847.8	2041.6	14164.0
54475	1875.4	2100.0	15069.8
7439	1860.8	2108.0	14568.9
24696	1858.1	2077.1	14467.5
22942	1855.2	2098.2	14852.9
56257	1862.4	2083.6	14450.4
551	1862.5	2079.7	14458.9
94908	1863.5	2103.8	14618.5
44698	1843.5	1988.9	13522.3
20437	1866.9	2075.4	14674.1
24532	1853.5	2052.3	14258.3
39016	1852.5	2097.5	14383.5
9281	1858.0	1993.6	14122.8
41169	1853.1	2089.1	14382.9
24484	1877.8	2145.1	14883.9
85385	1863.3	2075.8	14422.6
60824	1851.1	2026.0	13953.8
26001	1860.7	2042.3	14058.1
60498	1848.5	2072.7	14204.2
59755	1860.2	2051.0	14218.5
58663	1876.8	2059.1	14506.4
46759	1850.3	2075.2	14156.7
79068	1872.3	2094.8	14665.0
86144	1865.9	2074.1	14599.1
63812	1844.7	2049.5	14006.7
92797	1848.4	2047.7	14531.3
65627	1865.1	2100.0	14867.6
32032	1854.7	2089.5	14263.1
69667	1873.8	2132.4	14752.6
35601	1850.5	2041.7	14077.0
59561	1868.2	2121.4	14694.5
53040	1864.5	2075.4	14352.4
91720	1846.8	2032.7	13923.5
87116	1853.2	2060.3	13934.9
20821	1851.5	2033.5	14232.8
88729	1860.9	2074.4	14271.6
88436	1859.3	2033.6	14118.2
74237	1874.8	2119.2	14425.5
20237	1860.9	2058.4	14407.5
12243	1869.5	2094.5	14327.5
33226	1866.9	2083.8	14769.8
10519	1861.5	2028.7	14221.6
18177	1864.7	2108.7	14679.7
14620	1856.0	2054.0	14349.0
76611	1884.2	2096.4	14709.0
80474	1863.3	2076.1	14470.5
85444	1859.0	2033.9	14133.9
21244	1841.0	2052.2	13974.1
63054	1846.3	2050.2	14006.7
55203	1880.0	2089.9	14869.4
25617	1872.0	2093.2	14740.2
18723	1849.8	2003.6	13925.4
85277	1863.7	2136.2	14856.3
18637	1851.3	2094.8	14396.9
53147	1858.9	2048.0	13808.7
78086	1863.9	2071.4	14871.5
60157	1847.4	2018.4	14001.0
4452	1851.9	2035.9	14174.2
92266	1860.1	2067.2	14078.6
6387	1866.9	2042.9	14331.7
81316	1868.4	2059.4	14190.3
32291	1869.7	2125.7	14649.4
44399	1867.9	2110.5	14548.8
8226	1869.8	2110.6	14928.8
94184	1850.6	2005.3	13878.7
13213	1860.7	2110.2	14385.5
63447	1858.1	2093.2	14293.8
4811	1856.3	2048.2	14133.8
66986	1841.7	2066.3	14063.9
91026	1864.0	2042.8	14259.7
80583	1850.3	2081.3	14304.2
2682	1862.3	2065.9	14281.1
26979	1838.4	2014.0	13714.9
25056	1865.6	2086.5	15012.5
32968	1862.2	2124.4	14439.6
24095	1850.5	2108.7	14193.3
60438	1867.9	2137.2	14682.7
60008	1851.2	2077.2	14127.7
52746	1863.9	2072.4	14768.5
20986	1860.2	2078.6	14646.3
64218	1851.7	1992.8	13874.9
70485	1856.4	2017.7	13884.3
54490	1853.8	2067.7	14219.9
24837	1866.1	2037.8	14206.2
33469	1853.6	2042.4	14244.1
33976	1864.5	2106.1	14275.1
30770	1851.7	2058.5	14253.4
85470	1860.4	2043.0	14285.5
28016	1844.3	2050.4	14081.1
88002	1873.9	2090.6	15008.9
49314	1843.8	2004.3	14253.3
84685	1858.5	2030.4	14052.1
75582	1868.3	2069.1	14325.9
45402	1857.4	2097.6	14244.5
70859	1849.7	2054.9	14337.9
6521	1859.2	2101.6	14447.4
31831	1856.3	2010.7	13972.0
46496	1863.9	2039.3	14304.6
65606	1864.7	2052.1	14301.8
6480	1858.9	2061.2	14312.5
51366	1852.3	2031.9	14044.9
19588	1860.7	2057.9	14561.6
3739	1863.2	2098.1	14556.8
77823	1855.6	2020.6	13905.1
40160	1854.7	2066.4	14240.3
20568	1864.7	2117.6	14364.9
68012	1868.1	2072.9	14317.4
37881	1853.0	2039.2	14090.4
19164	1845.3	2054.7	14124.8
11982	1863.3	2125.2	14691.3
3600	1871.3	2077.6	14645.5
28711	1865.1	2112.5	14349.8
13027	1865.7	2056.5	14327.0
28503	1858.1	2063.1	14555.5
85526	1867.9	2113.7	14769.5
92712	1865.8	2123.6	14308.6
49808	1874.7	2090.9	14355.8
73139	1872.6	2075.1	14328.1
92674	1853.5	2062.9	14480.7
76285	1866.1	2096.2	14439.7
77699	1884.7	2144.8	15952.1
93189	1850.2	2030.4	13927.3
80855	1849.1	2046.4	13746.9
51279	1857.3	2114.5	14155.0
28315	1868.4	2098.8	14714.1
70398	1867.6	2116.5	14634.6
91688	1862.8	2078.8	14470.2
42941	1861.5	2047.0	14080.0
44001	1867.3	2088.6	14616.5
92283	1864.3	2050.2	14244.3
74002	1863.0	2022.6	14059.7
72088	1858.6	2043.2	14330.2
27143	1853.9	2105.1	13966.3
75990	1860.4	2051.8	14347.6
93183	1845.7	2036.7	14009.3
28607	1862.4	2034.6	14089.8
53108	1848.3	2026.4	13963.5
25581	1874.8	2105.3	14748.4
13250	1850.8	2023.2	13739.2
36469	1847.9	2076.2	14089.9
93587	1848.5	2044.6	13834.9
12754	1859.8	2063.7	14407.8
18599	1882.9	2064.8	14711.5
88836	1860.4	2103.0	14353.8
61615	1855.2	2021.1	14127.1
27830	1851.7	2054.4	14053.3
42565	1856.9	2021.0	13823.6
90669	1865.7	2078.6	14284.6
9105	1877.4	2156.6	14927.8
25970	1861.7	2095.0	14381.9
57989	1867.0	2077.0	14578.8
65581	1859.5	2089.9	14210.2
27344	1850.3	2043.7	14050.5
2422	1866.6	2065.9	14566.8
82841	1856.2	2080.7	14795.2
68992	1861.8	2034.2	13986.2
48790	1861.5	2063.6	14046.7
69882	1847.5	1976.2	13658.8
1244	1863.6	2061.4	15296.9
67033	1866.8	2051.5	14263.4
63635	1875.1	2089.3	14370.3
53401	1872.0	2101.9	14623.3
34673	1860.1	2022.5	14102.2
50826	1844.6	2005.1	13774.4
32248	1854.8	2011.8	14033.7
71685	1844.5	2048.3	14095.5
5997	1851.4	2103.5	14299.6
31479	1864.6	2089.4	14288.0
65207	1874.2	2128.7	14676.5
87247	1854.3	2051.2	14377.9
38605	1874.4	2098.0	14589.1
21110	1874.6	2095.5	14614.1
61662	1853.7	2033.5	13906.5
23536	1851.7	2112.7	14451.0
9504	1865.5	2040.2	14205.1
11895	1866.6	2067.2	14184.2
5338	1872.3	2127.1	14592.7
29230	1860.8	2060.5	14156.7
18245	1845.5	2027.4	13873.8
13073	1868.6	2091.9	14477.8
53190	1865.8	2116.9	14564.4
44093	1872.0	2067.4	14377.4
23072	1857.7	2076.6	14244.2
70480	1869.6	2083.1	14308.4
41820	1857.2	2045.8	14099.8
66725	1850.0	2031.1	13844.2
56970	1887.1	2145.6	14870.6
17370	1870.0	2122.9	14547.0
48188	1844.9	2036.9	14027.9
60309	1853.7	2045.7	14051.0
87683	1858.5	2091.3	14406.4
53585	1872.8	2116.3	14595.7
68700	1858.9	2069.0	14343.9
4992	1853.8	2039.9	13903.7
12208	1853.3	2073.8	14147.0
94294	1852.1	2026.2	14029.7
47774	1865.8	2116.1	14752.9
35289	1868.1	2080.1	14649.7
30629	1854.2	2053.9	14154.5
79848	1864.6	2079.1	14072.0
55112	1853.8	2056.1	13952.3
70796	1869.6	2116.6	14820.3
1060	1858.6	2021.0	14755.0
76504	1856.1	2005.1	13907.4
9908	1866.3	2127.5	14496.3
28344	1852.9	2061.2	14165.0
33786	1857.7	1969.0	13959.1
81831	1861.8	2059.2	14348.0
13365	1857.5	2062.5	14020.9
93186	1866.1	2117.0	14770.3
41925	1857.2	2078.9	14771.4
63493	1857.3	2061.4	14045.9
56891	1864.8	2088.7	14618.5
52018	1863.2	2071.3	14212.8
70243	1860.4	2084.2	14774.9
60067	1878.8	2119.5	14723.7
15965	1852.5	2034.6	13981.9
93380	1851.8	2029.1	14121.9
4239	1841.6	2030.0	13752.7
94916	1888.3	2127.0	14870.1
55047	1865.8	2068.6	14387.5
20858	1865.0	2049.0	14409.4
58780	1857.4	2083.2	14839.5
79902	1855.5	2066.6	14010.8
45551	1871.4	2123.2	14393.9
93060	1871.4	2150.4	14773.6
2575	1888.2	2089.8	14676.5
1928	1842.9	1998.9	13669.1
50143	1856.7	2060.9	14064.7
15359	1863.0	2094.6	14240.8
35086	1844.0	2014.8	13449.3
80687	1864.3	2080.2	14405.5
60336	1859.8	2061.2	14132.2
46955	1871.1	2112.0	14510.5
82191	1861.0	2096.6	14280.0
84184	1865.5	2034.4	14348.0
72037	1855.9	2034.1	14004.9
12894	1856.0	2078.1	14563.7
34613	1859.0	2036.7	13910.9
84852	1859.2	2096.6	14075.5
28687	1856.4	2072.6	14046.4
87626	1874.0	2071.0	14685.9
57256	1863.1	2062.3	14421.5
53175	1857.8	2085.9	14087.3
4587	1844.3	2039.1	13944.1
23396	1860.4	2067.3	14220.6
30722	1868.8	2091.6	14790.0
72108	1859.0	2053.7	14376.6
59193	1861.3	2048.1	14228.2
86001	1857.0	2044.3	14173.3
93093	1864.6	2054.1	14357.6
24362	1862.4	2072.0	14238.3
73580	1860.4	2114.1	14641.1
10286	1868.1	2105.1	15218.8
5519	1863.3	2050.2	14681.0
14494	1858.8	2077.2	14446.9
20265	1860.3	2076.1	14699.8
17803	1857.1	2044.8	14207.3
64013	1855.2	2045.1	14077.0
9086	1845.8	2024.9	13955.7
44649	1861.8	2048.0	14227.5
61468	1845.1	2030.4	13951.8
58842	1868.8	2080.3	14819.2
75209	1857.4	2075.7	14029.8
32520	1858.5	2116.9	14435.7
69771	1852.7	2022.4	14065.2
43406	1867.6	2078.8	14446.8
94661	1846.0	2026.4	13831.2
45864	1857.7	2059.4	14241.2
68601	1853.3	2069.0	14309.8
23490	1858.4	2076.0	14232.5
41285	1856.3	2045.6	14147.5
73497	1857.3	2054.0	14077.5
64601	1836.5	1998.5	13617.0
33510	1869.9	2113.3	14995.8
30605	1874.5	2109.9	14952.3
15138	1852.6	2023.1	14085.3
45061	1862.1	2068.5	14378.4
25986	1876.1	2118.2	14606.1
66826	1857.4	2075.3	14212.5
55141	1864.4	2070.8	14517.8
46575	1856.9	2051.2	14121.7
39161	1853.3	2023.2	13927.3
92443	1864.6	2104.9	14513.4
77000	1854.5	2049.8	14020.1
33493	1850.5	2108.6	14148.7
49161	1869.7	2121.2	14319.6
73320	1857.6	2052.2	13962.1
35467	1850.2	2044.1	13726.6
23739	1868.9	2093.5	14485.6
5733	1853.3	2074.0	13957.1
80773	1867.9	2057.1	14218.6
69598	1851.8	2021.2	13975.0
43238	1860.3	2056.6	14187.6
2228	1868.1	2111.5	15051.2
58511	1866.6	2078.4	14452.1
93453	1857.4	2066.2	14026.0
86777	1840.9	2035.8	13894.2
48718	1863.3	2063.8	14188.6
94610	1876.2	2139.1	14482.6
7789	1854.4	2093.9	14052.9
69580	1862.1	2044.0	14106.7
44354	1874.8	2106.8	14623.6
49264	1868.7	2088.0	14482.1
64706	1860.9	2024.1	14167.2
55530	1859.6	2043.9	14305.8
90531	1848.9	2039.1	14226.3
40320	1856.2	2029.9	14292.5
94082	1856.9	2026.4	14289.1
93402	1857.6	2041.1	14244.8
62332	1854.0	1992.0	13910.0
46323	1855.1	2085.2	14205.2
51437	1863.5	2045.5	14328.5
81634	1854.3	2024.1	14361.4
72833	1858.5	2057.7	14127.6
70709	1856.4	2086.9	14488.3
63404	1868.3	2054.6	14400.2
25459	1876.3	2113.8	15182.7
47646	1850.1	2064.7	13954.9
85305	1862.5	2113.4	14503.1
10983	1862.4	2061.0	14477.2
6052	1858.7	2021.8	14323.3
11487	1865.4	2092.4	14444.8
57369	1857.2	2084.7	14193.4
30821	1857.2	2033.8	14252.4
84214	1865.6	2090.8	14182.3
64815	1860.4	2082.7	14361.7
23183	1854.6	2061.5	14366.7
18786	1859.1	2028.2	14549.6
64593	1858.8	2071.6	14281.8
3394	1855.3	2059.6	14133.1
72670	1839.0	2006.6	13680.2
22884	1870.3	2068.5	14471.5
70817	1858.8	2039.8	14153.1
12651	1854.2	2072.1	14285.5
69801	1851.7	2077.9	14055.2
82040	1846.8	1995.2	13759.4
51369	1845.4	2030.8	13949.3
92117	1849.7	1997.7	13779.0
24487	1860.5	2053.8	14342.1
27923	1883.2	2120.9	14993.1
86094	1864.5	2078.8	14453.5
62315	1835.5	1994.6	13506.5
85319	1856.4	2062.7	14189.6
85281	1851.8	2018.9	13834.9
25088	1848.5	2050.0	13895.3
52938	1863.1	2049.5	14565.4
60643	1849.1	2030.9	13877.3
8389	1870.7	2099.3	14931.2
35541	1865.6	2063.4	14485.9
55929	1845.6	2062.6	14088.5
52578	1854.9	2068.8	14203.6
69827	1868.5	2115.1	14527.3
220	1876.4	2063.4	14578.4
81459	1869.4	2093.1	14470.9
23041	1858.2	2037.0	13891.5
80419	1864.6	2114.4	14570.7
27208	1851.1	2036.6	14133.3
50509	1873.5	2112.1	14463.7
85208	1870.1	2082.4	14503.9
51290	1857.9	2024.6	14156.2
86920	1858.9	2048.7	14656.2
4159	1851.4	2065.3	14097.0
76993	1866.6	2058.5	14059.0
59084	1850.8	2052.9	14212.1
8059	1857.6	2034.7	13982.0
46074	1871.8	2093.8	14416.6
53624	1856.1	2063.7	14153.1
89972	1861.8	2072.7	14373.2
22298	1874.0	2043.5	14384.4
23546	1867.9	2117.5	14945.1
51627	1862.3	2034.3	13907.9
10294	1847.0	2071.2	14064.5
90006	1848.2	2039.3	14074.8
37788	1860.2	2065.1	14224.9
71896	1862.3	2077.9	14263.6
19459	1860.1	2064.0	14303.3
19180	1871.1	2123.7	14778.5
87834	1855.1	2048.7	14245.8
35051	1865.1	2066.5	14253.4
27784	1856.2	2074.0	14046.9
73419	1865.8	2029.3	14255.5
58674	1854.3	2051.2	14077.9
19955	1863.0	2072.4	14423.9
51839	1867.1	2074.8	14554.5
52751	1851.8	2053.1	14177.6
91162	1856.0	2073.6	14382.2
52255	1845.9	2022.2	13929.9
18417	1869.5	2052.7	14228.8
18032	1863.3	2086.8	14618.0
65086	1850.3	2044.5	14146.4
83203	1865.4	2043.2	14410.7
75230	1850.5	2064.8	13888.3
46697	1874.0	2090.0	14419.9
89874	1862.0	2047.3	14166.4
17992	1845.2	2010.3	13889.0
87133	1877.1	2123.3	14923.1
15045	1861.2	2107.5	14510.5
5473	1850.7	2066.2	13998.8
23365	1857.5	2065.0	14193.2
42446	1832.6	2039.9	13775.6
38547	1860.8	2059.1	14382.3
88745	1852.2	2084.1	14204.3
69166	1849.6	2028.8	14141.0
82892	1842.4	2056.5	13785.9
17044	1860.1	2092.9	14528.1
62496	1864.3	2087.9	14529.3
39685	1860.6	2095.8	14482.4
2541	1852.4	2030.1	14060.9
83002	1867.1	2084.5	14485.0
67145	1858.5	2078.6	14330.2
80661	1874.8	2121.1	14900.4
51224	1864.0	2098.1	14509.4
24873	1872.9	2123.6	14811.9
7165	1855.4	2069.4	14035.9
33716	1876.4	2055.5	14472.6
21553	1860.9	2054.0	14252.0
39959	1868.2	2074.8	14245.5
28400	1886.0	2132.3	14925.1
17264	1843.3	2071.1	14007.2
36789	1859.6	2051.4	14184.4
56813	1860.8	2023.9	14027.3
30803	1864.8	2067.5	14287.6
54572	1862.8	2097.4	14318.8
73696	1863.2	2106.7	14538.4
8557	1857.6	2101.2	14457.9
51184	1855.9	2086.7	14133.8
71112	1854.2	2067.9	13972.4
72716	1849.8	2045.0	13921.8
87303	1860.4	2069.8	14725.7
35819	1862.9	2079.0	14271.9
10546	1873.0	2134.3	15083.8
53264	1866.7	2070.2	14468.9
25610	1866.7	2021.1	14216.4
14226	1869.5	2079.0	14743.3
86720	1850.3	2060.1	14270.3
59750	1868.8	2055.9	14405.9
80652	1863.5	2049.9	14196.5
39370	1862.2	2016.7	14207.1
83802	1871.1	2083.6	14579.8
20822	1856.2	2111.7	14300.4
79154	1860.9	2100.6	14108.2
44449	1860.0	2046.3	14496.9
57543	1853.9	2075.8	14201.1
91205	1870.0	2061.1	14444.2
61403	1876.3	2064.7	14459.4
91487	1872.5	2098.0	14732.7
62691	1851.5	2056.3	14073.2
73063	1849.7	2036.8	13786.6
70433	1862.5	2053.3	14337.6
90225	1865.0	2079.5	14260.3
15531	1846.3	2024.0	13785.3
31814	1859.2	2041.9	14042.4
88424	1859.5	2068.3	14198.3
59522	1859.4	2024.4	14020.8
5147	1846.7	2028.9	14069.5
39006	1851.7	2090.3	14403.8
71322	1869.3	2062.9	14419.8
23404	1876.9	2086.6	14393.4
78655	1854.6	2057.9	14303.8
49122	1864.4	2032.0	14099.3
2757	1841.9	2059.5	14013.8
40294	1848.8	2085.2	14072.1
37766	1858.8	2075.3	14516.4
91983	1859.1	2083.2	14457.9
78903	1849.3	2052.6	14223.7
75354	1842.4	2016.7	13892.5
31330	1845.3	2024.1	13930.2
44162	1884.5	2129.2	14801.6
84256	1864.8	2054.8	14362.4
86641	1865.6	2101.5	14251.6
54567	1854.4	2021.7	13987.9
36672	1867.2	2090.9	14477.9
34878	1855.2	2049.9	14134.4
34559	1860.6	2054.9	14145.1
75514	1870.1	2073.5	14697.1
13833	1864.3	2079.4	14477.0
46959	1859.6	2038.6	14185.3
26635	1854.4	2031.2	14089.6
40371	1869.3	2082.1	15096.6
91861	1850.7	2028.6	14198.9
1674	1853.4	1963.1	13671.4
48047	1851.6	2014.2	13918.5
9243	1861.2	2079.2	14384.0
90712	1843.0	2058.8	13899.0
47822	1863.3	2069.2	15076.7
6854	1854.4	2035.0	14116.2
13105	1855.5	2031.7	14069.0
9507	1876.0	2143.3	15251.3
90436	1851.3	2027.3	13807.0
51832	1866.1	2052.1	14253.6
41782	1848.3	2042.5	14006.5
10851	1859.5	2131.4	14230.1
81790	1864.2	2075.9	14490.9
31225	1856.2	2077.3	14124.8
14741	1858.0	2076.1	14188.0
76065	1842.3	2028.0	13810.0
14331	1843.6	2051.8	14478.0
88710	1872.9	2082.5	14600.9
6645	1852.5	2073.0	14183.7
80716	1856.8	2102.4	14485.2
76263	1858.8	2087.3	14227.5
53814	1860.7	2070.0	14544.2
93781	1878.8	2105.4	14524.9
38981	1858.2	2100.4	14199.0
50241	1861.5	2068.4	14408.5
48031	1854.4	2046.0	14031.0
56132	1867.6	2069.3	14481.3
63605	1849.4	2030.8	13906.8
14213	1860.8	2090.6	14500.5
88994	1861.5	2078.2	14298.7
41576	1861.2	2095.5	14625.0
62020	1863.3	2091.8	14456.7
66939	1867.3	2088.4	14317.6
5014	1856.6	2052.4	14702.5
82326	1850.0	2028.2	14122.7
49717	1847.7	1988.5	13711.6
28048	1854.0	2038.1	14095.2
37896	1862.0	2083.2	14412.4
84662	1864.0	2074.6	14650.0
73622	1850.9	2020.1	14276.4
15133	1865.5	2068.0	14661.1
46478	1872.3	2075.2	14683.0
23726	1865.8	2076.3	14646.1
57934	1862.2	2072.7	14442.0
65875	1853.2	2085.3	14575.9
50742	1857.1	2010.5	14110.5
42345	1859.6	2074.9	14226.1
25265	1841.8	2020.5	13947.1
27259	1852.8	2071.4	14316.5
40907	1857.8	2030.8	14008.6
73619	1852.2	2038.6	14057.8
14765	1867.5	2046.7	14320.0
70527	1844.1	2035.0	13876.7
28903	1852.8	2078.0	14291.2
66506	1856.7	2019.2	14131.5
92068	1851.4	2034.2	13995.7
44141	1848.5	2062.0	14065.2
69472	1855.1	2112.1	14570.6
26669	1877.8	2132.4	15381.3
70803	1858.0	2069.6	14428.5
94922	1858.3	2116.6	14382.0
35262	1861.3	2019.3	14203.6
27791	1860.8	2031.9	14111.2
41474	1857.3	2045.2	14092.9
85821	1871.2	2088.0	14578.5
53694	1879.0	2080.2	14726.9
37439	1868.4	2055.5	14374.4
63768	1849.2	2061.0	13985.6
48073	1859.5	2077.3	14322.9
53392	1846.3	2012.0	13787.2
61418	1867.5	2093.4	14495.6
49211	1869.7	2047.8	14591.6
48363	1858.5	2080.6	14446.0
80587	1845.6	1968.4	13638.0
9965	1864.9	2082.2	14653.5
25275	1868.8	2076.7	14369.5
66015	1880.7	2113.1	14911.3
41639	1865.1	2056.8	15240.1
10114	1851.8	2066.5	14306.9
87070	1846.1	2033.2	14025.1
88341	1862.9	2086.5	14526.4
69492	1859.8	2035.4	13972.8
12691	1850.6	2041.2	13850.8
60522	1847.0	1991.1	13848.3
75647	1863.9	2065.3	14412.7
82099	1849.9	2005.0	14010.2
28057	1855.8	2066.8	14113.5
29002	1868.6	2090.4	14364.2
11514	1873.5	2070.0	15036.9
28838	1872.7	2027.1	14232.1
1790	1838.1	2022.6	13633.4
54312	1881.8	2057.6	14296.0
55178	1868.1	2048.9	14186.8
17490	1852.8	2045.6	14379.7
17431	1866.1	2033.1	14264.7
49088	1857.1	2028.0	14251.3
11942	1864.2	2039.6	14453.0
65628	1851.0	2055.6	13942.7
22849	1856.6	2069.7	14244.6
67073	1856.8	2020.8	14482.4
89317	1853.0	2056.7	14280.4
