29648	1526.1	1768.6	8550.3
21766	1530.4	1827.2	8736.8
6251	1521.7	1782.0	8489.2
11807	1510.1	1758.0	8379.5
44499	1514.8	1766.9	8555.5
20955	1497.8	1774.5	8176.8
16236	1506.3	1718.7	8202.7
12448	1508.5	1731.6	8236.5
35877	1498.9	1699.0	7994.9
6004	1514.1	1767.9	8355.9
19887	1528.3	1821.7	8693.4
20523	1503.1	1734.7	8144.8
47347	1498.7	1738.3	8144.5
5684	1514.0	1760.5	8685.0
40586	1517.1	1717.2	8324.3
8419	1509.4	1762.2	8644.5
40078	1503.2	1754.6	8415.1
48025	1491.2	1693.5	8001.7
11445	1512.4	1782.7	8442.9
49525	1511.5	1724.5	8353.5
26941	1521.7	1767.7	8429.9
47339	1511.1	1776.2	8406.8
38016	1510.2	1707.7	8304.0
49217	1513.1	1763.7	8475.2
43664	1509.9	1734.1	8290.6
16163	1517.1	1766.1	8542.0
13776	1514.3	1779.3	8457.7
35456	1518.0	1742.2	8409.0
24505	1508.4	1776.6	8323.2
46859	1515.5	1704.7	8285.9
20072	1518.2	1755.7	8510.2
27080	1522.4	1773.5	8570.3
12043	1518.0	1778.9	8613.5
5765	1514.2	1816.7	8773.7
32583	1522.5	1747.9	8356.3
8342	1525.7	1763.8	8566.0
4809	1506.9	1735.5	8153.0
15480	1504.0	1719.1	8217.6
49368	1515.2	1720.4	8565.7
2886	1517.3	1796.9	8435.8
44035	1514.5	1758.9	8264.1
28543	1519.1	1790.4	8612.9
1684	1503.5	1743.2	8246.4
16614	1512.8	1725.9	8373.1
16037	1515.8	1772.9	8431.7
28951	1517.7	1778.6	8553.1
48868	1505.2	1711.2	8221.2
12361	1499.5	1692.8	8105.8
28455	1507.5	1764.8	8421.4
25128	1528.6	1789.8	8646.1
27684	1513.1	1718.9	8326.7
25243	1516.2	1779.6	8728.3
49577	1518.7	1782.0	8339.6
28607	1513.2	1786.2	8413.2
34561	1510.4	1752.0	8489.9
47909	1520.7	1737.1	8873.3
12552	1511.5	1747.0	8292.6
1408	1518.5	1794.9	8678.2
46410	1508.4	1736.2	8337.8
24621	1502.5	1736.0	8219.8
41787	1508.3	1789.5	8512.0
21242	1506.0	1717.4	8169.1
11064	1511.9	1775.5	8454.2
29741	1507.3	1762.0	8401.9
34095	1504.2	1727.4	8296.9
2281	1518.7	1759.9	8569.3
2407	1523.4	1720.3	8447.1
16615	1520.5	1749.4	8437.3
15618	1507.5	1716.7	8196.5
13669	1510.9	1734.5	8325.6
2249	1520.7	1743.0	8666.9
141	1516.5	1770.2	8367.9
5466	1508.1	1776.5	8267.8
3281	1519.2	1758.1	8725.3
37454	1511.2	1736.7	8326.1
37013	1515.8	1742.0	8360.5
42438	1522.9	1782.8	8559.2
15544	1507.2	1707.6	8221.9
48779	1509.5	1743.9	8456.0
41261	1511.4	1726.4	8300.1
28438	1518.0	1732.6	8519.4
30997	1517.7	1740.9	8506.7
14805	1512.0	1785.1	8459.5
8842	1510.7	1780.1	8508.6
17065	1511.6	1753.4	8377.2
15774	1507.4	1752.7	8319.7
22319	1516.9	1772.1	8487.1
44789	1516.8	1729.4	8309.6
42092	1514.8	1806.5	8512.7
20772	1525.3	1769.6	8562.9
20790	1512.3	1738.1	8275.2
42285	1498.5	1695.9	7995.6
37233	1528.6	1816.8	8864.8
40868	1519.3	1796.6	8549.3
14559	1499.2	1748.7	8260.9
13383	1495.0	1703.4	8032.4
7787	1532.9	1823.6	8607.9
49460	1507.1	1707.2	8215.6
35249	1501.2	1717.1	8211.6
42619	1525.3	1710.0	8295.4
21127	1517.6	1752.5	8534.0
9206	1508.1	1777.2	8321.7
3449	1514.0	1821.0	8878.1
30748	1522.5	1798.0	8499.0
24523	1513.5	1732.9	8518.4
8912	1510.9	1834.0	8859.5
29220	1519.5	1743.9	8437.0
8267	1511.4	1747.9	8408.0
13730	1506.3	1706.8	8237.6
23793	1505.7	1704.2	8237.0
8935	1518.6	1758.1	8582.3
29908	1502.6	1742.5	8256.1
24143	1532.1	1841.9	8699.7
32000	1517.9	1787.2	8670.5
6465	1516.4	1767.8	8461.8
10993	1517.4	1842.7	8596.2
27180	1519.8	1744.0	8612.3
46142	1500.4	1714.2	8261.5
37158	1510.5	1736.4	8316.8
25396	1519.0	1804.5	8814.5
30667	1516.6	1758.5	8334.6
2815	1508.0	1721.6	8244.9
17734	1519.5	1853.9	8635.3
16879	1503.6	1742.7	8315.0
22493	1510.2	1712.8	8280.9
32010	1504.5	1727.6	8315.0
28568	1530.8	1826.2	8880.7
37611	1515.8	1745.3	8389.2
11876	1519.3	1827.0	8722.2
16790	1502.4	1711.4	8169.5
27841	1517.1	1761.3	8517.7
133	1514.1	1752.2	8377.5
5602	1517.7	1756.1	8326.6
22057	1499.5	1716.9	8178.4
10883	1524.7	1762.4	8578.5
16101	1531.4	1846.7	8920.2
29913	1502.1	1738.8	8262.7
34521	1518.7	1762.7	8377.1
31533	1504.1	1715.8	8172.7
32401	1516.3	1772.9	8699.2
40496	1516.6	1738.1	8332.4
19537	1514.5	1758.1	8366.4
4699	1516.3	1763.1	8422.6
1630	1507.0	1714.7	8323.7
2937	1520.4	1747.5	8372.9
5827	1503.1	1755.9	8454.7
30168	1513.6	1754.9	8387.9
23584	1511.0	1699.9	8387.0
34158	1517.8	1807.6	8606.6
28184	1502.5	1698.0	8093.4
44274	1510.6	1799.3	8569.5
27102	1507.8	1723.5	8198.4
30615	1508.9	1711.0	8186.0
43364	1512.3	1751.5	8400.4
12712	1506.6	1759.0	8261.5
22564	1498.7	1721.8	8196.5
28255	1530.1	1720.8	8725.9
32162	1522.0	1785.5	8778.2
12517	1512.5	1767.0	8534.6
22825	1515.7	1786.2	8572.2
6631	1519.6	1755.3	8457.2
48191	1513.5	1734.8	8377.9
23554	1524.0	1787.0	8732.7
47702	1521.0	1770.7	8558.1
18911	1520.5	1780.4	8896.3
35273	1507.1	1712.8	8241.2
651	1524.6	1770.6	8410.8
46890	1519.8	1805.3	8629.6
9288	1512.0	1804.2	8403.1
30910	1507.4	1714.1	8261.7
30005	1515.6	1767.3	8309.5
5161	1494.5	1702.1	8136.3
35988	1514.4	1774.8	8485.9
29827	1505.9	1745.8	8281.6
34148	1503.7	1715.4	8118.0
12147	1504.9	1751.8	8447.4
20474	1523.6	1779.7	8469.0
24069	1523.7	1788.4	8625.1
22974	1511.5	1772.1	8573.7
47773	1528.7	1791.4	8600.9
5113	1523.3	1759.1	8459.2
11568	1514.0	1750.2	8469.4
23213	1513.0	1787.0	8491.3
2200	1519.4	1787.4	8397.0
25738	1513.8	1782.0	8574.8
43299	1522.9	1780.5	8540.8
25229	1510.2	1741.4	8276.6
3272	1517.1	1756.8	8415.1
5104	1516.2	1786.3	8743.6
36139	1512.0	1752.0	8302.0
7760	1508.0	1758.6	8320.9
4158	1527.4	1796.5	8639.6
39638	1524.6	1811.3	8787.7
29586	1506.4	1741.9	8352.6
2996	1514.3	1793.7	8391.3
8280	1513.0	1789.9	8588.3
32344	1505.5	1723.4	8250.2
18445	1516.3	1756.2	8330.5
8152	1528.6	1773.4	8547.7
26824	1507.0	1705.8	8153.8
43939	1511.4	1756.1	8391.7
7156	1508.6	1785.2	8329.8
5189	1523.5	1785.5	8547.9
5980	1512.9	1783.0	8807.2
48409	1512.6	1723.2	8227.9
36055	1509.3	1736.4	8408.3
35430	1500.5	1690.8	8106.3
33791	1507.2	1709.2	8304.9
47968	1521.2	1762.0	8666.3
41702	1513.9	1852.4	8591.2
48111	1523.2	1769.9	8530.9
43061	1508.3	1714.0	8326.6
44103	1504.2	1733.3	8383.5
47802	1516.4	1776.4	8614.2
26131	1514.3	1803.5	8406.4
7188	1517.2	1762.0	8348.0
33209	1512.1	1768.5	8287.1
30144	1513.9	1722.1	8286.1
22879	1509.7	1749.2	8311.2
46804	1518.9	1747.6	8381.0
46288	1513.4	1735.3	8360.0
8721	1505.7	1742.4	8166.7
41686	1507.5	1747.4	8390.4
20838	1490.5	1706.1	8190.2
34930	1522.8	1766.6	8535.3
20526	1498.3	1674.3	8041.5
6355	1504.9	1709.2	8321.4
18428	1517.0	1811.9	8673.1
28524	1508.3	1703.5	8348.1
31241	1501.9	1733.8	8224.9
21413	1518.9	1734.7	8555.1
40961	1509.3	1749.4	8343.7
48966	1503.3	1700.0	8132.6
3786	1526.0	1794.3	8687.9
21479	1510.3	1733.4	8243.8
39153	1518.3	1761.9	8453.6
13548	1507.1	1784.1	8539.4
4746	1513.0	1748.2	8283.7
30519	1530.4	1766.2	9059.5
8209	1516.2	1767.0	8448.4
42390	1512.4	1760.9	8593.6
16870	1531.6	1845.3	8944.3
27625	1501.6	1692.9	8138.8
37867	1525.8	1731.7	8791.1
24020	1516.9	1764.2	8388.0
25297	1509.5	1738.7	8277.1
46828	1514.5	1761.3	8513.8
2064	1514.8	1772.7	8309.5
35372	1513.1	1817.0	8477.0
13353	1534.4	1834.6	9017.5
15134	1505.8	1699.2	8159.7
12144	1520.8	1815.0	8703.0
1191	1505.6	1725.8	8175.6
47388	1509.4	1738.1	8260.2
2216	1518.2	1752.9	8396.3
27233	1511.7	1756.6	8472.5
44561	1516.4	1783.5	8469.2
45391	1524.7	1767.6	8480.2
17993	1504.5	1766.9	8315.0
22283	1508.8	1728.5	8301.7
11528	1502.1	1733.6	8183.0
21089	1511.7	1790.9	8456.2
5773	1528.1	1805.4	9086.0
13849	1515.6	1735.6	8297.8
37700	1516.4	1789.7	8483.5
1067	1519.4	1805.6	8785.7
46324	1515.9	1714.9	8382.8
37239	1503.2	1760.5	8474.2
16071	1507.0	1733.1	8229.6
43393	1514.9	1732.0	8454.7
22121	1510.3	1811.8	8463.8
31136	1509.7	1707.5	8271.4
1762	1507.2	1774.2	8468.2
7858	1520.4	1834.3	8647.7
46939	1516.5	1793.1	8428.1
5630	1506.3	1744.8	8283.5
43478	1528.6	1826.6	8808.9
8872	1504.5	1678.2	8211.7
7681	1513.8	1725.0	8458.2
49086	1518.9	1787.3	8563.7
47288	1528.2	1802.8	8660.5
47099	1501.3	1755.3	8279.2
18114	1507.7	1752.9	8453.4
18727	1518.7	1799.8	8655.8
33964	1521.0	1748.5	8527.7
19262	1512.2	1743.9	8431.6
27830	1524.9	1787.2	8632.2
28907	1508.9	1716.8	8469.5
9298	1516.0	1756.7	8280.3
1906	1518.0	1792.0	8696.5
18835	1518.1	1779.7	8588.2
4496	1502.7	1709.0	8247.7
33451	1511.2	1736.2	8480.5
34643	1505.0	1712.0	8191.2
40219	1504.1	1767.6	8328.4
39314	1505.2	1731.0	8495.3
26618	1517.3	1744.4	8408.1
41112	1520.3	1752.9	8543.4
12436	1519.7	1829.3	8693.1
4495	1510.1	1769.8	8524.1
24506	1500.5	1715.5	8288.2
3253	1533.5	1862.8	8861.2
36317	1508.1	1727.1	8381.1
18356	1517.0	1751.0	8399.8
35653	1500.8	1708.7	8091.9
22873	1497.0	1722.9	8079.8
23438	1499.3	1729.1	8221.2
42119	1514.3	1739.1	8417.1
11885	1508.6	1694.1	8168.4
18216	1515.9	1749.9	8672.8
35787	1513.7	1718.1	8179.9
11324	1514.4	1778.0	8546.9
28208	1507.7	1666.2	8212.2
28593	1504.9	1726.6	8288.6
36612	1511.3	1749.2	8340.2
42110	1527.3	1794.6	8668.7
20366	1513.3	1761.6	8441.0
36500	1509.2	1775.2	8486.9
25298	1519.3	1761.8	8401.7
49674	1514.4	1749.2	8412.0
46020	1511.1	1727.6	8411.1
48770	1524.3	1770.3	8553.0
9178	1518.0	1769.6	8501.6
15960	1510.7	1746.1	8375.0
16786	1511.8	1701.3	8251.6
20427	1511.0	1820.3	8641.3
2436	1506.6	1740.2	8218.2
44818	1521.3	1781.2	8471.0
30640	1513.4	1741.9	8410.4
4997	1519.0	1749.2	8435.3
24920	1511.4	1748.6	8517.1
48288	1501.5	1697.0	8091.1
36719	1519.6	1764.0	8629.3
43262	1507.9	1712.1	8187.0
7536	1500.7	1689.5	8096.9
21471	1521.4	1737.2	8537.0
33431	1500.8	1713.9	8038.9
15531	1522.6	1840.6	9030.8
48417	1513.3	1742.9	8438.0
3642	1504.6	1706.1	8201.7
41832	1515.6	1747.0	8344.9
32725	1512.0	1723.0	8291.2
36257	1513.3	1772.3	8439.0
18678	1518.0	1765.4	8448.5
17707	1510.5	1771.4	8472.6
46297	1512.0	1718.6	8246.4
44609	1513.4	1750.6	8538.8
28072	1506.4	1721.9	8214.6
20843	1511.4	1780.8	8594.4
6051	1503.7	1732.3	8366.8
44025	1513.6	1799.9	8619.2
29311	1523.2	1788.2	8615.7
10527	1505.3	1727.3	8271.7
2798	1507.8	1779.8	8349.9
49268	1511.8	1747.9	8528.9
20385	1515.8	1706.1	8273.4
15239	1510.8	1780.7	8428.7
4348	1519.8	1792.7	8463.4
1319	1504.1	1763.4	8140.7
25193	1505.7	1709.3	8228.8
40068	1506.4	1722.6	8391.1
27104	1500.7	1699.1	8116.3
647	1509.6	1743.0	8285.4
7350	1503.9	1748.2	8268.7
43611	1516.9	1751.4	8557.6
34419	1508.8	1758.9	8288.1
19014	1502.1	1756.9	8335.8
31667	1516.9	1740.9	8564.6
961	1503.9	1747.9	8153.1
44991	1518.4	1741.3	8452.3
25398	1535.6	1794.3	8791.8
41118	1517.4	1747.0	8486.0
34044	1510.2	1737.5	8302.3
30891	1520.6	1768.2	8525.3
32021	1527.1	1809.7	8696.8
33192	1518.5	1771.5	8537.7
16208	1510.1	1750.5	8463.8
21693	1504.8	1740.9	8235.8
23742	1505.0	1737.3	8255.6
1663	1508.8	1728.1	8197.9
5034	1518.6	1766.8	8512.4
31682	1502.3	1722.0	8249.1
46184	1521.6	1830.8	8832.7
33276	1510.6	1757.9	8763.3
17081	1510.7	1735.4	8320.7
47799	1533.2	1815.0	8755.8
45910	1518.8	1749.4	8393.8
34659	1510.3	1796.3	8270.0
35609	1517.8	1779.5	8463.7
30792	1517.6	1749.5	8784.7
23982	1523.7	1754.5	8601.3
34753	1523.3	1775.2	8622.4
2117	1504.8	1713.7	8140.9
19519	1510.5	1724.8	8303.3
18083	1515.1	1771.5	8489.3
37420	1507.3	1763.7	8307.0
44625	1509.8	1736.5	8343.4
5421	1517.4	1802.4	8521.5
49837	1519.2	1750.4	8516.9
5810	1513.5	1800.4	8915.0
9914	1519.5	1734.1	8451.5
9184	1501.1	1737.0	8420.0
21372	1509.2	1787.9	8311.9
32887	1525.3	1796.4	8687.2
4066	1507.6	1778.3	8288.3
1856	1513.9	1792.5	8449.8
20602	1517.2	1686.7	8281.2
22340	1511.6	1761.7	8380.3
39235	1512.4	1703.9	8222.7
40951	1525.5	1782.8	8573.4
24184	1506.2	1743.2	8287.9
2535	1518.9	1780.9	8573.7
5974	1506.9	1753.6	8205.1
7949	1511.6	1782.6	8509.3
2012	1527.7	1808.3	8715.9
44621	1518.9	1748.6	8496.0
15612	1513.7	1738.1	8390.3
19178	1519.8	1692.1	8413.1
43128	1504.4	1727.7	8253.9
40635	1510.3	1757.8	8383.5
9754	1515.9	1792.5	8519.2
21567	1504.2	1696.5	8100.9
27014	1514.1	1743.7	8237.6
43449	1509.8	1739.9	8405.1
8435	1503.4	1749.4	8451.2
42728	1515.7	1746.8	8462.3
33119	1518.3	1821.8	8513.6
47163	1502.2	1774.3	8283.7
37745	1512.3	1790.3	8521.6
45756	1518.3	1800.1	8543.6
44594	1499.5	1691.1	8139.4
37205	1504.8	1693.7	8143.6
18921	1512.4	1753.3	8330.8
562	1533.6	1849.0	8846.4
45127	1520.7	1778.1	8403.6
15980	1512.5	1760.5	8374.3
18241	1500.8	1733.8	8226.5
17378	1527.5	1806.6	8608.7
48603	1517.4	1761.4	8434.6
40982	1513.4	1717.8	8322.8
31000	1528.3	1752.6	8688.6
29931	1516.5	1777.0	8341.9
14779	1523.5	1778.7	8797.7
5379	1495.5	1751.1	8170.2
46832	1516.0	1723.4	8383.8
22317	1512.1	1804.4	8487.4
40610	1510.6	1768.2	8387.8
7580	1530.0	1789.8	8536.8
36321	1514.4	1782.3	8547.8
44653	1514.4	1734.7	8461.5
16643	1520.6	1767.1	8499.2
27057	1507.3	1746.7	8211.8
18836	1508.1	1767.2	8283.0
35605	1519.4	1745.6	8497.9
22558	1517.5	1750.5	8408.9
4370	1520.8	1836.8	8506.5
43880	1521.1	1790.2	8964.4
8677	1518.6	1802.3	8653.4
13604	1518.0	1774.7	8386.7
24672	1519.5	1815.7	8764.5
16016	1513.3	1727.0	8390.7
349	1509.5	1745.4	8361.2
11312	1509.8	1743.1	8198.5
17586	1511.8	1725.0	8421.3
43844	1520.3	1780.8	8420.7
43772	1515.3	1732.7	8289.0
18746	1514.4	1746.5	8298.9
29421	1521.2	1768.1	8568.5
24030	1520.9	1740.6	8391.1
12074	1499.6	1728.6	8212.1
49819	1517.0	1777.6	8529.3
5570	1518.7	1768.3	8511.2
15451	1526.6	1809.5	8700.8
44726	1519.2	1802.5	8484.1
40683	1510.2	1746.6	8542.7
46906	1507.4	1721.2	8300.1
46802	1514.8	1729.3	8483.4
21522	1513.9	1770.1	8322.7
341	1511.7	1751.4	8520.3
17798	1517.2	1733.8	8370.7
35565	1509.4	1775.1	8462.6
3098	1507.9	1728.9	8392.5
43537	1508.2	1680.6	8187.2
1623	1505.4	1742.6	8256.8
21646	1516.7	1816.5	8565.7
35817	1501.9	1735.4	8114.7
38463	1510.7	1791.4	8450.7
1276	1504.4	1751.4	8504.5
23227	1519.8	1774.0	8642.4
16925	1515.8	1745.9	8472.8
18122	1509.1	1758.2	8217.1
14832	1508.1	1754.5	8433.3
48883	1517.2	1748.5	8492.3
6137	1515.1	1722.8	8372.2
23538	1524.3	1774.0	8790.0
25047	1524.1	1801.7	8654.6
11599	1519.1	1784.3	8421.2
26692	1508.6	1724.4	8438.9
45449	1524.6	1746.1	8849.6
19289	1513.5	1740.6	8396.1
11977	1505.5	1765.1	8319.3
42604	1527.5	1786.6	8671.5
6446	1523.6	1776.8	8445.9
26806	1503.7	1749.3	8393.5
7543	1500.1	1688.5	8172.8
43275	1508.5	1760.4	8414.2
27934	1510.6	1783.4	8626.1
31853	1519.9	1780.0	8989.0
17425	1505.6	1720.9	8280.8
46303	1518.5	1770.1	8647.9
4647	1505.1	1760.4	8319.1
27215	1508.3	1770.1	8576.9
28868	1522.8	1753.0	8440.9
12317	1505.9	1727.8	8235.9
25043	1508.6	1787.9	8310.9
38773	1514.5	1754.1	8348.0
14914	1503.4	1755.5	8472.7
44069	1508.0	1789.4	8396.6
49027	1520.4	1773.0	8611.4
43171	1516.1	1773.2	8438.7
20176	1513.6	1756.0	8328.8
31724	1509.2	1775.1	8380.0
27747	1521.3	1796.2	8481.8
36460	1515.7	1726.6	8368.8
25347	1525.1	1826.9	8733.4
13361	1511.7	1765.7	8439.8
37761	1520.8	1777.8	8543.9
12730	1503.9	1714.8	8120.8
10445	1506.3	1758.0	8292.5
46584	1503.7	1708.8	8368.1
38812	1506.6	1783.7	8464.9
14404	1518.0	1730.2	8372.9
17229	1512.0	1786.8	8581.6
21007	1511.8	1754.1	8233.2
32414	1511.0	1752.2	8351.9
31135	1517.7	1779.4	8570.9
6039	1512.8	1750.5	8445.3
21421	1509.5	1772.9	8653.8
31006	1515.7	1766.7	8493.8
6640	1509.4	1722.1	8227.9
4169	1517.9	1812.7	8492.3
31051	1505.0	1725.1	8263.5
23916	1519.0	1761.2	9049.2
46575	1512.3	1733.4	8351.8
37177	1520.9	1741.1	8547.2
10706	1514.8	1812.7	8569.1
3711	1509.7	1800.1	8482.6
49607	1517.9	1755.4	8319.0
49966	1517.7	1784.1	8361.4
40795	1528.4	1768.7	8618.7
28827	1510.4	1705.1	8183.6
17374	1521.0	1815.4	8570.2
30392	1518.6	1848.2	9108.1
22783	1508.3	1730.1	8427.3
19902	1520.2	1795.6	8646.7
35061	1515.1	1828.0	8653.8
6028	1511.0	1776.3	8370.0
43604	1512.1	1699.8	8332.1
7314	1512.7	1752.3	8447.5
37165	1508.3	1732.4	8389.4
21639	1501.4	1735.1	8494.1
3663	1507.9	1742.0	8306.4
25773	1502.5	1753.5	8363.4
9231	1511.9	1779.1	8303.2
4287	1513.7	1784.4	8482.8
44944	1517.4	1753.8	8434.5
4050	1508.6	1753.3	8459.0
48186	1507.7	1707.1	8313.2
5829	1517.9	1785.6	8448.6
30888	1509.6	1732.4	8369.1
7987	1512.4	1761.5	8507.5
8766	1525.4	1808.8	8615.5
38110	1514.8	1753.6	8413.7
33823	1506.9	1708.8	8297.0
39904	1512.6	1754.3	8781.6
39586	1513.8	1726.5	8297.9
44211	1515.2	1746.4	8537.0
8749	1496.3	1753.1	8255.2
25758	1514.9	1726.1	8392.4
15168	1507.3	1758.4	8334.6
48452	1520.9	1804.4	8722.8
28701	1516.4	1758.9	8556.3
11264	1517.8	1745.9	8396.2
45170	1508.3	1711.4	8262.6
18767	1514.2	1796.1	8529.2
30776	1516.1	1751.4	8467.8
632	1525.5	1803.3	8576.5
39092	1509.9	1737.9	8550.9
35411	1514.2	1740.7	8632.1
22594	1517.7	1780.4	8599.8
36989	1514.9	1756.4	8497.5
3406	1514.5	1738.7	8346.8
18086	1508.1	1755.2	8504.1
27831	1494.5	1709.4	8144.2
32924	1514.2	1771.1	8398.1
44980	1491.2	1716.4	8298.3
27252	1524.0	1787.4	8703.0
28853	1519.1	1792.7	8516.2
36107	1516.4	1732.9	8407.6
41220	1531.5	1825.3	8927.1
2969	1513.4	1718.6	8181.1
35454	1526.7	1755.6	8843.7
48155	1506.4	1678.6	8089.2
15131	1525.9	1782.5	8502.4
32844	1525.8	1784.9	8609.6
23853	1516.8	1758.9	8559.8
22934	1509.2	1713.3	8220.9
30631	1503.9	1744.1	8288.6
35149	1516.3	1677.4	8213.3
4798	1520.1	1827.3	8624.2
39096	1506.8	1748.4	8228.1
35076	1509.8	1708.7	8289.4
19927	1505.4	1710.8	8177.2
36522	1521.4	1814.0	8642.2
39147	1513.5	1739.4	8385.0
35529	1506.2	1736.1	8288.8
31496	1524.2	1857.2	8951.9
6289	1516.4	1793.6	8556.9
10080	1508.7	1750.6	8273.1
27966	1520.0	1758.4	8593.7
39325	1511.0	1774.6	8388.4
701	1507.4	1754.8	8285.2
46712	1522.1	1822.4	8888.1
13411	1500.8	1725.3	8247.9
26409	1512.3	1755.5	8451.8
30769	1512.1	1732.4	8434.8
44217	1533.3	1857.5	8890.6
37232	1515.9	1823.3	8778.6
6555	1507.8	1759.7	8291.4
25109	1512.7	1752.2	8519.9
27797	1510.0	1722.9	8304.1
941	1503.3	1739.8	8272.5
3353	1510.6	1728.2	8227.8
1414	1515.8	1776.5	8424.7
26807	1529.7	1844.0	8856.8
10841	1512.9	1809.4	8422.0
49920	1523.1	1823.6	8702.1
33293	1521.4	1757.9	8461.2
44392	1515.6	1781.2	8653.2
44405	1516.3	1757.9	8501.7
38260	1509.9	1737.2	8299.9
18355	1514.2	1755.0	8385.5
32067	1520.6	1770.8	8599.0
36348	1511.3	1753.0	8391.5
24592	1511.8	1752.3	8434.8
7265	1518.9	1778.4	8424.3
41305	1515.2	1755.5	8581.3
31803	1516.0	1833.7	8699.9
4984	1507.7	1737.7	8217.7
32058	1527.8	1753.3	8674.3
36605	1519.5	1797.4	8615.9
20759	1511.9	1751.4	8387.4
22547	1514.0	1764.6	8509.4
38076	1512.9	1726.7	8362.6
34654	1521.6	1732.0	8457.1
40640	1506.5	1715.6	8194.7
22091	1508.2	1770.2	8367.3
19596	1507.8	1757.9	8409.1
48192	1508.7	1753.4	8429.6
19828	1515.4	1746.3	8528.5
10699	1517.5	1697.8	8321.3
19663	1516.1	1721.1	8547.4
15145	1519.1	1788.3	8548.5
3713	1508.1	1782.0	8594.9
25478	1513.0	1757.7	8562.9
40413	1516.4	1754.6	8371.4
46232	1517.6	1748.1	8632.0
32343	1512.4	1780.7	8485.3
16033	1514.9	1770.0	8410.9
24879	1511.6	1786.2	8440.2
6534	1513.3	1826.3	8501.3
19099	1518.6	1762.4	8375.1
44055	1511.5	1802.6	8447.0
45934	1515.0	1766.5	8653.7
2522	1518.4	1801.9	8716.9
8875	1524.8	1804.6	9964.0
16552	1509.8	1737.2	8321.4
7438	1506.8	1719.8	8135.6
8731	1519.1	1749.5	8324.7
22643	1513.7	1776.4	8361.2
27212	1517.2	1790.6	8437.5
5366	1513.2	1746.9	8408.7
48361	1508.1	1766.8	8298.9
8579	1517.2	1741.6	8349.3
41402	1518.3	1780.1	8528.5
39697	1515.9	1786.1	8570.4
22730	1525.1	1789.2	8672.2
2556	1512.5	1797.6	8497.3
18590	1510.8	1683.6	8171.9
47224	1514.1	1756.6	8350.1
12467	1521.6	1751.3	8532.7
47848	1515.9	1747.4	8508.4
8706	1515.9	1753.3	8269.0
39608	1520.6	1779.5	8534.4
34899	1517.0	1721.1	8406.9
17608	1515.4	1751.1	8509.6
35206	1513.0	1750.8	8382.7
43594	1511.8	1740.0	8469.5
36288	1512.6	1760.4	8457.7
44627	1517.2	1753.9	8426.7
10857	1510.2	1746.1	8341.2
45047	1517.1	1751.2	8364.1
20218	1508.4	1769.4	8371.8
29251	1506.7	1673.1	8143.2
2657	1522.4	1760.9	8516.7
21222	1494.5	1687.4	7992.7
5688	1529.1	1801.2	8891.0
18773	1519.7	1783.4	8720.1
47557	1506.0	1691.3	8225.8
36598	1519.1	1759.3	8528.7
48325	1506.2	1738.5	8322.7
7323	1525.6	1777.9	8576.8
19442	1520.0	1788.5	8489.3
20064	1515.6	1714.8	8476.6
17877	1501.1	1718.8	8199.3
8140	1502.3	1748.7	8646.0
24735	1523.5	1766.8	8536.9
32475	1515.2	1774.2	8891.5
33410	1503.4	1690.5	8227.1
8230	1503.0	1768.9	8204.5
1153	1521.9	1791.1	8414.6
7178	1523.4	1765.3	8471.7
17248	1511.9	1743.1	8282.8
41354	1521.7	1798.0	8600.3
36642	1512.8	1741.3	8430.3
23689	1513.5	1760.7	8365.7
7158	1519.6	1786.4	8574.4
8703	1524.3	1791.5	8659.6
17777	1508.8	1779.7	8490.2
43155	1517.3	1750.3	8752.3
14900	1504.7	1729.2	8091.6
28506	1504.3	1728.7	8196.4
28252	1524.7	1803.2	8499.4
14382	1511.6	1787.9	8406.9
35062	1505.3	1783.7	8401.6
11939	1515.9	1762.3	8533.8
6732	1499.2	1728.1	8264.6
49159	1516.6	1732.4	8430.7
13469	1505.6	1692.0	8335.6
47370	1515.7	1743.1	8467.5
4288	1511.1	1762.7	8212.8
37643	1521.7	1765.4	8479.4
18704	1506.3	1716.3	8131.1
35402	1512.0	1724.2	8248.8
40925	1510.5	1719.3	8381.9
41380	1502.3	1765.5	8375.1
37714	1511.5	1729.6	8244.3
27146	1519.0	1742.6	8477.6
149	1504.9	1722.3	8329.9
49536	1497.8	1713.0	8089.9
27972	1512.6	1802.5	8526.8
37934	1514.2	1711.6	8307.6
7631	1524.2	1783.0	8613.3
20659	1510.2	1745.5	8333.3
21273	1506.9	1707.8	8161.4
15142	1513.3	1772.6	8428.6
13332	1507.4	1731.3	8136.9
1152	1507.1	1739.7	8346.5
28822	1509.3	1717.6	8313.5
5261	1510.8	1805.8	8483.5
27947	1512.4	1767.1	8378.6
21885	1518.2	1751.7	8468.8
12854	1502.7	1726.3	8254.9
45847	1518.9	1780.2	8439.8
32171	1512.2	1706.5	8177.3
47657	1514.5	1727.6	8345.2
38824	1515.1	1724.7	8253.6
45561	1525.2	1790.5	8526.4
21139	1516.9	1731.0	8371.6
26780	1513.3	1772.4	8459.1
27961	1513.9	1753.3	8422.9
37936	1526.6	1747.1	8528.8
37474	1517.0	1750.2	8464.1
34287	1512.4	1783.4	8323.3
6700	1523.8	1772.3	8572.1
30223	1506.3	1726.6	8232.9
7149	1501.0	1737.4	8126.0
40416	1508.4	1727.9	8189.7
44659	1505.6	1704.3	8139.7
32623	1513.7	1753.0	8299.3
28777	1509.8	1783.3	8608.7
30824	1512.9	1722.8	8276.0
15002	1507.1	1742.9	8181.9
42579	1506.2	1756.6	8374.3
42258	1506.7	1773.8	8358.9
36462	1516.9	1720.2	8409.3
3273	1512.1	1762.7	8541.6
15671	1513.4	1724.6	8395.0
9232	1506.7	1717.4	8291.7
49293	1502.4	1690.3	8082.0
44843	1518.2	1765.0	8512.7
3788	1518.8	1829.1	8721.1
6420	1506.5	1714.5	8170.9
939	1521.1	1758.1	8508.2
40743	1502.8	1722.9	8120.9
3434	1519.4	1784.2	8702.5
5943	1532.1	1825.3	8569.0
21331	1523.9	1778.5	8709.1
993	1515.7	1778.4	8583.8
49234	1508.8	1713.1	8255.0
43593	1504.4	1780.1	8394.5
48296	1511.7	1761.4	8365.7
17500	1515.9	1767.1	8383.0
23906	1517.1	1762.1	8530.1
47359	1518.3	1784.8	8795.7
15920	1502.9	1774.7	8370.2
19037	1512.1	1736.8	8321.4
14320	1507.6	1757.7	8295.4
46206	1504.5	1725.4	8112.0
34459	1521.0	1820.5	8673.7
40529	1513.0	1694.6	8384.8
5804	1508.7	1735.2	8256.1
13958	1515.7	1781.5	8569.6
2131	1519.2	1790.5	8681.8
38912	1517.1	1769.4	8627.8
33202	1511.7	1764.6	8468.9
37759	1528.7	1805.7	8905.9
16596	1511.4	1776.3	8402.8
40676	1512.2	1776.8	8426.7
4953	1510.8	1716.9	8169.8
16294	1509.4	1778.9	8494.3
30837	1505.2	1730.1	8285.6
30248	1517.6	1812.2	8517.9
15699	1516.8	1720.4	8456.4
16432	1519.1	1717.8	8439.8
1236	1513.5	1794.7	8531.7
28529	1509.5	1711.9	8275.6
22380	1524.0	1758.2	8704.6
13123	1520.8	1850.4	8698.6
323	1517.7	1770.5	8562.4
46931	1521.6	1744.2	8514.1
17414	1515.1	1758.6	8361.6
41593	1500.3	1712.1	8187.5
35899	1496.3	1681.1	8131.7
1622	1516.4	1771.9	8334.5
38356	1508.6	1759.0	8516.4
3056	1513.4	1746.9	8322.9
40607	1508.9	1763.9	8328.9
27699	1515.0	1766.5	8396.0
43945	1510.2	1734.3	8348.6
44761	1514.8	1755.0	8334.2
27773	1495.8	1689.1	8006.5
39668	1503.3	1737.3	8298.9
22987	1511.5	1726.2	8348.0
32365	1514.6	1811.1	8676.4
1164	1513.2	1741.1	8219.2
34064	1514.8	1763.9	8598.2
40709	1507.6	1705.9	8114.6
44979	1506.6	1711.0	8205.3
8286	1513.1	1741.0	8382.3
6729	1518.7	1785.5	8490.8
5493	1508.1	1739.0	8399.6
47312	1503.1	1745.8	8307.1
13504	1512.7	1757.3	8394.6
37750	1529.7	1899.4	9009.0
18282	1500.9	1713.4	8262.1
30161	1498.3	1699.5	8028.6
6077	1501.9	1709.9	7996.2
46704	1532.4	1808.9	8632.0
1860	1512.8	1812.1	8574.8
10230	1514.4	1803.8	8567.1
22706	1528.6	1812.0	8763.7
2190	1519.2	1753.4	8340.7
8213	1492.3	1717.6	8152.2
16075	1516.9	1802.4	8607.3
2357	1519.9	1816.6	8497.7
45343	1507.7	1745.6	8342.1
21735	1521.7	1782.3	8444.3
44902	1508.0	1789.5	8462.4
17975	1509.8	1721.5	8278.1
39711	1522.3	1758.5	8613.9
33130	1525.9	1773.8	8952.7
20912	1514.3	1749.3	8508.8
22128	1507.6	1695.8	8148.0
30369	1513.2	1819.8	8539.9
46207	1514.8	1726.2	8480.9
29264	1506.8	1720.6	8340.8
26576	1521.3	1733.4	8457.5
44136	1505.2	1764.9	8417.5
16144	1519.1	1738.4	8592.0
2173	1539.9	1825.4	8790.6
46101	1514.5	1757.0	8250.0
23926	1520.0	1820.1	8756.4
2258	1527.1	1783.9	8566.1
27353	1516.1	1754.4	8560.6
46902	1518.0	1806.5	8523.0
43431	1506.7	1753.8	8526.3
17603	1504.8	1757.4	8379.0
47344	1510.0	1759.2	8345.4
19423	1515.4	1799.5	8668.8
9068	1516.5	1771.8	8352.8
43638	1523.6	1763.3	8688.3
21627	1501.4	1756.6	8245.5
3760	1512.2	1750.4	8318.8
47739	1517.5	1775.9	8603.9
24658	1525.5	1828.2	8784.5
15072	1515.6	1766.8	8447.9
47678	1511.5	1750.8	8397.5
36848	1506.6	1728.2	8236.6
7644	1494.0	1702.5	8087.6
20636	1506.5	1738.1	8443.5
15761	1522.1	1721.0	8380.5
32386	1508.8	1723.7	8277.5
42879	1509.7	1716.9	8430.0
46553	1514.4	1722.4	8229.9
10759	1518.3	1759.5	8417.6
28243	1503.4	1728.0	8328.6
10651	1508.0	1775.3	8965.1
45600	1507.5	1732.5	8344.2
36358	1513.8	1757.4	8464.9
42311	1513.9	1715.2	8393.1
46264	1508.7	1739.1	8292.1
15865	1510.5	1748.9	8296.2
26419	1521.1	1796.6	8952.1
9499	1515.6	1794.9	8459.4
29386	1516.1	1745.4	8263.2
9258	1517.3	1733.3	8419.2
25081	1516.8	1782.2	8497.7
26109	1513.6	1773.6	8463.0
5473	1520.0	1768.8	8313.0
31137	1526.4	1768.3	8677.8
31993	1517.0	1772.0	8517.7
35584	1506.8	1716.5	8311.4
34664	1508.1	1747.7	8365.6
34921	1522.1	1776.7	8517.7
38672	1515.8	1742.7	8339.6
16514	1513.5	1771.1	8458.3
2228	1508.0	1721.5	8250.8
44464	1519.2	1738.1	8392.1
15766	1499.0	1738.4	8245.5
46548	1506.0	1698.3	8240.8
41674	1516.0	1723.9	8352.1
14481	1523.0	1765.0	8604.6
28541	1533.4	1821.3	8766.4
21894	1514.9	1742.7	8283.9
12055	1513.1	1773.1	8346.5
7527	1523.6	1803.2	8599.2
47887	1508.7	1733.0	8336.2
5137	1508.5	1684.7	8243.2
4467	1515.4	1776.3	8331.1
12949	1512.3	1805.4	8587.6
22638	1522.8	1796.3	8648.1
19366	1527.9	1820.2	8639.2
33158	1518.0	1783.0	8560.9
44849	1518.6	1755.4	8441.7
28571	1505.5	1744.6	8217.3
44738	1516.2	1749.8	8517.1
7860	1522.1	1777.6	8662.5
31590	1505.8	1758.6	8311.0
43288	1501.9	1755.3	8338.7
739	1514.0	1739.4	8403.3
46651	1516.7	1712.5	8306.3
40717	1530.1	1813.5	9006.9
6116	1515.6	1758.6	8264.3
32812	1507.3	1809.0	8539.0
32722	1522.2	1741.9	8583.9
10986	1518.4	1730.1	8876.2
29097	1504.2	1726.3	8300.9
32541	1509.4	1748.5	8353.6
5422	1513.2	1792.5	8553.9
4907	1524.8	1766.2	8524.6
33005	1519.3	1747.8	8494.3
43430	1509.4	1765.4	8541.9
31545	1507.0	1724.1	8374.8
27882	1513.1	1784.2	8355.4
4354	1517.3	1817.5	8541.5
36314	1513.6	1768.1	8391.6
46568	1520.6	1789.5	8631.7
32877	1517.9	1755.9	8497.7
24813	1524.4	1763.1	8550.0
12162	1511.0	1723.8	8269.4
29836	1518.0	1755.7	8682.9
27330	1520.2	1750.4	8488.3
779	1499.7	1720.4	8150.8
20455	1511.7	1726.5	8238.3
2628	1519.0	1820.8	8534.6
21072	1509.0	1756.6	8505.7
28857	1505.9	1715.9	8188.7
26103	1497.6	1719.5	8131.7
37902	1504.7	1739.5	8268.7
29766	1506.9	1704.7	8138.0
23751	1514.4	1773.2	8418.2
17583	1521.7	1776.7	8712.8
9407	1509.6	1796.0	8545.4
19591	1506.4	1741.3	8391.1
28229	1511.7	1725.0	8633.0
26669	1515.9	1751.7	8411.0
28659	1517.3	1812.5	8694.9
13998	1524.0	1857.1	8819.2
13559	1515.5	1766.5	8496.2
40647	1503.9	1750.8	8562.5
46479	1519.2	1776.0	8538.7
11389	1520.7	1773.2	8463.1
17715	1505.6	1754.4	8554.5
22795	1520.8	1718.7	8369.1
20283	1516.9	1747.8	8445.3
14701	1516.3	1798.0	8701.9
45665	1513.7	1807.9	8815.7
19404	1518.1	1750.6	8337.4
43152	1512.2	1730.0	8275.1
