43145	1897.4	2103.4	14164.4
71199	1893.9	2153.9	14448.7
62531	1879.4	2062.5	14032.9
81955	1892.0	2178.9	14491.6
92636	1897.8	2086.6	14430.0
92103	1904.5	2170.5	14646.6
96533	1884.9	2052.5	13798.9
91740	1904.2	2100.9	14374.7
19343	1917.2	2175.2	15362.0
88289	1913.4	2167.2	14976.3
48089	1903.5	2123.6	14494.2
91708	1916.1	2206.5	15234.8
37734	1899.4	2155.1	14568.4
43035	1906.8	2209.1	14857.6
52196	1894.4	2147.6	14657.8
28467	1885.0	2087.6	13882.9
46596	1899.0	2143.4	14336.2
52094	1909.9	2112.6	14752.8
42399	1891.1	2085.4	14065.2
19566	1906.2	2126.9	14437.4
99081	1888.7	2139.7	14248.0
82765	1910.3	2160.0	14716.2
93268	1902.2	2136.7	14545.7
62506	1912.9	2117.0	14479.3
18445	1896.2	2160.8	14526.8
53264	1894.8	2130.9	14419.1
91193	1914.7	2178.7	14719.3
75126	1902.7	2187.9	14989.1
46689	1899.8	2117.2	14501.9
15128	1919.2	2198.5	15281.4
25147	1888.6	2116.4	14015.3
13095	1910.6	2174.9	14726.1
89858	1901.8	2121.0	14424.7
26024	1901.9	2192.4	15754.6
40584	1894.3	2078.3	14046.7
38871	1885.6	2091.4	13920.6
35157	1888.7	2089.1	14153.3
77018	1891.7	2120.4	14089.0
88460	1900.2	2151.4	14479.4
58670	1897.3	2144.1	14590.5
27588	1895.3	2104.2	14106.6
92546	1902.4	2122.0	14537.7
51965	1919.1	2180.6	15238.1
41514	1898.5	2117.4	14270.5
97720	1910.3	2179.2	14743.3
21011	1901.9	2131.2	14627.2
81106	1913.8	2150.8	15008.1
19832	1893.3	2112.9	13987.8
36967	1898.5	2144.1	14286.5
87886	1900.1	2089.6	14208.9
86115	1894.5	2153.1	14700.4
10702	1907.0	2216.5	14791.6
56083	1908.3	2207.9	15204.4
54324	1905.4	2189.0	14781.5
37789	1895.9	2050.4	14145.6
47505	1902.4	2145.1	14545.0
12495	1918.2	2195.5	15284.9
54792	1903.9	2152.0	14581.4
19559	1908.8	2170.0	14616.1
74267	1902.3	2122.6	14550.5
63632	1900.5	2150.8	14462.6
30331	1895.3	2098.5	14190.3
90568	1895.7	2098.6	14369.8
56338	1896.2	2097.6	14203.3
30224	1902.2	2108.5	14271.3
9709	1897.2	2126.9	14743.4
63178	1894.3	2120.8	14785.7
19776	1901.6	2161.8	14758.2
51882	1918.0	2179.0	14882.8
18655	1901.0	2105.1	14089.1
71768	1926.9	2166.9	15007.5
63589	1877.6	2096.8	13880.4
42404	1896.4	2114.8	14254.6
44956	1886.0	2085.5	13908.8
69486	1919.6	2198.0	15165.2
78053	1908.7	2080.4	14459.5
42976	1891.8	2138.3	14582.3
31637	1916.5	2146.5	14809.3
56458	1912.9	2143.7	14738.8
70009	1913.8	2176.8	15005.9
87345	1916.5	2130.1	15087.1
37124	1880.8	2129.1	14230.2
57169	1915.3	2163.0	14871.3
30815	1913.1	2194.4	14804.3
2864	1903.1	2176.6	14832.5
62679	1904.0	2141.9	14509.0
9355	1900.6	2157.4	14810.4
7985	1895.2	2125.6	14562.1
59360	1896.9	2117.5	14341.5
51547	1902.6	2142.7	14421.1
34814	1901.7	2107.7	14546.6
25108	1892.4	2129.1	14195.2
11903	1898.4	2115.1	14383.2
33179	1883.2	2095.7	13884.1
5825	1908.5	2179.8	14594.4
86711	1908.1	2137.5	14226.4
30389	1901.3	2114.5	14268.2
30993	1904.1	2110.6	14567.2
79241	1911.5	2151.8	14622.7
16056	1899.2	2131.1	14234.3
19871	1903.0	2173.0	14929.6
63984	1873.9	2020.4	13913.9
63938	1908.0	2173.0	14945.7
12501	1913.6	2164.9	14797.7
91663	1902.4	2135.0	14315.6
68554	1920.0	2194.1	14873.7
81552	1897.2	2158.5	14654.7
8497	1905.8	2161.6	14690.6
76814	1887.7	2050.2	13948.7
94391	1909.6	2150.5	14978.3
28584	1884.9	2131.1	14123.7
90446	1899.3	2117.8	14748.8
31742	1907.8	2145.3	14609.2
44708	1899.1	2099.5	14700.0
89295	1892.9	2118.6	14364.1
94475	1898.7	2145.0	14967.8
3754	1910.2	2190.4	14796.7
4208	1897.2	2169.1	14391.7
16264	1908.6	2192.3	14754.7
57630	1898.9	2149.9	14694.7
46161	1897.3	2154.2	14249.6
11448	1902.1	2159.6	14632.1
29681	1903.6	2164.4	14555.9
77561	1908.0	2166.0	15045.0
5915	1899.5	2167.5	14770.6
88663	1901.3	2109.2	14180.1
74748	1887.6	2099.5	14275.4
27499	1906.9	2163.4	14643.1
56864	1906.3	2130.2	14733.3
82085	1903.6	2102.7	14370.5
19544	1905.1	2114.8	14585.1
2880	1889.1	2098.8	13965.1
43251	1890.7	2126.9	14456.3
24482	1903.1	2109.5	14438.5
46102	1896.9	2110.5	14407.8
20808	1875.5	2084.4	13930.6
94348	1903.4	2170.0	14694.8
50306	1903.2	2106.4	14350.0
15329	1893.2	2093.2	14433.8
96801	1906.1	2092.2	14665.5
51937	1897.9	2078.9	14247.3
72719	1905.5	2145.7	14389.1
83530	1912.0	2159.8	14942.9
75727	1891.9	2118.4	14598.9
40994	1903.6	2184.6	14727.0
61347	1892.2	2091.4	14131.3
82837	1900.5	2154.9	14413.3
20978	1903.2	2153.1	14450.9
26504	1897.8	2122.1	14452.9
56254	1884.8	2085.2	14221.8
61516	1902.7	2118.7	14446.4
97492	1903.0	2139.1	14728.1
21690	1914.0	2236.6	15528.3
94739	1894.3	2153.6	14779.3
40388	1902.8	2159.9	14562.5
4028	1906.6	2141.8	14483.1
95787	1908.8	2163.3	14848.2
36582	1898.0	2108.6	14238.1
21636	1906.8	2154.9	14694.9
40898	1902.6	2084.9	14446.7
10040	1908.6	2206.5	14929.5
51548	1910.7	2128.2	15150.5
62323	1903.0	2112.1	14549.7
37510	1904.0	2118.3	14373.3
74113	1896.9	2109.6	14364.9
16460	1904.4	2196.1	14650.9
67796	1905.2	2202.0	14606.0
15765	1910.3	2173.3	14754.1
9805	1902.1	2140.6	14384.2
36273	1927.1	2197.7	15127.2
85756	1907.7	2133.0	14373.8
34429	1900.0	2151.3	14809.8
20426	1914.1	2164.8	14649.0
20082	1912.0	2155.4	14756.8
208	1892.6	2167.7	14415.6
87981	1905.9	2222.0	14754.9
16398	1919.7	2191.3	15237.7
35573	1895.6	2107.0	14288.4
26383	1910.2	2095.7	14443.8
29295	1891.0	2119.2	14148.5
969	1889.6	2108.9	14066.9
67931	1895.3	2101.4	14379.8
96944	1896.9	2150.4	14456.4
22202	1907.6	2164.6	14872.3
14233	1889.5	2149.9	14194.4
82583	1908.4	2157.4	14359.5
69849	1905.9	2148.6	14716.7
163	1903.7	2157.2	14615.7
62109	1915.8	2196.0	14745.2
92022	1915.1	2146.5	14610.2
26572	1912.3	2117.9	14467.0
76249	1902.9	2117.3	14326.9
32076	1911.5	2160.8	15095.6
43361	1903.7	2178.4	14893.8
12116	1899.4	2155.7	14534.3
76240	1889.8	2116.1	14254.9
37474	1905.3	2153.7	14564.1
85091	1903.2	2148.2	14718.3
35238	1908.3	2152.1	14841.3
9772	1897.3	2121.9	14443.8
43726	1899.4	2146.1	14716.2
23161	1912.2	2176.7	14754.2
73278	1914.4	2169.0	14656.2
78553	1902.7	2146.4	14553.3
20558	1903.2	2118.8	14397.5
10918	1903.8	2107.1	14341.2
87417	1902.2	2167.2	14435.4
94534	1907.4	2158.2	14835.3
84824	1898.9	2109.7	14154.2
77598	1894.5	2111.5	14148.5
17260	1891.4	2173.5	14641.2
27082	1905.3	2135.2	14299.1
42918	1902.2	2124.7	14377.7
17778	1875.3	2082.8	13813.6
51730	1894.4	2071.7	14298.6
24205	1882.9	2134.4	14012.1
63765	1906.8	2162.1	14890.1
52017	1895.6	2110.6	14886.7
66734	1896.1	2100.0	14343.4
29587	1913.3	2148.3	14585.0
90773	1897.3	2144.7	14565.5
31955	1904.7	2126.1	14480.4
40171	1899.4	2134.2	14592.6
33362	1895.4	2135.2	14338.6
19042	1889.4	2110.3	14069.9
77876	1896.8	2079.1	14405.5
92889	1887.4	2065.3	13905.9
71092	1912.9	2110.1	14886.6
73029	1905.8	2083.7	14111.2
41272	1909.7	2216.4	15249.1
16678	1907.8	2158.3	14400.4
27892	1908.3	2179.0	14962.5
51199	1904.8	2139.4	14454.4
37936	1898.7	2144.6	14536.5
19102	1905.3	2191.2	14717.1
20030	1917.5	2202.7	14890.6
4620	1889.7	2115.9	14391.7
24868	1909.4	2182.2	14763.6
75950	1894.8	2126.7	14245.3
28758	1892.7	2091.0	14178.8
51299	1910.9	2170.2	14703.5
5009	1892.4	2137.1	14640.0
53565	1900.8	2122.5	14295.9
30639	1894.5	2109.3	14450.3
21205	1897.1	2134.3	14305.2
93290	1904.3	2132.7	14967.8
16802	1900.7	2148.5	14641.4
76507	1902.9	2148.6	14815.1
27025	1898.4	2101.5	14144.4
11616	1905.2	2149.8	15182.5
21728	1905.6	2135.6	14535.6
90018	1886.5	2141.9	14250.3
43400	1906.6	2165.2	14664.8
93898	1902.5	2148.0	14633.1
34096	1909.6	2137.3	14580.8
18583	1899.8	2103.5	14472.7
77492	1896.3	2183.9	14542.1
18391	1903.9	2154.1	14695.8
17812	1923.2	2153.8	14966.0
97802	1901.7	2142.3	14314.7
5903	1892.8	2137.5	14509.8
94773	1894.1	2091.3	14194.1
61231	1904.3	2212.3	14838.3
28732	1913.4	2170.8	15112.7
78589	1898.7	2088.1	14654.0
17139	1892.3	2134.1	14218.5
19911	1888.9	2086.1	14410.6
77376	1902.4	2114.3	14643.7
5452	1917.7	2188.9	14695.3
21377	1887.3	2085.9	14208.2
71509	1897.8	2160.2	14450.5
92750	1894.7	2113.2	14383.5
27050	1885.8	2078.9	14331.4
5874	1908.5	2190.0	15078.3
7357	1908.2	2195.8	14670.9
70761	1903.8	2167.7	17018.8
97803	1902.7	2152.5	14666.3
29600	1912.2	2149.6	14600.5
75071	1892.4	2115.1	14792.4
89864	1903.7	2105.0	14439.6
53550	1908.2	2073.0	14387.9
72579	1903.9	2121.0	14489.3
71951	1905.9	2099.1	14400.9
26746	1896.6	2130.8	14330.0
8923	1900.7	2111.2	14312.8
50803	1893.4	2138.3	14519.3
74409	1904.3	2152.3	14841.0
13429	1909.0	2168.2	14720.2
14766	1897.0	2156.2	14357.9
85293	1894.7	2144.2	14695.2
99827	1895.2	2103.0	14350.4
85846	1892.6	2114.1	14518.3
8066	1899.4	2138.7	14203.7
78530	1894.8	2099.7	14268.9
76638	1903.8	2175.0	14777.5
38664	1920.8	2166.2	14967.2
42835	1903.1	2078.5	14238.4
81534	1909.5	2139.6	14691.6
76080	1890.6	2083.0	14050.9
4871	1882.6	2098.3	14393.7
70595	1905.8	2171.0	14715.5
55979	1898.5	2133.4	14385.7
6012	1896.9	2107.5	14575.5
69129	1906.4	2134.3	14483.1
42279	1906.5	2076.2	14424.1
54936	1914.2	2150.0	15320.3
11688	1903.3	2198.7	14743.6
68398	1903.2	2145.5	14288.6
73194	1909.8	2158.2	14720.8
98348	1896.2	2142.8	14366.7
94989	1901.0	2146.3	14521.7
45813	1909.8	2187.0	14730.8
48145	1896.6	2160.0	14541.2
31960	1900.0	2152.8	14842.0
73276	1908.1	2130.8	14535.8
29794	1905.2	2181.6	14626.4
47951	1902.5	2173.0	14805.9
16480	1915.5	2199.4	14770.4
86283	1894.6	2128.6	14375.0
89147	1903.7	2090.7	14339.4
86681	1905.9	2117.5	14405.9
21350	1918.3	2180.0	14565.3
50610	1915.6	2129.1	14722.7
71280	1902.4	2080.1	14373.3
62145	1910.4	2139.4	14512.2
73798	1903.7	2099.1	14275.1
55820	1881.6	2118.1	14095.5
4988	1892.4	2121.9	14185.5
27632	1912.8	2157.9	14662.3
84417	1896.7	2150.0	14465.5
70873	1906.7	2158.1	14782.1
52915	1900.8	2135.7	14397.2
51675	1903.0	2130.7	14462.8
26025	1891.6	2053.4	13813.2
42438	1908.9	2177.5	14346.6
23844	1890.7	2105.1	14130.7
42252	1920.6	2160.3	14709.0
52572	1884.0	2105.2	14170.0
56696	1907.4	2224.9	14973.6
55459	1892.0	2083.8	14629.1
95126	1894.4	2123.7	14420.5
38945	1891.7	2134.6	14570.0
97455	1901.0	2130.7	14591.8
83624	1905.6	2116.1	14470.0
37585	1910.4	2182.1	14749.0
89317	1901.1	2154.8	14908.3
5610	1897.5	2108.0	14223.7
37687	1890.0	2070.9	13998.4
3451	1896.0	2143.7	14266.6
90807	1921.0	2160.4	15081.4
95504	1902.6	2156.9	14570.9
7946	1883.4	2105.6	14214.8
90847	1897.8	2161.3	14446.7
67687	1897.8	2100.2	14353.9
97583	1908.6	2219.6	14917.9
77325	1900.3	2101.7	14209.7
58009	1873.4	2068.9	13802.1
71622	1890.0	2078.7	14025.9
17696	1908.4	2165.6	14523.7
98271	1881.8	2096.9	13988.3
29269	1894.4	2120.0	14241.9
13487	1893.7	2138.1	14377.1
33808	1911.9	2178.0	14668.8
6849	1901.4	2131.1	14281.4
17944	1895.5	2080.1	14372.0
19099	1906.0	2127.9	14542.9
23849	1901.2	2163.2	14643.0
95949	1894.7	2083.6	14366.7
52910	1906.7	2177.5	14633.5
58337	1908.6	2130.7	14597.9
29898	1898.2	2133.3	14392.2
87773	1897.8	2080.3	14316.5
71837	1910.9	2150.8	14571.6
25493	1899.9	2142.1	14575.2
8852	1909.7	2161.1	14524.8
13657	1902.7	2142.7	14484.0
96083	1904.7	2162.2	14394.2
28642	1908.0	2133.6	14968.0
94228	1898.9	2110.0	14660.6
21918	1899.1	2147.7	14320.0
30230	1895.3	2136.3	14283.3
17678	1901.6	2114.8	14234.4
44004	1908.7	2111.2	14551.5
7112	1894.5	2138.4	14540.8
23650	1919.7	2224.9	15539.0
75158	1908.7	2111.4	14434.7
34849	1922.9	2173.7	14716.4
12469	1911.0	2188.0	15024.3
7736	1894.2	2129.8	14217.3
38403	1910.3	2127.7	14658.9
8673	1909.7	2201.6	14968.8
56655	1900.3	2164.1	14793.7
35625	1883.8	2090.6	14381.0
64598	1909.2	2102.9	14629.3
17531	1888.8	2102.0	14153.3
16501	1904.6	2153.6	14470.1
55325	1903.3	2136.0	14729.9
56474	1901.8	2104.3	14187.7
60065	1898.1	2144.4	14518.3
47574	1898.6	2089.6	14421.6
11424	1892.0	2159.2	14183.9
21136	1896.9	2143.4	14461.3
76269	1898.4	2174.6	14512.0
74509	1898.0	2135.7	15146.4
29995	1913.4	2177.3	16377.6
35566	1902.9	2207.2	15019.9
6119	1911.4	2156.5	14699.0
56528	1897.9	2162.7	14663.0
25024	1885.8	2160.8	14144.7
16637	1901.2	2163.1	14286.2
2722	1914.4	2139.4	14762.4
2636	1903.5	2145.2	14364.5
7868	1896.2	2092.8	14450.8
76635	1899.8	2112.8	14447.2
42179	1896.4	2105.7	14377.0
41632	1908.7	2186.8	15495.4
75926	1883.0	2159.1	14875.9
36406	1906.6	2149.3	14545.0
25324	1904.0	2128.3	14656.9
19898	1908.9	2222.2	14882.4
75227	1917.8	2150.3	14505.6
17497	1922.3	2198.3	15215.7
48970	1902.1	2138.5	14544.6
91279	1916.8	2171.2	14974.7
83094	1910.2	2124.2	14523.2
59967	1884.4	2135.6	14228.5
18284	1897.4	2128.6	14524.6
74238	1906.9	2158.1	14712.4
54612	1909.5	2166.9	15855.9
21038	1907.1	2143.3	14796.4
71019	1896.4	2103.3	14233.2
34507	1904.2	2172.0	14798.2
27861	1897.3	2085.0	14247.1
21849	1885.5	2098.6	13996.8
10981	1907.3	2130.2	14608.7
47425	1894.0	2154.0	14648.2
93915	1902.8	2097.3	14321.0
74195	1887.4	2115.6	14372.7
86731	1878.7	2103.3	14327.9
91795	1901.8	2177.2	14537.5
3516	1897.8	2135.4	14484.3
43312	1904.1	2186.4	14594.8
64268	1896.7	2100.4	14242.5
31573	1895.2	2156.9	14215.4
71892	1910.3	2125.7	14442.4
50772	1907.1	2211.1	14886.6
28039	1903.2	2125.5	14383.4
18567	1910.1	2156.3	14858.5
75220	1893.1	2134.6	14325.0
48264	1884.1	2089.0	14107.7
3091	1905.6	2148.8	14498.4
72445	1902.3	2158.8	14537.9
91088	1896.6	2129.8	14640.4
16155	1879.1	2091.9	13803.2
49218	1882.7	2117.6	13970.4
7914	1913.5	2187.0	14967.1
77285	1904.3	2154.4	14522.4
40471	1894.1	2089.3	14160.3
9648	1899.5	2175.7	14637.0
60860	1907.1	2174.2	14471.1
41002	1905.9	2191.1	14880.1
61900	1911.1	2118.6	14893.2
7561	1914.6	2154.3	14619.3
31774	1916.6	2166.8	14875.6
57341	1894.1	2139.2	14559.0
62002	1896.4	2110.6	14216.6
70576	1930.0	2206.7	15163.6
20344	1898.9	2134.8	14370.1
44999	1897.8	2124.0	14360.2
9693	1901.5	2096.0	14205.6
58367	1915.5	2181.6	14940.9
19922	1912.0	2189.1	14636.6
90092	1916.3	2191.4	14982.1
66640	1907.7	2142.5	14454.4
9920	1897.7	2116.4	14277.0
53676	1894.9	2123.3	14512.1
97264	1906.1	2093.0	14408.0
60094	1896.6	2129.0	14417.0
875	1909.1	2175.2	14680.5
74919	1892.4	2140.5	14120.9
79091	1887.6	2096.6	14116.7
85073	1898.9	2153.5	14339.5
92524	1895.3	2130.4	14375.7
12278	1914.9	2155.5	14630.8
59510	1918.7	2174.2	14832.0
16838	1894.0	2121.1	14462.3
15456	1901.0	2141.4	14226.5
76841	1900.4	2123.8	14676.4
70699	1902.3	2128.9	14588.2
51020	1903.0	2127.6	14187.6
67758	1898.1	2133.7	14251.4
64540	1905.5	2169.4	14600.5
76209	1896.1	2144.7	14454.3
52995	1893.9	2098.3	14118.4
95936	1890.3	2070.0	14011.8
23566	1890.7	2084.3	13949.4
72751	1906.5	2138.3	14129.2
88513	1918.0	2143.2	14841.2
84274	1894.5	2066.7	14177.2
25954	1889.9	2158.0	14283.6
56255	1900.6	2137.2	14505.5
37758	1896.0	2100.4	14362.7
90726	1886.7	2097.6	14245.7
54840	1895.0	2085.4	14020.7
15256	1910.2	2216.6	14708.4
37810	1914.6	2126.9	14618.6
93347	1909.3	2144.3	14575.3
644	1915.8	2201.6	14654.0
12587	1903.8	2133.5	14427.8
22783	1914.8	2183.7	14610.9
73435	1896.8	2115.3	14142.2
54950	1885.6	2095.4	14095.5
78879	1912.6	2171.5	14903.4
99906	1906.4	2188.0	15270.7
99553	1912.6	2184.6	15095.5
27675	1904.8	2145.7	14688.2
42891	1902.7	2134.4	14837.5
70948	1899.0	2144.3	14901.9
99257	1900.2	2141.6	14587.7
18846	1907.1	2182.9	14572.5
91811	1897.0	2072.6	14054.1
64623	1904.2	2115.5	14313.0
8179	1891.1	2105.0	14116.6
6877	1899.6	2131.3	14298.6
47090	1901.5	2100.5	14366.5
18403	1900.7	2135.8	14264.3
22346	1906.0	2157.5	14661.4
94759	1897.5	2105.2	14311.7
6430	1904.5	2188.5	15151.0
77912	1910.2	2173.0	15093.8
2126	1900.6	2129.6	14145.1
9980	1902.3	2149.2	14532.8
85024	1895.3	2118.5	14303.5
17365	1895.0	2121.3	14081.4
32938	1891.3	2119.3	14187.8
13820	1885.4	2134.0	14052.4
2222	1895.6	2140.7	14652.4
14094	1898.8	2136.2	14353.8
51562	1889.5	2112.6	14236.7
90550	1917.9	2216.0	14998.5
84458	1912.2	2154.5	14835.3
93200	1923.1	2199.9	15416.0
85591	1896.0	2127.5	14457.2
7283	1880.4	2117.9	14455.9
19468	1909.5	2091.2	14590.3
72084	1912.8	2153.1	14968.6
34600	1892.0	2127.1	14472.1
90013	1903.6	2172.9	14475.6
68334	1892.4	2054.0	14095.8
7137	1909.9	2206.8	15048.2
97486	1884.0	2071.7	13851.2
42651	1887.3	2140.3	14164.1
88996	1889.0	2089.4	14195.3
58936	1901.6	2142.0	14611.7
88195	1908.7	2176.6	14817.5
3234	1915.3	2175.1	14695.6
10531	1911.7	2183.5	14747.5
74004	1890.6	2103.4	14233.3
77331	1902.3	2125.0	14462.1
96249	1899.0	2168.6	14687.3
96122	1899.2	2137.8	14439.6
3631	1904.9	2179.3	14369.2
67603	1902.7	2143.3	14441.5
97441	1896.0	2113.0	14401.3
99344	1904.2	2115.1	14714.0
14674	1907.6	2202.8	14623.4
34954	1899.7	2157.0	14298.8
70981	1904.5	2130.7	14327.5
61528	1897.0	2140.0	14646.3
59081	1900.5	2115.2	14474.9
265	1897.9	2129.3	14671.1
24115	1907.7	2161.9	14894.0
32935	1895.5	2147.1	14370.7
81757	1903.0	2141.5	14413.7
10897	1909.5	2196.6	15266.6
27132	1899.6	2122.9	14381.4
80723	1903.1	2074.3	14290.6
95007	1907.3	2129.5	14565.5
63422	1890.8	2135.1	14249.0
62805	1904.1	2134.8	14435.9
43114	1890.8	2099.7	14146.6
90196	1914.0	2187.1	15056.6
87135	1897.6	2101.4	14348.9
6630	1902.5	2149.8	14899.6
66140	1903.0	2140.9	14561.2
15449	1897.3	2130.2	14309.6
11515	1886.5	2083.7	14165.8
79218	1901.2	2125.1	14579.1
28791	1918.3	2191.7	15140.1
25354	1891.8	2129.2	14039.4
45903	1914.2	2152.7	14678.9
91331	1902.7	2126.7	14399.3
16049	1898.6	2198.0	14437.9
41137	1903.7	2156.7	14712.8
67260	1883.4	2080.2	13996.6
59139	1902.4	2123.6	14203.8
67562	1889.6	2087.0	14105.1
68152	1898.8	2132.8	14442.4
33161	1914.3	2221.5	14863.7
51089	1914.4	2192.3	14812.7
40080	1899.6	2137.2	14684.8
51596	1909.2	2168.8	14700.4
33418	1911.6	2173.2	14741.5
8319	1908.1	2142.1	14686.6
83338	1920.8	2202.6	16029.7
90039	1883.0	2103.6	14104.3
87429	1885.9	2082.0	14275.5
14300	1913.6	2225.3	15136.0
98637	1896.7	2122.3	14645.2
95741	1904.5	2105.1	14248.3
64027	1900.4	2149.5	14651.5
95217	1907.6	2122.1	14850.1
24854	1901.7	2204.4	14581.2
98497	1900.0	2069.1	14188.4
84774	1893.8	2069.7	14240.1
52788	1877.5	2083.5	14165.3
5857	1906.5	2147.3	14538.3
64214	1906.2	2166.9	14629.6
74927	1904.6	2179.4	14948.6
72599	1901.7	2097.3	14228.7
86822	1890.5	2134.6	14280.4
36872	1896.4	2170.6	14655.3
67721	1895.7	2139.1	14290.9
18464	1886.5	2092.7	14064.9
42779	1903.4	2178.8	14850.2
10772	1893.0	2115.4	14241.8
88052	1872.5	2058.7	13872.5
91996	1899.9	2095.4	14528.0
47810	1906.4	2145.1	14555.9
85087	1905.2	2126.4	14378.4
79975	1884.3	2109.2	14582.6
56700	1896.8	2127.0	14563.1
15744	1914.2	2174.4	14686.0
87318	1887.2	2118.3	14134.7
67161	1904.1	2094.7	14290.4
28910	1923.3	2218.6	15003.1
14671	1895.2	2156.6	14330.2
31142	1908.3	2190.0	14528.6
83636	1915.4	2169.1	14978.6
73662	1890.1	2086.9	14145.7
63689	1886.7	2115.6	14302.7
58550	1905.3	2126.4	14515.9
21742	1917.3	2194.6	14780.8
55377	1904.8	2153.7	14397.7
26038	1899.1	2121.2	14257.9
82495	1905.1	2128.7	14543.5
45951	1895.6	2107.1	14165.5
85956	1906.6	2145.2	14574.1
3531	1906.2	2171.8	14554.7
47196	1883.4	2091.0	13897.8
22276	1889.5	2098.5	14098.7
43956	1905.5	2132.0	14402.2
62682	1903.1	2145.1	14366.0
4382	1919.1	2149.9	14740.6
82272	1903.4	2123.8	14816.8
41611	1896.3	2170.1	14244.4
30736	1906.8	2139.5	14485.1
40875	1889.7	2084.5	14087.8
47515	1885.2	2108.4	13927.5
26327	1888.5	2108.3	14153.5
8503	1924.1	2206.4	15136.9
72521	1915.6	2200.4	15267.2
94382	1911.2	2151.9	14714.8
17708	1908.6	2139.9	14306.5
48774	1905.7	2131.1	14457.7
55238	1911.9	2127.3	14627.8
26607	1905.7	2151.9	14567.2
74119	1889.5	2139.9	14227.1
94601	1906.7	2194.4	14939.2
74164	1893.9	2129.3	14393.2
48131	1896.3	2134.5	14256.1
48171	1914.9	2187.3	15098.0
5161	1891.6	2099.2	14510.3
17545	1899.0	2136.3	14448.8
85809	1902.3	2161.5	14759.2
52317	1898.6	2143.7	14290.8
96459	1903.2	2108.5	14697.1
3396	1887.7	2147.0	14265.9
25053	1914.1	2176.4	14884.1
15629	1899.3	2176.1	14649.6
99826	1904.4	2125.9	14610.2
33341	1922.1	2136.5	14557.9
19472	1904.8	2142.0	15493.5
58581	1890.2	2080.3	14307.5
83843	1895.6	2141.0	14801.0
65177	1897.5	2145.8	14530.7
47385	1899.2	2102.3	14133.5
23807	1900.8	2131.4	14554.6
5928	1906.3	2184.4	14753.5
78174	1888.3	2107.4	13948.3
39142	1897.2	2091.9	14171.6
92280	1919.3	2190.5	15289.7
36427	1899.6	2139.3	14419.8
35702	1907.4	2140.5	14394.3
45282	1898.7	2179.8	14488.7
49028	1915.5	2121.2	14794.3
39549	1891.6	2127.4	14277.3
56305	1922.4	2183.1	15046.3
78808	1904.7	2148.8	14954.6
78295	1903.3	2119.1	14542.2
23189	1891.9	2095.1	14187.0
17192	1919.4	2205.7	14863.1
55950	1913.7	2164.5	14751.0
47267	1886.1	2127.9	14414.9
17362	1895.9	2136.5	14405.2
25374	1911.4	2151.6	15111.4
17978	1904.3	2160.1	14461.6
13424	1906.8	2102.1	14387.8
20228	1911.6	2176.8	14934.2
81551	1900.5	2131.0	14790.9
48914	1921.5	2208.1	14939.2
74450	1901.4	2133.5	14398.9
20385	1881.9	2117.4	14102.5
49480	1900.1	2123.4	14234.0
79118	1908.0	2120.0	14389.9
45124	1900.7	2152.8	14758.5
99278	1896.1	2077.1	14112.7
53601	1893.7	2110.2	14950.3
85651	1899.1	2125.9	14674.8
26538	1893.2	2120.1	14283.9
12488	1902.0	2167.2	14738.4
93962	1895.6	2107.2	14454.9
2774	1902.5	2150.3	14589.2
40320	1899.5	2143.4	14443.5
58863	1908.4	2145.9	15042.3
62275	1903.6	2091.8	14265.7
77359	1903.1	2165.6	14798.0
66332	1904.0	2163.5	14498.3
53040	1882.2	2108.5	14199.8
36342	1913.7	2156.0	14483.2
74155	1913.2	2096.0	14736.4
49090	1887.5	2153.4	14351.8
61073	1888.2	2166.2	14418.7
2699	1908.7	2201.5	14917.4
52507	1906.7	2097.9	14486.4
62141	1915.3	2152.3	14641.2
45047	1915.7	2135.8	14645.1
67948	1902.2	2174.4	14510.6
71229	1912.5	2157.3	14981.5
54430	1875.6	2073.7	13833.4
43480	1919.9	2244.1	15910.7
50079	1912.5	2171.2	14773.4
7445	1891.9	2113.8	14082.8
35759	1907.9	2099.9	14322.0
56978	1888.4	2074.1	14145.5
7507	1892.2	2105.2	14073.7
55071	1897.7	2117.4	14181.9
14879	1904.6	2138.8	14457.2
86299	1888.8	2069.3	13851.7
20463	1898.7	2134.8	14407.0
87386	1907.2	2150.8	14633.0
53643	1902.7	2139.3	14438.3
12721	1895.8	2111.7	14404.9
28417	1917.1	2164.6	14839.7
17686	1908.0	2103.7	14173.1
36085	1907.3	2211.8	14673.2
81711	1894.4	2086.9	14268.5
49543	1903.6	2074.0	14061.4
59497	1880.1	2087.7	13799.6
62465	1888.7	2087.3	14018.2
56867	1895.8	2114.7	13957.6
52969	1896.1	2143.6	14283.7
54219	1890.6	2094.8	14129.8
1899	1904.4	2160.9	14537.6
43047	1893.5	2152.6	14516.3
88414	1901.2	2145.2	14752.4
1133	1900.5	2144.6	14740.7
87124	1895.2	2105.3	14201.9
3603	1905.7	2103.4	14156.4
36719	1899.2	2099.1	14585.8
46703	1910.4	2130.9	14895.0
30113	1897.3	2116.0	14280.9
77826	1890.4	2104.2	14318.4
78767	1902.3	2149.6	14642.1
82724	1903.6	2127.0	14411.7
12151	1902.3	2169.1	14487.6
64687	1888.6	2091.9	13822.1
98775	1907.7	2119.8	14600.4
95134	1883.3	2091.3	14198.7
94140	1899.8	2125.3	14229.6
55651	1896.2	2099.5	14623.9
29700	1895.0	2131.3	14225.9
46652	1891.1	2107.8	14157.0
82944	1904.0	2142.9	14407.2
7161	1897.0	2158.3	14353.4
6691	1912.1	2188.8	15242.5
80195	1889.0	2118.0	14138.3
99029	1907.3	2077.4	14418.0
29106	1915.1	2203.4	15220.7
84085	1892.9	2107.0	14236.4
52506	1885.6	2121.4	13943.4
38058	1896.6	2151.1	14259.3
76553	1911.5	2117.4	14679.1
66414	1914.2	2165.7	14946.0
1328	1897.3	2135.2	14254.1
19740	1897.9	2134.7	14749.9
38972	1896.6	2165.7	14290.8
79028	1894.6	2129.5	14159.7
62820	1906.5	2145.1	14624.9
86171	1918.0	2156.7	14824.1
17157	1899.1	2098.6	14595.2
83785	1898.5	2169.6	15288.5
82719	1893.8	2112.3	14430.5
49860	1895.9	2060.4	14063.0
92436	1906.8	2138.9	14708.5
53591	1895.2	2111.5	14439.6
57845	1905.7	2150.7	15017.4
17662	1897.8	2164.0	15018.4
69472	1897.2	2150.6	14506.6
31683	1888.8	2150.0	14367.8
7001	1901.7	2090.9	14513.8
26671	1914.5	2169.7	14913.0
10740	1907.0	2195.5	14724.5
58454	1902.4	2141.2	14541.3
39127	1891.9	2103.4	14287.4
48908	1910.5	2141.2	14540.4
6110	1887.2	2147.6	13981.9
7514	1905.7	2156.3	14458.2
30057	1908.9	2182.9	14466.0
26205	1901.6	2135.8	14503.7
36233	1896.6	2125.7	14308.2
15682	1893.7	2107.0	15050.8
32565	1912.5	2135.7	14465.6
96928	1912.3	2187.3	15112.8
92127	1906.0	2124.4	14620.0
94945	1905.9	2174.0	14693.5
53237	1913.0	2160.5	15266.3
43399	1909.7	2162.2	14623.6
97795	1909.0	2189.9	15098.7
58288	1901.9	2132.9	14456.1
77789	1904.5	2167.6	14738.9
76376	1894.6	2145.9	14416.3
82023	1898.1	2098.4	14401.3
38793	1897.5	2131.0	14395.9
12706	1889.8	2114.0	14472.1
71623	1902.4	2127.9	14379.1
97782	1893.6	2106.1	14414.6
62540	1925.0	2213.3	15804.8
58434	1903.9	2111.3	14281.1
61383	1904.3	2144.5	14532.9
5166	1895.6	2148.8	14338.5
19192	1905.3	2165.8	14514.0
81125	1896.7	2111.0	14443.8
32109	1910.6	2167.6	14495.1
85338	1907.0	2131.6	14652.2
58024	1893.6	2151.4	15319.2
47529	1904.0	2138.3	14550.4
32679	1896.5	2154.3	14556.4
59521	1905.4	2178.2	15230.2
39587	1892.6	2102.3	14551.6
44231	1907.9	2132.9	14783.2
33370	1892.6	2104.3	14297.2
76285	1880.4	2094.2	15373.9
66243	1913.5	2117.0	14704.6
34978	1896.5	2133.5	14527.8
17220	1908.4	2176.1	14720.5
81798	1891.3	2042.1	14085.7
46552	1907.3	2144.3	14660.1
56172	1894.6	2109.4	14255.5
18239	1904.3	2189.7	14790.5
47428	1886.4	2097.5	14270.0
71291	1921.1	2215.2	15377.0
88124	1902.9	2113.1	14336.1
17519	1917.7	2205.6	14826.8
99348	1898.9	2130.3	14190.4
68473	1909.3	2124.3	14661.5
1486	1882.7	2116.7	14190.1
93026	1903.9	2075.3	14358.0
7929	1904.5	2171.4	14418.7
21044	1888.7	2138.9	14050.3
35645	1897.2	2137.4	14519.9
98527	1911.6	2167.1	14400.1
92467	1883.7	2080.1	14280.2
18493	1914.5	2197.2	14865.4
80301	1888.9	2089.8	14010.1
71410	1882.2	2115.8	14196.6
23583	1894.0	2090.7	14036.8
73645	1907.3	2139.0	14701.8
30900	1902.7	2170.9	14785.9
13962	1909.1	2154.7	14987.5
98374	1909.6	2144.6	14786.3
64445	1910.0	2130.0	14467.7
23080	1930.9	2239.1	15205.0
71117	1904.1	2123.0	14193.9
91026	1900.1	2143.5	14648.3
40329	1902.5	2073.8	14143.3
97291	1896.4	2082.6	14199.1
82190	1914.0	2160.3	14610.6
98241	1904.3	2117.0	14241.6
54088	1892.9	2097.8	14372.1
20060	1901.4	2108.7	14596.6
47842	1909.6	2202.9	14893.9
49824	1902.1	2117.2	14401.0
19613	1903.0	2135.1	14266.3
82883	1907.5	2140.7	14617.9
37786	1897.3	2079.7	14187.8
53136	1893.3	2088.6	14262.3
52209	1895.5	2081.5	14047.3
95793	1875.2	2049.0	13686.6
36271	1896.2	2102.9	14253.8
38268	1889.1	2109.1	14059.6
35085	1901.8	2149.6	14750.6
72651	1893.2	2102.5	14113.1
88588	1900.6	2106.3	14426.6
3317	1906.5	2224.2	15234.0
43180	1914.6	2184.3	14935.3
41441	1905.4	2175.4	14676.5
3848	1891.2	2136.0	14415.5
50539	1883.7	2116.0	14201.3
62171	1888.9	2126.3	14213.8
79023	1903.1	2177.1	14806.7
14476	1879.3	2133.8	14165.8
75796	1905.6	2141.8	14269.4
24736	1889.5	2173.3	14435.2
18040	1897.2	2176.1	14289.1
85605	1890.2	2151.8	14337.7
60251	1918.3	2177.2	15038.0
28945	1909.3	2116.8	14645.7
65654	1911.6	2196.5	15165.8
88372	1898.8	2169.0	14353.3
69017	1900.3	2143.0	14397.8
73549	1916.3	2173.4	14976.4
44499	1908.8	2190.6	14789.3
96659	1907.9	2120.8	14260.3
58500	1890.9	2122.5	14076.4
90486	1909.5	2164.1	14639.6
17173	1913.3	2122.2	14592.9
60101	1894.1	2166.3	14521.3
45052	1898.4	2137.5	14692.1
83966	1913.6	2245.6	15131.7
53692	1909.3	2166.0	14695.6
19116	1914.7	2184.9	15016.4
49377	1904.5	2112.8	14529.6
39863	1907.9	2210.9	15666.1
1070	1898.7	2095.7	14047.4
22734	1914.9	2187.9	15045.2
12229	1890.7	2079.7	14037.5
61800	1897.8	2177.6	14679.0
8629	1890.0	2185.0	14909.2
74181	1895.8	2105.1	14089.0
12050	1889.1	2144.2	14172.0
79544	1913.1	2144.3	14744.2
70941	1902.3	2132.3	14273.0
17521	1902.3	2068.6	14278.6
8697	1892.8	2122.9	14362.0
59576	1891.5	2143.6	14074.7
70479	1907.5	2162.0	14789.3
59822	1905.2	2156.2	14527.9
12266	1909.0	2142.0	14895.9
5861	1907.4	2147.1	15104.4
67507	1881.3	2099.4	13948.1
50752	1903.8	2122.6	14548.9
30477	1914.2	2158.6	14893.9
47792	1898.2	2143.7	14499.1
57736	1898.3	2132.5	15293.6
18472	1910.9	2183.6	14854.6
39517	1890.4	2112.0	14234.6
43188	1899.4	2119.7	14295.0
21701	1900.6	2131.9	14421.0
29435	1903.8	2124.4	14626.2
85392	1910.6	2119.9	14749.9
3153	1898.7	2183.6	14510.5
34043	1900.3	2115.3	14425.7
481	1892.6	2210.2	14479.4
93141	1897.4	2093.3	14126.4
67705	1901.6	2120.4	14422.7
14828	1893.7	2153.6	14583.5
52939	1911.6	2143.6	14660.7
98445	1899.9	2088.8	14380.7
36608	1899.4	2182.6	14383.6
54941	1897.8	2121.3	14365.6
5250	1900.9	2092.8	14251.1
59953	1888.7	2133.4	14271.6
21750	1904.6	2098.2	14262.4
46762	1882.7	2088.3	14090.3
20801	1898.8	2142.9	14095.0
67517	1894.2	2099.9	14569.6
63757	1895.4	2090.5	14172.0
41301	1905.5	2143.1	14767.7
54081	1900.0	2144.1	14364.2
6501	1897.3	2190.1	14594.5
76140	1902.3	2110.4	14610.8
53242	1904.0	2101.8	14295.1
93148	1896.9	2118.1	14271.7
95656	1894.4	2141.8	14478.5
50168	1884.0	2082.4	14046.4
2897	1899.1	2127.1	14245.1
31394	1899.8	2132.0	14365.1
40202	1906.1	2170.0	14609.0
56047	1909.9	2126.7	14588.3
95443	1901.5	2116.3	14522.4
7061	1894.0	2072.8	13921.7
89662	1891.0	2120.0	14332.9
25304	1899.8	2136.4	14413.7
54724	1906.3	2168.3	14932.5
30836	1890.6	2152.7	14526.9
53727	1910.8	2187.9	14789.9
46940	1885.4	2119.1	14165.5
63664	1898.8	2114.5	14134.0
95203	1913.2	2134.8	14699.9
