13701	1296.1	1518.4	5208.9
17475	1297.1	1574.9	5306.4
29891	1284.2	1538.9	5239.0
28007	1295.6	1525.5	5243.0
17220	1296.2	1557.3	5219.8
1979	1303.4	1545.9	5243.4
24463	1302.7	1599.7	5377.2
16758	1297.2	1527.8	5186.7
2725	1305.8	1544.2	5379.3
2719	1305.5	1613.8	5345.4
22903	1293.8	1551.6	5319.5
7440	1294.1	1543.2	5317.1
27267	1298.1	1481.2	5177.1
3903	1279.8	1497.1	5012.2
8562	1288.6	1494.0	5096.5
14891	1295.3	1500.8	5139.0
12471	1295.2	1486.8	5149.0
6272	1289.4	1569.7	5204.8
1577	1306.5	1558.7	5363.7
17181	1299.8	1565.9	5493.1
10853	1294.1	1570.0	5252.8
29539	1292.6	1533.7	5265.0
16364	1286.6	1521.0	5306.7
22762	1310.0	1560.5	5479.3
20775	1300.3	1569.2	5370.1
9512	1299.7	1571.7	5300.7
20333	1306.7	1559.2	5297.3
6517	1296.5	1597.5	5343.6
21865	1293.2	1535.1	5262.3
21085	1301.2	1540.9	5265.4
8463	1306.0	1562.9	5412.0
1523	1310.9	1637.0	5555.1
10912	1305.7	1527.6	5302.4
17366	1304.0	1583.4	5355.8
16749	1303.6	1535.6	5448.0
52	1289.4	1536.5	5068.8
225	1301.2	1581.8	5391.1
14237	1306.3	1604.8	5437.0
8634	1300.3	1538.2	5193.1
8930	1296.4	1531.9	5299.4
16576	1291.7	1527.4	5148.7
13045	1304.5	1525.4	5212.0
10913	1295.9	1520.9	5210.6
21722	1293.3	1497.9	5205.6
9954	1293.9	1534.6	5187.2
26925	1291.5	1530.8	5187.0
21339	1292.6	1529.2	5301.5
21409	1296.5	1526.2	5274.7
26127	1289.0	1563.7	5255.2
18359	1312.0	1598.2	5470.4
18862	1296.9	1538.2	5210.4
27759	1295.9	1553.4	5252.8
25444	1300.4	1546.9	5374.4
22945	1287.2	1521.5	5093.4
29675	1297.1	1480.5	5154.3
6643	1307.8	1548.0	5734.9
15897	1292.9	1507.1	5181.2
29852	1297.4	1562.7	5296.0
18141	1300.4	1538.2	5413.3
29030	1293.8	1556.0	5288.3
26897	1296.2	1516.0	5251.7
28581	1305.1	1543.1	5262.9
19982	1296.0	1505.3	5267.5
2043	1300.6	1522.9	5222.0
11312	1295.5	1533.1	5291.2
14506	1294.9	1568.6	5298.8
25292	1304.2	1620.3	5627.7
15473	1296.2	1554.6	5267.7
7423	1297.2	1590.9	5432.0
28744	1303.2	1574.0	5488.2
2543	1299.6	1630.0	5432.5
25616	1295.2	1536.8	5326.4
4277	1280.7	1474.5	5063.1
7841	1310.5	1539.3	5397.0
27188	1306.6	1571.1	5577.9
15107	1302.6	1548.8	5306.7
21097	1294.6	1561.4	5337.0
25477	1297.2	1524.8	5351.4
21508	1297.2	1517.2	5231.3
6940	1293.4	1520.8	5195.5
592	1289.8	1506.0	5159.7
5455	1308.8	1562.8	5360.5
3183	1304.0	1564.9	5321.1
11582	1306.4	1607.1	5417.8
22728	1299.1	1551.7	5436.6
29216	1284.0	1513.6	5082.8
18710	1299.9	1561.6	5376.9
295	1291.2	1517.6	5122.9
16605	1288.7	1548.1	5162.9
26067	1304.3	1548.8	5474.0
24744	1302.1	1495.7	5175.7
18056	1298.3	1586.9	5264.2
28534	1288.7	1478.3	5046.3
22018	1284.3	1512.5	5157.4
1248	1299.1	1572.2	6101.9
3659	1285.7	1510.7	5196.4
13487	1293.2	1523.4	5294.8
16249	1295.4	1550.4	5335.2
21231	1299.5	1555.6	5419.9
1349	1306.5	1535.7	5335.0
2113	1299.2	1517.3	5313.1
22356	1294.0	1538.4	5523.5
27506	1287.2	1526.0	5197.6
25176	1297.8	1532.7	5239.0
19698	1295.4	1560.5	5195.4
8484	1290.0	1533.7	5152.4
9462	1293.1	1535.2	5247.6
22515	1302.2	1547.4	5311.4
17302	1294.1	1537.6	5318.5
14735	1287.2	1460.8	5118.7
11892	1293.3	1556.1	5294.0
5207	1296.2	1584.7	5265.3
2159	1286.2	1442.9	5030.8
18718	1291.2	1553.6	5260.6
2999	1295.5	1535.3	5234.5
10176	1296.6	1575.5	5316.9
11298	1302.2	1582.5	5450.0
1627	1306.1	1548.7	5292.6
19357	1299.1	1516.9	5212.4
26253	1294.6	1516.0	5186.8
13265	1299.3	1538.2	5404.4
9327	1289.1	1520.1	5184.4
24037	1295.4	1570.0	5346.2
19238	1294.5	1499.6	5188.8
562	1300.6	1555.7	5551.7
7523	1296.0	1555.8	5292.2
6197	1303.8	1542.2	5369.9
9093	1297.9	1563.3	5313.9
24924	1294.5	1550.8	5166.2
24356	1300.9	1575.7	5325.8
12522	1296.7	1565.5	5244.3
17856	1305.9	1532.5	5340.5
18755	1291.0	1557.3	5213.0
25408	1287.8	1495.8	5143.3
11232	1295.4	1585.7	5289.7
9572	1290.0	1502.7	5177.0
28819	1290.8	1497.4	5140.2
2627	1303.5	1606.4	5398.9
7492	1300.0	1547.3	5245.4
10286	1288.7	1513.4	5136.8
22038	1300.6	1542.5	5205.1
11748	1294.8	1598.2	5316.0
18539	1287.3	1494.7	5129.8
25502	1289.4	1519.2	5186.5
7817	1295.3	1510.0	5202.4
6490	1292.8	1521.5	5274.0
27327	1305.5	1546.2	5340.3
6069	1287.8	1508.3	5173.8
24689	1300.9	1532.3	5333.2
7474	1286.9	1475.5	5008.1
7810	1287.7	1544.7	5286.1
14139	1292.3	1528.5	5173.0
7495	1288.1	1521.6	5166.3
23248	1298.0	1572.5	5781.6
3545	1283.5	1520.7	5196.9
12584	1303.8	1514.3	5255.4
16081	1302.0	1573.4	5362.1
18174	1305.7	1584.3	5511.9
1336	1312.1	1600.3	5525.2
11135	1301.6	1555.4	5267.5
28611	1279.6	1431.7	5003.4
18039	1295.7	1506.4	5232.0
26694	1303.5	1560.2	5586.6
15244	1289.8	1505.9	5264.1
3025	1300.8	1578.4	5347.8
18528	1301.5	1559.1	5384.2
28776	1296.1	1546.0	5442.7
19015	1306.8	1537.6	5391.2
17233	1299.0	1536.6	5182.7
26715	1293.3	1537.3	5274.6
10937	1302.5	1531.9	5284.0
4960	1288.9	1505.0	5202.0
25424	1298.0	1554.6	5683.7
8219	1286.8	1532.9	5186.1
4738	1294.4	1560.4	5279.9
5536	1294.9	1549.2	5234.7
17093	1298.4	1573.0	5328.7
26922	1294.0	1544.9	5240.3
2286	1302.5	1569.5	5372.1
13453	1297.4	1613.5	5439.3
11415	1295.3	1542.4	5374.2
15947	1305.5	1634.2	5475.9
12944	1289.0	1521.0	5252.0
19279	1300.3	1585.9	5408.0
651	1307.1	1590.5	5355.6
15884	1300.0	1579.7	5434.5
4258	1303.3	1558.7	5253.0
25681	1302.1	1521.9	5253.2
7324	1285.8	1556.0	5184.2
23819	1283.9	1501.9	5029.0
184	1292.3	1539.1	5282.8
13452	1304.2	1590.3	5402.1
21310	1296.7	1597.2	5440.6
22916	1310.5	1530.3	5309.3
19248	1304.6	1583.1	5538.0
28151	1298.2	1527.2	5193.6
9169	1308.9	1569.7	5448.0
10631	1300.4	1596.8	5390.2
5855	1287.7	1545.0	5209.9
17024	1303.9	1551.5	5268.0
10298	1313.9	1595.4	5551.2
12536	1295.8	1551.6	5347.3
28583	1297.3	1563.9	5490.0
16995	1292.3	1501.4	5147.2
21102	1302.6	1595.5	5557.5
10715	1288.1	1527.9	5279.4
23373	1300.9	1520.5	5333.2
26818	1285.7	1529.8	5174.1
26254	1292.8	1476.5	5176.4
5387	1294.7	1496.3	5140.0
8329	1301.7	1510.4	5289.6
23883	1300.8	1536.7	5277.7
702	1299.6	1564.7	5397.9
15038	1299.0	1517.9	5203.5
13005	1294.5	1566.8	5299.5
19703	1292.7	1552.1	5215.7
22972	1295.8	1507.1	5175.9
15958	1300.7	1498.0	5188.8
16924	1298.2	1502.9	5278.4
8904	1291.7	1534.7	5209.4
12228	1307.2	1552.6	5351.0
19071	1303.9	1561.5	5325.5
20892	1289.4	1516.2	5165.3
13189	1288.1	1545.1	5322.8
16811	1292.4	1540.3	5178.4
28560	1304.9	1581.0	5473.8
1244	1309.6	1584.7	5388.7
11212	1297.6	1544.2	5233.9
6154	1295.7	1481.0	5176.3
27743	1277.7	1489.3	5046.9
24387	1304.8	1535.9	5393.2
9585	1287.8	1474.8	5131.6
14784	1283.5	1532.4	5357.8
10566	1296.1	1549.8	5273.6
28628	1287.5	1500.9	5253.1
21824	1300.0	1548.1	5323.0
1630	1292.6	1588.0	5353.7
14119	1305.9	1607.2	5443.7
20718	1295.9	1567.4	5312.4
28121	1297.3	1530.9	5310.7
23682	1298.4	1538.6	5328.7
7825	1289.0	1506.2	5133.5
22081	1300.1	1545.2	5338.9
12542	1288.5	1562.1	5260.4
7729	1291.6	1521.9	5177.0
498	1294.3	1538.0	5229.8
22475	1294.2	1513.0	5145.6
25181	1298.1	1544.9	5293.5
3413	1303.7	1563.2	5431.1
19650	1294.5	1524.6	5290.7
28417	1299.4	1510.4	5299.7
12656	1310.3	1611.2	5471.0
12629	1290.9	1528.0	5168.3
14501	1304.3	1595.7	5377.9
2442	1308.3	1553.4	5357.9
2190	1295.8	1568.8	5308.5
6366	1293.5	1538.3	5279.7
28552	1290.1	1501.6	5132.6
18705	1297.8	1521.7	5225.3
15582	1311.6	1637.9	5457.2
3576	1291.7	1537.5	5186.3
3357	1295.6	1588.3	5366.4
8450	1305.7	1593.2	5571.3
12894	1310.0	1577.4	5472.3
29950	1288.1	1543.4	5119.1
11689	1293.8	1582.8	5227.8
5370	1303.1	1556.3	5303.3
8133	1294.9	1585.9	5305.7
14545	1295.8	1559.3	5219.1
24735	1302.6	1594.3	5412.6
15918	1293.3	1479.3	5122.1
28222	1302.2	1530.9	5331.2
2319	1296.7	1541.5	5296.0
28668	1304.9	1570.3	5371.8
8144	1295.6	1558.5	5318.4
28155	1294.1	1539.2	5243.4
6345	1285.4	1519.1	5143.3
24926	1296.8	1587.1	5302.9
3894	1297.8	1586.2	5349.7
17492	1300.5	1526.6	5348.5
17774	1297.8	1573.4	5328.0
17018	1297.6	1592.8	5451.9
22088	1293.0	1485.1	5270.6
15812	1291.9	1499.4	5134.2
25657	1297.7	1547.4	5332.5
22121	1281.7	1448.6	5044.3
17659	1297.2	1547.9	5295.2
3840	1306.8	1622.7	5591.3
21312	1307.2	1543.1	5270.1
26135	1304.7	1573.2	5402.5
1631	1294.0	1538.8	5219.1
16606	1297.9	1524.5	5202.0
9112	1307.8	1547.7	5478.9
13960	1300.0	1536.7	5290.0
10117	1292.3	1505.5	5122.3
18970	1303.7	1548.4	5306.0
17309	1301.9	1521.7	5305.8
13360	1295.8	1563.4	5318.8
11363	1297.2	1604.1	5819.7
13747	1293.9	1598.0	5325.8
26889	1294.1	1528.4	5300.5
17209	1298.6	1512.9	5297.3
16517	1312.6	1623.2	5730.0
16411	1291.0	1482.1	5106.7
9788	1304.3	1580.7	5324.4
21914	1289.9	1498.4	5132.2
19007	1306.7	1599.4	5420.0
9921	1286.3	1549.3	5160.3
19162	1307.0	1538.6	5448.0
3111	1297.6	1516.6	5266.1
25740	1293.9	1567.9	5211.4
11284	1299.4	1542.2	5412.2
2871	1295.0	1520.8	5227.0
17653	1303.6	1585.1	5441.8
4568	1293.7	1552.5	5308.6
16218	1296.6	1575.6	5284.7
21913	1304.8	1552.0	5363.2
13798	1301.2	1493.5	5259.4
10180	1297.2	1527.5	5271.9
1122	1295.4	1551.3	5204.1
14247	1297.7	1603.3	5496.2
1285	1292.7	1539.8	5353.7
5090	1296.6	1511.1	5148.8
11299	1300.0	1522.1	5197.2
5174	1286.2	1532.8	5138.8
19158	1298.2	1537.0	5428.3
668	1294.6	1590.8	5237.0
24038	1298.3	1517.9	5185.0
21870	1289.4	1571.0	5198.4
18974	1298.4	1562.6	5277.2
7802	1292.3	1552.6	5234.7
22207	1286.9	1549.9	5183.1
15485	1294.5	1536.5	5219.5
18460	1296.7	1581.1	5551.0
22852	1302.2	1572.8	5292.0
4634	1290.0	1564.1	5389.2
17512	1301.8	1579.4	5388.4
21849	1303.8	1502.5	5303.3
26136	1300.5	1508.6	5345.3
410	1283.8	1465.1	5056.0
27290	1305.8	1567.1	5388.3
607	1294.6	1550.8	5268.4
25909	1299.7	1569.4	5434.3
16666	1297.1	1561.1	5257.0
22522	1299.1	1604.6	5369.4
4481	1301.6	1541.6	5309.5
27086	1294.3	1535.7	5119.3
17893	1301.9	1576.3	5327.4
12626	1285.7	1478.9	5075.3
25110	1291.9	1514.4	5187.6
20811	1280.4	1478.4	5084.3
23273	1287.3	1531.0	5093.9
12807	1302.9	1568.6	5493.9
23400	1309.0	1550.3	5337.9
23827	1295.9	1531.4	5247.2
13205	1296.3	1576.7	5305.6
27306	1284.8	1546.9	5155.2
27311	1301.5	1590.8	5629.1
7133	1286.8	1481.4	5236.4
16434	1298.4	1501.8	5237.8
10080	1296.6	1563.5	5281.9
9573	1297.7	1573.5	5271.3
27394	1308.3	1570.0	5419.0
21282	1302.5	1568.0	6505.7
15030	1294.1	1503.7	5167.1
997	1292.3	1514.6	5115.3
10505	1308.0	1545.9	5305.6
15554	1292.4	1531.1	5156.3
13029	1296.8	1605.5	5621.4
6695	1305.5	1558.1	5411.8
7787	1294.4	1551.5	5250.6
25364	1294.4	1543.7	5221.0
25956	1292.9	1538.7	5253.8
27064	1305.8	1600.1	5423.2
6457	1300.1	1567.2	5347.9
6222	1292.5	1550.0	5269.9
19758	1295.8	1504.2	5206.0
28279	1289.9	1562.4	5279.8
24380	1287.6	1543.5	5235.1
23917	1301.2	1538.5	5263.3
26005	1303.0	1561.3	5341.2
341	1290.5	1571.9	5234.2
12453	1292.0	1540.9	5269.0
14187	1295.2	1557.6	5260.0
1501	1291.0	1532.6	5193.1
26165	1305.1	1585.6	5410.0
6830	1292.1	1552.6	5246.7
16569	1308.1	1576.7	5467.3
18984	1292.3	1526.3	5189.8
28784	1284.9	1487.2	5061.3
20804	1294.8	1533.5	5157.9
19741	1304.6	1567.5	5544.5
23638	1286.9	1533.0	5163.1
3930	1289.3	1530.5	5145.8
1469	1288.0	1596.6	5219.6
28036	1303.6	1555.2	5308.3
9259	1295.5	1528.3	5157.7
26574	1297.6	1525.8	5255.3
13797	1300.2	1526.6	5307.6
22282	1292.7	1512.4	5153.3
22469	1301.0	1520.4	5307.8
5280	1306.4	1571.3	5646.2
23584	1289.3	1513.9	5253.6
5521	1302.6	1533.3	5356.1
21308	1294.2	1532.8	5253.5
16374	1298.0	1543.7	5264.1
4820	1308.1	1638.5	6064.4
26491	1294.6	1548.0	5210.5
28991	1295.5	1538.3	5277.6
15143	1308.3	1622.3	5344.0
4909	1291.2	1504.2	5144.4
5348	1288.5	1544.9	5188.2
4690	1301.7	1590.5	5326.4
28362	1286.3	1477.0	5115.6
24197	1283.8	1474.6	5056.4
2469	1299.4	1517.6	5443.7
24937	1303.8	1544.3	5277.4
25028	1306.8	1576.0	5446.8
8156	1286.0	1502.4	5053.9
20853	1312.8	1567.0	5471.3
28882	1297.1	1539.7	5277.8
25200	1308.3	1638.5	5421.2
14137	1298.7	1490.4	5492.1
22220	1299.3	1547.7	5196.6
5992	1285.2	1457.8	5072.8
10381	1303.4	1591.6	5424.8
7429	1305.8	1519.0	5283.3
29705	1300.7	1595.7	5396.2
9763	1291.3	1542.0	5280.2
21536	1298.9	1524.5	5268.7
9139	1296.0	1517.5	5233.1
11066	1306.2	1541.7	5360.3
14291	1306.2	1556.8	5408.1
21	1304.3	1553.0	5493.8
12819	1285.5	1527.6	5109.9
19109	1300.0	1546.7	5310.7
16257	1307.5	1556.2	5338.5
24919	1294.4	1520.8	5309.9
16583	1292.6	1558.9	5398.8
17063	1310.6	1615.7	5643.2
13377	1293.8	1535.8	5265.7
7854	1285.1	1494.9	5186.0
10753	1295.0	1559.8	5276.7
9898	1292.0	1529.1	5230.2
24635	1294.0	1513.5	5237.4
17438	1303.8	1551.2	5975.3
8421	1293.6	1547.9	5295.5
20174	1287.9	1502.8	5215.9
18605	1301.2	1532.0	5300.5
2392	1295.7	1527.9	5314.0
23671	1308.1	1613.2	5535.5
7151	1291.5	1521.6	5176.9
4228	1284.7	1423.2	5013.7
20742	1294.1	1519.3	5243.9
26664	1300.5	1537.5	5238.0
260	1293.0	1528.6	5168.3
1848	1288.9	1519.5	5128.1
28737	1297.4	1566.3	5415.6
6313	1297.6	1527.4	5203.0
11620	1298.1	1551.5	5441.2
28196	1291.0	1502.6	5079.9
24737	1302.6	1521.3	5339.3
15600	1304.5	1598.0	5457.6
17942	1295.5	1530.4	5247.9
29602	1299.4	1579.6	5336.3
29141	1294.5	1551.5	5470.6
4053	1293.8	1520.5	5273.2
12297	1294.3	1527.7	5201.0
4883	1290.1	1522.2	5186.3
9381	1290.0	1491.8	5264.8
11174	1297.0	1575.0	5205.8
24571	1298.0	1581.4	5406.3
26183	1286.9	1501.5	5178.8
10052	1296.6	1540.2	5386.4
15223	1291.8	1528.3	5216.5
3002	1291.6	1511.5	5168.0
16862	1295.0	1577.1	5240.1
22877	1304.3	1550.5	5349.7
7031	1288.4	1519.7	5253.0
17797	1299.0	1513.0	5209.1
22908	1295.8	1536.1	5206.9
18592	1297.6	1537.5	5247.8
24513	1302.5	1595.2	5516.7
2402	1300.3	1609.4	5487.8
28434	1289.2	1539.9	5134.5
11065	1297.2	1533.7	5321.9
21762	1290.1	1506.2	5239.1
20577	1285.8	1494.7	5135.8
28448	1307.4	1539.3	5340.3
9114	1294.3	1541.0	5186.5
762	1298.6	1606.6	5344.4
25954	1288.4	1490.1	5107.7
13598	1298.8	1587.4	5426.2
3738	1287.1	1531.9	5175.3
9489	1310.4	1563.6	5432.8
14772	1295.1	1519.8	5269.4
11179	1290.9	1551.0	5228.8
15632	1296.0	1551.0	5383.7
13695	1288.5	1499.9	5072.0
4900	1293.2	1478.2	5109.8
20787	1288.0	1497.0	5240.8
10004	1291.6	1516.7	5126.8
631	1303.9	1576.3	5410.8
29595	1293.2	1549.4	5300.1
21530	1293.6	1524.1	5248.9
29319	1299.8	1524.2	5345.2
27565	1288.6	1509.9	5110.4
12992	1292.1	1496.1	5110.2
2371	1292.6	1556.8	5233.5
6680	1302.2	1565.4	5292.1
14457	1300.0	1532.1	5365.8
9936	1295.5	1516.1	5270.3
11048	1300.0	1545.8	5305.5
2358	1315.0	1589.3	5458.8
27554	1293.0	1558.2	5296.9
7529	1285.8	1509.4	5268.7
2179	1298.4	1557.3	5374.0
21883	1295.0	1567.7	5382.3
18171	1293.6	1512.6	5182.6
16975	1292.6	1472.9	5093.1
6474	1300.1	1533.9	5371.1
21904	1301.3	1611.7	5392.7
20215	1295.9	1518.7	5259.9
27444	1303.1	1567.4	5429.6
8595	1311.4	1562.1	5545.0
25047	1295.0	1510.4	5196.7
24290	1304.6	1579.3	5366.0
29105	1299.5	1537.0	5185.4
24709	1306.9	1523.1	5552.2
1473	1302.5	1572.6	5361.1
11196	1288.3	1525.4	5134.7
627	1295.5	1547.7	5304.6
3668	1305.5	1586.8	5314.3
18915	1289.2	1543.9	5204.1
13227	1288.6	1517.1	5159.3
5476	1290.7	1514.5	5175.5
19935	1284.0	1468.3	5049.2
14873	1294.5	1548.7	5227.1
18723	1289.4	1523.5	5129.0
19212	1298.4	1567.2	5432.2
5451	1302.9	1549.2	5395.5
26245	1294.8	1549.4	5313.5
26767	1294.0	1502.1	5110.9
7658	1294.7	1581.1	5379.9
28712	1310.5	1585.6	5413.9
20245	1286.9	1449.9	5019.2
8371	1284.7	1532.0	5145.1
12495	1305.0	1575.5	5355.3
14286	1283.8	1506.7	5183.2
784	1303.6	1587.5	5452.2
29359	1289.3	1533.7	5194.7
19477	1302.2	1550.7	5438.7
6749	1289.1	1508.2	5112.8
29242	1297.4	1570.3	5365.5
3205	1306.7	1557.0	5371.1
20431	1298.5	1577.4	5460.7
10284	1295.3	1533.5	5301.4
4966	1303.8	1564.5	5367.6
27310	1294.1	1552.3	5254.7
27284	1298.4	1548.7	5204.7
28970	1300.8	1505.0	5218.7
14111	1305.1	1523.5	5223.2
8641	1304.7	1575.7	5332.6
11942	1285.1	1451.7	5008.3
25409	1297.1	1501.3	5289.8
1121	1297.8	1589.5	5379.2
28803	1291.6	1548.4	5242.5
1414	1292.0	1499.7	5135.4
16671	1286.9	1499.9	5081.2
3347	1298.2	1575.7	5248.9
26018	1294.1	1508.7	5206.2
5537	1297.2	1532.8	5285.3
5496	1285.5	1510.5	5058.2
376	1291.6	1552.7	5220.3
27925	1303.4	1516.2	5253.6
5345	1287.9	1521.5	5212.3
23887	1292.2	1527.9	5244.2
5448	1302.7	1559.7	5396.3
26600	1304.9	1565.3	5339.3
16337	1295.5	1525.0	5289.7
27203	1288.6	1528.9	5128.0
9472	1306.9	1561.3	5398.7
11288	1291.1	1509.2	5166.2
11844	1304.0	1548.3	5293.8
28473	1294.0	1538.7	5224.3
26567	1298.7	1537.0	5236.9
29979	1297.9	1574.9	5376.0
22795	1285.9	1463.4	5076.8
6209	1297.5	1542.1	5185.1
669	1298.8	1533.2	5296.6
4176	1294.1	1479.6	5130.9
12621	1300.4	1522.9	5246.7
8850	1281.3	1525.5	5147.5
22921	1298.3	1568.6	5181.9
5597	1308.0	1570.3	5483.9
9563	1297.4	1541.5	5290.2
23043	1298.8	1549.2	5399.3
11814	1297.0	1532.9	5282.5
25727	1294.7	1526.9	5237.0
11938	1299.1	1557.4	5347.5
25857	1290.9	1481.4	5258.7
22549	1301.8	1544.7	5278.8
12980	1300.2	1573.9	5459.2
27818	1284.9	1506.7	5044.2
8411	1302.3	1553.9	5440.5
7072	1293.2	1507.7	5202.0
20382	1306.4	1551.4	5364.7
7765	1316.1	1585.5	5849.8
21783	1291.5	1527.4	5273.4
25439	1296.3	1609.2	5275.8
24440	1288.6	1503.3	5149.7
17254	1307.9	1590.2	5425.5
15198	1294.0	1536.8	5223.4
24494	1301.8	1563.7	5316.6
4564	1299.0	1564.2	5360.9
1544	1294.3	1517.9	5202.9
17112	1296.8	1565.6	5340.8
23489	1294.8	1572.8	5414.6
9991	1293.0	1558.7	5226.0
16674	1298.8	1554.1	5370.1
10989	1301.1	1523.6	5200.7
4164	1308.2	1618.1	5457.8
25431	1294.3	1560.6	5362.5
14151	1293.6	1513.7	5187.4
701	1297.6	1561.6	5397.6
8546	1306.6	1590.4	5407.5
19364	1308.3	1645.9	5864.8
29708	1298.7	1555.3	5282.6
26128	1297.1	1532.9	5282.7
13393	1288.1	1482.1	5091.5
28464	1299.3	1546.5	5261.2
5899	1291.6	1527.2	5273.1
6779	1297.9	1553.5	5285.2
4016	1294.7	1503.5	5173.5
2694	1306.9	1568.9	5333.1
12558	1292.9	1516.7	5293.4
11623	1293.2	1476.1	5093.3
9678	1292.0	1462.6	5115.9
19606	1309.0	1583.3	5525.0
19683	1300.6	1579.7	5292.8
16052	1293.8	1567.3	5226.5
21846	1298.5	1539.3	5272.9
26045	1283.1	1509.4	5074.0
15174	1297.4	1523.9	5367.5
7183	1295.3	1519.5	5273.5
15175	1297.1	1573.9	5305.1
10797	1295.7	1594.1	5262.8
10887	1296.9	1475.1	5171.4
32	1297.9	1567.4	5284.3
15625	1305.7	1527.6	5385.2
20959	1287.1	1515.9	5158.2
6948	1294.2	1538.0	5325.8
21727	1307.6	1551.7	5379.2
4954	1298.2	1623.0	5348.5
19310	1302.2	1547.9	5329.5
24490	1282.3	1484.4	5044.0
24397	1293.5	1564.0	5395.3
17185	1287.5	1467.3	5136.3
25739	1304.8	1527.9	5221.4
6963	1298.4	1541.0	5237.2
19694	1301.3	1542.1	5284.7
5243	1291.2	1542.4	5324.5
13279	1294.4	1513.6	5214.1
14618	1292.5	1537.4	5239.5
13168	1298.6	1518.8	5181.1
9154	1297.7	1547.1	5249.7
17968	1294.0	1520.9	5238.1
6113	1287.3	1533.1	5116.7
28906	1292.2	1541.5	5262.8
10352	1285.6	1501.4	5226.9
15870	1295.3	1536.8	5304.0
11838	1302.7	1552.5	5283.5
25731	1294.5	1551.3	5311.5
23151	1290.2	1520.7	5172.9
9294	1298.6	1494.2	5325.9
22068	1292.4	1546.9	5287.6
16440	1301.5	1569.6	5345.5
14702	1293.3	1531.7	5201.4
15989	1299.4	1552.6	5501.0
27682	1294.9	1530.4	5208.0
5270	1298.0	1533.6	5271.7
4667	1298.1	1518.6	5289.3
689	1294.9	1482.9	5218.1
2937	1294.0	1519.3	5214.6
7316	1298.2	1521.7	5244.1
15455	1303.2	1586.1	5411.9
11187	1301.1	1563.8	5283.4
2499	1294.5	1511.9	5223.0
2374	1287.0	1533.2	5219.6
22079	1299.7	1518.1	5249.4
27896	1296.1	1546.3	5200.1
11040	1299.4	1552.9	5357.6
6891	1293.3	1518.6	5294.9
26302	1289.9	1515.3	5207.5
18155	1301.5	1615.0	5430.6
7507	1290.4	1584.1	5237.5
4161	1307.1	1562.9	5378.6
4566	1288.2	1514.0	5149.0
20706	1301.2	1568.7	5352.0
15286	1300.4	1513.2	5190.3
23455	1310.2	1620.7	5472.9
146	1308.3	1528.3	5279.9
17407	1309.1	1560.8	5853.4
17106	1294.2	1528.5	5357.2
5741	1288.9	1484.4	5259.7
2413	1289.8	1515.6	5220.5
4143	1298.0	1520.3	5265.5
13983	1305.5	1591.8	5416.9
26879	1301.1	1527.4	5300.6
21900	1294.2	1574.3	5291.8
16892	1300.6	1581.8	5287.3
10946	1293.7	1472.9	5109.4
21492	1292.2	1510.2	5124.1
7004	1295.9	1496.3	5209.2
20200	1289.4	1525.8	5306.4
23148	1297.6	1564.2	5351.7
14040	1292.6	1521.7	5189.5
6693	1295.9	1516.1	5164.6
23517	1291.0	1535.8	5316.1
25575	1299.9	1510.3	5267.5
20160	1295.8	1534.8	5255.2
19602	1293.5	1511.1	5233.3
17431	1302.8	1580.4	5344.8
24999	1294.0	1561.5	5333.6
18462	1287.9	1517.9	5115.4
8325	1278.4	1464.5	4944.9
11815	1301.1	1542.8	5381.3
16500	1291.5	1543.3	5279.2
5394	1291.2	1560.1	5345.8
27223	1290.3	1560.5	5292.9
20723	1290.8	1506.2	5223.4
7024	1306.3	1590.8	5492.9
15093	1291.2	1496.5	5079.4
24311	1291.6	1478.1	5133.8
334	1292.0	1525.8	5160.0
5871	1299.8	1536.6	5339.2
25066	1295.0	1591.9	5397.6
27403	1275.9	1473.4	5151.1
7321	1296.4	1511.0	5241.1
3693	1302.4	1566.0	5354.4
9499	1293.0	1554.2	5285.1
96	1313.4	1566.3	5476.0
25928	1305.8	1512.5	5311.2
427	1290.0	1510.0	5198.5
27322	1293.5	1533.7	5201.8
13869	1307.6	1609.4	5550.9
6091	1306.4	1572.7	5690.2
7835	1299.6	1571.1	5197.4
19994	1284.5	1469.0	5025.3
1033	1308.0	1561.2	5438.0
2784	1296.7	1545.0	5273.2
26633	1298.3	1530.3	5209.8
14495	1296.5	1547.1	5276.7
6213	1292.0	1460.6	5046.5
27724	1294.2	1492.7	5049.9
8474	1295.8	1513.3	5220.4
1227	1314.3	1672.5	5703.2
5210	1294.3	1563.5	5305.4
27904	1302.7	1614.8	5355.4
22973	1297.3	1534.6	5371.5
22044	1305.2	1587.0	5398.7
900	1291.4	1560.2	5330.8
17125	1286.7	1524.7	5205.2
16441	1296.8	1475.2	5156.0
6922	1287.0	1517.4	5224.2
25023	1304.6	1538.5	5338.1
26623	1303.8	1626.0	5389.3
8370	1293.1	1534.5	5250.0
4852	1294.1	1587.1	5250.1
139	1294.1	1529.3	5210.2
17871	1288.6	1507.7	5087.6
23780	1297.0	1533.4	5224.6
2964	1293.4	1541.4	5269.9
27906	1292.8	1490.0	5222.7
23579	1293.5	1533.7	5326.0
12100	1290.5	1527.5	5285.1
22418	1292.6	1545.3	5304.0
8911	1295.7	1613.5	5637.6
16539	1296.9	1543.2	5315.5
10889	1301.4	1564.3	5366.0
14940	1296.4	1492.9	5165.5
4742	1296.3	1513.6	5301.4
21204	1287.0	1518.5	5088.4
24260	1290.1	1529.3	5211.8
15626	1286.0	1503.0	5124.9
338	1300.1	1591.2	5383.7
1829	1288.1	1513.3	5062.0
17450	1293.3	1549.3	5273.6
27975	1294.7	1561.2	5326.2
6628	1288.5	1541.9	5222.3
28227	1299.5	1501.6	5248.1
27997	1298.3	1513.9	5241.2
13568	1286.4	1524.0	5277.9
16570	1305.1	1544.6	5301.6
157	1298.1	1558.3	5264.0
26585	1301.8	1548.2	5376.3
7465	1303.1	1593.6	5519.6
9184	1301.6	1550.9	5275.0
19960	1292.2	1532.6	5321.0
25872	1303.1	1557.8	5308.2
11017	1297.7	1540.1	5319.5
1427	1292.2	1549.6	5211.1
6560	1290.1	1518.3	5173.8
24150	1295.4	1595.8	5349.9
2717	1294.6	1521.9	5108.1
1109	1305.5	1602.8	5409.3
22919	1302.4	1549.1	5482.8
27848	1292.6	1527.4	5312.5
24660	1307.2	1521.6	5390.4
22514	1283.8	1512.2	5062.1
17943	1300.2	1564.8	5360.9
29116	1296.3	1534.9	5335.9
16247	1300.8	1556.6	5325.2
6805	1286.6	1531.4	5110.7
12786	1303.7	1555.6	5404.1
1180	1303.9	1578.6	5451.3
9708	1294.2	1536.9	5287.8
5595	1290.6	1508.1	5111.9
22825	1305.4	1566.3	5290.7
19241	1308.0	1556.7	5730.7
18628	1295.7	1527.2	5205.6
16616	1301.1	1536.3	5263.2
10541	1295.2	1555.5	5218.0
4604	1295.9	1547.8	5236.8
13905	1298.6	1567.1	5438.5
26756	1307.7	1555.9	5445.3
168	1299.5	1569.1	5334.6
21021	1294.4	1513.7	5228.2
23617	1297.6	1521.0	5332.0
7559	1283.7	1501.6	5103.0
23931	1301.2	1537.5	5306.4
18966	1292.4	1558.0	5310.7
1148	1293.5	1557.0	5229.3
28873	1294.5	1543.6	5245.7
29064	1309.6	1551.1	5447.1
8248	1281.6	1519.4	5133.6
21130	1295.2	1566.1	5353.0
20638	1300.4	1553.1	5315.7
22544	1301.3	1594.0	5383.1
14052	1305.0	1542.2	5316.2
7903	1287.5	1490.1	5106.6
3681	1296.8	1529.8	5205.8
29459	1292.4	1567.9	5315.0
14586	1288.6	1525.9	5167.5
211	1290.2	1566.2	5257.2
27244	1289.5	1528.9	5175.3
18240	1284.7	1546.4	5100.6
8661	1289.0	1470.8	5164.1
25235	1285.9	1517.0	5123.6
6398	1294.4	1507.0	5209.2
18604	1299.7	1547.9	5284.1
20323	1304.9	1557.8	5336.0
21670	1292.6	1507.6	5130.4
18047	1300.7	1538.6	5335.1
791	1301.3	1545.0	5314.2
23414	1291.5	1545.9	5199.7
12236	1306.0	1569.3	5331.4
20503	1293.1	1533.0	5237.2
19978	1290.4	1513.4	5190.2
15763	1300.9	1552.9	5319.2
24716	1290.8	1492.7	5269.1
27143	1294.9	1555.4	5447.7
27934	1290.0	1555.8	5148.0
20642	1303.3	1550.8	5397.9
11145	1304.1	1552.4	5292.3
27031	1296.1	1523.3	5225.8
13061	1289.2	1488.9	5122.3
19023	1294.6	1548.5	5291.8
18309	1294.6	1534.8	5175.7
6336	1294.9	1474.3	5114.4
16084	1299.2	1572.9	5297.8
3752	1296.3	1534.7	5231.5
13076	1291.2	1514.2	5143.0
7630	1308.2	1564.3	5441.2
925	1304.8	1589.3	5351.7
28442	1290.9	1510.5	5167.2
12126	1291.7	1529.9	5329.4
10179	1301.8	1587.5	5377.1
24418	1294.3	1541.4	5224.6
14047	1306.2	1609.1	5491.6
18550	1291.0	1520.0	5153.6
975	1296.1	1570.7	5259.9
16561	1282.6	1511.9	5218.2
171	1293.9	1538.5	5275.6
26638	1299.8	1534.5	5251.4
25197	1278.1	1531.1	5107.6
21756	1297.4	1518.1	5261.8
10802	1297.4	1493.3	5453.8
3434	1306.3	1545.9	5276.4
2891	1300.3	1565.8	5270.3
10935	1299.6	1486.6	5150.0
21240	1284.1	1502.7	5181.4
15948	1291.0	1522.1	5177.6
25493	1301.2	1561.0	5377.9
18407	1300.2	1492.2	5224.0
8686	1287.5	1510.2	5067.2
16014	1295.3	1550.4	5474.5
20360	1298.3	1592.0	5321.7
20389	1300.9	1573.7	5457.1
19623	1301.1	1554.5	5314.2
18266	1296.5	1545.3	5722.5
17485	1294.9	1494.6	5161.3
29042	1293.0	1520.5	5143.0
3652	1297.0	1552.7	5232.3
24265	1300.5	1517.2	5184.4
15283	1283.6	1500.0	5096.7
6929	1288.8	1509.3	5146.7
12886	1294.2	1558.6	5231.9
6010	1293.4	1541.6	5213.8
984	1297.4	1593.6	5279.4
27548	1293.3	1516.8	5144.4
3884	1293.2	1538.3	5230.4
2007	1293.5	1511.6	5193.4
4280	1305.3	1539.4	5475.7
12593	1300.2	1546.8	5381.8
17637	1287.9	1573.3	5329.8
6875	1288.3	1534.7	5214.6
14964	1304.1	1538.5	5324.5
9438	1304.5	1538.7	5269.7
1937	1289.1	1510.8	5103.3
28965	1301.1	1571.9	5359.9
269	1288.9	1539.8	5197.0
4829	1294.3	1535.8	5235.6
20670	1294.5	1554.6	5249.0
26983	1297.0	1513.8	5175.7
75	1289.2	1518.7	5110.8
6479	1305.8	1632.1	5518.0
24244	1290.5	1465.8	5140.5
20797	1286.4	1527.6	5266.2
24262	1292.4	1499.7	5186.7
8003	1308.1	1583.9	5429.7
17337	1302.3	1545.6	5380.6
1902	1299.5	1512.1	5272.5
5980	1285.3	1499.0	5157.5
19282	1289.9	1551.9	5189.2
8129	1292.3	1562.5	5416.6
6667	1301.0	1506.6	5199.9
26297	1293.8	1551.0	5148.4
7512	1313.3	1522.4	5310.8
16491	1299.8	1565.1	5276.1
17935	1298.7	1549.0	5305.0
11797	1291.7	1494.1	5220.2
15862	1288.7	1524.2	5221.9
27882	1294.6	1536.7	5241.0
25361	1299.7	1550.7	5326.4
3188	1278.8	1444.2	5004.7
3440	1308.6	1605.3	5421.7
2850	1309.2	1562.7	5368.7
6446	1300.9	1548.3	5330.0
2894	1299.4	1539.9	5301.2
21524	1302.9	1571.2	5784.0
20302	1301.8	1537.2	5238.1
20856	1294.2	1487.0	5142.6
17258	1298.5	1546.0	5372.9
29417	1305.4	1568.8	5527.2
26299	1300.8	1547.4	5267.6
29271	1301.6	1555.2	5334.5
24822	1307.1	1554.5	5323.3
13936	1298.7	1511.8	5239.5
28544	1273.0	1489.0	4975.9
8667	1292.8	1518.0	5257.7
16011	1301.8	1597.1	5452.9
17778	1290.5	1517.8	5199.6
5153	1304.0	1529.6	5311.6
14715	1289.0	1532.3	5175.1
28846	1297.8	1519.4	5196.2
24312	1287.3	1478.9	5040.2
24647	1307.3	1513.3	5263.3
19594	1291.6	1569.6	5248.7
8990	1297.1	1537.3	5289.6
13034	1295.6	1569.9	5327.7
19179	1300.7	1573.3	5466.7
21640	1299.2	1526.5	5260.8
8937	1294.3	1545.6	5373.4
15216	1298.1	1614.6	5346.7
5867	1290.0	1542.5	5183.6
17755	1300.2	1518.4	5173.4
21211	1296.4	1574.2	5392.5
3013	1301.5	1513.1	5245.4
25352	1291.5	1542.9	5164.6
27269	1297.7	1539.8	5304.8
47	1308.3	1589.3	5385.1
11897	1297.3	1534.9	5193.2
26069	1296.1	1500.1	5160.8
29727	1296.7	1558.7	5280.8
1326	1303.4	1562.5	5317.9
18537	1299.3	1537.0	5223.8
6179	1295.9	1533.1	5232.9
5429	1294.7	1545.8	5241.0
18686	1289.3	1538.0	5243.5
20018	1301.3	1570.0	5338.5
2502	1295.9	1569.7	5333.4
11984	1294.3	1509.2	5208.7
19620	1298.8	1548.8	5255.0
4937	1289.8	1518.4	5120.3
25389	1304.7	1532.7	5337.2
18371	1300.9	1534.1	5288.3
7236	1296.4	1545.7	5258.8
7629	1290.1	1529.8	5222.1
20229	1307.8	1570.0	5422.0
