0	2074.6	2618.0	678.8
1	2073.2	2581.1	667.0
2	2067.7	2535.9	631.1
3	2078.5	2659.3	694.2
4	2067.3	2547.7	632.6
5	2065.9	2520.8	620.3
6	2066.9	2508.5	638.6
7	2070.2	2550.3	655.8
8	2072.2	2577.6	664.8
9	2065.9	2530.8	628.8
10	2061.6	2473.3	603.9
11	2063.5	2449.6	612.6
12	2064.9	2525.5	622.6
13	2069.2	2556.0	644.4
14	2068.8	2559.0	636.1
15	2065.9	2499.0	626.1
16	2066.4	2517.0	623.3
17	2062.5	2467.2	607.3
18	2069.8	2556.1	653.2
19	2073.7	2587.3	684.8
20	2068.9	2539.0	655.0
21	2060.0	2459.3	588.7
22	2067.5	2506.7	644.4
23	2055.7	2411.3	566.6
24	2061.0	2464.3	593.4
25	2073.2	2610.7	676.6
26	2063.9	2493.7	610.6
27	2064.9	2487.8	622.6
28	2063.9	2517.6	611.0
29	2061.4	2442.9	591.4
30	2062.5	2482.1	611.3
31	2069.2	2511.4	637.0
32	2068.8	2523.8	644.6
33	2062.4	2460.5	595.0
34	2066.3	2503.9	622.8
35	2063.4	2485.9	609.9
36	2068.9	2518.0	643.9
37	2066.4	2539.6	624.2
38	2061.5	2435.6	600.4
39	2051.9	2354.1	549.6
40	2066.4	2533.1	635.6
41	2069.3	2539.5	647.1
42	2071.8	2570.9	666.4
43	2067.8	2545.5	633.0
44	2062.5	2487.0	608.0
45	2066.4	2561.8	632.0
46	2064.9	2492.8	618.7
47	2054.3	2399.2	559.6
48	2059.5	2433.3	586.0
49	2068.8	2539.9	643.8
50	2055.8	2411.1	569.2
51	2066.9	2493.1	636.6
52	2069.8	2521.6	651.6
53	2072.2	2579.8	653.8
54	2071.1	2542.8	654.7
55	2071.2	2575.8	661.3
56	2061.5	2485.1	597.7
57	2067.2	2547.1	625.5
58	2073.1	2584.5	676.5
59	2060.1	2427.5	596.1
60	2064.8	2465.6	614.3
61	2073.8	2607.3	676.9
62	2065.8	2505.5	625.2
63	2063.9	2500.5	618.8
64	2072.2	2559.9	661.2
65	2062.9	2495.8	611.8
66	2078.8	2635.2	689.4
67	2070.3	2574.8	658.9
68	2063.5	2494.4	615.8
69	2065.4	2512.1	624.9
70	2078.3	2649.6	689.6
71	2075.0	2623.7	679.0
72	2070.2	2576.6	648.7
73	2061.1	2445.0	605.4
74	2066.9	2526.9	638.2
75	2064.9	2487.6	625.5
76	2070.7	2536.9	657.8
77	2068.4	2517.5	644.0
78	2073.5	2604.8	661.0
79	2070.9	2569.3	663.3
80	2064.1	2483.5	621.5
81	2071.6	2556.2	648.8
82	2069.2	2552.1	644.6
83	2062.0	2481.4	598.2
84	2056.7	2419.0	576.8
85	2065.0	2493.3	629.2
86	2070.3	2556.5	657.9
87	2061.5	2457.9	608.5
88	2072.2	2591.7	662.3
89	2065.0	2510.2	624.2
90	2069.3	2552.6	641.5
91	2066.4	2508.9	625.2
92	2063.0	2490.5	610.0
93	2067.3	2522.6	639.2
94	2062.5	2484.8	608.0
95	2065.4	2501.0	626.6
96	2069.2	2524.7	645.6
97	2058.7	2413.3	595.8
98	2067.8	2532.8	633.2
99	2059.5	2450.3	582.8
100	2064.8	2506.6	618.5
101	2054.8	2402.3	561.4
102	2076.1	2621.2	686.2
103	2056.7	2416.4	573.1
104	2059.2	2430.5	594.8
105	2060.0	2470.6	589.0
106	2074.6	2619.5	675.5
107	2068.7	2527.5	639.9
108	2060.5	2465.7	597.8
109	2067.4	2546.1	645.5
110	2068.2	2522.1	635.9
111	2068.3	2560.5	635.3
112	2061.6	2492.7	605.7
113	2064.3	2494.6	611.1
114	2065.9	2504.9	626.9
115	2069.9	2534.6	657.6
116	2067.7	2534.1	634.9
117	2067.9	2511.7	649.4
118	2070.6	2587.6	659.4
119	2056.3	2409.6	577.0
120	2062.5	2467.5	603.6
121	2063.0	2461.9	613.3
122	2066.7	2522.8	625.0
123	2063.0	2489.6	617.2
124	2062.5	2469.7	607.1
125	2067.3	2538.8	635.0
126	2066.4	2522.7	621.5
127	2064.5	2495.9	620.8
128	2068.4	2519.0	640.6
129	2057.7	2434.5	576.1
130	2059.1	2464.0	587.5
131	2058.6	2425.5	594.1
132	2072.0	2559.8	655.9
133	2079.0	2668.6	695.3
134	2070.6	2563.8	650.5
135	2069.8	2538.3	649.5
136	2078.3	2659.3	683.4
137	2073.1	2559.9	666.8
138	2066.5	2506.6	637.9
139	2068.3	2518.8	644.7
140	2070.8	2541.7	665.5
141	2065.7	2474.4	616.9
142	2056.6	2423.4	569.6
143	2063.4	2487.8	608.3
144	2073.7	2576.8	668.3
145	2063.4	2485.6	609.1
146	2076.1	2621.6	693.2
147	2073.6	2563.5	666.6
148	2072.1	2558.9	659.1
149	2068.8	2542.4	648.2
150	2060.1	2449.6	591.2
151	2070.3	2540.6	660.0
152	2073.2	2580.6	667.3
153	2065.8	2509.1	618.0
154	2061.5	2458.7	601.6
155	2074.6	2610.9	682.8
156	2060.0	2442.0	593.8
157	2060.7	2452.2	605.7
158	2071.6	2576.3	654.6
159	2066.4	2509.7	632.3
160	2062.5	2481.1	613.6
161	2077.0	2616.3	688.7
162	2072.2	2574.0	658.0
163	2058.6	2453.8	590.4
164	2054.2	2391.0	562.3
165	2075.1	2586.8	675.6
166	2068.9	2526.1	647.6
167	2069.9	2539.4	650.9
168	2054.3	2377.3	563.6
169	2072.6	2571.8	662.2
170	2061.5	2462.9	599.1
171	2066.3	2524.3	629.0
172	2064.4	2502.9	626.5
173	2066.4	2534.3	631.2
174	2061.6	2472.8	599.3
175	2075.5	2618.9	671.3
176	2069.3	2530.7	640.5
177	2064.9	2517.7	623.9
178	2064.5	2499.5	620.3
179	2057.6	2427.3	585.1
180	2067.4	2523.3	633.7
181	2069.7	2564.2	642.0
182	2065.0	2469.1	625.3
183	2064.4	2503.3	614.4
184	2062.5	2465.4	605.1
185	2067.9	2548.4	636.6
186	2062.6	2462.4	612.1
187	2069.2	2566.1	642.1
188	2066.4	2523.0	629.2
189	2062.0	2465.6	601.5
190	2071.2	2552.3	652.4
191	2064.8	2486.0	616.8
192	2062.0	2467.7	601.7
193	2070.3	2553.7	655.6
194	2066.4	2522.6	623.9
195	2066.4	2527.8	637.5
196	2065.3	2524.6	615.0
197	2066.4	2513.1	631.6
198	2075.6	2608.8	678.0
199	2067.4	2527.5	637.0
200	2066.4	2495.0	621.6
201	2072.2	2532.3	666.5
202	2064.0	2491.5	615.5
203	2073.6	2592.3	666.9
204	2064.9	2493.1	619.7
205	2064.0	2469.8	619.0
206	2065.8	2521.4	622.1
207	2066.9	2511.9	633.8
208	2065.0	2492.7	632.0
209	2066.3	2526.5	629.6
210	2059.2	2466.7	593.8
211	2066.3	2538.7	630.5
212	2064.4	2502.1	616.1
213	2069.8	2536.6	645.0
214	2069.7	2582.1	638.5
215	2088.6	2782.6	759.5
216	2070.3	2574.7	655.1
217	2065.5	2491.6	627.6
218	2052.3	2364.1	549.1
219	2077.5	2639.4	692.9
220	2066.8	2522.3	628.5
221	2066.0	2506.1	631.7
222	2071.2	2573.0	658.8
223	2066.8	2482.9	630.7
224	2066.9	2495.0	627.4
225	2069.8	2541.7	641.2
226	2059.2	2465.2	594.8
227	2063.0	2486.2	606.9
228	2060.6	2438.3	594.2
229	2067.7	2559.6	637.6
230	2069.3	2533.4	645.0
231	2061.1	2425.3	600.3
232	2067.8	2544.1	634.1
233	2076.0	2611.0	676.2
234	2064.3	2509.4	616.9
235	2068.8	2524.0	643.6
236	2073.7	2557.5	678.4
237	2069.8	2557.6	646.9
238	2061.6	2478.8	605.1
239	2064.8	2500.1	614.7
240	2060.1	2446.3	595.7
241	2066.4	2506.4	636.9
242	2067.9	2566.7	640.9
243	2064.9	2497.6	625.4
244	2066.4	2501.7	623.1
245	2062.1	2447.3	608.3
246	2060.6	2468.7	594.3
247	2067.8	2511.0	637.5
248	2069.3	2553.1	649.6
249	2063.0	2513.6	610.6
250	2066.4	2498.5	629.7
251	2068.3	2523.5	643.9
252	2070.6	2543.0	644.3
253	2070.2	2524.5	645.4
254	2065.9	2531.2	622.7
255	2066.4	2525.5	627.3
256	2069.7	2555.4	646.3
257	2063.4	2476.4	605.1
258	2066.4	2516.4	627.4
259	2068.3	2523.3	639.0
260	2060.5	2455.0	595.8
261	2070.7	2569.5	657.1
262	2062.5	2459.8	608.6
263	2063.0	2492.6	608.0
264	2067.8	2543.5	637.4
265	2064.0	2489.0	611.8
266	2075.1	2580.6	676.3
267	2062.5	2501.8	609.4
268	2058.2	2446.8	588.2
269	2072.7	2571.0	661.4
270	2057.5	2438.1	574.0
271	2071.1	2605.0	654.9
272	2073.2	2584.2	663.8
273	2075.5	2624.4	671.7
274	2066.8	2508.6	624.2
275	2062.0	2471.3	605.8
276	2067.8	2547.8	640.4
277	2061.1	2453.6	605.3
278	2064.9	2506.7	615.4
279	2062.9	2476.4	608.7
280	2074.2	2598.5	675.2
281	2064.3	2505.3	610.6
282	2065.9	2506.6	632.1
283	2070.2	2534.8	659.1
284	2064.3	2512.6	614.5
285	2058.2	2436.3	589.4
286	2067.8	2522.8	636.7
287	2065.8	2506.8	626.4
288	2058.1	2421.6	587.5
289	2074.1	2571.8	674.7
290	2063.8	2469.3	608.5
291	2061.4	2465.0	597.2
292	2059.6	2426.7	597.3
293	2058.1	2393.2	584.5
294	2061.5	2472.8	608.8
295	2056.8	2411.2	571.6
296	2071.7	2579.7	658.0
297	2070.2	2544.6	645.1
298	2064.5	2496.8	628.5
299	2067.8	2506.1	631.4
300	2066.4	2511.1	635.7
301	2067.9	2515.1	640.3
302	2063.5	2474.7	613.9
303	2063.0	2462.9	613.4
304	2071.7	2563.6	654.3
305	2065.3	2527.2	618.1
306	2074.1	2594.1	672.4
307	2061.5	2447.9	607.0
308	2058.6	2439.7	588.8
309	2061.5	2453.5	603.8
310	2067.2	2505.8	627.2
311	2070.7	2555.5	653.8
312	2069.3	2525.1	646.0
313	2070.4	2559.1	658.1
314	2065.9	2507.3	634.3
315	2066.9	2547.7	633.8
316	2068.3	2550.1	634.1
317	2061.1	2453.1	599.5
318	2062.8	2471.9	605.8
319	2064.4	2491.3	613.5
320	2059.9	2448.6	591.5
321	2068.7	2537.6	639.9
322	2061.4	2478.6	599.4
323	2068.3	2522.7	640.4
324	2061.5	2455.2	599.8
325	2065.3	2510.4	624.3
326	2066.7	2508.2	620.2
327	2061.0	2450.4	590.9
328	2071.7	2573.3	660.3
329	2065.8	2528.1	614.4
330	2063.6	2498.8	624.8
331	2060.0	2440.3	590.1
332	2065.4	2546.0	626.3
333	2051.4	2345.3	548.4
334	2060.1	2455.8	587.7
335	2063.9	2515.4	618.4
336	2062.5	2482.8	612.5
337	2064.7	2502.3	611.5
338	2070.2	2553.0	645.5
339	2064.8	2480.8	618.2
340	2071.8	2548.0	664.0
341	2068.7	2546.8	645.9
342	2064.4	2500.5	619.1
343	2078.1	2627.0	698.5
344	2058.6	2438.7	581.7
345	2073.6	2606.5	677.8
346	2069.2	2525.6	644.6
347	2073.2	2584.7	673.8
348	2066.8	2499.1	627.1
349	2069.8	2544.3	640.5
350	2069.9	2527.1	652.7
351	2064.5	2514.6	621.3
352	2062.1	2485.5	611.2
353	2059.2	2434.6	596.1
354	2062.6	2477.5	610.7
355	2062.5	2456.8	616.8
356	2072.6	2584.6	661.2
357	2067.7	2527.8	634.7
358	2067.3	2518.3	635.7
359	2066.9	2513.5	628.6
360	2058.1	2449.8	594.6
361	2068.3	2546.1	641.2
362	2063.5	2493.0	618.8
363	2064.9	2509.2	622.7
364	2078.9	2647.1	703.9
365	2058.0	2423.4	581.2
366	2067.4	2533.3	640.5
367	2071.2	2550.8	651.4
368	2063.0	2502.3	617.2
369	2068.8	2558.9	648.6
370	2072.6	2556.1	660.4
371	2064.9	2492.6	619.9
372	2075.5	2585.6	679.1
373	2059.7	2465.3	600.5
374	2068.8	2538.4	647.6
375	2063.9	2484.2	615.3
376	2067.4	2544.5	637.2
377	2065.3	2492.3	616.1
378	2064.0	2498.5	614.9
379	2061.5	2480.9	602.9
380	2073.6	2580.5	670.1
381	2067.8	2519.7	631.9
382	2063.9	2473.7	618.5
383	2069.1	2535.0	639.0
384	2067.4	2515.1	641.0
385	2060.6	2430.8	595.7
386	2070.2	2580.2	651.8
387	2063.0	2483.8	610.5
388	2073.6	2604.2	665.3
389	2066.9	2522.7	630.6
390	2065.4	2535.9	615.7
391	2067.8	2534.9	640.3
392	2067.2	2516.2	628.2
393	2067.4	2528.8	639.3
394	2072.3	2552.3	673.9
395	2068.4	2496.2	640.8
396	2067.4	2556.6	643.8
397	2063.4	2518.2	605.5
398	2074.6	2596.6	674.8
399	2063.9	2484.4	605.3
400	2069.9	2495.1	647.6
401	2076.9	2657.1	686.1
402	2063.9	2509.9	614.9
403	2070.2	2563.3	652.3
404	2067.7	2522.8	637.2
405	2070.2	2544.2	652.5
406	2066.5	2516.3	633.4
407	2067.8	2540.3	637.8
408	2066.0	2513.8	628.0
409	2064.8	2514.2	620.5
410	2067.8	2509.0	635.5
411	2070.7	2573.8	657.8
412	2068.3	2544.7	642.0
413	2065.9	2529.4	630.0
414	2068.9	2544.4	653.2
415	2065.9	2514.8	626.6
416	2069.8	2569.3	650.6
417	2073.1	2577.3	675.0
418	2064.4	2478.6	616.3
419	2069.7	2515.1	645.2
420	2071.6	2570.0	644.8
421	2069.2	2547.0	636.7
422	2060.5	2467.5	587.6
423	2059.6	2448.6	591.8
424	2067.8	2533.4	632.2
425	2075.1	2554.6	684.6
426	2061.5	2489.1	601.1
427	2072.2	2557.1	665.0
428	2067.8	2530.6	641.9
429	2071.1	2557.1	649.8
430	2063.0	2461.7	612.5
431	2066.5	2520.9	637.0
432	2072.7	2623.2	674.5
433	2059.6	2441.8	596.4
434	2071.7	2571.5	658.9
435	2058.1	2416.5	589.6
436	2061.5	2487.3	600.5
437	2061.2	2478.4	608.6
438	2060.0	2438.7	591.1
439	2069.2	2567.6	638.3
440	2062.4	2477.8	601.3
441	2059.1	2434.2	588.9
442	2065.4	2527.7	623.5
443	2061.5	2477.6	606.1
444	2059.6	2437.1	592.2
445	2068.8	2532.3	638.7
446	2060.0	2451.6	594.6
447	2073.9	2592.9	657.8
448	2068.4	2551.1	648.8
449	2062.8	2504.7	603.2
450	2063.4	2476.3	607.3
451	2067.3	2521.0	627.3
452	2059.6	2426.2	589.8
453	2057.6	2424.9	578.7
454	2071.1	2541.6	654.8
455	2064.4	2476.6	612.8
456	2065.4	2502.2	631.3
457	2067.3	2521.3	635.4
458	2066.4	2513.3	634.8
459	2070.7	2569.7	653.3
460	2063.0	2499.3	607.7
461	2062.0	2494.8	609.7
462	2062.9	2491.5	604.2
463	2069.2	2561.7	644.2
464	2065.8	2514.8	625.5
465	2064.4	2491.9	620.5
466	2062.4	2497.5	605.4
467	2067.3	2571.6	632.5
468	2059.6	2458.4	589.0
469	2061.4	2478.8	600.5
470	2070.0	2569.3	645.5
471	2065.3	2490.4	616.7
472	2065.8	2482.2	624.2
473	2063.6	2472.6	614.4
474	2064.0	2506.1	613.3
475	2065.3	2523.7	620.9
476	2060.6	2477.8	601.5
477	2065.9	2504.4	630.7
478	2068.3	2541.2	639.0
479	2066.3	2513.3	629.1
480	2067.4	2518.9	640.5
481	2061.5	2460.7	604.0
482	2070.7	2556.4	656.0
483	2069.3	2532.7	646.3
484	2066.3	2523.6	631.5
485	2065.1	2513.0	621.5
486	2068.3	2523.7	642.7
487	2073.1	2576.0	656.4
488	2056.6	2449.2	572.3
489	2069.2	2531.6	645.6
490	2064.1	2457.1	621.4
491	2061.1	2439.6	598.7
492	2070.9	2567.5	657.0
493	2066.0	2507.6	624.8
494	2068.5	2541.5	648.2
495	2063.4	2477.1	610.5
496	2070.7	2530.6	647.1
497	2063.9	2493.9	612.7
498	2064.5	2495.1	622.7
499	2061.6	2487.5	608.9
500	2065.0	2521.8	626.4
501	2069.2	2577.1	644.4
502	2059.6	2435.1	588.5
503	2069.4	2562.3	640.6
504	2059.7	2441.6	594.3
505	2066.3	2531.3	623.9
506	2066.9	2532.0	638.5
507	2064.0	2483.7	621.5
508	2072.6	2582.9	664.0
509	2056.2	2427.0	567.6
510	2078.0	2627.4	697.1
511	2065.4	2511.9	623.9
512	2061.6	2457.9	610.2
513	2067.4	2539.3	634.1
514	2064.9	2498.0	621.8
515	2064.9	2530.9	626.8
516	2077.0	2616.1	686.2
517	2060.0	2469.2	591.0
518	2063.9	2500.9	615.5
519	2072.6	2605.1	658.5
520	2070.2	2532.7	646.0
521	2068.7	2548.7	635.9
522	2069.2	2551.7	642.7
523	2059.6	2438.1	596.8
524	2074.2	2603.5	680.3
525	2069.7	2509.4	648.3
526	2068.3	2551.0	636.6
527	2076.0	2611.5	677.8
528	2070.8	2537.2	652.7
529	2067.8	2509.0	632.4
530	2064.4	2517.6	613.1
531	2069.2	2559.0	646.3
532	2063.9	2476.3	617.1
533	2074.5	2622.1	671.8
534	2069.2	2530.7	644.2
535	2072.8	2565.3	675.3
536	2061.0	2475.9	598.8
537	2070.1	2578.4	646.2
538	2071.3	2566.2	659.3
539	2065.0	2518.2	618.7
540	2067.3	2545.2	636.9
541	2062.5	2476.6	606.4
542	2059.6	2460.3	589.0
543	2063.1	2493.1	618.3
544	2060.1	2485.9	599.2
545	2071.6	2553.1	658.6
546	2072.2	2553.2	670.7
547	2073.3	2609.4	673.9
548	2065.9	2495.3	631.4
549	2074.1	2587.6	669.3
550	2067.4	2553.7	635.7
551	2066.9	2506.1	633.6
552	2062.9	2483.0	608.6
553	2068.8	2531.2	643.6
554	2064.8	2509.3	614.4
555	2062.5	2478.9	608.1
556	2066.8	2502.9	634.2
557	2069.2	2520.2	643.8
558	2062.0	2447.7	602.0
559	2061.5	2472.6	603.7
560	2058.2	2457.4	587.8
561	2065.3	2503.0	623.4
562	2068.3	2514.6	641.5
563	2066.9	2516.6	635.5
564	2072.7	2587.9	660.2
565	2055.8	2399.7	570.9
566	2069.6	2573.6	629.5
567	2072.2	2569.8	660.7
568	2070.2	2570.8	655.8
569	2068.4	2543.3	643.1
570	2067.7	2571.9	623.3
571	2071.7	2604.6	665.6
572	2066.9	2529.8	631.7
573	2066.9	2511.0	633.6
574	2069.8	2560.9	659.6
575	2069.7	2557.6	648.7
576	2072.2	2578.9	660.7
577	2070.6	2567.8	649.8
578	2063.0	2469.9	603.6
579	2062.5	2467.5	610.7
580	2071.7	2583.3	653.0
581	2067.4	2516.8	640.6
582	2067.3	2513.1	637.2
583	2067.8	2563.4	639.1
584	2051.8	2365.6	543.0
585	2068.9	2558.0	641.4
586	2077.6	2642.9	692.6
587	2067.4	2538.4	642.6
588	2067.3	2541.1	628.7
589	2063.1	2504.3	614.3
590	2060.6	2449.0	602.0
591	2068.8	2546.0	636.6
592	2072.3	2569.2	671.7
593	2059.0	2428.8	585.0
594	2067.8	2511.4	628.7
595	2063.4	2475.0	607.1
596	2064.0	2492.4	616.9
597	2075.5	2617.0	677.4
598	2064.9	2502.0	618.2
599	2068.8	2510.6	644.4
600	2070.2	2547.4	650.0
601	2067.3	2538.6	636.0
602	2067.3	2508.8	634.9
603	2062.5	2468.5	614.8
604	2062.4	2455.5	606.7
605	2063.9	2516.2	617.2
606	2064.0	2489.5	623.4
607	2073.1	2583.8	661.6
608	2074.1	2591.3	678.3
609	2058.6	2445.4	579.5
610	2069.3	2526.2	641.6
611	2070.6	2541.2	647.3
612	2065.4	2477.7	621.6
613	2061.0	2444.8	604.6
614	2060.1	2443.3	593.9
615	2069.8	2562.2	650.8
616	2078.4	2640.6	688.5
617	2062.4	2479.1	604.8
618	2072.2	2567.3	652.2
619	2075.5	2599.1	670.1
620	2070.3	2550.2	654.9
621	2066.3	2523.2	620.1
622	2072.6	2591.6	670.7
623	2071.2	2571.6	654.9
624	2069.2	2548.4	638.8
625	2063.9	2480.2	609.8
626	2064.0	2507.3	610.8
627	2075.8	2596.5	688.5
628	2075.2	2591.3	690.2
629	2064.4	2498.6	612.7
630	2077.1	2608.2	693.3
631	2069.3	2540.9	645.0
632	2062.0	2477.1	601.6
633	2062.9	2466.0	604.7
634	2065.9	2515.6	632.1
635	2060.2	2454.0	598.0
636	2067.8	2542.9	639.9
637	2070.8	2563.0	659.0
638	2066.4	2524.6	638.3
639	2069.2	2541.6	641.3
640	2070.2	2561.5	646.8
641	2070.2	2560.0	648.3
642	2070.3	2556.8	659.1
643	2063.4	2499.8	606.1
644	2066.7	2496.6	632.4
645	2063.5	2483.8	612.1
646	2068.2	2526.3	640.4
647	2059.5	2433.3	586.5
648	2071.3	2593.9	660.6
649	2067.0	2510.0	636.3
650	2066.8	2529.1	633.0
651	2062.5	2489.4	611.0
652	2065.3	2506.0	620.5
653	2080.0	2676.1	704.4
654	2063.9	2520.3	619.0
655	2064.5	2511.3	625.2
656	2058.2	2455.5	589.3
657	2074.9	2597.0	666.5
658	2062.5	2456.0	612.9
659	2071.2	2565.6	647.8
660	2066.8	2522.0	625.3
661	2066.7	2490.0	626.6
662	2063.6	2477.6	620.1
663	2062.0	2473.7	605.7
664	2074.7	2607.8	680.0
665	2066.3	2500.3	621.3
666	2063.0	2445.4	613.8
667	2062.5	2480.2	612.8
668	2061.1	2449.0	605.5
669	2066.9	2534.0	632.4
670	2061.6	2468.9	606.0
671	2064.0	2496.9	620.8
672	2066.9	2525.3	630.2
673	2068.9	2537.7	648.3
674	2073.2	2578.9	664.8
675	2071.2	2580.4	662.4
676	2076.5	2630.2	686.7
677	2062.9	2454.0	606.4
678	2062.0	2459.1	607.0
679	2074.6	2619.6	675.4
680	2071.3	2579.3	668.8
681	2067.4	2494.1	637.5
682	2063.5	2476.4	616.6
683	2065.4	2494.5	615.9
684	2057.2	2426.4	575.6
685	2059.5	2421.8	593.9
686	2059.5	2460.7	588.9
687	2076.1	2644.0	689.1
688	2065.9	2528.1	628.1
689	2069.2	2531.3	646.5
690	2060.5	2484.3	591.2
691	2071.9	2570.0	665.1
692	2064.8	2500.7	617.1
693	2064.4	2476.8	614.2
694	2073.5	2611.6	669.4
695	2069.7	2553.5	653.6
696	2065.3	2501.4	614.2
697	2068.4	2535.6	646.1
698	2073.1	2586.6	668.7
699	2062.1	2485.4	606.4
700	2064.0	2478.2	612.4
701	2068.8	2534.1	649.9
702	2068.9	2544.5	654.7
703	2062.5	2446.1	610.8
704	2070.7	2530.4	648.7
705	2056.8	2400.2	579.8
706	2064.9	2520.0	622.4
707	2062.5	2480.5	617.0
708	2062.5	2462.4	612.0
709	2067.3	2531.5	642.8
710	2060.1	2422.1	600.5
711	2067.4	2518.8	630.8
712	2061.5	2479.7	606.5
713	2067.4	2514.3	635.8
714	2072.1	2605.0	666.6
715	2059.0	2440.3	576.0
716	2064.4	2494.7	618.5
717	2066.2	2512.8	622.7
718	2066.8	2533.0	633.7
719	2065.8	2492.7	630.3
720	2061.0	2481.5	593.4
721	2061.6	2481.9	611.3
722	2060.0	2446.3	595.5
723	2071.2	2561.2	655.0
724	2073.7	2586.7	674.7
725	2070.6	2570.5	641.4
726	2068.3	2545.8	639.5
727	2061.1	2421.7	608.6
728	2063.9	2517.8	619.7
729	2062.9	2488.3	607.5
730	2066.8	2547.7	632.9
731	2066.8	2510.0	629.0
732	2062.9	2469.1	606.9
733	2070.3	2538.0	647.2
734	2068.8	2559.3	640.5
735	2070.6	2556.6	648.1
736	2067.2	2514.9	625.9
737	2064.0	2532.6	616.9
738	2070.3	2545.2	650.4
739	2072.5	2579.3	663.6
740	2062.9	2490.1	605.9
741	2066.4	2513.7	624.4
742	2063.5	2496.6	614.1
743	2068.7	2552.9	643.5
744	2063.5	2500.4	616.7
745	2059.5	2434.9	593.0
746	2066.1	2525.6	637.0
747	2065.9	2532.5	630.4
748	2071.3	2557.2	664.6
749	2067.8	2540.1	632.2
750	2059.5	2456.2	589.4
751	2071.2	2559.1	661.9
752	2066.9	2488.4	635.4
753	2070.6	2544.9	647.3
754	2054.2	2396.2	560.5
755	2068.7	2555.1	644.3
756	2062.9	2486.1	605.4
757	2071.6	2571.4	656.1
758	2081.5	2684.0	724.6
759	2063.6	2475.1	623.8
760	2075.6	2600.0	677.7
761	2067.7	2538.7	626.8
762	2068.3	2535.4	644.3
763	2059.1	2432.7	588.8
764	2060.5	2454.6	593.7
765	2062.1	2489.5	605.3
766	2063.9	2505.0	621.3
767	2069.8	2552.1	654.4
768	2060.1	2458.8	602.0
769	2068.2	2537.0	642.9
770	2067.9	2575.7	647.8
771	2065.9	2519.1	631.2
772	2071.2	2553.8	657.7
773	2069.7	2529.5	646.9
774	2060.4	2461.7	591.7
775	2057.6	2441.0	583.0
776	2056.7	2425.3	572.8
777	2071.3	2558.9	661.9
778	2062.5	2483.3	605.6
779	2064.0	2474.3	616.0
780	2061.6	2454.9	607.3
781	2065.5	2517.8	621.0
782	2066.8	2538.4	632.5
783	2064.4	2494.3	617.6
784	2056.2	2416.0	568.9
785	2067.3	2508.4	632.7
786	2072.5	2604.9	658.1
787	2069.2	2526.3	642.3
788	2072.2	2573.8	660.2
789	2068.3	2510.1	630.9
790	2066.7	2537.3	629.1
791	2064.4	2505.0	613.7
792	2062.9	2457.3	607.6
793	2063.5	2518.3	614.3
794	2068.3	2516.3	646.7
795	2064.5	2489.3	619.7
796	2061.0	2452.9	600.8
797	2071.3	2585.7	659.3
798	2065.9	2494.1	625.8
799	2073.1	2581.1	663.1
800	2058.1	2443.7	580.3
801	2066.3	2514.7	630.0
802	2071.2	2577.7	653.8
803	2065.9	2509.6	623.4
804	2067.7	2531.7	635.8
805	2072.7	2632.6	665.6
806	2067.3	2494.8	632.7
807	2065.3	2520.9	625.7
808	2068.3	2542.0	645.0
809	2062.5	2500.5	607.9
810	2066.4	2489.1	630.5
811	2060.6	2454.0	600.4
812	2063.0	2513.9	614.4
813	2066.8	2505.9	632.6
814	2066.0	2475.5	629.8
815	2075.5	2626.6	681.6
816	2064.8	2474.8	612.8
817	2071.7	2584.9	657.7
818	2065.0	2496.6	623.8
819	2062.0	2500.7	605.2
820	2070.8	2524.8	661.7
821	2076.1	2610.5	678.3
822	2061.4	2457.5	593.3
823	2062.0	2484.9	605.0
824	2062.1	2480.7	611.8
825	2065.3	2483.3	619.6
826	2066.0	2516.6	629.1
827	2064.5	2490.7	621.1
828	2069.3	2519.4	651.5
829	2067.3	2528.8	629.8
830	2061.9	2471.0	610.2
831	2062.0	2481.8	607.7
832	2069.3	2539.9	646.8
833	2066.4	2511.3	630.3
834	2059.0	2466.8	587.9
835	2064.9	2499.1	617.5
836	2067.7	2542.3	638.7
837	2064.4	2484.9	615.6
838	2061.0	2450.9	596.1
839	2067.4	2489.0	633.9
840	2073.2	2597.7	669.2
841	2066.4	2505.4	635.7
842	2074.0	2603.3	669.7
843	2067.9	2522.2	646.0
844	2067.3	2519.1	632.4
845	2063.1	2460.9	616.3
846	2064.9	2492.7	617.5
847	2059.0	2458.8	580.3
848	2074.1	2575.1	673.1
849	2064.9	2515.9	619.2
850	2074.6	2632.4	684.9
851	2075.4	2598.4	667.2
852	2064.8	2519.8	620.6
853	2052.7	2380.8	551.6
854	2066.4	2523.9	631.1
855	2065.9	2510.4	625.1
856	2067.3	2529.5	631.8
857	2063.0	2490.5	613.1
858	2064.4	2490.9	620.0
859	2069.3	2533.1	646.9
860	2068.7	2535.0	637.8
861	2070.2	2567.3	650.5
862	2062.0	2447.4	600.9
863	2072.6	2584.4	664.6
864	2063.4	2485.1	610.9
865	2064.9	2516.8	622.8
866	2065.0	2504.8	631.2
867	2070.2	2534.0	646.5
868	2065.5	2517.5	621.2
869	2070.7	2560.2	653.9
870	2063.5	2494.8	614.2
871	2061.5	2469.9	604.7
872	2063.4	2468.5	610.6
873	2061.4	2501.5	601.2
874	2069.8	2547.2	646.0
875	2064.4	2510.4	622.3
876	2064.5	2481.2	620.3
877	2067.8	2554.9	641.9
878	2065.3	2490.0	619.2
879	2065.9	2486.1	623.0
880	2068.8	2562.8	644.7
881	2069.8	2531.8	649.2
882	2061.4	2460.7	599.0
883	2062.1	2460.0	612.4
884	2063.9	2487.0	614.7
885	2062.5	2475.5	606.5
886	2062.6	2461.7	605.1
887	2060.1	2464.2	595.6
888	2067.9	2525.8	641.2
889	2067.3	2525.9	639.6
890	2062.4	2499.9	608.1
891	2061.5	2471.3	600.5
892	2065.0	2517.8	634.0
893	2064.0	2498.2	621.6
894	2063.5	2473.4	608.4
895	2061.2	2463.3	604.4
896	2063.4	2488.3	606.9
897	2062.1	2483.2	603.6
898	2063.0	2480.4	607.3
899	2073.6	2632.1	661.7
900	2066.9	2499.7	638.2
901	2060.1	2459.5	593.6
902	2062.0	2483.7	608.4
903	2077.0	2641.5	683.5
904	2068.3	2542.0	643.4
905	2069.2	2536.5	644.1
906	2064.9	2497.3	617.7
907	2064.9	2473.7	628.3
908	2062.5	2472.9	605.7
909	2064.5	2490.4	624.4
910	2071.6	2603.3	657.2
911	2071.8	2572.4	658.1
912	2065.9	2509.6	631.1
913	2069.9	2559.0	644.8
914	2065.0	2508.0	622.3
915	2063.0	2480.7	612.3
916	2059.5	2465.3	590.8
917	2068.2	2530.7	631.9
918	2064.5	2517.0	618.6
919	2058.1	2422.2	579.7
920	2065.0	2499.6	616.7
921	2065.9	2507.1	627.3
922	2066.9	2515.4	637.0
923	2064.4	2487.2	611.8
924	2069.3	2557.5	650.8
925	2067.3	2511.5	636.6
926	2066.9	2521.5	632.7
927	2061.0	2469.6	594.1
928	2067.7	2546.4	621.7
929	2064.4	2481.5	621.6
930	2062.5	2481.6	608.3
931	2072.1	2568.0	665.7
932	2061.1	2457.1	603.0
933	2065.9	2525.0	628.7
934	2065.0	2504.6	623.2
935	2065.4	2530.3	626.0
936	2067.9	2524.8	646.6
937	2063.0	2482.2	602.3
938	2060.1	2468.2	594.2
939	2063.5	2485.5	612.7
940	2065.9	2518.2	638.6
941	2069.7	2580.7	641.3
942	2067.3	2525.6	634.0
943	2058.2	2428.7	583.8
944	2062.0	2466.3	611.8
945	2069.8	2552.1	648.2
946	2081.3	2681.0	710.0
947	2057.6	2413.0	584.0
948	2070.8	2557.8	657.1
949	2060.6	2475.3	600.0
950	2070.3	2565.9	649.0
951	2062.9	2482.8	605.9
952	2072.1	2594.5	664.1
953	2064.5	2503.5	619.9
954	2064.8	2463.7	614.0
955	2068.8	2534.9	639.9
956	2062.1	2472.1	614.8
957	2060.0	2420.6	587.5
958	2068.2	2559.3	635.3
959	2063.4	2464.0	606.4
960	2060.5	2448.0	587.3
961	2064.4	2503.4	620.9
962	2065.9	2517.8	620.7
963	2070.7	2570.3	651.7
964	2060.1	2467.4	598.7
965	2067.9	2553.6	648.7
966	2068.8	2524.0	648.4
967	2064.4	2499.6	617.7
968	2058.6	2452.1	585.3
969	2067.9	2510.0	642.8
970	2067.2	2535.3	627.7
971	2069.3	2544.9	646.2
972	2063.0	2476.2	618.2
973	2071.6	2582.4	658.0
974	2060.5	2462.0	593.9
975	2061.0	2461.7	600.4
976	2063.5	2489.6	610.0
977	2070.2	2607.5	657.4
978	2061.6	2465.8	604.2
979	2054.7	2405.8	564.4
980	2075.5	2597.8	680.0
981	2063.4	2475.8	609.0
982	2056.2	2423.7	563.3
983	2057.8	2404.9	590.8
984	2069.7	2580.0	644.1
985	2066.8	2510.6	630.6
986	2074.1	2600.7	668.5
987	2068.3	2529.7	637.1
988	2069.3	2552.8	647.6
989	2063.9	2485.9	614.6
990	2064.5	2512.5	620.7
991	2059.2	2430.4	593.1
992	2081.3	2674.8	715.6
993	2065.3	2497.1	616.1
994	2077.5	2637.5	693.0
995	2066.3	2532.3	628.3
996	2067.3	2513.8	633.8
997	2066.9	2551.5	630.1
998	2067.3	2490.1	636.3
999	2068.8	2531.0	645.9
