23730	1663.8	1931.9	10234.6
39159	1645.2	1845.2	9795.3
34392	1667.3	1904.6	10091.8
45075	1643.6	1893.3	10006.7
50950	1655.2	1907.8	10063.0
50657	1638.8	1829.6	9742.5
53093	1644.7	1860.9	9730.6
50457	1644.9	1900.8	9882.0
10642	1653.6	1893.6	9995.4
48559	1641.4	1875.3	9748.5
26451	1649.9	1895.5	10029.7
50439	1661.8	1939.5	10079.3
20757	1646.2	1851.4	9700.6
23672	1652.2	1922.0	10099.2
28711	1634.5	1842.8	9569.8
15661	1651.3	1880.3	9783.0
25632	1646.4	1877.9	9903.0
28655	1656.6	1976.0	10280.0
23324	1645.8	1918.7	9873.7
10768	1646.5	1920.9	9953.6
54494	1660.8	1905.0	10087.4
45522	1655.0	1876.2	9896.1
51298	1650.3	1916.4	9963.1
34382	1653.6	1917.3	10021.4
10153	1646.9	1891.2	9704.4
29300	1643.5	1847.8	9609.8
50157	1653.7	1869.3	9834.7
41322	1651.4	1899.4	10010.4
25685	1634.1	1888.7	9885.9
8331	1635.4	1851.8	9673.3
13841	1653.1	1956.2	10130.0
7214	1657.0	1899.9	10071.5
49423	1645.1	1873.4	9832.5
14324	1636.1	1890.5	10017.9
22330	1660.4	1916.7	10153.4
21389	1665.1	1930.4	10115.3
19346	1660.2	1903.4	10026.6
42363	1647.7	1914.4	10246.0
48655	1653.5	1901.3	9896.6
32275	1652.0	1918.4	10254.1
15186	1635.7	1836.4	9534.6
50902	1640.4	1822.0	9654.5
28590	1643.7	1901.2	9988.6
22844	1650.1	1925.5	10403.5
53746	1643.3	1869.2	9757.2
11572	1650.6	1849.3	9835.3
44612	1656.1	1939.6	10099.2
10924	1645.1	1867.1	9828.7
20345	1643.5	1900.1	9889.3
48340	1634.6	1849.2	9699.5
47366	1652.6	1910.4	10066.7
5906	1659.7	1879.5	10103.5
30856	1651.4	1849.2	9916.6
29889	1655.6	1972.0	10315.3
20799	1650.1	1855.2	9876.2
26141	1648.1	1883.0	9839.2
6894	1646.6	1838.5	9727.7
30147	1648.2	1839.1	9628.2
10778	1649.6	1894.6	9911.0
40854	1645.0	1871.4	9817.0
35007	1660.4	1890.6	10047.5
16701	1640.0	1865.3	9675.9
49815	1653.7	1918.0	10121.8
30998	1641.2	1850.3	9710.9
16643	1658.4	1896.7	10205.8
5366	1654.3	1875.9	9914.9
34759	1662.7	1898.6	10104.0
10901	1646.9	1897.8	10024.6
28550	1650.0	1865.9	9930.7
10285	1657.2	1909.4	10131.2
39481	1647.7	1920.7	10102.7
34985	1651.5	1888.7	9962.2
23341	1650.7	1882.3	10082.7
24744	1658.3	1938.1	10092.0
38227	1664.7	1883.9	9950.8
42937	1645.0	1871.9	9957.2
23656	1660.2	1892.0	9956.0
17424	1657.4	1877.4	9981.2
31067	1648.6	1859.9	9857.4
38515	1652.3	1881.1	9834.9
48044	1644.1	1861.8	9737.3
20441	1657.7	1938.7	10254.4
31458	1660.5	1889.6	9964.0
16974	1661.0	1944.5	10249.1
1612	1652.1	1909.6	10013.0
34487	1655.9	1848.7	9761.2
5180	1642.1	1879.5	9861.0
4428	1658.3	1970.4	10160.3
32664	1656.9	1898.8	10518.3
28370	1645.4	1909.6	9994.6
19174	1662.0	1852.8	9979.3
13840	1648.4	1894.3	9921.5
6583	1641.8	1859.8	9840.4
18276	1658.8	1875.5	10239.6
3243	1664.5	1958.1	10274.4
47697	1662.6	1897.6	10024.9
16744	1647.7	1871.2	9751.3
17076	1639.9	1869.9	9726.6
43592	1656.3	1882.9	10020.0
8868	1642.1	1840.3	9770.7
10965	1648.2	1897.6	9837.9
35207	1657.9	1909.0	10068.0
35182	1651.7	1887.5	9871.0
6916	1661.7	1948.7	10393.6
50418	1651.1	1899.5	9951.6
37719	1644.0	1929.7	10027.3
44862	1659.3	1924.7	10087.4
4717	1634.3	1849.4	9631.4
42259	1658.9	1905.9	10325.6
51918	1650.3	1887.3	9882.5
15757	1656.3	1924.3	9999.9
49750	1653.5	1882.3	9910.5
17492	1658.1	1901.8	9994.7
24617	1640.9	1872.7	9749.1
49118	1641.8	1837.9	9839.4
51964	1649.6	1859.5	9830.4
2115	1636.8	1891.2	9890.8
2364	1640.7	1884.3	9681.3
8989	1644.8	1856.5	9682.6
31719	1636.0	1832.2	9703.4
25418	1649.6	1857.6	9815.2
6345	1643.0	1870.6	9799.4
16363	1662.7	1984.4	10658.4
42670	1640.7	1839.3	9777.9
3306	1655.4	1905.4	9999.4
48771	1647.0	1854.0	10024.6
41125	1647.6	1854.9	9877.3
15166	1642.7	1858.2	9777.0
31300	1663.3	1951.9	10206.1
45157	1650.9	1871.9	9958.2
10796	1653.4	1901.1	9987.3
1641	1659.6	1929.7	9941.5
23822	1639.0	1907.3	9820.9
13510	1657.5	1983.4	10317.8
25388	1646.7	1840.2	9828.0
11492	1660.1	1955.0	10258.1
51895	1657.3	1848.4	10024.0
27699	1661.9	1947.3	9939.4
8483	1663.0	1918.7	9991.4
53242	1654.2	1849.2	9753.4
28596	1660.9	1949.2	10295.8
40013	1639.7	1833.9	9668.2
45952	1658.9	1887.5	10118.1
41665	1654.5	1903.3	10300.4
22585	1661.2	1902.5	10169.7
33766	1648.9	1878.0	9816.7
45571	1642.4	1835.4	9585.5
11590	1660.9	1886.1	10231.2
14626	1654.0	1906.9	10082.1
30969	1637.4	1897.1	9757.1
33860	1650.7	1865.9	9844.2
53622	1627.4	1809.4	9521.3
11983	1652.3	1884.8	10344.3
52110	1647.9	1883.7	9821.7
22255	1663.2	1963.2	10234.9
2282	1647.4	1936.4	10082.1
52685	1656.9	1869.0	9867.9
20165	1641.9	1886.1	9793.3
11956	1655.6	1903.0	10089.2
22536	1651.9	1913.0	10174.2
5587	1651.1	1878.6	9935.3
28386	1652.7	1952.7	10136.7
34305	1651.2	1901.2	10034.6
20676	1644.7	1917.7	10267.5
40781	1640.8	1878.4	9782.2
9115	1648.9	1911.8	10123.8
37312	1646.8	1870.8	9857.3
8734	1649.8	1877.0	9910.7
5461	1654.8	1932.7	10061.1
19998	1646.1	1845.8	9850.5
47176	1663.8	1962.5	10543.0
18986	1651.7	1892.3	9856.9
11296	1650.3	1880.0	9891.7
11107	1644.4	1821.3	9791.4
192	1638.2	1896.8	9803.0
48399	1640.1	1873.2	9779.5
9085	1656.3	1902.7	9977.5
19616	1648.5	1872.8	9782.6
14569	1640.8	1919.6	9883.6
16169	1648.4	1857.8	9854.8
613	1657.3	1924.2	10237.4
37388	1666.0	1945.5	10188.3
53322	1645.5	1875.6	9695.4
12275	1642.4	1924.3	10089.5
7899	1634.4	1844.5	9647.6
45435	1648.0	1899.7	10149.0
38442	1646.6	1889.2	9726.7
20683	1660.3	1941.1	10101.8
34192	1664.9	1919.2	10335.0
50619	1650.9	1895.4	10006.0
14677	1645.7	1874.2	9884.4
41957	1656.8	1908.8	10045.5
17700	1648.0	1874.8	9803.3
23897	1649.4	1847.8	9794.0
6741	1649.5	1887.3	9847.2
41953	1641.5	1895.8	9744.8
20666	1640.0	1914.6	9973.1
46813	1644.6	1864.6	9945.2
19438	1653.3	1911.8	10071.3
5456	1652.1	1937.5	10126.2
24100	1640.4	1885.5	9922.8
12808	1657.1	1929.4	10046.7
40327	1649.7	1904.2	10059.2
43223	1658.5	1968.6	12229.0
11380	1649.0	1870.2	9849.8
6087	1642.0	1873.8	9711.1
48091	1661.0	1941.2	10022.3
51998	1658.4	1965.8	10089.2
46667	1644.3	1826.0	9814.4
42700	1648.3	1848.6	9969.0
9571	1654.0	1919.8	10020.4
14964	1655.6	1884.4	9940.8
23659	1648.2	1886.8	10005.0
9856	1659.8	1970.8	10097.4
28498	1643.9	1851.4	9684.1
13386	1659.1	1866.3	9992.0
35106	1644.9	1916.9	9839.1
28656	1636.6	1890.9	9966.7
36736	1650.3	1870.8	9924.9
16342	1642.6	1885.7	9861.6
49934	1644.7	1862.6	9857.2
17643	1646.1	1845.1	9891.1
22154	1656.5	1970.2	10537.2
18416	1641.9	1839.0	9621.7
10555	1650.0	1814.7	10042.9
42854	1648.6	1907.4	10521.3
51096	1651.4	1856.7	9998.9
39130	1656.9	1926.3	10286.7
40194	1647.2	1843.6	9702.1
22760	1652.8	1871.2	9980.8
9259	1639.6	1859.6	9620.3
15415	1643.1	1852.4	9883.8
28210	1652.0	1886.1	10144.1
20930	1667.9	1950.3	10491.6
10591	1652.7	1926.2	9971.5
11101	1653.6	1932.1	11801.6
2642	1658.5	1885.6	10016.2
13757	1659.7	1924.1	10228.2
41798	1653.4	1932.9	9905.0
15894	1652.9	1863.8	9897.0
28267	1642.5	1884.1	9732.7
2858	1644.2	1900.8	9987.1
29511	1651.5	1857.5	9839.9
16927	1657.4	1919.1	10110.0
11749	1650.0	1847.2	9857.3
51317	1660.5	1895.4	10031.0
9333	1645.0	1850.7	9663.8
42105	1662.8	1973.1	10421.8
14945	1649.8	1881.4	9923.2
6488	1647.3	1868.2	9877.9
12039	1655.2	1934.0	10089.3
49521	1652.2	1906.8	9979.1
23934	1657.6	1898.8	9931.8
51651	1647.4	1883.1	9846.9
18828	1669.0	1918.3	10175.6
10314	1639.2	1839.0	9699.9
42647	1633.4	1794.8	9543.2
10210	1651.8	1878.9	9964.1
9892	1658.1	1964.7	10240.0
53794	1653.5	1868.6	9941.6
3357	1650.2	1927.7	10063.1
52131	1657.6	1876.1	10093.0
33723	1648.5	1949.5	10136.9
15887	1653.3	1903.8	10089.6
43249	1653.4	1921.7	10037.0
9525	1650.3	1865.1	9795.3
11047	1653.0	1915.4	10236.2
42584	1651.0	1847.2	9857.0
3113	1648.2	1882.7	9858.8
11853	1647.8	1882.2	10100.3
39365	1633.4	1813.9	9540.0
51021	1650.9	1884.7	10003.3
14967	1647.8	1894.4	9985.5
3346	1635.8	1850.3	9815.9
4160	1655.0	1963.3	10177.9
38955	1650.8	1886.9	9792.3
259	1651.0	1878.6	9897.7
16368	1647.6	1894.4	9948.4
41320	1648.6	1884.4	9900.2
49438	1655.3	1906.6	10174.7
242	1625.1	1798.8	9472.5
39953	1655.0	1919.3	10163.7
39608	1667.2	1937.4	10286.6
14803	1646.1	1918.0	10075.6
5024	1642.8	1879.5	9795.8
28005	1665.7	1883.9	9963.6
40958	1651.8	1889.2	10016.7
7498	1652.4	1930.4	10020.3
8232	1658.0	1922.9	10072.7
46930	1640.7	1862.5	9804.1
54905	1664.2	1918.9	10206.8
47234	1659.2	1897.1	10045.6
4557	1649.8	1934.8	10050.0
43220	1662.0	1947.2	10216.2
42182	1652.2	1844.6	9639.8
21347	1652.3	1924.1	10119.2
23635	1637.0	1896.2	9688.8
44868	1639.7	1842.0	9728.0
41876	1650.0	1916.2	10066.6
2807	1645.8	1892.2	9783.8
38867	1654.1	1884.4	9942.4
30848	1642.0	1860.2	9698.1
3434	1651.8	1911.4	10135.0
38063	1656.8	1860.3	9958.1
23332	1650.0	1900.9	10199.6
30277	1654.5	1876.8	9947.6
6550	1654.6	1915.2	10176.0
37662	1659.5	1899.4	10133.2
40294	1641.4	1880.7	9820.8
54093	1660.8	1888.9	10116.6
52251	1657.4	1875.0	9955.9
25273	1664.5	1971.4	10359.3
26552	1650.9	1892.5	10040.3
17674	1649.3	1844.2	9870.6
40340	1655.2	1898.6	9947.8
16487	1661.2	1886.8	10004.9
26447	1655.9	1887.1	9962.0
9183	1654.2	1883.9	10307.5
47475	1664.7	1904.2	10260.3
49046	1655.0	1897.5	9989.4
47694	1649.6	1870.4	9775.8
11856	1638.7	1870.9	9957.8
27907	1656.2	1885.2	9999.2
39246	1636.0	1868.3	9852.1
34235	1642.4	1883.5	9655.0
40627	1660.8	1952.9	10485.2
30766	1658.1	1954.2	10369.6
2884	1639.3	1897.8	9893.5
15305	1651.6	1872.4	9811.2
46452	1654.8	1881.6	9866.1
39024	1649.1	1861.1	9799.6
29173	1662.7	1923.0	10088.6
28494	1651.7	1912.7	9999.7
14425	1668.4	1957.8	10490.7
23427	1650.6	1865.3	9874.0
13229	1653.1	1972.9	10096.9
23326	1649.8	1878.1	9906.6
28987	1654.7	1912.7	9980.0
31249	1658.8	1938.3	10279.9
30570	1660.6	1931.6	10104.8
52327	1652.5	1896.0	9941.7
21514	1647.3	1856.8	9697.3
53604	1652.6	1929.0	9979.3
46018	1640.1	1864.4	9869.9
20768	1665.0	1905.1	10153.1
49141	1646.9	1830.4	9646.3
3233	1655.2	1914.3	10207.4
20825	1653.3	1864.7	9993.0
2049	1645.7	1883.8	9880.4
49958	1670.3	1965.1	10290.4
52534	1659.3	1920.3	10222.3
4516	1656.3	1965.5	10145.7
49980	1642.0	1886.9	9832.6
37279	1655.5	1860.3	10047.3
53674	1645.4	1887.9	9860.2
42565	1653.0	1907.1	9940.3
31972	1643.7	1858.3	9961.8
39437	1651.1	1921.5	10003.9
9866	1655.3	1900.5	9912.7
54052	1651.3	1908.6	10107.0
16213	1659.2	1938.3	10436.0
7559	1654.3	1924.6	9934.8
18702	1652.5	1847.1	9893.4
3920	1654.5	1859.8	10000.0
10004	1666.2	1900.2	10108.4
10637	1645.0	1887.8	9860.4
13243	1640.1	1817.5	9674.4
52778	1653.1	1892.8	10014.3
29179	1644.6	1895.3	9809.6
32154	1652.2	1913.7	9951.8
16561	1651.1	1910.5	9900.0
48296	1648.1	1843.8	9964.6
39557	1660.9	1937.6	10101.3
14146	1637.8	1862.9	9665.7
5023	1636.1	1863.8	9694.7
7657	1659.4	1932.7	10236.6
52852	1637.0	1856.8	9753.3
15875	1655.1	1890.5	10346.6
51835	1640.0	1836.1	9829.6
12188	1640.1	1896.6	9772.6
16746	1657.1	1886.9	10205.3
9864	1648.1	1905.4	9900.6
24299	1652.4	1902.1	10108.1
4072	1632.5	1835.4	9480.7
13140	1655.7	1908.4	10046.1
41380	1640.1	1868.8	9807.9
19280	1653.8	1919.3	10292.5
7011	1641.5	1885.3	9742.2
4417	1659.0	1971.9	10326.6
21230	1653.0	1937.4	10167.5
4931	1647.9	1851.5	9948.1
31236	1648.2	1896.8	9862.9
19707	1650.5	1884.9	9856.3
35591	1658.4	1924.8	9989.4
9789	1628.1	1807.6	9560.4
9225	1652.9	1878.1	9918.6
30508	1644.3	1907.5	9755.2
31138	1655.7	1937.0	10237.3
33107	1653.4	1925.8	9991.9
26260	1648.1	1862.8	9851.6
6443	1657.6	1903.4	10127.0
11767	1640.9	1913.0	9770.2
41991	1657.4	1937.2	10169.4
41026	1649.2	1875.2	9823.5
16625	1645.2	1911.8	9876.4
19679	1660.0	1915.2	10060.7
3537	1649.7	1918.2	10087.2
31170	1661.6	1958.0	10259.2
13901	1637.9	1868.0	9684.3
9304	1645.4	1859.5	9761.8
1677	1643.1	1843.5	9549.6
1631	1655.5	1902.7	9992.9
4499	1647.4	1922.4	10333.0
42192	1651.4	1871.8	9925.6
23306	1668.7	1921.8	10149.8
23007	1648.9	1839.2	9682.3
41804	1653.1	1854.6	9874.0
20143	1665.7	1949.0	10330.8
14069	1638.3	1869.4	9838.6
11095	1650.5	1941.3	10054.3
41422	1658.8	1846.7	9850.2
9780	1660.4	1880.1	10337.5
27031	1658.9	1900.6	10027.6
50220	1652.1	1852.8	9819.0
45734	1654.1	1899.4	9934.6
33058	1642.1	1875.6	9695.8
10213	1649.1	1874.2	9965.0
40880	1643.8	1878.2	9800.2
30124	1663.3	1883.1	9843.0
11724	1644.1	1910.2	10627.0
39116	1654.0	1945.9	10250.0
19106	1653.1	1907.9	10009.9
15464	1644.6	1849.6	9773.9
12170	1649.8	1911.7	9936.1
6214	1659.6	1882.8	10072.5
26187	1657.0	1890.0	10120.2
51665	1650.5	1934.7	9838.6
40858	1647.2	1853.0	9745.7
47728	1648.5	1904.5	10083.7
50503	1659.8	1954.0	10164.7
2126	1646.9	1862.6	9760.6
23935	1632.5	1868.6	9618.7
35418	1651.1	1895.7	10009.7
17502	1654.3	1890.0	9820.9
39597	1667.1	1915.1	10144.3
28024	1646.6	1908.4	10193.9
15566	1655.6	1939.5	10095.5
10376	1640.9	1875.0	9661.4
41421	1657.8	1887.1	9976.2
26650	1646.9	1839.8	9899.5
1897	1660.4	1920.2	10423.5
39901	1641.4	1880.3	9869.7
50116	1651.7	1904.7	9851.8
9056	1642.2	1845.2	9776.3
27174	1648.3	1908.9	9953.8
4542	1655.2	1900.8	10053.3
42553	1665.1	1956.6	10253.5
22382	1646.5	1897.2	10009.4
5493	1635.0	1854.0	9503.8
33554	1646.9	1834.4	9646.5
22674	1638.0	1855.3	9891.5
34124	1656.8	1880.1	10060.8
4352	1642.7	1871.6	9869.4
17618	1655.4	1885.3	9952.4
31627	1658.6	1841.8	9956.2
34181	1659.7	1907.4	10370.5
38879	1650.7	1876.2	9901.9
11357	1653.2	1876.9	10131.5
24865	1657.6	1913.4	10583.1
5522	1659.5	1897.3	9953.5
32190	1640.0	1862.8	9757.4
11127	1657.6	1880.6	10000.5
49571	1650.2	1863.8	9945.7
36723	1642.4	1849.0	9721.2
5649	1658.1	1867.9	10125.3
29621	1646.1	1913.8	9969.0
53501	1632.3	1848.6	9647.3
33138	1662.4	1935.1	10061.0
695	1655.2	1914.8	10353.4
41260	1642.6	1826.9	9575.9
43545	1651.0	1920.1	10048.2
46822	1646.0	1868.9	9767.4
50904	1656.5	1862.4	10094.2
6944	1634.2	1842.8	9508.1
32819	1643.2	1807.2	9663.2
9443	1649.2	1905.7	9971.5
8687	1652.0	1874.8	9905.3
42313	1659.9	1935.0	10052.9
38949	1641.7	1837.7	9639.0
28169	1658.6	1917.1	10146.7
37338	1643.4	1860.0	9918.0
35575	1646.9	1852.2	9912.6
41968	1659.3	1871.6	9984.0
29252	1644.8	1921.4	9873.9
52773	1651.7	1920.9	10219.6
13132	1655.3	1981.2	10279.3
40074	1643.8	1851.3	9947.6
48708	1641.9	1841.3	9713.2
46386	1645.4	1847.2	9764.0
14442	1648.0	1878.8	10060.8
31039	1643.8	1883.4	9812.6
20908	1653.7	1907.4	10005.4
49920	1659.0	1875.3	10079.7
30265	1665.4	1923.5	10118.5
8584	1651.7	1883.2	9731.9
20937	1648.3	1910.1	9799.0
51356	1657.3	1902.5	10202.8
582	1646.6	1904.8	9831.5
7123	1647.2	1890.1	9941.1
12708	1645.6	1896.8	9788.9
40450	1650.7	1865.1	9784.5
30327	1654.8	1887.6	9968.3
43432	1648.3	1877.4	9867.9
54948	1652.3	1922.0	10068.4
54755	1659.6	1962.0	10115.7
15390	1653.2	1927.5	9859.2
23723	1645.1	1897.8	9859.5
39089	1644.7	1867.3	9763.7
54593	1647.9	1887.0	10229.7
224	1650.8	1875.1	9942.4
50515	1647.7	1870.3	9704.9
35626	1649.0	1883.9	9901.6
4715	1641.0	1844.0	9764.3
4002	1646.6	1853.8	9958.7
26025	1642.5	1813.0	9503.2
10315	1652.4	1918.3	10021.2
12475	1661.1	1877.5	10128.6
52130	1657.3	1887.1	10157.0
3760	1649.0	1910.1	10018.5
42904	1659.6	1894.2	9965.5
1404	1661.1	1937.2	10351.5
5705	1660.4	1892.9	10047.7
46799	1657.7	1924.0	9942.8
9750	1659.7	1937.4	10145.8
18278	1637.7	1836.4	9706.8
7809	1659.9	1920.2	10125.7
1459	1649.2	1921.5	9917.0
7960	1640.3	1856.3	9662.0
28477	1647.2	1861.7	9837.8
49825	1658.3	1896.0	10812.4
46490	1634.8	1862.7	9682.7
51276	1657.0	1874.2	9908.0
47110	1662.3	1900.3	10039.6
4233	1640.0	1853.9	9675.1
10905	1660.4	1892.2	10026.2
39715	1655.8	1912.0	10280.2
19191	1649.5	1810.3	9641.8
49532	1633.8	1832.4	9667.1
307	1647.3	1897.7	9794.1
4156	1649.0	1892.2	9905.6
53623	1646.9	1858.0	9779.3
23601	1649.4	1886.2	9824.0
48975	1654.9	1904.1	9931.3
32517	1664.3	1926.7	10349.2
48537	1653.4	1903.9	10005.4
2022	1648.4	1934.2	9994.4
6017	1658.9	1940.0	10266.7
40768	1649.6	1901.9	9827.6
42589	1643.0	1905.8	9870.7
52946	1649.0	1905.3	10087.7
52877	1637.0	1815.7	9663.7
2242	1658.4	1944.7	10408.5
37264	1648.3	1855.4	9793.7
53599	1637.1	1849.1	9798.0
54641	1658.5	1900.9	10128.6
8289	1645.4	1881.8	9804.0
19391	1651.7	1922.0	9943.9
39114	1670.4	1951.2	10218.2
33939	1651.2	1878.0	9938.1
32600	1653.1	1899.5	9837.1
9640	1637.3	1849.7	9639.1
13459	1658.4	1911.9	10037.7
18288	1646.7	1842.7	9777.4
45013	1641.5	1826.1	9745.5
6225	1650.4	1903.2	9971.5
15112	1656.9	1873.2	9869.2
44448	1645.8	1866.8	9782.3
52267	1652.0	1876.8	10001.8
34977	1659.7	1912.6	10308.4
34640	1654.7	1896.7	10255.5
23862	1646.6	1843.7	9863.5
49633	1644.9	1883.4	9875.1
47958	1663.6	1954.1	10219.1
3893	1651.4	1876.6	9965.5
36466	1635.4	1828.7	9643.9
8720	1634.3	1851.2	9525.2
6568	1640.4	1843.5	9685.1
43625	1657.3	1911.7	10026.6
16024	1640.6	1821.5	9623.8
14143	1639.7	1853.0	9717.3
25391	1653.3	1885.1	10185.5
50255	1652.5	1899.0	10021.9
9052	1647.3	1865.7	9888.3
22783	1659.5	1926.0	10002.4
37081	1647.8	1882.2	9805.8
32636	1652.7	1863.3	9925.0
37246	1666.8	1953.1	10467.7
37569	1662.4	1925.7	10229.1
18419	1650.5	1899.9	9914.6
28232	1647.4	1874.1	9775.5
22207	1641.7	1847.3	9779.3
28509	1649.2	1904.3	10110.6
18561	1658.3	1952.9	10322.9
4826	1646.0	1898.2	9807.6
45881	1659.1	1898.8	10125.1
49548	1654.9	1911.1	10053.4
48120	1651.2	1865.8	9873.3
8100	1655.1	1943.2	10189.0
54254	1650.2	1872.8	9989.3
52669	1655.5	1875.6	9870.2
35314	1643.6	1865.6	9841.0
52383	1657.8	1914.7	10264.8
13877	1656.8	1872.4	9871.5
54177	1653.5	1911.8	9960.9
46668	1660.0	1955.9	10221.9
29165	1664.5	1963.7	10376.8
3484	1649.1	1883.0	9927.9
442	1650.0	1919.1	9895.6
41280	1639.9	1859.0	9756.7
40006	1649.5	1848.8	9828.7
47789	1649.4	1917.7	10120.5
20457	1647.9	1876.8	9677.2
37337	1662.7	1933.6	10200.1
10385	1650.4	1887.5	10231.7
23690	1643.6	1876.6	9901.1
6177	1663.0	1945.2	10131.0
48462	1647.3	1871.1	9955.3
50620	1645.5	1879.3	9858.2
26443	1644.4	1844.4	9921.6
46840	1643.3	1858.7	9798.0
44043	1657.1	1853.9	9990.8
31309	1649.8	1884.3	9908.3
8900	1656.1	1947.6	10135.5
48061	1652.3	1901.6	10013.8
37033	1651.5	1856.4	10090.5
16105	1660.2	1915.7	10319.5
8315	1635.9	1852.1	9742.5
17327	1650.8	1890.4	9850.8
46047	1659.8	1916.6	10215.0
40590	1644.3	1879.9	9886.1
35134	1652.5	1885.0	9850.4
32323	1649.1	1912.8	9940.0
12185	1648.7	1914.5	9900.9
30587	1660.6	1938.5	10349.9
14537	1654.6	1958.1	10157.4
45423	1655.8	1913.6	10060.9
25431	1661.2	1865.2	10020.8
47317	1652.6	1840.7	10121.1
2225	1672.2	1971.6	10493.0
26113	1645.6	1898.7	9979.1
12480	1662.3	1905.1	10120.5
24341	1641.0	1834.7	9679.3
34585	1649.6	1886.0	10140.1
2693	1651.8	1903.5	10073.2
45302	1640.1	1847.7	9709.8
23059	1658.7	1922.0	10209.2
17111	1661.7	1873.3	9969.4
22657	1666.7	1921.6	10236.8
26290	1657.7	1956.3	10284.9
14699	1646.6	1868.3	9809.9
4950	1641.7	1934.1	9913.4
39968	1653.6	1864.9	9885.7
51927	1660.3	1915.2	10011.0
9986	1654.5	1937.4	10248.0
26979	1644.4	1876.3	10157.9
30516	1648.2	1900.2	9896.5
14855	1651.5	1928.9	9980.6
40844	1652.0	1886.3	9901.3
52046	1647.3	1820.3	9694.2
40868	1667.5	1912.2	10185.4
26630	1654.1	1885.6	9812.4
26652	1648.9	1879.3	9850.4
3127	1649.3	1903.0	10009.2
9901	1655.0	1921.3	10099.4
47238	1650.7	1910.6	10110.6
28920	1662.5	1881.7	10150.7
53063	1658.9	1904.0	10181.2
2164	1652.9	1893.5	10002.9
14009	1631.2	1855.2	9667.9
8855	1651.0	1887.0	10066.6
290	1651.8	1905.1	10108.0
18543	1644.4	1899.9	9793.1
10958	1639.7	1923.9	10043.4
32347	1641.5	1850.8	9694.4
46163	1647.0	1874.7	9970.2
35955	1653.6	1897.5	10041.5
26225	1657.3	1929.2	10186.9
13331	1655.8	1873.3	9930.3
3553	1648.3	1922.5	9898.6
43063	1651.1	1895.3	9971.2
21718	1646.5	1871.0	10119.4
50778	1649.3	1831.7	9822.0
20234	1651.1	1947.4	10239.0
19838	1656.9	1917.8	9884.2
25077	1655.5	1918.5	10103.7
27126	1652.7	1846.0	9798.7
21942	1647.9	1884.8	9931.4
31106	1647.2	1860.6	9899.5
43411	1649.7	1912.3	10041.6
43131	1647.0	1847.4	9765.5
12998	1654.2	1847.1	9737.1
9719	1650.1	1938.4	10008.6
30912	1665.2	1927.3	10241.7
26165	1652.0	1824.4	9770.0
9812	1658.8	1914.1	10058.8
14194	1654.0	1917.3	10230.5
10150	1647.8	1892.0	9814.4
7661	1648.6	1840.3	9856.4
11381	1636.7	1854.2	9711.6
44912	1647.9	1886.1	10631.6
27067	1635.6	1875.5	9583.9
41030	1659.5	1880.2	10078.9
11468	1652.6	1885.9	10157.4
27377	1662.5	1933.7	10255.8
43582	1661.1	1894.5	10021.9
24996	1648.5	1942.5	10128.3
54605	1661.2	1885.6	9927.7
29631	1651.3	1947.3	10242.4
47154	1644.0	1793.3	9623.2
14835	1647.1	1882.1	9803.3
7154	1656.2	1936.5	10200.0
51699	1656.5	1901.5	10029.6
1844	1655.2	1946.1	10156.1
22371	1660.0	1989.8	10385.8
32510	1654.8	1899.4	9982.0
34375	1656.1	1914.2	10130.5
42622	1650.9	1920.0	9959.0
36593	1638.3	1902.9	10075.3
29327	1653.5	1934.7	10135.9
20198	1648.7	1902.3	9997.4
40870	1665.2	1921.5	10314.0
27168	1662.2	1955.8	10516.6
33719	1654.2	1896.1	10438.2
1808	1673.2	1966.9	10373.8
29036	1647.9	1885.9	9891.9
34304	1645.0	1862.7	9805.9
24959	1658.2	1927.2	10087.7
37478	1661.5	1906.9	10011.9
39272	1647.0	1902.9	10083.2
30089	1664.9	1879.0	9989.6
24103	1657.4	1915.1	10102.0
27711	1655.7	1872.7	10001.0
4406	1669.1	1963.9	10366.9
19883	1662.6	1929.2	10203.8
31483	1658.6	1928.6	10114.3
4441	1640.7	1861.0	9962.2
30441	1642.8	1864.7	9840.4
8472	1646.5	1891.9	10018.3
47511	1660.2	1942.1	10483.0
11524	1642.6	1858.3	9702.1
48105	1642.5	1859.8	9841.2
29661	1645.2	1829.3	9660.4
7294	1661.1	1874.6	10211.4
15873	1667.5	1929.8	10212.2
10008	1642.6	1871.0	9972.9
20066	1651.2	1932.8	10850.3
45004	1671.5	1930.2	10760.0
27422	1661.9	1901.6	9955.2
32863	1649.5	1895.6	10003.8
34485	1643.4	1886.2	9847.1
31425	1658.9	1930.8	10153.8
29295	1643.8	1872.8	9778.1
29978	1652.5	1883.8	9854.9
1383	1640.2	1841.8	9714.9
23873	1662.5	1914.1	10282.4
48668	1642.2	1923.4	9826.3
966	1663.6	1984.7	10328.9
47963	1646.1	1866.2	9969.0
2317	1660.6	1943.2	10162.3
20416	1649.6	1882.4	9887.0
25873	1650.9	1932.9	9953.1
16806	1659.4	1911.7	10328.3
42881	1647.9	1893.9	10049.4
43396	1656.2	1949.0	10164.8
45559	1647.9	1906.0	9882.4
6992	1645.7	1899.9	9695.2
35702	1658.8	1903.3	9955.1
54331	1655.8	1901.2	9964.1
52341	1641.2	1891.5	9830.8
51797	1671.1	1924.2	10374.1
30765	1652.2	1886.0	9912.7
16584	1648.7	1904.5	9734.6
25847	1647.6	1879.3	9846.6
45679	1637.4	1826.3	9480.5
4269	1650.4	1885.2	9840.5
4012	1646.9	1878.8	9952.7
44178	1669.4	1895.8	10626.1
54469	1659.3	1878.3	10194.9
16262	1643.8	1915.2	9709.0
46303	1649.3	1917.9	9980.1
29048	1652.9	1897.3	9930.9
21154	1630.7	1804.3	9523.0
42188	1634.9	1847.2	9545.6
36648	1646.1	1890.9	9723.8
1086	1669.2	1912.4	10318.2
11146	1655.7	1888.2	10063.4
21655	1656.2	1911.8	10444.1
43541	1652.6	1877.9	10251.0
34686	1647.4	1846.2	9879.5
47444	1644.7	1869.1	10079.6
9737	1643.7	1877.8	9805.7
46140	1654.7	1854.5	9815.8
45558	1652.6	1883.6	9977.7
27605	1652.2	1870.7	9865.5
50867	1655.7	1860.6	9925.1
29645	1640.1	1874.8	9727.7
31969	1663.2	1945.6	10153.9
10016	1661.5	1958.0	10178.0
38321	1650.2	1847.6	9852.8
17676	1646.6	1878.7	9733.0
4192	1648.0	1906.9	9889.3
14939	1650.1	1875.4	9687.2
6236	1651.8	1912.7	9989.5
32303	1650.4	1875.8	9943.9
21744	1649.6	1890.3	9866.4
27088	1643.4	1878.2	9872.3
3708	1654.4	1946.3	10124.5
4475	1655.2	1884.7	9923.8
16791	1657.1	1904.2	9993.5
14687	1654.4	1886.2	9835.2
157	1653.9	1916.6	10110.6
8939	1643.5	1891.0	9957.6
18162	1642.5	1883.4	9840.5
182	1667.8	1904.6	10194.9
50699	1650.6	1894.5	9953.4
52238	1659.2	1832.7	9948.7
29455	1652.4	1897.6	9878.0
24082	1651.4	1914.9	9995.4
53795	1656.9	1869.8	9860.0
32215	1656.3	1898.7	9855.1
42868	1641.3	1882.2	9796.2
42096	1661.9	1898.8	10683.6
45180	1656.6	1864.8	9896.3
21567	1655.5	1891.3	9936.3
7318	1649.4	1855.5	9923.6
39500	1648.0	1870.9	9910.3
53788	1655.1	1928.5	9988.1
34539	1643.8	1873.4	9831.3
32297	1664.3	1909.9	10157.0
33908	1663.5	1908.7	10076.4
3203	1667.6	1955.8	10247.7
10864	1664.4	1926.7	10545.3
44691	1636.3	1799.3	9596.3
17920	1654.0	1940.8	10066.7
46992	1663.1	1948.6	10309.6
32074	1656.7	1853.4	9924.7
26342	1666.8	1937.9	10271.9
18232	1649.1	1870.7	9794.9
32892	1654.7	1872.1	9874.2
22005	1651.7	1896.5	9799.3
24542	1647.0	1864.9	9965.6
18611	1665.8	1951.2	10218.6
42048	1655.4	1906.9	10010.0
36564	1652.3	1867.7	9793.1
19490	1660.9	1913.5	10155.0
9792	1660.1	1933.4	10202.0
45060	1659.1	1953.6	10281.1
25811	1655.7	1894.9	10283.0
31065	1648.7	1847.2	9888.7
10350	1651.5	1920.6	10060.0
658	1637.6	1910.6	9821.0
39322	1644.8	1891.8	10094.6
48515	1637.5	1835.6	9834.5
9959	1639.9	1842.7	9576.1
54644	1649.8	1959.6	9900.9
37784	1649.8	1880.3	9927.6
1204	1641.0	1810.5	9739.3
51192	1645.4	1859.6	9753.9
4724	1648.1	1901.7	9763.4
11885	1641.1	1838.8	9654.3
19859	1643.4	1898.6	9934.6
54196	1654.4	1872.1	10136.9
50886	1632.6	1842.8	9487.7
10494	1652.2	1912.1	9941.3
44243	1650.9	1843.7	9867.5
39389	1655.5	1902.3	10094.3
13274	1649.4	1872.0	9826.4
40610	1647.3	1881.1	9912.8
17270	1662.0	1952.6	10209.0
8022	1651.3	1902.8	10011.0
54112	1660.6	1909.5	10126.1
35587	1651.7	1910.2	9867.0
13002	1650.6	1903.9	10079.5
39230	1652.7	1887.9	10045.0
50100	1663.3	1904.3	10244.9
22420	1656.4	1910.0	10024.0
53521	1653.0	1865.3	10211.9
45276	1642.1	1856.7	9610.6
54039	1645.2	1893.9	9825.7
29934	1644.2	1905.6	9890.5
11356	1658.5	1924.8	10261.8
26524	1642.7	1820.0	9880.4
27606	1644.6	1862.9	9961.5
11113	1648.1	1894.9	9888.0
45655	1652.6	1916.5	10126.9
21035	1651.2	1889.3	10210.8
29415	1655.7	1898.2	10023.5
28909	1661.5	1899.7	10081.0
52703	1654.4	1888.7	10061.6
20209	1664.2	1922.9	10122.1
21300	1660.0	1926.3	10163.6
19562	1643.0	1933.7	10195.0
40070	1657.9	1918.6	10064.2
48770	1649.1	1899.2	9951.2
2221	1656.4	1949.9	10438.6
23982	1656.8	1883.5	9970.1
23033	1650.8	1898.9	9979.0
2512	1663.2	1944.9	10102.1
28000	1637.9	1878.5	9746.7
34350	1647.9	1943.5	10157.4
43549	1637.3	1845.5	9701.3
8316	1649.3	1903.6	9885.5
41788	1650.2	1900.6	10034.6
13917	1648.7	1922.6	9964.7
10262	1655.5	1925.0	10193.9
47143	1655.1	1878.4	9959.2
33303	1644.7	1866.2	9796.3
16216	1653.2	1946.8	10127.1
36253	1650.3	1879.1	9991.0
48653	1648.4	1869.5	9911.0
38088	1640.2	1845.5	9736.8
40562	1649.5	1877.6	9775.9
24706	1670.4	1911.2	10525.5
53176	1646.0	1863.2	9995.1
32349	1653.9	1911.4	10020.3
49807	1657.5	1893.2	9965.9
9793	1650.6	1936.8	10052.1
33223	1656.9	1924.8	10305.4
25010	1654.4	1921.5	10022.4
46249	1650.4	1885.8	9829.9
29726	1662.3	1873.1	9911.6
10856	1646.9	1874.4	9865.8
27371	1659.7	1965.3	10067.2
22179	1654.9	1916.6	9845.6
1008	1646.3	1889.5	9882.0
12831	1649.7	1894.4	9982.3
7099	1668.3	1915.5	10432.9
34152	1656.4	1860.4	9930.1
5135	1663.0	1922.9	10229.3
40909	1664.0	1980.5	10365.1
7003	1632.3	1868.5	9765.4
43836	1636.6	1853.4	9771.4
39142	1647.2	1855.2	9745.0
9990	1624.3	1839.8	9521.1
5175	1669.0	1944.3	10378.5
32940	1664.6	1948.2	10237.5
38890	1657.3	1941.1	10248.6
33075	1644.7	1838.0	9765.0
7124	1652.3	1903.8	9933.9
3629	1660.5	1915.8	9958.9
37269	1659.1	1930.3	10199.1
28126	1654.9	1884.5	10005.7
17063	1637.3	1852.5	9691.2
26511	1630.5	1837.8	9621.5
31938	1647.2	1844.3	9837.2
10513	1664.1	1886.3	10120.7
21997	1664.5	1932.7	10342.1
24000	1651.7	1885.0	9993.9
12276	1649.3	1928.9	10069.9
16497	1646.5	1924.7	10037.2
47029	1654.0	1915.6	10205.8
2157	1655.6	1904.1	9861.9
19011	1673.1	2012.6	10882.6
46855	1661.8	1879.1	9883.9
51257	1661.6	1955.0	10437.1
37379	1641.1	1843.6	9764.6
8529	1660.3	1912.8	9964.5
29323	1657.7	1924.9	10018.7
54151	1650.4	1852.3	10052.1
20413	1643.8	1854.1	9728.4
30416	1656.8	1887.6	10124.9
3305	1647.2	1899.8	10050.7
33151	1656.3	1894.8	10283.4
12308	1671.1	1964.9	10209.6
25955	1658.5	1872.5	10152.4
11791	1645.9	1920.1	9928.5
37278	1654.6	1905.4	10476.5
35227	1645.2	1927.3	9959.9
22976	1652.5	1917.3	10056.4
29949	1640.5	1845.2	9720.0
3992	1632.6	1848.2	9601.2
41983	1662.0	1933.9	10392.3
29492	1654.5	1912.2	10080.0
51262	1655.2	1859.7	9886.8
52630	1650.7	1912.0	10113.4
27816	1653.7	1896.7	10089.5
2028	1653.8	1927.0	10001.8
17574	1650.4	1896.0	9838.0
22379	1650.6	1855.7	10117.4
31023	1647.2	1860.8	9799.4
52514	1653.2	1877.1	9995.0
4302	1645.0	1893.7	9654.2
49360	1647.3	1858.1	9914.6
14254	1659.1	1874.3	9919.6
30303	1650.7	1871.0	10004.7
17272	1664.0	1932.9	10208.2
29759	1645.2	1862.7	9548.4
26057	1641.4	1872.6	9731.7
35180	1649.7	1891.7	9916.3
611	1652.3	1899.0	10134.2
