10786	1368.5	1663.8	5195.7
17800	1363.2	1651.8	5317.9
15633	1367.5	1625.3	5202.2
20489	1364.6	1577.1	5150.4
23159	1356.2	1575.1	5046.1
23026	1372.4	1620.4	5243.5
24133	1360.0	1646.3	5109.9
22935	1358.2	1624.4	5355.4
4840	1362.3	1600.3	5144.1
22073	1352.8	1601.8	5068.5
12026	1355.1	1631.8	5128.0
22927	1358.4	1617.0	5176.5
9439	1364.8	1612.9	5210.4
10764	1362.9	1598.8	5134.0
13054	1362.3	1640.4	5157.6
7124	1361.7	1606.0	5104.7
11655	1363.1	1587.7	5103.9
13029	1360.5	1617.5	5217.5
10607	1364.3	1613.8	5196.4
4903	1373.2	1628.6	5198.1
24770	1366.1	1565.6	5094.7
20694	1368.6	1645.8	5292.6
23318	1361.9	1635.4	5171.5
2	1361.2	1619.2	5257.1
4626	1365.3	1591.6	5086.3
13324	1371.4	1560.3	5209.2
22800	1367.3	1615.0	5297.1
18786	1360.7	1616.1	5121.5
11683	1352.4	1569.5	4954.5
3800	1362.4	1615.7	5177.7
6303	1361.0	1633.8	5127.6
3294	1365.7	1616.2	5145.6
22466	1366.3	1601.3	5166.6
6524	1364.5	1594.0	5228.8
10161	1368.9	1636.4	5285.1
9733	1356.3	1561.7	5064.4
8806	1364.3	1631.9	5160.8
19260	1365.3	1628.0	5174.9
22118	1348.4	1520.7	4952.1
14679	1357.5	1594.7	5037.3
6918	1355.4	1606.8	5082.0
23139	1367.2	1647.2	5285.4
13006	1367.7	1584.4	5157.8
10397	1361.2	1597.7	5190.7
24430	1373.8	1660.1	5246.1
5279	1375.5	1623.2	5294.5
20283	1371.0	1590.1	5196.0
4986	1363.9	1618.5	5058.8
9264	1365.5	1605.4	5143.6
21976	1366.9	1636.1	5208.4
21534	1365.1	1638.5	5222.4
2709	1365.1	1591.8	5158.5
14037	1356.1	1583.5	5006.5
13599	1369.0	1570.8	5170.8
9472	1361.7	1615.1	5130.9
11898	1354.2	1616.8	5116.0
3160	1347.9	1544.3	4959.8
13717	1363.3	1606.6	5228.0
4924	1368.1	1607.5	5120.1
18578	1365.0	1595.2	5142.9
15924	1376.9	1673.6	5198.8
7614	1357.1	1565.0	5065.7
22646	1355.5	1561.6	5001.9
14105	1365.0	1609.3	5130.9
7589	1360.7	1601.0	5138.2
2471	1355.4	1543.3	5003.4
15812	1379.8	1651.7	5545.5
4984	1354.7	1599.5	5052.9
12995	1359.5	1589.0	5200.9
4705	1362.7	1624.8	5097.8
17957	1362.6	1679.6	5178.3
15916	1352.9	1616.2	5180.0
10632	1358.2	1614.8	5125.0
11269	1348.6	1620.8	5053.8
17388	1370.2	1651.8	5247.0
19525	1352.2	1533.3	4925.8
10776	1361.5	1618.8	5199.6
7949	1365.8	1655.7	5251.0
14140	1366.7	1583.5	5126.4
17520	1361.8	1567.4	5092.7
21843	1362.4	1622.2	5166.0
9319	1364.0	1609.6	5099.6
14318	1363.3	1584.5	5113.1
7746	1362.2	1665.1	5155.8
777	1358.6	1598.0	5058.6
15693	1365.3	1635.0	5151.8
2397	1366.1	1583.0	5132.5
2056	1359.6	1635.3	5268.1
14866	1357.1	1573.6	5119.7
12919	1358.0	1611.6	5058.4
8747	1355.7	1581.6	5047.0
6328	1356.1	1536.3	4993.7
3036	1379.6	1635.4	5315.7
8341	1359.6	1588.5	5129.7
1522	1357.2	1640.1	5212.4
21687	1364.6	1601.2	5204.4
7647	1362.3	1613.6	5091.8
7798	1362.9	1621.5	5201.0
19825	1359.6	1548.9	5014.7
4076	1365.1	1619.4	5229.9
5027	1361.5	1582.9	5036.6
16023	1361.6	1559.3	5019.0
16012	1360.3	1604.1	5107.1
3193	1363.9	1651.3	5163.7
22922	1353.4	1550.0	4949.1
17163	1373.5	1616.8	5246.1
20402	1370.8	1637.4	5244.2
2197	1369.3	1686.3	5270.9
19222	1352.8	1604.7	5081.8
23602	1371.6	1648.2	5375.8
7205	1364.7	1623.9	5213.6
22619	1374.8	1612.7	5236.4
7992	1356.9	1571.4	5004.2
11223	1357.6	1550.3	5076.6
22333	1358.0	1642.7	5251.4
23623	1357.4	1573.8	5077.5
1022	1359.8	1645.5	5185.0
1136	1358.2	1637.1	5238.2
4140	1361.8	1586.2	5068.8
14445	1355.6	1546.2	4940.7
11588	1369.8	1637.4	5173.1
2942	1371.6	1628.6	5264.9
7484	1364.6	1612.6	5175.5
19410	1365.9	1660.3	5407.4
1566	1371.5	1612.8	5210.2
22176	1367.1	1613.1	5156.4
18710	1357.6	1545.0	5021.0
6943	1357.8	1593.6	5170.2
14257	1363.0	1581.0	5143.6
20538	1352.3	1560.7	5039.9
4964	1358.7	1533.1	5047.7
815	1363.0	1640.2	5116.1
10869	1362.3	1592.7	5187.9
6195	1371.8	1647.9	5282.1
11579	1373.6	1665.0	5238.3
5282	1364.7	1618.5	5244.1
23592	1365.7	1635.3	5427.6
12627	1360.5	1577.1	5129.9
3920	1363.0	1584.6	5065.7
24203	1359.4	1554.4	5033.1
13034	1363.2	1608.9	5165.1
18208	1357.8	1628.4	5126.8
20900	1372.9	1617.2	5189.7
18957	1369.2	1600.5	5158.9
10312	1368.0	1621.8	5110.0
15378	1358.3	1600.0	5149.9
20728	1368.0	1615.0	5191.4
5331	1369.7	1696.6	5242.9
6707	1361.1	1602.1	5088.5
14112	1358.2	1595.8	5152.1
15422	1370.8	1633.9	5364.1
24375	1357.5	1582.8	5083.0
5511	1353.4	1583.9	5019.9
23691	1359.3	1602.3	5242.3
10166	1368.1	1620.6	5199.8
1118	1360.1	1632.1	5166.8
23951	1365.4	1603.8	5129.7
9220	1358.9	1603.8	5141.7
5502	1359.4	1592.4	5025.3
10295	1376.3	1663.4	5393.3
2618	1367.9	1593.8	5221.3
12945	1359.1	1652.8	5200.2
15626	1361.8	1634.9	5180.7
9454	1361.0	1581.3	5143.4
18560	1351.4	1529.7	4920.1
4218	1369.2	1617.9	5197.4
16989	1360.3	1573.2	5101.5
4047	1359.8	1593.6	5170.3
2565	1360.0	1598.5	5053.8
9149	1362.2	1620.6	5176.7
21457	1358.4	1596.4	5037.6
8691	1359.5	1568.8	5033.6
5209	1363.8	1574.4	5125.8
5124	1345.3	1538.9	4954.7
182	1374.9	1616.6	5244.7
22011	1355.8	1581.6	5112.2
4210	1364.1	1614.2	5283.9
8979	1359.2	1541.2	5024.7
6694	1355.6	1596.7	5038.9
7418	1360.5	1616.6	5128.1
376	1359.0	1596.6	5008.4
17026	1355.9	1576.7	5089.6
24240	1381.0	1688.4	5447.0
5657	1347.6	1525.1	4845.0
3677	1365.1	1656.9	5215.4
20670	1360.0	1608.1	5124.6
17504	1370.3	1624.1	5236.8
9465	1355.0	1619.3	5032.3
15581	1360.5	1597.0	5045.6
23017	1351.0	1590.0	5003.0
6747	1355.3	1590.7	4975.1
19096	1363.5	1610.7	5126.5
8117	1372.9	1646.9	5310.7
10922	1352.2	1557.9	5085.3
3157	1359.3	1593.0	5039.9
19094	1363.5	1622.0	5275.0
9460	1360.5	1561.0	5069.3
21294	1361.5	1603.7	5111.1
8905	1362.3	1615.8	5143.3
2578	1356.7	1598.4	5092.4
11016	1359.0	1623.2	5093.8
5906	1369.1	1592.5	5218.3
18360	1358.5	1599.4	5015.3
19671	1362.4	1584.3	4993.5
5261	1352.1	1619.7	5199.5
2866	1354.4	1565.5	5004.8
21873	1364.4	1601.2	5191.4
23642	1361.9	1607.1	5133.1
21229	1358.6	1578.5	5093.3
19434	1365.6	1626.8	5167.8
4445	1355.0	1587.3	5103.1
6886	1362.3	1606.8	5150.1
10820	1352.5	1557.9	5027.5
4576	1350.6	1621.2	5166.0
13010	1366.0	1539.1	5149.3
6173	1351.0	1531.7	4922.4
16000	1366.9	1597.5	5127.3
13082	1356.9	1597.7	5052.9
16738	1359.0	1588.8	5190.7
7512	1370.9	1657.7	5241.6
22708	1382.9	1685.7	5417.3
8101	1351.9	1585.6	5019.4
10142	1361.9	1618.4	5157.4
8452	1359.7	1569.5	5030.8
4897	1359.6	1570.7	4999.8
19506	1360.8	1619.5	5181.5
23234	1355.0	1577.4	4964.0
17822	1365.6	1583.2	5077.0
18303	1365.2	1666.5	5247.8
10419	1358.4	1609.3	5074.0
4313	1359.9	1603.3	5122.4
7098	1361.3	1596.7	5085.6
12884	1361.0	1565.0	5030.0
9592	1366.9	1616.7	5180.2
4918	1360.2	1664.3	5199.2
5148	1355.2	1554.3	5017.1
1324	1363.9	1602.2	5132.8
6350	1369.3	1625.7	5169.4
19030	1357.1	1594.6	5083.7
7317	1369.4	1618.4	5202.0
12912	1356.9	1583.2	5082.2
1424	1357.6	1592.2	5063.0
13475	1364.8	1567.7	5035.6
7786	1375.5	1655.9	5342.5
5445	1364.8	1625.0	5212.9
23334	1373.3	1587.8	5247.9
4354	1362.9	1634.4	5112.5
19170	1368.4	1601.3	5195.8
6892	1361.0	1605.3	5088.2
3069	1357.5	1600.3	5074.5
5579	1368.5	1661.9	5202.4
22523	1360.3	1606.2	5127.1
10957	1372.0	1589.8	5126.6
23486	1358.7	1656.7	5175.8
8650	1374.6	1694.6	5404.2
4801	1365.1	1651.7	5182.3
19416	1365.9	1624.1	5077.5
4755	1366.9	1639.9	5176.1
4612	1360.9	1593.3	5125.5
24455	1351.1	1552.7	5008.0
1659	1356.4	1554.0	5004.6
23703	1366.2	1629.6	5443.4
15384	1366.8	1635.4	5328.7
7324	1365.4	1627.4	5201.8
19689	1375.6	1671.8	5341.7
4449	1364.7	1634.6	5067.2
5137	1365.5	1612.6	5140.1
19389	1361.6	1598.9	5070.1
1553	1365.4	1662.6	5222.8
5503	1357.6	1543.0	5045.9
17935	1362.9	1594.5	5104.1
23202	1365.3	1629.1	5182.3
6911	1364.4	1576.3	5155.2
1661	1358.9	1619.7	5064.5
2030	1365.7	1573.2	5111.4
17750	1358.0	1574.3	5324.3
259	1362.0	1582.3	5092.5
7546	1370.5	1592.2	5124.3
18820	1367.0	1610.0	5173.6
22487	1359.2	1619.7	5032.5
13485	1357.1	1582.6	5066.5
18202	1363.9	1582.7	5194.7
18047	1360.2	1582.1	5077.3
6842	1359.2	1596.9	5081.4
2425	1358.3	1635.6	5155.0
12806	1358.0	1562.2	5036.9
18657	1370.2	1619.9	5209.8
3544	1372.6	1662.2	5327.2
3876	1358.4	1621.6	5136.2
21355	1359.6	1611.2	5200.0
24957	1360.9	1617.1	5167.8
21492	1354.0	1547.8	4985.5
2218	1365.6	1624.4	5091.9
19680	1363.6	1638.4	5153.6
19211	1369.2	1599.7	5251.4
9802	1373.9	1632.7	5219.3
10836	1367.5	1674.9	5179.0
20424	1370.3	1664.8	5382.7
19073	1365.9	1595.7	5095.9
1431	1366.2	1669.2	5234.0
17715	1362.4	1591.7	5105.5
14094	1357.3	1618.0	5067.9
1716	1361.3	1586.5	5064.6
17352	1363.2	1640.0	5186.9
10701	1362.6	1630.5	5095.3
13837	1351.5	1592.6	5001.9
3125	1360.9	1621.7	5170.9
17172	1374.4	1598.5	5264.9
202	1381.4	1638.8	5994.5
24590	1371.1	1599.4	5151.6
23759	1365.5	1622.3	5167.6
11580	1357.1	1599.8	5172.9
12158	1364.9	1581.9	5077.8
8150	1358.8	1576.0	5069.6
18382	1356.6	1593.3	5090.3
7615	1361.1	1660.3	5124.1
12111	1361.7	1606.3	5118.8
4319	1362.6	1654.5	5314.1
21603	1361.3	1638.8	5128.8
22312	1361.8	1593.8	5089.3
21702	1371.7	1671.5	5229.6
5527	1356.6	1637.9	5157.1
12772	1353.9	1531.4	5067.4
17889	1360.1	1570.1	5011.4
15628	1366.1	1589.2	5260.4
18513	1359.7	1607.7	5134.9
14063	1367.0	1609.0	5102.5
1481	1359.5	1600.2	5051.3
7086	1360.2	1578.3	5055.2
21143	1365.8	1605.4	5208.1
17790	1365.1	1644.1	5183.1
13346	1363.2	1644.1	5186.7
13039	1368.9	1592.1	5168.9
6691	1369.3	1649.0	5376.3
10754	1371.9	1606.4	5164.3
6153	1355.1	1589.3	5133.2
10709	1350.2	1592.5	4947.6
13263	1368.7	1646.6	5361.7
14284	1369.8	1645.2	5233.8
13978	1362.5	1602.9	5267.0
23794	1365.0	1630.8	5227.5
9893	1365.4	1651.0	5239.9
24370	1370.8	1671.4	5277.0
20948	1347.2	1560.1	5064.1
9557	1363.6	1630.8	5194.6
22357	1364.9	1650.0	5263.0
1648	1350.6	1555.0	4969.0
9584	1357.4	1588.1	5033.6
1115	1364.7	1613.8	5186.8
22726	1374.9	1624.2	5276.3
23888	1370.6	1609.4	5114.6
2229	1361.7	1626.4	5055.5
22736	1360.2	1618.4	5131.4
17007	1357.7	1592.7	5177.7
24402	1356.9	1609.4	4987.1
19391	1363.3	1647.1	5175.8
14614	1360.1	1640.4	5190.1
17981	1359.7	1611.2	5077.5
4645	1368.4	1615.2	5151.8
24572	1353.6	1579.2	5056.3
7509	1378.4	1617.6	5160.2
3607	1355.3	1608.9	5053.8
8632	1359.0	1618.9	5106.8
1966	1375.7	1662.5	5292.7
4710	1366.9	1621.5	5159.6
4997	1361.4	1614.2	5094.5
6172	1358.5	1556.2	5005.8
23998	1361.2	1624.3	5207.3
13358	1359.4	1576.8	5032.6
14699	1356.3	1576.3	5037.9
7669	1364.7	1613.3	5089.3
21977	1365.6	1649.2	5339.6
18038	1363.6	1614.8	5115.4
6582	1354.5	1571.1	4997.0
2469	1355.0	1595.5	5067.3
3658	1367.0	1597.4	5114.2
24032	1372.5	1666.3	5379.1
7363	1358.4	1579.8	5002.1
23573	1366.2	1643.2	5146.2
5702	1365.8	1597.4	5383.4
7757	1366.3	1610.3	5200.9
4655	1361.7	1644.7	5243.7
11162	1375.8	1673.3	5249.4
2045	1352.4	1593.0	5092.4
6133	1364.1	1575.5	5139.3
18861	1361.0	1562.3	5080.4
8901	1358.6	1597.0	5113.5
3372	1364.2	1631.1	5140.8
2203	1367.3	1591.2	5142.8
9781	1360.4	1619.3	5195.3
2436	1376.0	1618.0	5252.1
14291	1353.8	1599.4	5087.1
9096	1363.4	1647.4	5299.6
16254	1371.9	1601.4	5202.6
4627	1362.7	1657.7	5207.8
4373	1372.1	1636.6	5192.7
13964	1374.5	1676.6	5357.1
14248	1378.5	1686.6	5379.5
15136	1365.6	1652.5	5206.9
12051	1364.5	1602.4	5090.9
3122	1359.8	1646.2	5159.0
5522	1362.9	1597.9	5141.8
19139	1361.3	1621.8	5185.5
18704	1356.8	1643.9	5135.5
7711	1368.5	1614.2	5312.3
9088	1348.7	1588.1	5035.6
1816	1350.7	1577.1	4975.0
14265	1372.4	1655.2	5236.9
6486	1357.7	1619.5	5162.0
4416	1362.8	1629.5	5251.0
981	1364.5	1643.9	5147.7
960	1358.4	1612.9	5020.2
2252	1357.6	1607.5	5086.2
19231	1368.6	1599.9	5334.3
10725	1379.5	1605.8	5221.6
10590	1363.3	1572.2	5162.6
19056	1371.8	1657.5	5247.1
9301	1370.0	1627.5	5253.0
6566	1361.9	1631.5	5187.8
5227	1358.5	1577.2	5080.2
18885	1364.7	1617.9	5159.3
4635	1360.5	1604.9	5079.4
12404	1372.9	1674.9	5337.0
22847	1361.8	1612.8	5120.9
20827	1361.3	1572.9	5057.5
15120	1360.0	1542.8	5155.4
4833	1362.3	1655.6	5241.3
18642	1369.6	1631.2	5360.7
13799	1373.4	1606.4	5150.2
5514	1355.7	1614.3	5101.0
17848	1360.4	1572.8	5093.7
8839	1362.1	1617.6	5085.6
7200	1364.1	1618.4	5228.4
5717	1355.0	1576.7	5132.1
92	1361.8	1654.4	5109.5
12028	1359.2	1588.0	5067.5
23498	1354.8	1570.5	5056.1
18633	1347.4	1506.1	4861.5
21726	1362.2	1615.0	5189.1
22976	1369.9	1637.8	5216.5
1199	1362.6	1586.7	5109.3
200	1366.8	1625.1	5161.9
16185	1362.5	1648.1	5265.6
8121	1364.1	1607.2	5157.9
18067	1366.6	1592.0	5173.3
12858	1362.6	1613.6	5158.2
7251	1370.9	1631.6	5162.6
4916	1349.1	1553.3	5118.4
18888	1360.9	1598.1	5076.0
12241	1371.1	1652.4	5261.2
1101	1372.1	1656.2	5225.9
18204	1362.0	1620.3	5101.6
22802	1368.2	1558.9	5126.8
4324	1364.4	1635.4	5082.5
12478	1364.4	1635.8	5156.4
2294	1357.3	1603.9	5167.9
19399	1363.1	1600.3	5228.9
10322	1366.6	1626.2	5211.9
2723	1353.5	1576.3	4954.9
15350	1358.7	1596.6	5072.4
10455	1364.4	1609.4	5166.3
15607	1357.3	1544.3	5026.9
2212	1369.7	1587.6	5153.6
8181	1358.4	1610.4	5316.3
14484	1365.9	1596.0	5137.3
23	1365.8	1617.6	5261.0
17747	1361.9	1587.3	5044.2
5366	1363.1	1590.8	5164.3
11443	1363.3	1602.9	5117.3
2742	1371.9	1653.1	5262.4
14739	1366.5	1588.4	5204.0
5264	1358.5	1612.8	5163.0
22558	1364.5	1610.1	5182.1
16778	1365.0	1629.1	5250.9
2801	1360.1	1608.3	5154.3
13584	1368.9	1625.2	5202.4
24325	1362.4	1592.9	5207.0
15167	1371.7	1619.2	5347.9
575	1354.9	1586.3	4993.9
278	1357.5	1604.9	5056.3
19848	1365.8	1667.6	5652.2
21322	1357.0	1585.0	4964.9
23158	1354.8	1624.9	5151.2
3388	1371.2	1580.3	5155.1
15025	1362.6	1626.8	5135.9
4513	1365.5	1610.5	5229.9
4173	1356.6	1553.1	5014.0
19295	1360.4	1590.4	5108.3
17782	1370.7	1613.8	5146.3
12935	1357.2	1586.6	4983.3
17058	1360.3	1633.5	5177.6
16266	1364.1	1682.5	5394.9
19140	1369.9	1655.3	5653.7
13423	1349.7	1583.1	5038.7
23999	1369.5	1645.3	5352.4
6176	1362.6	1578.1	5107.9
18289	1361.1	1607.2	5162.6
22171	1355.4	1552.1	4998.6
21127	1363.5	1611.0	5228.3
6767	1358.9	1582.8	5072.3
14228	1351.1	1619.2	5212.6
9674	1372.4	1647.6	5221.6
22716	1365.5	1584.9	5181.0
13881	1368.8	1643.5	5259.9
4136	1359.4	1609.8	5097.3
9689	1370.0	1590.2	5187.6
23362	1360.6	1596.3	5030.9
540	1363.6	1606.9	5083.6
3481	1355.2	1576.4	4973.7
5992	1359.8	1548.3	5038.1
18460	1357.1	1619.1	5363.2
13911	1356.7	1614.9	5025.9
19801	1360.4	1558.2	5160.2
24977	1347.8	1574.2	4990.8
24890	1349.1	1536.8	4934.1
7199	1364.5	1573.7	5110.5
10945	1353.3	1568.3	5058.0
17850	1354.9	1649.1	5096.4
24817	1358.4	1578.4	5064.7
5029	1365.9	1588.2	5231.9
22984	1370.6	1602.6	5159.2
16294	1365.1	1571.5	5183.1
2406	1358.2	1569.4	5021.6
2086	1362.3	1609.3	5174.1
11981	1360.2	1592.4	5109.8
4923	1362.6	1577.4	5116.8
5894	1367.7	1586.0	5349.6
23710	1354.7	1614.6	5095.4
1980	1360.3	1629.1	5103.0
19566	1367.8	1581.9	5162.1
922	1373.8	1653.9	5252.5
2855	1356.0	1612.9	5084.1
21316	1374.0	1651.9	5364.7
4673	1369.3	1593.3	5029.0
8504	1361.6	1596.7	5168.6
3802	1367.0	1630.3	5198.0
950	1358.0	1635.8	5079.9
3871	1367.7	1621.5	5143.1
13087	1359.3	1590.3	5071.8
22676	1368.2	1613.1	5146.2
21177	1364.2	1616.8	5133.2
23327	1370.5	1622.0	5195.4
21456	1370.6	1661.7	5321.8
2200	1357.4	1613.9	5077.0
5197	1372.4	1626.7	5249.0
18135	1363.2	1613.4	5202.9
8919	1367.1	1641.6	5173.9
22544	1368.4	1634.9	5268.9
17214	1365.0	1589.5	5108.3
2168	1366.3	1646.5	5151.6
24382	1347.9	1560.4	5011.6
10901	1358.1	1621.8	5150.7
22295	1367.9	1637.2	5327.2
14905	1365.0	1619.9	5065.8
22098	1358.0	1587.4	5112.8
1213	1353.4	1598.1	5131.2
3008	1359.2	1632.7	5089.6
18610	1359.8	1619.2	5171.7
19428	1366.5	1605.3	5157.3
24078	1356.8	1583.4	5190.8
24047	1360.3	1651.7	5159.1
1315	1352.3	1586.1	4985.8
17038	1366.5	1607.3	5152.9
24371	1357.2	1606.6	5134.8
24838	1360.4	1597.0	5076.1
4032	1366.9	1657.7	5341.7
9016	1363.7	1594.1	5055.0
17869	1362.7	1597.2	5105.6
15546	1367.6	1662.5	5236.3
14946	1360.1	1586.2	5132.4
4641	1358.8	1623.6	5064.6
6355	1372.7	1662.3	5325.5
8523	1370.3	1635.5	5216.5
20518	1363.1	1640.2	5159.5
3110	1353.7	1638.9	5113.1
7099	1374.8	1627.3	5373.1
20264	1369.9	1606.2	5159.7
23773	1360.9	1550.0	4971.3
16015	1355.6	1609.6	5073.0
15863	1371.2	1685.7	5275.9
11027	1358.3	1589.3	5094.3
22592	1364.7	1600.3	5100.9
21840	1365.4	1557.3	5092.9
2068	1361.1	1605.2	5119.1
16684	1360.9	1587.9	5041.8
4235	1366.8	1611.5	5235.5
3270	1358.9	1604.6	5181.3
19896	1368.3	1626.0	5183.0
7513	1374.1	1619.7	5410.8
6670	1355.7	1627.9	5137.5
11716	1368.6	1616.9	5183.7
22871	1367.1	1615.5	5197.0
4387	1357.9	1580.8	5050.0
10547	1354.1	1565.2	5003.3
16961	1354.9	1578.0	5182.2
14968	1360.0	1625.0	5105.8
17036	1363.0	1612.8	5114.0
17181	1371.9	1628.7	5251.2
8591	1372.4	1690.7	5383.2
12993	1359.4	1569.2	5018.7
10291	1347.3	1563.4	4920.4
13118	1372.1	1641.5	5219.8
8656	1366.7	1663.9	5258.2
2497	1353.9	1608.6	4996.3
20910	1364.9	1598.0	5187.4
22555	1361.8	1572.8	5115.3
21914	1357.8	1607.5	5235.6
3967	1363.9	1639.0	5211.4
24665	1358.4	1613.6	5213.1
23954	1371.8	1602.7	5259.2
16172	1366.2	1579.7	5145.0
23826	1368.1	1655.8	5274.9
6560	1358.6	1594.3	5022.9
24631	1358.9	1587.9	5078.7
21264	1362.4	1627.0	5200.5
13416	1363.6	1616.9	5191.1
1902	1370.0	1621.8	5331.0
16220	1362.3	1629.9	5555.0
18848	1364.0	1601.0	5206.6
18277	1366.0	1613.6	5250.7
21767	1358.9	1573.0	5033.0
9513	1358.0	1567.9	5065.7
17081	1374.7	1615.5	5273.6
4999	1365.6	1569.1	5112.3
10964	1364.9	1641.4	5128.3
3113	1361.4	1589.7	5075.4
22069	1365.6	1649.5	5308.0
23036	1356.6	1590.0	5086.5
12199	1363.7	1576.1	5112.0
21342	1360.1	1603.6	5148.1
20089	1353.3	1574.4	5024.3
14381	1367.9	1589.8	5118.9
4337	1359.5	1568.4	5099.9
21890	1362.6	1587.5	5065.3
16947	1360.9	1595.6	5066.4
7568	1357.8	1579.3	4986.2
4077	1358.6	1609.8	5131.5
8116	1358.1	1612.7	5086.1
20987	1370.5	1648.7	5150.6
18542	1360.1	1597.9	5061.3
16097	1377.2	1656.7	5454.8
14838	1375.2	1651.9	5222.0
5814	1361.9	1602.6	5086.2
14061	1359.8	1612.7	5106.2
6869	1359.4	1595.1	5164.8
20709	1362.8	1609.9	5228.6
11751	1356.6	1613.6	5233.2
21557	1361.5	1597.2	5167.2
1354	1359.8	1589.2	5120.8
12057	1361.4	1623.3	5115.2
5950	1360.6	1615.2	5093.2
11264	1351.7	1618.7	5163.1
15854	1367.7	1624.1	5245.3
124	1367.5	1611.0	5138.2
20655	1359.7	1615.6	5099.5
10691	1361.0	1612.9	5175.9
8027	1373.6	1608.4	5144.2
10512	1364.0	1580.8	5129.4
12139	1372.1	1619.2	5165.8
6948	1366.2	1606.6	5186.3
2581	1361.6	1651.8	5160.2
18267	1372.5	1662.2	5307.1
115	1354.1	1593.0	4998.3
4838	1366.0	1629.4	5199.2
12450	1357.1	1613.3	5114.8
14034	1354.4	1550.7	4982.1
7021	1372.5	1676.9	5335.5
18660	1363.8	1607.5	5147.8
23677	1369.1	1612.7	5202.9
18671	1366.4	1622.3	5138.6
12295	1363.6	1621.8	5183.0
12305	1362.3	1572.1	5141.2
1771	1362.9	1618.1	5225.9
4805	1354.5	1544.3	4944.9
21524	1367.3	1635.5	5158.2
13322	1353.4	1523.7	4899.5
24132	1368.0	1630.5	5222.2
1343	1362.1	1609.4	5132.7
6647	1358.1	1599.0	5070.0
4339	1358.1	1562.2	5062.4
290	1362.6	1612.9	5201.2
8678	1360.7	1543.5	4975.4
135	1367.4	1604.0	5158.0
14858	1364.8	1604.6	5072.3
21044	1354.7	1599.4	5065.9
16474	1367.5	1626.4	5204.5
12118	1346.9	1578.1	5003.6
6347	1361.3	1594.6	5167.6
1970	1354.0	1569.6	5102.8
19657	1361.0	1563.5	5086.8
10102	1358.7	1606.2	5153.3
23110	1366.6	1597.5	5182.3
12	1358.3	1588.0	5102.4
9262	1366.4	1650.4	5193.6
11607	1360.7	1610.4	5086.2
12524	1365.0	1584.3	5114.0
10205	1362.7	1623.7	5142.4
14306	1363.3	1606.2	5196.2
19813	1358.6	1539.1	4966.6
19688	1353.3	1509.5	4929.6
6203	1355.6	1584.8	5065.7
4736	1363.3	1633.9	5475.0
14221	1370.1	1651.0	5306.2
12096	1357.5	1609.2	5061.6
4780	1371.0	1617.1	5166.0
6741	1358.7	1606.8	5089.8
4932	1362.8	1597.3	5084.7
3818	1362.0	1611.1	5154.7
5483	1361.0	1637.0	5161.7
20486	1362.6	1595.4	5093.3
12502	1356.6	1622.6	5179.5
18749	1359.4	1562.8	5023.5
5524	1359.2	1551.6	5001.9
12642	1359.4	1600.1	5335.5
19892	1365.1	1590.1	5113.6
11577	1367.8	1646.8	5246.5
24823	1358.7	1583.9	5052.5
13651	1361.4	1625.6	5134.3
21490	1372.8	1646.1	5335.1
7033	1365.4	1608.2	5157.7
3598	1351.9	1562.9	4963.5
23523	1371.6	1633.6	5171.3
1223	1362.5	1705.6	5319.3
10406	1355.9	1651.9	5101.2
14940	1358.6	1542.1	4995.1
15775	1360.4	1602.7	5086.5
19464	1353.0	1560.5	5030.1
16768	1363.1	1610.1	5050.5
13518	1366.7	1603.1	5107.4
9436	1363.7	1656.0	5218.0
18681	1361.6	1604.8	5158.9
12553	1369.8	1622.8	5205.5
15483	1361.1	1586.3	5064.4
555	1361.7	1590.3	5171.4
13390	1357.1	1554.4	5016.0
15745	1368.4	1573.6	5064.6
11567	1364.8	1640.9	5095.7
17165	1358.8	1592.1	5026.7
17967	1361.7	1608.9	5138.2
13862	1367.7	1554.6	5205.8
11186	1361.8	1611.4	5135.3
12799	1359.5	1612.6	5348.5
2380	1372.0	1601.7	5187.7
9300	1349.1	1612.4	4974.1
14486	1368.3	1559.1	5198.2
86	1362.6	1636.6	5169.8
14021	1366.9	1619.4	5193.7
4200	1352.5	1564.9	5035.4
21652	1363.2	1592.7	5161.6
5565	1345.8	1556.4	4909.2
21918	1365.0	1615.2	5116.0
13673	1365.5	1611.6	5202.8
3676	1371.0	1621.5	5243.5
7511	1368.7	1662.5	5193.4
4890	1356.2	1555.5	5068.9
9386	1359.1	1609.6	5130.6
20532	1353.0	1622.5	5120.6
12674	1365.1	1601.0	5180.0
15106	1357.3	1609.1	5083.7
15831	1362.1	1637.1	5082.4
14464	1359.3	1536.1	5037.0
13512	1353.7	1553.9	4915.7
13818	1357.6	1596.3	5033.2
1040	1364.6	1611.8	5197.6
11090	1371.5	1627.5	5262.5
22170	1370.4	1624.8	5131.2
855	1357.9	1564.6	4994.0
21855	1374.4	1602.0	5184.1
1460	1362.6	1643.3	5157.7
9547	1367.2	1602.3	5148.2
11986	1366.3	1644.2	5272.9
7935	1355.5	1563.9	4971.7
19585	1366.4	1655.5	5129.0
19815	1379.4	1684.5	5419.3
20782	1358.9	1574.9	5094.1
3552	1367.6	1651.5	5240.4
16379	1369.5	1643.9	5259.4
24701	1379.9	1648.2	5372.2
23812	1363.7	1619.5	5206.1
23569	1368.7	1593.9	5178.9
14174	1359.4	1589.9	5016.9
7840	1367.9	1609.9	5115.6
11978	1356.4	1588.9	4984.2
20836	1369.8	1631.6	5298.3
2340	1356.4	1585.5	5073.2
2226	1361.0	1587.3	5206.1
20166	1368.8	1601.3	5163.0
24763	1348.4	1524.7	4925.0
7698	1365.2	1593.8	5102.7
21116	1356.2	1563.5	5159.6
13410	1366.9	1629.4	5097.9
9885	1362.0	1640.0	5112.7
19278	1366.6	1647.3	5277.0
16804	1360.3	1616.4	5116.6
924	1376.6	1590.2	5315.3
5417	1364.5	1652.1	5217.8
10110	1363.0	1624.1	5173.3
19883	1376.1	1632.2	5312.8
15929	1366.7	1651.6	5326.0
21626	1373.8	1649.7	5278.9
4790	1349.6	1566.3	4994.7
684	1372.8	1669.2	5285.0
20784	1355.1	1557.7	5119.3
12769	1370.1	1620.0	5189.6
23155	1357.8	1594.8	5070.2
13680	1363.1	1645.8	5224.2
14718	1368.0	1558.6	5040.6
234	1362.8	1588.8	5102.5
17554	1357.4	1566.2	5155.9
8338	1376.3	1660.8	5295.3
2320	1351.9	1585.8	4946.2
7117	1369.1	1630.9	5251.6
3233	1366.9	1626.6	5275.9
14868	1367.1	1619.7	5148.4
10156	1358.4	1615.5	5177.5
12542	1367.0	1647.0	5212.3
2107	1357.4	1595.3	5064.5
2449	1349.9	1565.7	4916.6
7947	1360.3	1629.5	5644.5
7008	1370.1	1631.6	5318.5
9453	1366.7	1584.2	5233.2
4444	1362.7	1560.5	5028.5
8560	1355.4	1561.5	5048.9
24251	1356.4	1545.8	5037.8
23081	1359.1	1582.2	5216.0
23767	1367.2	1593.4	5080.0
13601	1364.4	1648.8	5086.4
11203	1369.9	1647.6	5251.1
24462	1368.1	1617.4	5196.6
14833	1365.5	1594.2	5122.8
19586	1366.5	1627.9	5203.2
19242	1364.3	1629.7	5200.9
20618	1356.7	1593.6	5006.2
10084	1373.0	1651.6	5401.0
3727	1364.6	1584.9	5121.7
18084	1361.3	1623.7	5172.1
24459	1360.7	1531.1	4985.7
15872	1351.6	1603.1	5175.3
14872	1356.3	1598.0	5125.8
15590	1363.2	1582.2	5131.1
1894	1354.0	1549.4	4963.9
5312	1357.0	1581.3	5005.1
20401	1352.5	1573.0	5009.5
8460	1371.4	1653.6	5243.1
21428	1362.6	1625.1	5137.2
14774	1365.1	1645.7	5128.3
12218	1362.5	1574.4	5050.0
8601	1376.2	1639.5	5218.7
15140	1376.4	1693.9	5225.0
10284	1362.7	1599.7	5140.0
11416	1358.0	1576.9	4990.1
8771	1367.5	1618.2	5170.3
19224	1371.2	1625.5	5159.2
473	1356.2	1572.3	5046.0
9164	1362.4	1599.4	5038.3
8	1362.9	1586.0	5138.8
20567	1351.1	1580.3	4958.2
11984	1368.6	1627.2	5272.2
14327	1355.2	1567.1	5044.4
5091	1350.3	1597.4	5098.2
628	1365.2	1621.2	5213.4
18009	1350.2	1560.0	4950.3
22108	1352.9	1602.6	5166.4
807	1365.7	1629.6	5164.0
24841	1361.6	1615.8	5099.1
17324	1363.6	1577.6	5114.6
1017	1355.3	1577.8	5050.9
23302	1367.3	1636.3	5193.2
2587	1375.8	1649.1	5277.8
5780	1359.8	1593.3	5141.4
9335	1360.5	1635.4	5208.7
24641	1367.6	1597.4	5117.8
23166	1359.0	1607.9	5083.0
5161	1357.1	1574.5	5100.8
20205	1367.8	1614.7	5433.5
18042	1361.1	1612.2	5135.5
6402	1373.3	1613.9	5475.1
18586	1361.5	1539.6	5015.7
8184	1365.3	1596.5	5136.4
4062	1358.8	1621.3	5052.2
24604	1357.2	1567.8	4998.4
16348	1363.5	1634.4	5284.4
6283	1350.1	1544.2	4977.4
17972	1360.6	1619.5	5119.4
22816	1360.4	1635.4	5122.6
10481	1362.4	1561.5	5063.0
24341	1355.3	1542.6	5013.4
20667	1361.8	1592.6	5112.3
359	1372.1	1709.2	5274.5
13831	1363.0	1627.9	5181.9
5553	1364.2	1631.6	5196.7
12312	1366.9	1689.5	5257.3
12794	1360.6	1602.6	5120.8
5446	1372.9	1649.2	5283.6
783	1355.9	1591.2	5011.3
9867	1359.5	1595.2	5111.1
826	1372.5	1639.2	5250.3
13376	1364.5	1619.6	5234.9
23976	1365.0	1557.6	5144.3
9501	1353.6	1606.4	5039.0
9987	1361.0	1629.2	5142.7
9214	1360.1	1579.5	5051.9
18349	1365.0	1620.3	5141.3
22225	1364.7	1620.7	5270.6
1490	1355.7	1612.5	5031.5
11184	1367.1	1644.9	5147.2
10761	1368.6	1644.1	5207.8
1622	1362.6	1598.3	5148.4
12974	1363.6	1620.0	5203.1
15803	1355.3	1606.3	5323.3
19900	1366.3	1657.4	5272.5
4208	1358.5	1617.2	5095.1
19116	1372.9	1634.3	5320.9
6704	1358.9	1595.2	5069.9
5077	1360.0	1578.6	5046.6
21501	1365.6	1573.0	5076.3
15338	1370.3	1615.0	5236.7
7729	1357.6	1577.4	5043.1
16652	1359.9	1579.7	5028.8
22174	1367.6	1605.5	5093.8
17470	1370.6	1669.0	5329.4
18571	1369.1	1597.6	5214.3
11512	1365.4	1592.1	5149.2
24188	1371.3	1623.9	5400.9
14915	1368.3	1602.8	5183.0
22688	1365.3	1630.6	5153.0
4873	1370.4	1618.0	5260.3
15305	1360.0	1585.8	5076.1
11649	1364.1	1583.4	5107.7
21104	1368.9	1605.4	5247.9
13749	1367.9	1600.1	5152.9
5349	1358.2	1659.9	5179.4
12701	1368.4	1574.9	5095.9
10390	1368.1	1644.9	5238.9
967	1354.2	1620.0	5153.1
6230	1375.9	1590.9	5271.5
3679	1360.4	1578.1	5171.3
15721	1366.1	1649.6	5238.6
2806	1365.4	1580.0	5116.0
18728	1364.2	1616.0	5181.4
3638	1353.3	1578.9	4974.9
20031	1368.2	1643.5	5209.4
17942	1356.1	1579.4	5046.4
4969	1354.7	1595.8	5028.0
2827	1363.9	1625.9	5120.9
15183	1366.5	1617.4	5205.4
17831	1359.4	1566.4	5028.9
15243	1361.2	1601.8	5135.1
3696	1359.6	1616.6	5141.8
2141	1360.9	1625.0	5185.1
17110	1356.1	1589.5	4992.0
13042	1373.2	1582.6	5138.6
8120	1362.9	1615.8	5103.9
12324	1355.7	1602.7	5102.2
470	1359.9	1618.1	5057.4
5207	1360.9	1616.0	5168.8
10317	1359.6	1641.3	5241.4
11208	1354.8	1593.6	5085.1
5993	1363.7	1648.7	5205.4
7871	1370.4	1589.1	5154.0
21454	1369.3	1630.2	5223.7
1493	1362.5	1606.0	5098.8
8991	1347.5	1587.6	4956.3
21377	1358.6	1559.2	5096.8
23335	1366.3	1659.6	5197.8
17162	1345.8	1578.9	5049.3
4330	1377.1	1659.8	5346.5
13579	1364.1	1621.7	5280.6
24622	1375.8	1587.9	5242.1
9617	1357.2	1554.4	5027.0
14066	1363.5	1607.3	5135.4
2009	1359.6	1588.6	5061.7
15283	1363.7	1571.1	5082.2
6014	1370.6	1592.4	5169.8
12083	1361.6	1602.8	5067.8
5785	1358.8	1580.6	5029.5
17119	1368.4	1627.2	5263.3
16207	1356.2	1579.2	5109.6
10760	1359.3	1644.5	5110.0
13860	1352.2	1591.0	5053.2
2319	1360.2	1613.2	5120.3
19212	1364.3	1626.4	5238.6
13658	1371.8	1649.5	5232.8
23338	1357.9	1626.8	5104.5
23946	1351.1	1547.9	4960.5
12914	1365.3	1588.9	5146.6
1449	1364.2	1609.3	5158.4
8361	1358.4	1611.1	5079.6
10498	1353.3	1584.6	5079.0
14341	1364.1	1625.3	5210.7
23895	1358.9	1610.7	5195.0
2462	1367.4	1621.8	5188.0
22493	1368.0	1608.1	5191.9
6887	1364.9	1620.0	5142.8
14022	1354.3	1558.4	4945.8
8230	1352.3	1547.3	4944.9
13780	1358.1	1624.7	5190.5
12135	1361.5	1585.4	5128.5
16190	1363.8	1630.8	5248.5
23837	1376.5	1633.2	5273.8
