39892	1381.6	1592.3	4547.4
18353	1382.8	1593.6	4591.8
29646	1383.8	1605.4	4583.4
34806	1382.2	1602.5	4554.6
25389	1385.9	1631.2	4643.6
18902	1388.2	1678.7	4692.3
12921	1385.6	1642.3	4619.5
21683	1387.8	1662.7	4685.7
27392	1380.9	1604.2	4532.1
25490	1391.7	1685.0	4806.7
28475	1387.8	1655.3	4680.6
6011	1383.6	1623.5	4566.5
15428	1384.0	1591.6	4604.2
37490	1385.7	1628.7	4649.0
32253	1386.8	1664.1	4690.5
10338	1386.5	1638.1	4672.8
32032	1387.0	1644.1	4675.3
18416	1387.8	1658.1	4682.1
14085	1385.7	1632.8	4679.8
6665	1385.3	1621.4	4655.1
31791	1391.7	1677.0	4775.0
24940	1391.4	1693.9	4756.6
31193	1385.2	1624.2	4635.5
30051	1379.9	1577.5	4510.8
21569	1385.9	1621.4	4640.3
30416	1386.3	1650.5	4666.1
1845	1388.5	1663.2	4707.4
29458	1384.2	1614.2	4595.7
24530	1384.8	1644.1	4631.6
9765	1379.7	1594.9	4477.2
7947	1385.4	1631.7	4627.4
29004	1388.9	1650.4	4712.7
39607	1392.8	1662.7	4832.0
19818	1386.5	1642.0	4638.1
16454	1378.6	1572.7	4468.4
31965	1387.0	1647.1	4684.1
20282	1384.5	1593.0	4616.6
30326	1380.0	1577.1	4517.5
21210	1385.2	1640.1	4623.5
38667	1380.2	1604.3	4505.7
30654	1390.8	1674.4	4760.9
38691	1380.8	1615.4	4540.4
34603	1383.2	1593.1	4583.7
21935	1383.4	1623.1	4575.6
33411	1385.3	1633.1	4622.4
9682	1382.6	1597.6	4569.0
37150	1386.2	1649.1	4668.9
15400	1392.5	1697.6	4799.7
22228	1386.4	1653.3	4645.9
10530	1381.6	1603.3	4555.1
27161	1383.1	1603.8	4562.3
25747	1383.0	1601.7	4582.0
34518	1381.9	1607.1	4532.6
11856	1388.7	1654.4	4721.1
20812	1383.9	1609.7	4599.0
34087	1385.9	1619.9	4643.8
39416	1387.3	1621.9	4682.9
19254	1381.9	1585.3	4546.7
28046	1381.0	1597.1	4536.9
39859	1388.2	1661.7	4701.8
201	1382.4	1596.9	4558.2
37024	1384.0	1603.1	4605.6
35034	1383.4	1600.2	4578.7
32919	1385.4	1613.2	4624.8
1530	1384.6	1635.6	4610.7
17413	1384.7	1642.4	4625.0
32147	1380.8	1582.3	4520.4
27627	1382.6	1588.6	4575.6
19131	1386.0	1645.5	4644.0
3585	1380.5	1595.8	4518.7
14809	1382.7	1615.2	4559.7
15485	1384.1	1605.5	4593.3
12251	1384.9	1625.6	4631.7
16359	1387.1	1647.4	4673.9
35514	1385.5	1629.2	4638.3
27181	1390.5	1689.8	4753.6
31739	1389.4	1675.5	4708.6
23313	1381.9	1599.2	4551.7
4670	1384.6	1632.6	4613.8
25681	1385.7	1622.2	4655.0
19447	1381.3	1594.9	4529.0
15832	1386.4	1651.5	4646.7
2930	1386.7	1644.4	4653.1
9340	1384.1	1638.7	4606.0
23396	1386.0	1619.3	4643.8
34743	1393.1	1688.8	4825.0
39547	1384.4	1606.6	4620.4
10669	1384.7	1633.2	4618.0
1839	1381.4	1571.1	4530.0
11312	1387.5	1625.4	4700.2
35938	1385.5	1653.8	4635.9
31379	1382.9	1600.8	4567.6
29582	1382.9	1614.3	4564.9
25346	1388.1	1661.4	4691.0
5951	1387.4	1648.2	4698.1
16311	1381.4	1599.3	4547.3
32377	1378.9	1587.7	4478.7
18787	1386.2	1619.4	4647.5
28500	1384.2	1617.1	4614.0
25605	1384.1	1644.8	4599.6
25042	1387.5	1647.2	4680.2
35807	1389.0	1660.3	4717.8
18160	1386.6	1634.1	4673.2
6392	1386.3	1679.3	4650.4
1533	1387.0	1650.4	4654.6
31818	1391.6	1690.7	4782.5
29949	1381.6	1600.2	4545.4
28387	1372.9	1527.9	4317.3
20294	1385.3	1649.0	4636.6
8676	1385.6	1632.7	4636.9
37014	1385.1	1621.4	4648.4
35151	1377.6	1559.2	4452.5
31034	1380.7	1598.2	4522.7
1499	1383.3	1620.8	4606.8
2337	1388.1	1662.7	4695.4
24501	1382.4	1596.8	4571.3
13450	1387.8	1665.2	4693.8
4521	1383.5	1608.6	4596.7
5453	1381.8	1607.9	4557.4
21140	1382.2	1616.0	4542.2
21465	1382.0	1616.8	4537.3
34244	1385.0	1635.2	4604.0
35748	1387.8	1628.7	4667.6
26333	1385.1	1644.9	4622.2
20681	1380.4	1590.1	4512.8
6959	1388.1	1652.6	4691.6
29642	1386.3	1642.7	4660.3
24008	1382.8	1585.0	4558.4
35559	1383.9	1611.1	4608.8
8383	1378.2	1572.5	4468.4
27186	1381.7	1600.8	4565.0
171	1387.0	1687.3	4669.2
23747	1389.8	1641.2	4743.8
38261	1387.4	1641.9	4658.4
14026	1387.7	1647.3	4674.6
29686	1382.5	1606.7	4552.0
36724	1380.7	1583.2	4508.4
34860	1383.0	1613.0	4553.9
9790	1384.5	1643.6	4616.3
20826	1383.5	1619.4	4582.8
30418	1388.1	1630.7	4699.9
15724	1385.4	1630.9	4630.2
30473	1382.8	1613.1	4546.8
15915	1388.6	1650.9	4719.9
14555	1383.4	1604.5	4591.7
16256	1386.2	1652.1	4655.3
5625	1382.2	1613.9	4517.6
31507	1381.1	1615.9	4536.4
9636	1381.9	1593.1	4557.6
7993	1380.5	1569.4	4495.8
33958	1379.4	1596.3	4466.7
15778	1384.5	1634.5	4604.7
29502	1388.0	1669.0	4697.9
4450	1381.2	1598.4	4536.6
9331	1384.3	1622.1	4610.3
28909	1381.2	1592.5	4521.8
2698	1385.4	1646.1	4653.2
4586	1386.1	1641.7	4654.5
9117	1393.0	1677.5	4800.9
38869	1394.8	1701.3	4854.4
9024	1387.8	1661.9	4675.9
6051	1386.4	1647.1	4668.4
34736	1388.4	1640.1	4702.1
38373	1388.4	1671.8	4690.7
13945	1390.6	1680.4	4790.4
13724	1387.4	1631.0	4676.3
8639	1388.4	1653.4	4702.8
10316	1383.9	1620.6	4579.2
29991	1387.8	1670.6	4696.1
23093	1384.7	1609.1	4606.9
24862	1386.8	1651.1	4667.4
25019	1385.4	1621.0	4650.4
4467	1387.2	1651.7	4687.3
35827	1383.8	1629.8	4589.3
17004	1390.9	1683.2	4787.6
7075	1380.9	1601.7	4550.1
611	1386.5	1649.1	4692.2
2909	1380.9	1599.6	4536.9
11547	1387.5	1654.1	4663.5
6983	1386.6	1643.1	4654.1
33660	1382.6	1605.9	4568.8
1631	1384.7	1632.0	4627.0
17995	1380.5	1593.4	4519.8
11611	1383.6	1613.6	4570.5
23067	1382.6	1615.6	4552.9
4160	1378.0	1593.2	4451.8
3078	1388.7	1666.4	4708.6
31986	1380.2	1593.9	4506.5
25746	1387.2	1645.2	4681.5
18400	1386.0	1641.2	4663.6
15221	1380.0	1576.9	4499.0
31129	1383.2	1614.9	4588.7
32365	1384.4	1605.6	4614.8
32736	1390.7	1681.4	4777.3
23352	1385.9	1646.8	4649.2
25342	1384.8	1627.5	4621.4
18387	1387.6	1645.2	4673.7
19274	1389.4	1675.7	4716.8
25156	1385.1	1652.8	4629.9
37947	1390.3	1675.2	4754.3
8761	1384.7	1612.6	4606.8
6470	1382.9	1632.5	4590.6
8240	1382.9	1608.7	4574.7
2384	1390.0	1658.7	4759.2
29845	1385.8	1649.8	4644.1
387	1383.1	1610.6	4580.0
4487	1389.6	1673.3	4743.0
4463	1389.4	1675.1	4699.1
22994	1382.5	1585.1	4561.4
8139	1389.5	1685.2	4746.0
10666	1378.8	1572.5	4474.3
3198	1380.8	1615.6	4504.5
28146	1379.3	1582.8	4492.5
39483	1381.1	1586.6	4545.4
28822	1387.7	1662.0	4694.5
21603	1387.1	1665.6	4677.6
36172	1386.7	1641.3	4650.4
39691	1379.6	1579.7	4510.5
27793	1384.6	1611.8	4615.8
18869	1385.3	1629.2	4609.4
4554	1383.0	1620.8	4566.8
11113	1384.2	1644.8	4606.2
23746	1380.9	1599.4	4542.5
39646	1388.2	1648.2	4704.0
34316	1383.9	1620.5	4597.7
32798	1384.7	1619.3	4607.0
36451	1385.0	1628.7	4636.7
16904	1384.6	1621.0	4621.0
28918	1388.0	1653.9	4687.1
13041	1382.3	1616.8	4556.0
18744	1390.4	1662.4	4778.4
9619	1390.4	1663.3	4764.1
5200	1386.8	1660.7	4698.9
22480	1384.5	1618.1	4596.7
20909	1389.3	1680.0	4744.4
18703	1383.9	1638.8	4591.1
17493	1384.2	1638.3	4605.0
15652	1379.9	1583.4	4506.6
33754	1384.4	1614.0	4619.8
35489	1383.4	1616.3	4590.4
1730	1388.5	1647.6	4701.0
24996	1384.1	1643.6	4615.7
19199	1384.9	1599.2	4620.2
26691	1390.5	1660.2	4755.4
9	1383.8	1628.0	4587.8
26180	1389.1	1646.1	4712.1
25628	1381.1	1576.7	4540.9
6815	1380.8	1600.2	4518.7
25607	1382.5	1589.0	4558.8
24158	1381.3	1599.6	4546.5
15540	1385.9	1638.8	4662.2
39311	1386.8	1625.5	4647.3
23054	1389.7	1667.0	4750.9
3297	1387.6	1661.4	4682.4
33074	1381.7	1595.5	4528.2
39537	1379.9	1575.8	4505.1
17069	1391.2	1681.7	4776.2
11745	1384.5	1617.5	4623.4
27494	1384.0	1624.9	4596.3
3336	1379.9	1593.3	4502.4
32633	1384.0	1621.8	4610.6
35602	1381.0	1586.6	4528.5
26328	1385.6	1646.9	4643.3
34978	1384.3	1628.7	4606.3
7426	1387.7	1651.0	4703.5
17483	1381.1	1597.7	4532.1
27831	1387.6	1645.6	4668.6
25979	1384.2	1638.8	4611.4
5256	1390.4	1692.1	4758.1
27366	1379.2	1578.2	4516.0
20065	1388.7	1668.1	4714.0
7655	1381.0	1579.3	4525.3
39793	1385.2	1618.5	4617.5
39802	1386.7	1641.5	4656.8
33756	1392.4	1662.0	4816.0
6749	1380.6	1596.0	4526.5
12631	1381.7	1609.2	4544.3
423	1388.6	1669.8	4693.3
4163	1387.4	1660.7	4667.8
199	1387.2	1638.2	4688.4
6238	1383.4	1622.5	4581.3
32855	1390.5	1655.3	4756.6
23171	1384.8	1633.0	4652.0
17623	1386.9	1643.6	4674.8
37237	1385.0	1640.8	4640.3
9119	1383.2	1629.0	4587.8
12083	1383.0	1615.5	4577.9
38268	1379.2	1574.5	4503.9
24590	1387.7	1628.9	4678.3
34682	1387.3	1636.3	4675.3
6326	1387.5	1643.7	4676.0
11273	1386.2	1654.9	4630.7
7944	1386.8	1649.7	4680.4
16465	1382.5	1607.5	4579.1
3550	1383.0	1618.2	4591.7
25717	1387.1	1662.7	4668.8
19282	1389.8	1664.1	4750.7
19264	1381.9	1609.7	4546.4
6855	1383.9	1613.8	4589.3
39019	1378.3	1546.5	4472.5
34991	1381.9	1586.2	4550.6
7049	1387.2	1646.2	4682.1
3229	1387.8	1654.9	4680.7
16648	1381.9	1603.2	4571.5
22587	1382.5	1607.9	4542.2
6289	1388.1	1640.7	4672.3
23340	1386.8	1647.2	4655.2
36810	1382.4	1607.9	4552.0
3900	1386.1	1657.5	4658.6
28037	1386.1	1642.9	4667.2
32883	1393.2	1713.9	4813.4
11270	1388.4	1670.9	4684.5
6438	1382.2	1608.6	4531.9
24166	1385.4	1645.2	4622.8
5744	1387.7	1677.5	4714.1
18307	1382.4	1596.1	4559.4
9586	1375.4	1549.6	4402.0
23074	1381.4	1585.9	4529.8
29381	1387.3	1631.5	4720.2
37778	1385.9	1627.2	4653.1
35892	1384.1	1621.1	4604.4
31721	1387.0	1643.3	4680.4
27893	1383.5	1622.4	4589.8
22218	1386.2	1631.5	4644.5
3447	1389.1	1656.2	4707.6
10735	1382.1	1613.9	4559.5
21828	1382.7	1615.0	4575.8
13706	1381.7	1613.2	4542.1
15945	1385.8	1632.0	4632.7
15199	1382.2	1609.9	4552.4
658	1383.9	1630.7	4604.7
3539	1389.4	1682.6	4724.8
5868	1385.7	1642.0	4642.9
32055	1386.3	1649.7	4659.2
21803	1388.3	1656.3	4721.3
33000	1384.8	1628.5	4616.7
28755	1387.7	1665.6	4683.3
22932	1384.0	1603.0	4593.1
6576	1388.7	1663.2	4722.5
17864	1382.7	1603.3	4553.6
34703	1381.9	1592.8	4563.5
15505	1382.6	1610.5	4575.9
13194	1379.5	1583.4	4482.5
1129	1383.8	1629.8	4603.9
11354	1379.4	1607.6	4468.9
18331	1386.6	1626.1	4676.4
20307	1386.3	1665.4	4640.8
9342	1382.3	1628.7	4550.8
11288	1382.9	1612.5	4578.3
33791	1382.4	1612.1	4547.1
30424	1386.7	1655.1	4652.6
2457	1383.0	1599.1	4597.5
38685	1386.0	1660.6	4622.0
25016	1389.1	1660.7	4725.6
17371	1384.9	1636.0	4629.7
33161	1383.7	1603.2	4600.2
13402	1388.5	1666.9	4714.4
33066	1389.1	1661.2	4715.5
14225	1382.3	1612.1	4548.0
12052	1386.9	1639.9	4658.2
1626	1382.7	1623.6	4595.7
37760	1383.8	1632.3	4602.7
2092	1385.2	1633.3	4601.1
33252	1386.8	1634.5	4683.1
32358	1381.3	1585.8	4540.1
20806	1384.7	1611.0	4595.6
34489	1376.7	1540.5	4413.9
26627	1387.6	1658.2	4679.3
3116	1383.3	1629.3	4574.6
9280	1384.6	1621.4	4592.8
39172	1386.1	1617.7	4667.2
11767	1389.6	1679.9	4724.5
14253	1377.4	1576.7	4450.2
30102	1381.9	1592.8	4530.4
12109	1381.1	1620.2	4538.3
3188	1382.6	1617.0	4564.0
30327	1384.1	1619.0	4600.2
25579	1390.8	1676.0	4756.4
39854	1386.9	1627.7	4643.4
39206	1387.3	1630.5	4668.4
39437	1382.3	1592.3	4559.5
12765	1381.1	1599.9	4522.6
16412	1384.0	1635.5	4594.9
28959	1388.1	1652.5	4706.6
32512	1384.2	1614.6	4605.6
216	1386.2	1645.7	4652.6
17080	1384.6	1619.0	4624.1
18633	1384.6	1643.8	4636.7
30973	1380.2	1588.9	4513.6
27479	1384.9	1639.6	4625.7
31830	1381.2	1589.2	4529.2
3761	1384.1	1636.2	4620.9
37027	1386.3	1644.6	4655.6
23611	1390.1	1665.6	4751.6
5053	1386.5	1643.6	4638.0
9944	1381.8	1604.4	4541.7
36883	1383.5	1599.2	4604.3
16527	1384.2	1631.2	4606.4
26438	1385.0	1642.9	4626.7
6099	1387.1	1672.0	4689.9
3473	1388.3	1692.1	4702.5
18963	1380.8	1585.1	4526.9
14590	1389.9	1657.3	4763.9
29544	1385.0	1624.0	4629.7
29123	1383.3	1609.0	4588.3
12690	1387.0	1667.7	4629.4
16550	1381.8	1618.6	4561.6
39230	1390.7	1681.4	4753.6
1619	1386.8	1638.6	4676.9
38601	1388.5	1642.2	4693.4
29491	1388.1	1663.8	4696.3
5311	1381.6	1608.7	4546.9
30993	1388.2	1638.7	4688.7
4952	1388.2	1668.1	4701.2
20266	1386.0	1631.1	4658.3
28222	1384.3	1615.1	4625.5
1291	1389.4	1680.3	4729.3
8927	1388.5	1661.6	4704.4
6468	1385.8	1657.1	4645.4
17578	1386.0	1639.7	4633.9
22753	1381.0	1593.1	4527.0
11005	1384.8	1632.2	4612.7
29195	1383.7	1620.7	4587.3
17703	1383.2	1596.4	4560.9
34253	1383.8	1608.8	4605.5
39538	1385.7	1649.9	4605.0
25581	1390.2	1656.6	4728.4
13464	1391.0	1671.7	4751.1
28933	1383.0	1611.9	4576.2
4094	1384.1	1642.1	4594.4
21718	1384.5	1621.3	4610.6
39911	1384.1	1591.8	4607.7
29283	1381.4	1578.5	4526.2
34732	1389.2	1667.8	4725.2
18564	1383.7	1616.6	4603.6
38646	1392.5	1680.1	4800.1
6153	1381.2	1593.9	4541.8
8103	1391.7	1668.1	4786.6
30841	1389.1	1672.8	4726.2
37990	1379.7	1563.1	4500.2
35367	1391.9	1687.8	4820.0
14361	1395.2	1730.1	4893.8
19595	1381.4	1579.2	4539.5
2719	1385.7	1630.5	4644.8
37542	1390.8	1675.7	4764.6
36630	1382.8	1604.8	4578.0
4829	1383.4	1636.6	4584.5
28050	1390.6	1668.3	4767.7
2467	1380.1	1588.2	4519.6
26275	1384.5	1618.1	4615.3
9231	1381.3	1614.2	4533.3
1793	1388.0	1649.7	4728.9
20783	1377.1	1558.8	4446.9
37222	1386.1	1639.0	4652.1
37970	1383.9	1600.8	4595.2
15208	1377.1	1564.1	4443.5
1057	1380.3	1578.9	4507.7
2036	1382.4	1625.5	4562.1
38963	1377.1	1545.3	4433.4
28862	1380.6	1598.2	4537.2
8021	1389.7	1649.8	4756.0
307	1392.2	1699.5	4797.2
12587	1384.4	1632.6	4617.8
10452	1386.9	1642.4	4675.7
26216	1383.1	1604.0	4576.1
30084	1384.9	1610.8	4606.7
14767	1384.4	1622.0	4607.9
24774	1383.1	1626.4	4587.4
11600	1384.1	1630.8	4607.4
37612	1380.7	1606.1	4538.5
6309	1384.8	1626.0	4624.1
22797	1382.8	1619.2	4545.5
24337	1387.8	1630.7	4662.6
28528	1383.8	1619.6	4578.2
28762	1384.9	1635.5	4611.9
6321	1385.4	1641.1	4651.2
1826	1384.1	1622.3	4591.1
32097	1382.0	1603.1	4548.2
3286	1382.3	1602.8	4573.5
30909	1388.0	1658.3	4685.8
35453	1380.7	1577.1	4527.7
5133	1381.0	1599.5	4525.2
1568	1396.2	1725.0	4881.9
14051	1390.1	1692.5	4725.8
15939	1389.1	1654.4	4712.6
10484	1388.0	1663.9	4689.4
2435	1384.9	1632.5	4636.5
13827	1387.0	1659.1	4667.7
14262	1387.3	1622.3	4685.8
9615	1385.3	1641.8	4633.8
16167	1384.3	1614.4	4624.0
29688	1386.5	1612.3	4654.1
22910	1386.0	1626.1	4663.6
11336	1380.0	1589.9	4524.2
6448	1384.0	1629.5	4596.5
4078	1391.8	1691.2	4774.9
19979	1387.4	1639.0	4687.4
2899	1385.0	1633.7	4628.1
1103	1386.8	1652.1	4684.7
22957	1388.4	1671.1	4679.4
12696	1387.9	1661.0	4679.5
35164	1385.1	1656.6	4622.2
11355	1386.1	1663.7	4648.0
404	1383.9	1620.5	4620.8
2076	1384.5	1628.0	4599.0
29712	1387.7	1626.8	4689.4
9003	1384.1	1642.3	4622.0
27138	1387.1	1642.5	4664.9
1177	1378.6	1583.8	4463.1
24207	1387.2	1655.0	4663.6
19522	1390.3	1690.9	4776.7
18608	1388.5	1662.2	4686.1
13049	1386.4	1639.3	4659.3
35647	1382.7	1626.2	4577.1
15310	1384.0	1621.5	4612.5
31324	1387.0	1642.2	4676.1
27100	1384.0	1602.4	4599.7
15338	1386.2	1674.6	4637.0
26478	1386.1	1662.6	4641.7
4114	1383.3	1629.1	4601.5
4045	1380.8	1611.1	4519.9
5627	1388.1	1686.4	4693.6
10282	1388.7	1662.4	4720.1
33669	1379.7	1592.5	4496.3
16610	1387.1	1650.8	4693.7
25412	1384.2	1615.0	4592.4
1396	1387.1	1644.3	4692.4
34276	1381.3	1621.7	4561.6
5217	1383.9	1621.2	4596.0
33944	1385.5	1655.5	4626.9
5718	1386.5	1660.0	4657.7
5690	1384.2	1607.2	4585.5
6156	1382.7	1635.3	4555.3
32490	1382.8	1600.2	4578.0
2101	1378.6	1571.3	4480.1
14916	1383.0	1621.2	4559.9
8349	1388.7	1646.6	4700.2
21871	1385.4	1642.2	4628.7
5861	1384.8	1640.6	4587.8
22993	1383.3	1633.8	4578.1
37344	1384.9	1632.3	4597.9
6488	1386.6	1662.5	4669.7
10226	1385.1	1629.9	4628.2
39177	1384.1	1628.6	4603.0
9338	1387.5	1650.7	4675.0
27019	1384.0	1625.8	4584.3
32141	1382.2	1617.9	4557.0
13927	1382.2	1640.3	4555.4
35964	1383.8	1614.5	4624.0
31494	1389.2	1681.5	4733.8
33908	1388.8	1672.7	4746.7
17853	1384.2	1629.7	4597.9
14740	1385.7	1624.4	4652.6
24828	1387.6	1652.2	4678.0
19775	1380.9	1598.1	4524.8
597	1390.4	1696.1	4758.4
15309	1384.2	1619.0	4606.7
2455	1383.0	1609.8	4562.8
17073	1385.3	1621.4	4622.6
30022	1385.1	1633.9	4619.7
9333	1375.1	1554.0	4395.5
10789	1389.2	1650.6	4708.5
14131	1383.0	1626.6	4583.6
34745	1384.5	1629.6	4616.1
34667	1382.6	1598.8	4556.3
6466	1383.1	1618.5	4567.9
3163	1389.4	1687.9	4712.7
39082	1387.5	1641.1	4652.0
6875	1381.3	1596.0	4533.3
10048	1381.5	1602.1	4529.2
26781	1386.4	1628.4	4671.6
557	1387.8	1643.1	4703.4
26176	1387.0	1655.0	4671.5
33051	1381.5	1588.8	4530.8
38168	1382.5	1605.7	4570.3
13860	1390.1	1669.7	4764.6
33631	1379.5	1598.9	4512.2
38322	1384.5	1622.9	4602.6
5367	1384.3	1626.2	4602.8
31467	1379.7	1561.2	4481.5
39166	1382.0	1590.7	4555.5
13534	1384.0	1617.4	4590.3
8870	1385.5	1619.7	4633.4
18322	1391.8	1691.1	4819.2
517	1384.3	1620.4	4584.9
9888	1386.1	1643.2	4657.1
1931	1385.7	1636.3	4645.7
155	1381.6	1604.5	4526.6
34056	1389.2	1652.4	4717.1
11974	1383.5	1644.8	4594.7
32074	1386.0	1620.7	4642.5
35642	1383.5	1591.3	4588.2
29895	1382.2	1592.3	4582.2
29708	1381.4	1594.5	4537.2
9098	1384.0	1640.4	4606.5
26474	1387.3	1651.8	4661.3
35154	1383.1	1630.4	4583.5
21809	1383.8	1637.3	4593.2
6961	1376.7	1568.4	4426.7
363	1384.4	1626.7	4629.3
26477	1381.7	1578.8	4540.2
15160	1385.8	1647.4	4648.5
28158	1379.9	1595.3	4506.7
33181	1388.5	1676.5	4687.5
2537	1386.0	1650.4	4645.4
32888	1383.0	1607.0	4570.5
36457	1386.9	1649.7	4661.4
15326	1387.4	1646.9	4674.8
39395	1382.8	1604.9	4600.1
5884	1385.1	1623.5	4640.5
16271	1387.6	1667.5	4681.2
4579	1389.0	1653.5	4746.4
22249	1388.7	1658.7	4700.9
36204	1383.8	1600.4	4594.8
1896	1381.3	1584.7	4544.5
10976	1384.8	1611.8	4586.4
35876	1384.1	1611.7	4616.6
5424	1379.3	1566.9	4498.3
18206	1378.9	1575.4	4492.5
23793	1387.0	1644.8	4676.7
33280	1388.1	1659.6	4694.8
37177	1386.4	1648.3	4642.9
24721	1390.0	1695.4	4719.7
22074	1388.2	1666.2	4709.6
27682	1380.2	1570.0	4513.6
6986	1387.5	1655.2	4685.6
9011	1383.9	1640.4	4595.2
13282	1380.7	1588.2	4530.8
35584	1382.7	1621.5	4584.9
32509	1383.1	1606.9	4586.6
21481	1383.8	1605.1	4600.8
19889	1385.9	1629.3	4640.4
11418	1381.9	1637.1	4536.3
26882	1380.2	1580.4	4519.1
28023	1387.7	1634.2	4684.5
17140	1382.3	1620.3	4569.1
12443	1380.4	1606.2	4508.2
12055	1379.4	1577.9	4501.3
23459	1387.9	1637.0	4713.3
13902	1386.0	1642.3	4645.6
36094	1387.4	1654.5	4687.2
37752	1390.9	1703.4	4748.4
19002	1382.5	1582.4	4561.1
19649	1388.3	1665.6	4702.2
5614	1386.6	1656.0	4659.2
30534	1381.7	1600.1	4554.2
27890	1389.8	1654.6	4735.2
33608	1382.2	1613.6	4548.2
1948	1379.6	1564.4	4502.3
17861	1387.3	1660.0	4657.3
16293	1382.7	1616.7	4586.1
8393	1386.9	1640.3	4691.3
7227	1381.8	1602.5	4557.4
4654	1383.6	1627.5	4582.0
26713	1381.1	1614.5	4541.9
14952	1385.8	1629.9	4642.8
25325	1386.0	1641.3	4626.3
18934	1381.6	1604.0	4549.8
24794	1378.6	1568.1	4460.2
16294	1386.3	1614.5	4656.3
30848	1381.8	1607.5	4544.2
27960	1384.3	1637.9	4605.6
35782	1380.5	1622.7	4539.8
39330	1381.9	1617.2	4557.4
30365	1387.1	1633.0	4646.7
29367	1384.8	1616.9	4626.3
20860	1385.1	1623.2	4633.3
20017	1390.5	1653.0	4745.2
9320	1384.3	1618.0	4607.6
10999	1387.2	1651.2	4674.3
4150	1382.7	1611.2	4563.5
29257	1386.9	1649.1	4670.5
14009	1388.5	1647.2	4715.5
19261	1386.6	1640.4	4662.7
5371	1383.9	1622.9	4620.8
9248	1387.7	1655.2	4669.0
8844	1386.6	1654.7	4652.6
17867	1380.6	1603.4	4498.9
22979	1384.8	1658.7	4619.8
19696	1385.4	1617.7	4645.8
24913	1386.9	1660.2	4669.8
21405	1383.4	1607.7	4579.4
23737	1378.6	1573.9	4470.6
38736	1383.9	1618.4	4590.2
18863	1386.4	1613.9	4649.3
23872	1384.7	1633.7	4607.5
17163	1387.1	1646.0	4671.3
37289	1389.0	1669.1	4724.6
38069	1381.8	1571.5	4558.4
19387	1381.5	1610.9	4536.0
31817	1387.7	1635.8	4686.8
9925	1384.5	1659.9	4595.1
27946	1379.1	1601.3	4472.1
5588	1384.5	1647.4	4624.2
11284	1379.7	1575.6	4499.7
24670	1384.3	1610.5	4637.8
15899	1386.3	1656.1	4647.9
16865	1381.0	1593.1	4543.9
21363	1386.0	1625.0	4657.2
25088	1387.6	1672.7	4714.3
24980	1391.5	1687.5	4781.3
9703	1387.6	1668.0	4680.9
32101	1383.7	1613.6	4616.4
25115	1380.7	1590.1	4524.0
4971	1389.5	1684.7	4713.7
29761	1380.6	1589.6	4534.0
23736	1384.0	1649.5	4606.1
7984	1387.0	1675.7	4704.7
24411	1387.4	1633.6	4703.8
14041	1385.8	1633.2	4621.3
19972	1389.0	1663.7	4714.8
13790	1386.1	1619.7	4641.5
84	1385.3	1635.3	4616.6
17114	1383.5	1612.4	4600.0
7562	1386.9	1624.7	4699.2
38251	1383.5	1607.6	4582.7
38798	1384.5	1631.9	4610.3
25582	1383.6	1609.5	4590.9
17792	1393.7	1708.6	4821.5
39199	1379.2	1581.7	4492.7
19284	1385.6	1628.4	4626.3
35926	1384.4	1582.3	4610.1
26756	1385.2	1627.7	4650.6
13068	1379.7	1591.5	4515.9
16046	1389.8	1656.8	4726.9
39702	1383.8	1612.7	4594.2
11016	1380.3	1588.8	4517.3
34937	1381.8	1596.7	4547.3
4355	1382.8	1597.4	4563.3
20869	1387.2	1636.6	4676.0
32207	1386.3	1624.6	4668.6
1178	1383.4	1623.6	4591.1
37063	1376.5	1568.7	4420.9
27470	1379.6	1597.6	4474.4
11697	1383.5	1625.1	4593.5
19835	1386.8	1635.5	4661.4
19890	1381.3	1616.2	4545.1
1333	1385.9	1630.8	4663.3
10523	1388.9	1666.2	4724.1
23863	1382.8	1597.1	4565.5
12799	1385.0	1599.0	4653.7
13304	1386.9	1627.1	4688.5
16276	1386.9	1655.5	4661.8
9151	1384.7	1627.6	4621.3
12850	1385.3	1629.9	4628.1
10379	1384.0	1620.6	4603.4
33440	1385.7	1630.3	4619.6
14157	1384.7	1644.3	4615.7
3186	1383.5	1608.3	4566.6
25617	1383.7	1591.1	4584.9
30784	1384.5	1638.2	4611.7
6492	1379.9	1585.4	4485.6
20802	1392.3	1695.8	4799.1
29682	1382.0	1606.4	4556.2
20870	1386.4	1659.4	4667.2
33621	1383.2	1602.0	4557.2
28668	1383.1	1616.2	4560.9
3613	1379.5	1589.9	4486.6
35683	1388.1	1651.1	4713.1
37774	1386.3	1645.9	4644.5
23013	1383.9	1616.4	4599.4
20416	1387.2	1650.2	4682.9
16000	1386.4	1657.3	4629.9
22466	1391.2	1680.6	4782.2
37279	1380.5	1590.5	4515.6
30074	1387.0	1627.2	4686.8
4147	1382.2	1621.4	4562.1
33712	1382.7	1600.6	4580.5
21194	1388.0	1661.6	4713.9
31234	1378.8	1578.7	4473.8
15089	1387.5	1646.8	4670.2
13782	1375.6	1535.4	4394.5
25160	1381.4	1580.1	4530.8
4595	1388.5	1631.4	4693.4
10090	1383.2	1591.2	4567.2
14949	1384.1	1607.7	4597.1
2636	1383.2	1614.2	4585.1
29972	1380.5	1578.8	4514.6
13262	1389.5	1645.7	4753.3
26423	1385.8	1606.7	4649.8
7410	1385.7	1618.0	4654.0
10932	1386.1	1656.5	4629.2
27637	1386.0	1648.7	4651.3
30624	1378.5	1569.7	4469.3
13005	1385.1	1644.3	4610.9
1490	1383.1	1626.8	4573.7
12365	1388.2	1662.7	4717.7
20798	1392.0	1686.8	4808.5
16206	1379.2	1588.3	4481.0
16769	1378.6	1552.8	4477.1
5503	1380.4	1591.4	4508.1
38012	1384.3	1623.6	4597.7
27422	1385.2	1632.3	4633.8
20062	1388.9	1686.5	4717.9
15727	1383.8	1624.7	4600.9
26723	1383.9	1630.8	4602.7
31645	1384.5	1620.3	4622.5
820	1386.8	1637.1	4678.2
27803	1384.8	1637.9	4602.6
39477	1388.9	1622.8	4727.1
16770	1391.3	1684.1	4786.9
24958	1385.4	1632.1	4628.2
37581	1388.1	1652.7	4692.0
36185	1383.9	1615.3	4609.5
3280	1387.1	1648.1	4671.0
13735	1383.7	1599.1	4586.5
76	1383.4	1635.8	4581.5
35999	1379.0	1570.6	4473.6
14117	1375.6	1527.9	4404.9
31087	1385.0	1612.1	4656.6
1501	1377.1	1551.2	4432.9
23122	1381.9	1599.2	4551.8
10856	1383.6	1622.9	4568.9
7438	1388.3	1642.2	4696.8
1265	1384.4	1655.5	4636.1
37371	1384.1	1601.7	4597.6
6954	1391.5	1652.1	4807.5
28677	1381.9	1610.1	4529.4
24246	1388.6	1654.7	4715.3
2097	1386.9	1653.2	4656.3
34108	1383.7	1589.2	4587.7
11392	1383.2	1622.8	4573.8
32410	1387.5	1663.9	4658.9
13675	1388.5	1679.7	4701.4
2751	1384.9	1644.5	4624.9
19074	1389.0	1676.9	4716.0
8016	1385.5	1648.1	4616.0
19313	1390.3	1666.6	4737.3
340	1388.9	1662.5	4716.4
29408	1381.6	1587.8	4557.1
1482	1383.4	1607.6	4576.3
24970	1384.6	1625.1	4614.1
37699	1388.4	1648.0	4705.3
26114	1383.8	1624.1	4603.1
33799	1389.8	1667.7	4719.0
29119	1390.0	1691.9	4715.8
36135	1391.2	1682.8	4762.1
33367	1382.3	1585.4	4598.2
15721	1389.9	1664.3	4737.6
23501	1388.7	1674.6	4692.4
14409	1384.1	1627.7	4599.7
1045	1387.0	1679.3	4676.5
24675	1383.2	1625.8	4594.1
2015	1376.4	1549.3	4437.8
6049	1384.5	1616.8	4617.5
30163	1378.2	1564.5	4479.9
35596	1387.8	1648.9	4700.4
7137	1383.9	1641.9	4590.1
33493	1391.8	1697.4	4764.3
35593	1383.7	1617.6	4604.4
8038	1384.5	1612.5	4610.5
20044	1390.3	1683.6	4739.5
31075	1381.7	1597.2	4536.9
7342	1386.8	1649.6	4680.7
11050	1379.9	1573.4	4512.4
27944	1386.7	1652.7	4664.2
8958	1384.9	1628.1	4634.7
29986	1383.7	1618.4	4581.3
13191	1386.2	1658.7	4643.2
24442	1390.2	1661.7	4760.1
17288	1390.8	1646.9	4753.3
16398	1386.2	1640.8	4675.6
16982	1381.7	1609.5	4548.0
15024	1387.7	1662.3	4684.2
3659	1384.0	1668.6	4593.2
35124	1380.4	1569.4	4541.5
18524	1382.1	1620.0	4549.2
17025	1390.9	1679.0	4787.0
10485	1386.2	1650.1	4646.0
11036	1384.0	1617.6	4595.2
22660	1390.6	1650.3	4756.3
5260	1386.1	1671.1	4655.7
29073	1380.3	1585.9	4505.0
10357	1381.7	1623.2	4540.4
723	1385.7	1633.6	4632.1
32584	1391.6	1694.4	4793.0
1221	1385.3	1658.4	4627.3
13348	1383.3	1616.6	4575.4
13334	1382.2	1601.1	4578.8
10796	1379.9	1583.6	4509.3
29350	1384.6	1644.5	4629.0
21020	1384.3	1625.9	4622.0
37884	1384.3	1640.0	4604.4
37506	1387.5	1655.4	4692.6
29983	1381.6	1587.5	4558.3
2420	1383.7	1620.5	4598.1
959	1388.0	1648.8	4698.5
28768	1379.5	1568.7	4498.4
20654	1384.6	1632.9	4578.7
35081	1382.1	1572.8	4539.7
10907	1382.9	1611.3	4559.7
20428	1387.0	1650.7	4676.7
14156	1384.9	1642.1	4634.6
7759	1378.6	1574.0	4459.3
18743	1382.7	1606.2	4581.2
8506	1380.2	1574.7	4512.9
37686	1382.7	1607.4	4558.4
24669	1382.2	1603.6	4553.8
10291	1381.3	1587.3	4520.5
2729	1390.5	1704.3	4759.1
21352	1384.4	1635.5	4610.3
19120	1386.4	1657.9	4631.5
10958	1388.3	1625.4	4704.9
11401	1379.4	1569.2	4488.9
23744	1382.4	1615.9	4541.1
29553	1386.8	1634.8	4669.2
35053	1389.8	1654.0	4763.5
25278	1378.1	1564.9	4469.0
26604	1389.2	1645.0	4700.5
32787	1383.4	1616.2	4587.4
21032	1389.4	1644.8	4713.8
12854	1382.5	1610.6	4575.7
31727	1390.7	1652.3	4749.8
549	1388.6	1669.4	4703.6
18774	1388.7	1670.0	4707.5
34990	1385.6	1651.6	4645.2
8684	1383.9	1631.7	4585.8
5172	1386.6	1663.5	4681.9
22194	1383.8	1609.6	4572.4
20129	1391.1	1702.2	4775.8
35854	1385.9	1608.6	4647.0
20871	1385.8	1635.2	4646.7
33759	1384.6	1610.3	4606.9
37323	1383.7	1593.9	4585.2
23764	1386.0	1635.8	4646.8
28600	1388.6	1670.0	4706.3
10524	1382.9	1624.8	4576.3
3129	1378.1	1558.9	4457.6
38149	1388.1	1656.0	4683.6
28353	1385.7	1623.5	4646.7
31103	1386.2	1670.3	4647.8
17208	1380.6	1590.8	4523.0
25701	1386.0	1638.5	4657.7
20162	1387.9	1656.7	4707.5
28033	1382.5	1617.0	4584.6
17203	1384.9	1631.5	4653.1
5306	1382.1	1621.5	4532.2
27668	1384.3	1617.6	4622.6
32046	1381.8	1604.1	4579.2
8215	1380.9	1612.7	4528.0
34488	1391.7	1671.2	4766.4
24557	1385.3	1628.3	4614.3
30200	1385.5	1652.9	4616.6
34	1381.7	1588.0	4562.2
13517	1380.3	1574.9	4505.1
2186	1383.8	1630.0	4591.1
16338	1385.0	1607.7	4619.3
33363	1380.7	1576.8	4536.8
29453	1390.6	1673.1	4767.3
9210	1384.2	1615.8	4601.5
37015	1383.6	1613.0	4597.2
24420	1384.9	1624.5	4614.6
6331	1381.1	1574.3	4522.5
39203	1384.7	1615.5	4632.3
35011	1387.8	1673.7	4706.8
2404	1389.7	1661.7	4715.6
1268	1379.1	1610.7	4476.6
14280	1387.4	1667.9	4686.5
38117	1382.8	1608.4	4572.9
32483	1383.4	1593.6	4577.9
19794	1385.5	1638.8	4623.7
19716	1380.6	1585.6	4517.9
31594	1379.6	1575.4	4490.5
39013	1385.4	1592.3	4644.4
12889	1374.5	1541.2	4378.9
29939	1382.9	1597.3	4575.0
14241	1378.0	1564.4	4460.3
24458	1383.1	1595.9	4574.4
21804	1391.2	1702.1	4754.8
23817	1384.0	1624.2	4595.2
14480	1382.9	1604.4	4563.3
15973	1391.2	1704.9	4777.2
32072	1378.1	1577.4	4460.8
24156	1382.7	1625.9	4566.4
27952	1386.6	1635.2	4662.7
403	1389.8	1671.1	4759.2
33276	1384.2	1617.0	4613.5
36179	1379.5	1584.4	4484.0
25017	1389.6	1643.5	4721.2
9070	1381.5	1589.9	4541.6
15667	1384.5	1615.5	4593.3
30064	1385.0	1623.4	4618.2
14982	1386.8	1669.9	4689.4
17164	1380.8	1602.5	4523.6
21765	1385.5	1613.1	4655.4
18185	1383.5	1586.5	4614.1
2361	1387.7	1659.3	4698.6
8554	1384.5	1610.5	4604.4
21913	1389.2	1688.8	4722.9
4525	1382.1	1623.3	4562.4
4384	1382.4	1592.4	4564.0
14758	1390.8	1685.0	4756.9
36758	1385.6	1645.6	4644.1
12891	1385.0	1629.2	4624.8
10609	1384.2	1607.0	4620.2
36701	1383.9	1617.2	4597.9
38018	1386.1	1624.3	4630.2
13182	1383.5	1601.1	4590.4
20576	1378.3	1569.1	4467.8
13846	1386.1	1632.3	4666.3
