41103	1804.4	2029.3	13041.1
52424	1805.6	2033.6	13178.1
89675	1800.9	2000.2	13091.0
84021	1809.2	2024.1	13175.0
51657	1825.7	2097.0	13841.3
5929	1832.7	2100.9	13533.3
73387	1807.2	2014.0	12948.5
50268	1825.5	2089.4	13625.0
8162	1815.1	2021.4	13117.6
8141	1820.1	2126.3	13630.9
68704	1818.4	2024.2	13366.7
22304	1822.3	2048.7	13464.4
81800	1846.5	2096.3	13881.5
11689	1812.4	2089.5	13358.1
25668	1815.0	2052.1	13655.3
44659	1821.6	2111.3	13922.4
37396	1829.0	2052.9	13736.2
18791	1802.1	2029.7	13368.2
4699	1818.3	2073.6	13296.2
51528	1821.5	2101.1	13501.0
32536	1816.7	2063.0	13708.6
88618	1816.4	2027.2	13391.6
49074	1794.0	2016.6	12824.4
68275	1819.9	2050.6	13322.8
62312	1811.7	2019.5	13194.6
28501	1805.9	2022.4	12926.7
60984	1826.5	2066.0	13393.1
19509	1820.9	2065.5	13658.1
65582	1804.2	1998.2	12903.8
63238	1819.8	2097.0	13512.2
25345	1801.7	2019.4	12875.0
4511	1830.2	2065.7	13400.4
32695	1808.0	2085.9	13665.0
52072	1812.7	2054.3	13474.6
50218	1818.6	2044.5	13456.3
88	1805.9	2013.7	13148.9
603	1816.0	2095.4	13631.7
42672	1820.4	2057.5	13618.5
25850	1811.7	2036.0	13178.2
26737	1804.0	1998.7	13004.2
49694	1814.0	1995.6	12941.6
39090	1805.5	1986.0	12762.2
32687	1799.5	2003.0	12806.3
65144	1816.0	2011.9	13032.0
29804	1825.7	2051.3	13743.7
80767	1822.6	2043.7	13584.3
63991	1810.7	2014.8	13146.1
64202	1820.5	2005.3	13140.5
78370	1820.4	2029.5	13499.0
55040	1811.5	2014.1	13022.1
56549	1803.7	2082.6	13212.5
83271	1825.7	2031.5	13925.4
76316	1827.1	2060.2	13478.6
68812	1823.5	2056.4	13384.3
89024	1839.7	2106.9	13920.2
19846	1810.7	2043.1	13343.4
47638	1824.8	2048.2	13414.6
89557	1823.3	2054.1	13551.9
54379	1820.1	2042.7	13721.1
87086	1829.5	2074.1	13680.6
80680	1828.5	2057.8	13350.1
85739	1803.6	2007.4	13391.0
59907	1808.4	2113.2	13470.8
6013	1829.2	2066.4	13456.4
33858	1815.8	2095.7	13513.3
43453	1810.0	2016.9	13026.2
75857	1813.1	1999.3	13101.0
46356	1824.5	2029.2	13317.7
22167	1831.7	2123.3	13726.3
86229	1817.5	2059.6	13169.6
7500	1802.2	2032.6	12864.5
76828	1820.6	2044.3	13329.2
12709	1806.6	2062.2	13324.8
23416	1831.5	2150.2	14566.6
81552	1822.4	2030.7	13292.1
45247	1812.0	2044.8	13156.4
63247	1820.4	2017.6	13242.9
76409	1806.0	1953.7	12785.0
64481	1819.5	2085.5	13703.6
20700	1810.9	2011.3	13004.6
1621	1820.6	2070.2	13206.9
16235	1812.0	2021.4	13121.4
9402	1824.8	2101.2	13488.2
34646	1818.3	2033.6	13084.7
68144	1817.8	2096.9	13543.4
87644	1815.2	2041.1	13416.3
56067	1827.5	2058.4	13533.2
714	1815.6	2032.9	13048.3
49738	1833.1	2028.2	13619.1
78180	1796.5	2023.6	12906.9
74202	1840.1	2119.9	14210.3
54096	1828.9	2067.3	13668.3
85594	1812.2	2032.9	13375.1
66007	1806.9	2034.8	13043.3
3565	1785.2	1971.9	12611.8
10810	1825.6	2136.4	13957.7
40355	1819.0	2054.6	13323.5
48658	1822.8	2047.9	13258.6
63636	1831.3	2080.6	13483.2
3859	1819.4	2051.5	13327.5
6155	1810.7	2041.5	13232.7
67018	1828.8	2044.9	13710.1
82502	1811.6	2015.4	13236.3
75496	1816.1	2029.0	13317.5
59024	1816.1	2088.2	13666.3
25301	1811.7	2027.2	13029.6
28243	1812.2	2026.0	13328.0
67492	1813.8	2037.2	13302.9
51817	1826.1	2102.5	13534.9
44095	1810.6	2040.3	13117.2
35544	1810.3	2072.6	13239.5
15436	1819.2	2054.8	13301.3
6269	1808.7	2074.5	13326.1
56071	1823.1	2127.3	13756.6
8791	1833.4	2067.6	13758.8
30376	1793.6	2037.3	12896.0
33750	1822.1	2060.6	13528.1
4659	1825.4	2101.6	13366.0
57989	1815.8	2018.4	13327.9
78730	1809.2	2023.7	13360.1
39661	1812.2	2027.0	13256.4
27814	1820.6	2116.1	13818.0
72062	1831.1	2056.8	13608.2
57625	1818.9	2046.5	13306.9
1442	1825.3	2046.7	13354.3
22381	1828.6	2074.1	13676.1
18390	1813.0	2033.0	13174.6
27102	1822.9	2041.9	13257.7
74731	1816.4	2008.7	13242.9
73020	1822.2	2099.9	13658.9
37414	1827.1	2071.2	13418.2
53461	1820.9	2049.7	13646.9
56166	1819.4	2081.1	13408.0
76184	1817.5	2054.7	13335.7
33529	1834.6	2124.2	13751.0
28531	1809.4	2011.6	13043.7
86447	1805.1	2010.6	12958.2
7630	1836.0	2102.2	13805.8
22268	1826.1	2065.0	13535.6
30675	1813.4	2058.1	13285.5
66039	1847.3	2149.2	14195.7
35072	1818.7	2068.2	13464.1
55508	1822.3	2080.5	13532.5
76463	1807.5	1992.0	13087.5
23238	1821.8	2127.3	13628.7
19244	1812.8	2001.5	13066.8
81957	1809.8	2027.7	13238.8
17972	1814.8	2100.2	13366.8
74016	1792.8	2007.9	12902.0
22199	1813.3	2034.7	13132.9
23209	1815.1	2042.7	13339.5
42258	1797.1	2002.2	12750.5
22256	1815.6	2017.8	12915.8
69676	1820.6	2052.6	13431.4
10363	1810.1	2031.5	13286.9
37573	1824.8	2134.5	13581.0
48099	1816.1	2043.4	13484.2
54400	1793.5	1985.1	12643.8
3705	1811.7	2015.0	13000.9
33204	1815.0	2092.8	13413.1
85818	1815.0	2057.6	13190.3
53988	1820.5	2088.1	13729.6
80048	1823.0	2047.6	13551.1
45572	1807.8	2071.0	13237.1
8779	1807.7	1988.9	13005.3
55459	1806.5	1991.3	13192.4
86315	1823.1	2017.6	13715.4
56922	1809.0	2051.4	13278.8
51557	1809.1	2042.5	13221.2
80109	1816.1	2086.7	13461.6
32594	1822.8	2036.2	13325.3
14594	1808.9	1992.1	12902.5
76221	1813.5	2039.7	13526.1
24407	1817.5	2034.4	13213.1
13919	1812.6	2037.2	13157.8
16323	1809.9	2050.7	13365.0
51127	1813.1	2033.1	13586.2
80730	1807.1	2031.2	13157.3
6527	1820.2	2050.7	13618.8
40162	1826.1	2087.4	13775.3
34021	1812.3	2036.6	13260.6
47672	1831.7	2108.9	14438.2
38626	1822.7	2071.8	13487.2
57706	1811.5	2020.6	13018.4
1591	1823.4	2087.6	13279.7
47477	1816.6	2129.4	14947.2
12454	1821.7	2098.1	13870.3
76990	1819.5	2013.8	13359.8
21688	1818.0	2028.8	13164.3
71379	1817.6	2040.5	13124.8
1580	1807.9	2083.2	13568.0
40144	1814.6	2086.7	13572.0
63818	1818.2	2028.5	13244.8
68656	1813.8	2011.1	13326.7
57605	1813.3	2016.3	13108.5
84429	1825.0	2042.2	13406.5
27234	1819.7	2040.6	13352.2
31638	1818.9	2047.7	13583.2
17246	1821.5	2036.8	13111.2
50899	1818.8	2021.0	13367.1
30629	1826.5	2077.8	13554.3
37373	1810.1	1983.3	13250.1
85732	1803.7	2031.4	12967.3
50810	1832.7	2101.6	13760.8
63187	1820.1	2077.2	13544.7
31879	1818.3	1999.1	13064.1
70027	1818.3	2072.2	13616.7
80411	1814.7	2061.1	13648.1
78711	1823.7	2026.8	13273.4
15816	1819.8	2055.4	13307.4
24682	1818.8	2051.1	13157.0
71563	1813.5	2088.9	13401.6
1691	1804.7	2027.9	12894.4
44902	1804.7	2042.8	13030.0
38773	1820.7	2086.4	13406.5
58963	1825.7	2076.9	13444.8
68814	1802.2	2020.9	12959.2
181	1812.0	2037.6	13169.5
50580	1812.8	2036.7	13099.1
26403	1821.6	2052.5	13514.2
36422	1825.7	2011.3	13394.1
57052	1815.8	2035.6	13648.7
62541	1807.0	2025.0	13625.4
39316	1817.7	2055.1	13590.1
50236	1825.9	2016.3	13214.0
85658	1805.7	2061.5	13012.2
3296	1819.8	2089.9	13646.2
33350	1830.6	2086.4	13621.9
18099	1838.7	2073.8	14040.2
83197	1808.3	2018.5	13477.0
73074	1813.6	2021.3	13610.6
28440	1821.2	2069.5	13483.7
44116	1818.3	2080.7	13484.5
31396	1804.0	2038.3	13095.8
85862	1821.5	2013.9	13543.4
65343	1812.3	2005.6	12987.1
4440	1822.8	2042.9	13721.3
42106	1822.0	2077.5	13695.3
62007	1817.9	2021.6	13213.4
84334	1818.9	2001.3	13413.6
70945	1835.5	2078.7	13550.6
23117	1812.4	2062.7	13566.4
66115	1819.9	2020.6	13390.6
37341	1807.5	2037.1	13161.7
22824	1820.0	2080.7	13581.7
1009	1830.7	2084.7	13560.3
67302	1805.6	2026.4	13216.8
75464	1806.9	1971.8	12950.3
9798	1811.6	2027.5	13303.7
58777	1830.9	2098.7	13640.5
85226	1817.3	2070.6	13328.0
37676	1824.8	2104.4	13416.8
37593	1823.1	2064.3	13541.1
43241	1806.4	1996.2	12938.0
6857	1821.9	2112.1	13997.2
6094	1817.7	2071.4	13652.8
18694	1815.6	2061.7	13190.0
85631	1824.1	2081.3	13511.2
55921	1816.9	2033.5	13394.9
46496	1794.7	2016.0	12926.8
10268	1822.7	2071.0	13619.4
9604	1822.3	2073.9	13241.4
24970	1818.6	2091.9	13363.1
38379	1816.8	2024.2	13767.5
89850	1809.7	2020.9	13592.5
34743	1810.3	2019.0	13250.6
15671	1809.4	2070.2	13239.7
24008	1804.5	2061.8	13105.2
43357	1817.5	2055.6	13418.5
74112	1814.6	2029.1	13427.3
47499	1813.0	2056.0	13307.8
84634	1829.4	2106.0	13944.6
6452	1812.5	2039.8	13285.3
85981	1817.9	2024.7	13328.6
24030	1812.4	2101.1	13706.3
84433	1823.6	2089.9	13726.2
18595	1841.3	2114.0	13781.4
74685	1816.8	2037.2	13613.8
11194	1800.5	2037.9	13084.9
52242	1820.6	2075.5	13515.1
53094	1814.5	2036.8	13435.1
203	1824.4	2053.1	13426.8
242	1822.1	2033.4	13162.4
47167	1817.1	2032.0	13357.2
76888	1817.0	2040.1	13201.6
66212	1817.0	2009.2	13118.2
52740	1825.0	2066.7	13553.3
11016	1804.5	2039.9	12914.5
63770	1817.3	2047.8	13314.3
78329	1837.5	2109.4	14336.0
4339	1809.4	1983.7	13023.9
49555	1813.5	2027.4	13326.1
26927	1825.4	2078.0	13524.0
41565	1815.8	2039.6	13489.3
29958	1819.5	2081.9	13429.8
56691	1794.6	2035.5	13055.4
51675	1826.9	2059.5	13520.6
39748	1808.3	2028.4	13294.2
33717	1822.0	2064.3	13417.4
40916	1809.1	2056.4	13141.0
80604	1810.8	2047.7	13555.1
51370	1813.5	2014.2	13613.0
49278	1809.5	2031.1	13356.5
48958	1808.2	2037.6	13032.3
28952	1812.7	1992.9	13329.8
65577	1817.5	2037.7	13311.9
56796	1825.2	1987.5	13484.8
29349	1809.5	2055.7	13201.4
57262	1823.8	2039.3	13739.4
8774	1823.6	2061.9	13291.1
77133	1832.1	2069.0	13804.7
33462	1814.8	2103.4	13693.9
8044	1810.7	2060.3	13459.9
52700	1818.8	2038.5	13214.2
13168	1820.1	2040.2	13164.3
48362	1820.9	2108.4	13610.6
65567	1824.8	2097.4	13661.3
41048	1823.8	2103.0	13923.9
30118	1817.5	2012.0	13341.7
2745	1825.5	2088.3	13605.6
42403	1807.4	2013.5	13266.6
3236	1825.9	2081.5	13793.8
14731	1812.3	2012.0	13349.2
33492	1810.8	2066.7	12986.0
14979	1819.6	2043.2	13158.3
57238	1819.2	2020.1	13482.2
1362	1829.8	2069.2	13476.8
71985	1812.4	2053.3	13350.7
65430	1818.5	2066.1	13616.4
56678	1824.6	2088.4	13633.5
22914	1809.0	2071.9	13961.0
66448	1834.7	2084.1	13745.0
46133	1819.0	2018.6	13449.5
55122	1815.3	2087.5	13440.4
68396	1810.3	2041.9	13081.0
13329	1815.9	2034.9	13320.4
52254	1823.8	2050.4	13433.1
65364	1800.9	1991.2	12932.4
78322	1806.4	2022.5	13190.6
554	1808.2	2034.1	13254.2
81810	1827.2	2120.4	13783.6
1145	1818.1	2102.1	13416.9
77633	1822.3	1982.8	13264.2
49690	1824.3	2068.5	13615.2
67394	1823.7	2052.0	13341.5
12852	1820.4	2077.6	13437.1
81191	1812.3	2005.2	13554.0
53397	1829.7	2136.6	13732.9
37470	1820.4	2053.6	13308.0
75217	1825.4	2049.7	13404.4
62216	1832.0	2100.7	14486.1
69661	1813.3	2044.1	13328.2
38013	1822.3	2112.2	14280.4
70044	1829.0	2053.7	13719.2
71334	1822.9	2054.1	13230.4
39213	1827.4	2050.6	13589.3
81854	1816.5	2058.7	13373.7
81869	1799.4	1996.4	13231.9
20848	1819.8	2071.1	13435.3
48975	1820.2	2085.1	13690.7
29757	1840.9	2146.9	14661.1
28223	1820.2	2061.4	13210.7
82120	1818.5	2024.3	13829.3
63633	1809.7	2008.7	13436.9
44725	1823.1	2120.4	13498.7
2278	1814.2	2080.4	13605.2
31034	1829.9	2059.9	14796.0
46305	1806.7	2047.7	13237.9
38665	1816.0	2054.4	13195.8
19507	1820.8	2076.3	13400.1
22806	1820.2	2052.4	13268.0
75977	1822.7	2091.6	13713.6
77766	1809.7	1965.1	13009.6
81118	1818.5	2045.0	13347.1
18777	1816.6	2033.6	13387.5
18067	1813.5	2113.4	13205.2
59015	1796.0	2046.6	13181.1
84793	1834.1	2099.4	13843.9
72998	1824.7	2064.4	13643.5
71598	1819.8	2058.7	13699.4
77913	1814.0	2011.8	12975.2
1067	1818.2	2062.5	13467.6
36908	1811.5	2075.7	13431.4
42154	1813.7	2079.1	13564.4
3766	1811.7	2023.8	13016.7
78395	1795.8	2011.7	12861.1
19887	1806.7	2046.5	13087.1
49357	1824.2	2069.1	13825.9
56664	1812.0	2023.5	13422.1
86320	1827.8	2077.5	13732.6
62170	1806.2	1971.0	12828.0
58952	1811.4	2015.7	13001.3
70745	1818.4	2024.4	13387.5
11099	1830.7	2059.3	14285.3
3649	1819.1	2096.1	13383.6
84057	1830.3	2085.1	13913.5
27224	1805.5	2033.4	13145.4
79633	1830.3	2046.4	13637.2
40957	1799.7	1988.4	12980.1
66639	1817.7	2060.9	13258.5
67204	1824.9	2091.3	13818.9
15171	1819.1	2103.8	13580.8
70579	1841.7	2129.7	13908.1
15897	1811.5	2028.8	13190.7
63688	1820.4	2082.5	13599.5
48750	1818.4	2020.3	13322.0
13769	1830.9	2093.8	13473.1
79379	1805.1	2029.2	13498.8
86946	1814.1	2035.6	13470.5
45019	1815.8	2057.4	13531.8
14032	1818.0	2050.1	13307.1
15361	1824.8	2051.2	13284.7
13366	1806.0	2065.4	13030.3
85043	1819.7	2040.7	13322.1
72428	1818.0	2087.5	13470.8
6635	1819.2	2061.1	13570.5
74670	1825.3	2065.9	13610.4
74945	1821.8	2034.0	14005.0
23852	1818.6	2060.0	13553.2
62300	1815.8	2051.0	13279.9
86615	1815.4	2030.3	13223.5
247	1818.4	2038.3	13281.8
41960	1827.3	2075.9	13557.6
66437	1825.3	2098.7	13816.9
17288	1814.1	2061.5	13378.9
30580	1820.8	2029.8	13158.9
21637	1808.0	2008.0	13011.0
89108	1814.5	2021.4	13326.2
28703	1808.0	2021.4	13335.5
64365	1829.5	2054.7	13429.9
26811	1814.5	2064.6	13452.8
32648	1815.2	2043.6	13481.0
42416	1822.4	2080.4	13920.9
88605	1826.2	2097.0	13504.0
37955	1806.6	2062.9	13441.1
57007	1808.7	1992.7	13082.5
48365	1823.4	2063.5	13259.4
74607	1805.5	2014.4	13046.4
49352	1829.0	2055.2	13819.5
50807	1819.6	2084.6	13581.5
39637	1829.9	2105.6	13938.5
22902	1831.8	2070.4	13589.9
31683	1801.6	2061.7	13130.9
29093	1820.5	2068.4	13325.9
73745	1815.2	2044.8	13383.2
51937	1821.3	2056.2	13589.3
24613	1829.8	2132.5	13940.8
60226	1816.8	2003.6	13170.6
55472	1809.3	2034.1	13202.8
6338	1807.6	2051.3	13016.3
70821	1819.2	2069.4	13438.3
20755	1827.3	2069.5	13606.0
11898	1810.8	2041.4	13250.8
61945	1823.1	2104.4	13445.9
79891	1813.2	2017.9	13189.5
9914	1827.4	2089.6	13502.2
4677	1819.2	2087.1	13613.7
86172	1829.7	2018.4	13293.3
18204	1816.2	2046.9	13337.2
34290	1814.3	2080.7	13819.7
84534	1821.0	1997.3	13243.3
74048	1818.8	2083.5	13541.9
46349	1817.5	2046.0	13483.8
53449	1820.2	2090.3	13389.9
88795	1809.4	2047.5	13231.2
87396	1809.8	1992.7	12984.8
11340	1801.4	2019.9	12857.8
36332	1825.7	2085.7	13476.0
13854	1809.8	2076.2	13288.5
27489	1794.9	2038.7	12887.6
32925	1814.7	1977.7	13062.5
73540	1819.4	2077.8	13686.5
78427	1830.9	2070.1	13687.9
29517	1816.1	2038.9	13290.8
45194	1813.7	2078.3	13354.3
8138	1822.2	2104.2	13481.7
50163	1808.2	1997.7	13031.6
68403	1808.8	2027.7	13342.9
20351	1816.5	2041.7	13335.1
52995	1825.3	2060.4	13406.8
68495	1808.6	2036.9	13192.9
55407	1821.1	2058.0	13387.5
73362	1813.3	2018.6	13041.7
6305	1830.6	2040.3	13379.1
85253	1809.7	2059.2	13826.2
32575	1819.5	2056.2	13499.7
65015	1806.7	2035.6	12893.6
61420	1812.6	2026.6	13230.0
85295	1800.7	1994.4	13092.9
26652	1814.5	2083.3	13234.4
1317	1820.5	2061.0	13408.4
77729	1812.5	2043.6	13524.5
40248	1813.5	2046.9	13246.4
10338	1810.3	2011.3	13068.6
27782	1812.2	2054.4	13237.0
43807	1837.6	2075.5	13705.2
32905	1816.9	2046.4	13277.5
46412	1814.2	2049.5	13293.8
40535	1809.2	2042.5	13045.3
13853	1832.3	2072.3	13715.6
62050	1812.3	2037.1	13248.9
29334	1814.5	2082.9	13258.1
894	1813.5	2051.1	13336.2
88773	1825.0	2091.7	13627.1
64300	1806.1	2028.6	13159.5
87934	1816.3	2021.0	13076.1
82612	1811.6	1992.6	13320.5
38394	1815.6	2024.3	13197.6
6163	1811.2	2032.3	13019.0
19235	1812.8	2076.4	13517.9
42835	1814.7	2044.7	12940.1
29112	1813.9	2021.5	13192.1
32486	1820.8	2092.1	13438.7
6115	1819.2	2055.4	13262.7
82577	1810.4	2006.4	13087.9
21803	1820.3	2116.8	13641.0
5565	1818.4	2069.7	13495.2
337	1822.0	2090.2	13642.9
54099	1818.1	2047.9	13379.2
50467	1819.3	2096.2	13361.5
18594	1820.0	2076.6	13285.2
65428	1837.3	2124.3	13804.4
60300	1818.9	2026.4	13130.4
82241	1786.8	2035.2	12761.1
25024	1809.5	2027.6	13041.1
74967	1815.0	2075.2	13561.1
72666	1797.8	1990.1	12870.6
87283	1819.9	2076.5	13526.2
73938	1811.9	2036.8	13249.3
3396	1820.7	2055.0	13478.4
32912	1818.1	2055.8	13504.7
823	1816.9	2124.4	14101.3
10053	1825.4	2093.5	13537.1
56345	1801.9	1997.9	12938.1
39075	1795.2	1984.7	12723.4
15540	1826.6	2015.3	13296.0
59441	1832.0	2101.8	13858.4
44068	1811.2	2081.0	13407.3
55758	1811.6	2051.1	13244.4
57243	1810.5	1988.7	13010.5
15453	1816.1	2013.3	13163.8
78597	1820.8	2115.8	13704.6
80184	1813.8	2057.1	13378.8
22152	1805.9	2006.2	12912.5
86090	1822.9	2051.3	13560.5
60376	1812.3	2083.6	13265.3
24314	1810.2	2022.5	13030.5
36837	1810.4	2036.1	13390.1
42275	1827.9	2075.9	13477.0
1264	1834.7	2039.5	13542.3
88055	1792.7	1993.5	12781.0
58037	1810.9	2004.2	13009.4
19375	1837.0	2125.6	13860.0
87697	1812.7	1990.2	13085.2
8607	1813.8	2059.7	13191.7
60935	1830.5	2057.2	13491.4
30110	1816.1	2065.9	13447.5
13951	1802.0	2025.8	12943.0
81829	1807.1	2036.3	13287.9
81750	1817.0	2029.4	13430.4
86870	1842.0	2087.4	14078.8
41728	1803.7	2028.9	13160.5
25107	1825.6	2092.4	13547.7
35136	1826.6	2047.3	13476.5
76052	1818.6	2035.6	13217.2
2255	1812.4	2034.2	13178.5
86364	1797.1	1961.9	12673.7
3140	1818.8	2047.6	13554.5
49498	1819.0	2009.7	13285.5
9013	1813.7	2073.7	13285.5
77901	1812.8	2010.6	13040.9
15661	1820.9	2087.9	13749.0
15537	1826.4	2053.5	13350.9
58876	1820.8	2071.0	13198.0
83696	1811.4	2021.4	13078.0
15074	1794.0	1967.6	12739.9
71422	1811.4	2037.7	13200.8
15383	1805.3	2040.8	13480.6
79668	1821.2	2069.0	13444.5
48475	1822.4	2086.9	13514.0
81501	1811.2	2062.3	13443.6
27605	1821.0	2063.4	13488.8
33126	1802.5	2001.7	13060.4
34812	1805.7	2051.4	12992.7
85358	1827.9	2083.5	13577.8
79564	1825.4	2057.6	13566.0
89936	1815.6	2037.7	13351.6
68099	1830.9	2041.2	13834.8
17678	1838.8	2182.2	13697.7
834	1817.3	2098.3	13399.6
11492	1822.1	2042.1	13297.2
37167	1826.3	2104.8	13433.7
25700	1813.9	2051.3	13124.8
68478	1822.8	2089.9	13562.2
15805	1834.6	2070.5	13622.1
27864	1814.3	1987.3	13079.6
68849	1840.8	2121.6	13794.0
34704	1828.1	2099.4	13604.7
77010	1806.8	2027.4	12925.9
35079	1829.4	2095.7	13573.6
77404	1817.8	2051.0	13593.7
67343	1812.3	2012.7	13303.3
38243	1818.4	2086.2	13485.6
83365	1822.3	2049.9	13374.5
24347	1808.7	2059.3	13191.5
20272	1803.7	2058.2	13118.7
60751	1816.8	2054.2	13365.5
22376	1809.9	2027.3	13084.4
65010	1802.2	1992.2	12980.6
76129	1825.4	2085.5	13616.5
73089	1818.6	2063.6	13388.9
51233	1827.6	2096.5	13657.6
44978	1808.9	2031.8	12993.8
73253	1814.0	2018.6	13188.6
12629	1811.0	2056.7	13123.1
3441	1813.8	2044.8	13099.3
50796	1827.1	2055.0	13205.0
70193	1823.1	2095.8	13397.0
29131	1818.8	2091.0	13882.9
49462	1818.5	2001.6	13353.0
32166	1813.8	1987.0	13194.7
11400	1824.1	2036.4	13385.2
76100	1807.4	2055.2	13262.5
41781	1830.4	2074.6	14007.1
858	1810.6	2036.2	12856.6
24726	1812.0	2027.7	13009.6
57641	1812.6	2027.3	13209.3
89113	1807.0	2029.6	13204.8
78219	1823.0	2038.8	13305.3
39470	1812.9	2047.0	13855.2
85327	1816.9	2023.8	13288.5
16661	1805.0	2017.9	13284.0
19340	1823.0	2084.1	13418.0
10929	1814.7	2048.9	13219.0
6905	1808.9	2014.6	13070.1
36920	1801.9	2015.4	12922.2
34073	1820.3	2084.3	13482.4
28152	1805.4	2056.6	13367.0
58368	1818.9	2027.8	13415.2
58602	1809.2	2014.6	12983.8
47549	1808.9	2042.1	13330.7
65184	1823.5	2042.9	13295.7
77964	1809.4	1995.1	12948.2
44873	1818.0	2063.5	13340.4
20547	1825.2	2069.3	13403.7
643	1831.7	2086.3	13591.5
31548	1814.6	2063.0	13292.6
31818	1803.4	2014.5	13143.4
31894	1801.7	2024.3	13161.2
46241	1814.0	2065.9	13753.0
62478	1812.9	2016.8	12988.0
19823	1807.5	2033.6	13168.1
64815	1819.0	1996.2	13622.4
13748	1826.3	2059.3	13581.9
57456	1814.4	2017.7	13105.7
73224	1811.0	2033.7	13573.6
72942	1809.4	2029.5	13208.6
50982	1809.0	1995.8	13045.2
77027	1842.3	2106.2	13853.3
19855	1812.8	2046.0	13061.6
58620	1819.4	2014.6	13330.3
14614	1800.3	2019.6	12829.7
39085	1833.5	2100.2	13648.9
43160	1806.0	2019.0	12967.1
38742	1816.0	2075.2	13358.0
26517	1838.4	2103.6	13687.9
53360	1810.0	2074.7	13369.0
17253	1827.1	2100.4	13747.7
86670	1818.9	2006.8	13446.2
30161	1817.0	2043.1	13340.5
46966	1817.2	2078.7	13657.3
34684	1821.3	2062.8	13462.9
76997	1817.4	2008.9	13124.8
69138	1818.4	2038.9	13311.8
26930	1824.0	2136.2	13766.3
65838	1806.4	2043.6	13290.7
48694	1796.5	1970.8	12616.7
43399	1825.9	2097.8	13620.6
47319	1811.6	2056.2	13309.5
82940	1818.3	2057.4	13095.8
14665	1828.3	2110.6	14252.3
12824	1811.6	2034.7	13025.6
705	1816.9	2069.7	13418.1
7552	1814.0	2077.2	13366.5
20889	1831.0	2044.7	13671.5
45685	1802.7	2026.9	13243.7
32682	1811.5	2053.5	13361.1
6208	1826.7	2092.6	13552.8
5827	1824.3	2080.2	13536.0
65867	1825.1	2096.3	13444.3
83589	1836.8	2072.9	13876.4
32228	1813.2	2028.3	13178.4
19583	1814.8	2093.5	14585.9
78733	1831.1	2092.4	13783.3
53906	1831.6	2090.2	13779.4
21456	1810.7	2045.8	13315.8
11258	1818.3	2097.8	13391.6
12489	1814.3	2038.8	13571.3
61678	1808.7	2044.0	13222.9
45157	1817.7	2055.5	13569.2
70054	1820.6	2051.4	13509.3
81853	1808.7	2042.0	13279.5
51620	1817.0	2077.2	13382.4
50700	1816.5	2025.6	13043.3
16057	1830.5	2055.3	13352.1
5912	1823.1	2057.3	14078.2
11184	1827.1	2093.8	13492.7
41176	1831.5	2083.2	13783.2
80488	1823.4	2055.9	13512.9
65307	1816.3	2056.3	13402.0
50040	1817.9	2020.8	13252.8
31913	1808.1	2065.6	13176.9
64064	1818.8	2014.9	13237.0
19895	1817.2	2050.8	13273.1
60124	1822.4	2037.1	13363.8
69110	1812.4	1997.3	13163.3
41340	1815.8	2092.9	13501.2
18937	1808.2	2001.1	13163.6
70233	1824.0	2052.4	13462.7
76510	1817.2	2045.5	13641.7
59998	1809.9	2054.1	13146.1
58294	1837.6	2077.8	13601.4
296	1812.0	2089.7	13650.2
74751	1804.6	2030.3	13155.1
54816	1824.0	2078.5	13557.7
23902	1816.2	2013.0	13223.5
34545	1827.6	2090.9	13637.6
48831	1819.1	2032.6	13307.8
14960	1807.0	2019.6	12891.3
81530	1807.7	2021.9	13282.4
61708	1822.6	2074.7	13624.3
19927	1816.8	2046.6	13202.6
44533	1827.5	2049.2	13388.8
72650	1821.0	2123.7	13978.6
68199	1819.6	2089.5	13447.2
16402	1824.7	2094.0	13429.5
74952	1814.0	2095.8	13901.6
82078	1807.4	2046.0	13209.0
20819	1822.4	2070.9	13373.3
9751	1818.0	2081.3	13385.7
27461	1824.3	2081.3	13634.8
39625	1815.9	2043.2	13468.4
77578	1822.6	2038.7	14118.2
89100	1823.7	2023.3	14000.8
81831	1821.0	2023.9	13399.3
40785	1820.9	2076.7	13418.1
17055	1824.7	2115.4	13737.0
22374	1825.8	2131.6	13874.7
59472	1838.3	2114.4	13955.8
1616	1821.4	2084.4	13286.4
6956	1819.8	2066.3	13500.2
79726	1804.3	1975.2	12931.5
42688	1796.6	2039.8	12953.1
17414	1822.3	2097.6	13948.1
83056	1826.6	2094.8	13955.8
24312	1802.8	1995.7	12852.8
2194	1830.4	2081.1	13659.9
14349	1820.7	2046.1	13331.0
83606	1828.5	2063.4	13418.8
68554	1812.6	2053.1	13524.0
65720	1829.8	2090.7	13766.5
1186	1814.6	2015.1	13262.6
50704	1828.2	2119.1	13929.1
48615	1825.8	2063.3	13548.4
19561	1808.7	2055.5	13664.1
74809	1819.5	2085.6	13986.8
79693	1819.2	2039.8	13238.7
23975	1808.7	2087.2	13469.6
13235	1817.5	2046.2	13191.9
29822	1828.4	2100.3	15009.8
52975	1815.4	2021.2	13121.1
71012	1813.0	2017.1	13177.3
7463	1817.0	2056.1	13441.8
83608	1815.5	2051.1	13404.7
70399	1823.7	2063.7	13250.1
35352	1826.2	2080.9	13665.6
66852	1820.6	2049.4	13542.3
25613	1830.1	2074.2	13779.4
48900	1819.7	2101.2	13666.2
31650	1814.9	2040.6	13033.7
44016	1811.0	1972.9	12791.5
12876	1815.4	2013.7	13200.0
63141	1805.5	2048.2	13151.6
72474	1819.2	2024.1	13384.8
46107	1810.2	2050.7	13289.0
78203	1836.7	2099.2	13656.0
3973	1822.6	2093.7	13541.4
51676	1831.0	2070.5	13674.0
83816	1826.0	2020.9	13238.0
18623	1802.4	2020.5	12829.5
84585	1818.1	2015.3	13157.4
83883	1793.6	1951.8	12582.4
39815	1811.5	1999.0	13068.0
48982	1831.5	2066.7	13642.2
53880	1811.3	2072.4	13275.6
79570	1815.9	2020.4	13610.8
21167	1819.9	2016.7	13104.5
26416	1817.1	2085.9	13602.4
59333	1815.8	2009.6	13259.7
77390	1828.0	2073.5	13654.7
32012	1812.7	2039.2	13187.3
2716	1828.8	2115.8	13737.7
18395	1823.1	2055.1	13465.0
72130	1820.2	2110.8	13579.4
6649	1818.4	2051.1	13976.0
1736	1812.1	2066.6	13348.8
68367	1833.5	2079.6	13803.7
83427	1809.8	2039.0	13104.7
73686	1827.8	2107.5	13588.7
67129	1804.9	2029.1	13140.7
53162	1807.9	2056.2	13219.4
87300	1832.5	2069.9	13659.4
47976	1801.2	2017.2	12924.9
19123	1812.1	2065.2	13200.8
37399	1809.8	2001.7	13026.9
1931	1820.8	2040.2	13262.9
27990	1820.0	2065.7	13619.4
15420	1820.2	2091.3	13502.5
68074	1800.4	2041.2	12842.7
57121	1826.9	2096.4	13526.6
55246	1818.6	2116.4	13714.6
49095	1810.7	2049.0	13792.3
30529	1794.6	1960.1	12785.7
12380	1810.0	2008.5	13033.1
40807	1826.0	2080.4	13613.0
80087	1829.2	2065.2	13450.6
50976	1831.5	2064.2	13502.8
62553	1812.9	2061.9	13424.5
70489	1808.3	2001.0	13388.6
21402	1807.6	2034.9	13119.4
71450	1817.8	2062.8	13536.8
56272	1822.7	2023.4	13144.1
1800	1825.7	2072.1	13492.6
86557	1824.2	2002.8	13354.6
87138	1813.6	2050.9	13284.7
23501	1809.5	2042.4	13132.6
62884	1816.3	2042.9	13409.8
61378	1828.9	2092.5	13545.3
67205	1827.8	2084.5	13908.7
41239	1839.9	2130.2	14042.0
22438	1819.1	2038.5	13222.4
9525	1813.6	2011.4	13166.4
88346	1820.7	2059.2	13625.4
42869	1814.0	2022.2	13178.2
71296	1815.3	2028.2	13314.0
81572	1818.4	2020.6	13438.4
54038	1816.6	2027.3	13258.3
24744	1825.8	2014.8	13254.1
75428	1819.0	2049.8	13365.8
17821	1811.3	2004.3	12891.4
55149	1810.7	2006.5	13132.3
60406	1816.4	2117.0	13549.2
64525	1819.1	2074.7	13588.2
53443	1811.8	2039.6	12999.0
83875	1817.7	2013.9	13262.3
69856	1810.9	2034.8	13430.9
35664	1817.3	2032.1	13752.4
60951	1808.5	2032.9	12958.9
59344	1820.1	2034.7	13236.4
46451	1809.2	2076.1	13450.5
73836	1828.9	2063.7	13614.5
81260	1807.3	2029.1	13204.9
83682	1812.0	2070.8	13326.2
61372	1811.3	2067.3	13336.1
32317	1821.8	2078.3	13466.4
80917	1831.1	2106.6	13540.5
38176	1831.3	2082.1	13679.0
56418	1806.9	2039.1	13115.6
54232	1815.7	2092.8	13586.6
17597	1812.2	2017.1	13274.0
47422	1825.3	2083.8	13510.4
9688	1801.9	2040.2	12921.3
38216	1819.0	2039.6	13191.3
21551	1825.0	2021.6	13271.6
1030	1806.9	2003.8	12948.1
85234	1816.7	2104.2	13709.9
35304	1850.4	2141.0	14671.2
29343	1805.0	2013.1	12799.1
72918	1815.8	2058.8	13818.1
41179	1817.5	2057.2	13107.7
54960	1801.0	1995.5	12917.7
1169	1825.3	2070.7	13538.7
48869	1819.0	2056.6	13341.9
13363	1810.7	2014.2	13454.9
79710	1822.1	2055.8	13526.6
75300	1821.6	2101.1	13529.3
64768	1819.0	2037.0	13476.3
31236	1810.9	2057.0	13522.2
8683	1808.2	2038.7	12989.8
7019	1824.3	2067.5	13425.9
31640	1833.4	2088.3	13594.9
63184	1817.8	2067.8	13544.8
46985	1825.4	2093.7	13697.7
76204	1820.9	2049.1	13378.4
54510	1824.9	2087.7	13706.3
24747	1828.3	2107.7	13653.7
47182	1828.0	2137.5	14101.9
60488	1827.7	2062.1	13682.5
60574	1846.9	2163.2	14190.5
58230	1816.5	2024.8	13211.8
54073	1818.3	2067.6	13804.9
51681	1818.5	2074.4	13494.0
87067	1824.0	2037.5	13420.1
9323	1821.2	2054.4	13280.8
72440	1813.6	2028.3	13238.7
44936	1802.4	1952.7	12960.2
19352	1824.3	2108.0	13753.4
252	1804.0	2017.4	12917.6
16532	1832.5	2089.7	14024.1
1138	1811.8	2054.9	13282.3
82490	1824.4	2037.1	13233.7
10016	1818.8	2064.4	13349.2
4267	1817.3	2082.3	13384.8
11225	1809.1	2082.6	13121.9
36687	1834.9	2096.8	13609.4
52133	1823.4	2074.3	13596.9
19170	1803.3	2050.4	13365.9
43946	1807.1	2000.1	13000.3
27018	1817.6	2085.4	13363.4
4037	1827.9	2073.4	13381.6
86830	1802.1	1987.7	12917.6
73872	1819.6	2010.6	13213.8
12891	1828.0	2041.3	13354.3
487	1812.9	2055.1	13341.6
80759	1827.1	2065.8	13489.6
44373	1816.8	2082.9	13520.0
17938	1824.7	2036.4	13293.0
72367	1825.5	2058.9	13461.0
61806	1811.5	2028.8	13198.7
72420	1804.1	1996.2	12814.4
22603	1806.1	2034.8	12911.2
51200	1822.5	1991.3	13583.0
3906	1826.4	2049.7	13336.3
16398	1825.6	2041.9	13496.1
57157	1825.0	2094.4	13538.1
22982	1802.0	1985.0	12815.1
18500	1816.7	1998.9	12916.7
78654	1823.3	2038.0	13255.1
21086	1813.9	2052.2	13387.9
48602	1819.3	2056.9	13440.2
53026	1824.2	2078.1	13329.4
34212	1820.6	2071.9	13476.0
46669	1825.1	2063.7	13452.7
83509	1801.6	1986.7	13126.2
75783	1825.9	2053.5	13631.4
7822	1838.8	2122.7	13944.6
8592	1801.7	2044.7	13139.1
6782	1823.6	2089.7	13489.3
17803	1818.8	2082.8	13852.8
6912	1827.3	2068.0	13645.4
64020	1838.6	2079.0	13913.6
60273	1804.1	2005.1	13407.2
61969	1820.9	2043.1	13485.6
50939	1816.7	2083.6	13698.8
88214	1817.0	2048.3	13642.6
78656	1832.4	2087.2	13851.2
87765	1819.0	2032.0	13266.9
74125	1814.5	2092.4	13614.9
40750	1813.2	2040.8	13219.2
85536	1824.0	2042.3	13379.0
24591	1813.0	2039.4	13242.8
47108	1813.3	2043.5	13204.8
52524	1811.9	2040.4	13191.1
13813	1826.8	2041.6	13661.8
43130	1826.9	2042.2	13503.7
86462	1810.1	2087.4	13296.0
72558	1830.1	2124.4	13820.8
73586	1817.2	2024.0	13127.7
58089	1817.0	2039.3	13197.6
25568	1838.6	2138.3	13856.0
37970	1812.5	2101.2	13257.3
56814	1825.1	2106.5	13673.1
64362	1818.8	2049.1	13037.2
25400	1824.6	2079.0	13449.5
44656	1810.8	2009.0	13278.0
15981	1797.1	1963.2	12627.3
52443	1806.8	2089.2	13185.3
63044	1823.6	2071.4	13404.3
7221	1825.3	2096.1	13755.7
75743	1820.0	2087.7	13362.1
81622	1817.4	1988.8	13031.7
63647	1832.2	2097.2	13757.8
34467	1824.4	2078.1	13546.0
77940	1815.5	2059.0	13279.1
89164	1812.9	2053.1	13352.8
2031	1819.3	2086.1	13322.2
54832	1824.8	2065.5	13546.5
16919	1818.1	2086.6	13327.7
661	1809.7	2081.8	13299.0
55288	1811.8	2045.7	13120.5
59373	1829.7	2070.5	13297.9
5627	1828.3	2113.5	13647.4
34721	1812.6	2056.0	13412.8
58150	1824.2	2106.5	13668.4
13094	1816.7	2060.8	13326.1
75851	1816.6	2029.3	13328.0
54315	1829.5	2107.5	13584.0
20145	1832.3	2108.8	13970.7
21347	1827.1	2046.4	13560.4
60016	1822.6	2152.2	14188.3
