9973	1072.9	1075.1	1609.5
4588	1073.7	1317.5	1650.7
7411	1066.0	1066.0	1597.6
8702	1065.6	1070.2	1567.0
6348	1082.2	1086.2	1635.9
4727	1061.0	1261.3	1542.9
3233	1073.3	1275.7	1557.6
5423	1072.1	1076.8	1608.9
6849	1073.2	1076.5	1576.7
6375	1070.5	1078.2	1583.3
7121	1076.3	1079.0	1594.2
1509	1072.2	1358.5	1625.7
3862	1075.5	1349.0	1581.3
9373	1067.0	1063.1	1558.0
8065	1074.0	1070.9	1654.2
2592	1080.9	1348.9	1623.0
8010	1069.4	1082.2	1740.1
4610	1067.9	1339.1	1582.0
3530	1066.5	1270.9	1524.2
1678	1064.1	1308.3	1553.3
7951	1059.1	1061.6	1515.8
6241	1071.5	1064.6	1581.9
7801	1075.2	1076.8	1588.5
7517	1076.2	1081.0	1598.4
5400	1074.6	1072.7	1568.0
7608	1075.8	1077.8	1638.3
480	1076.5	1329.9	1635.4
7369	1066.9	1069.5	1591.4
6140	1057.9	1056.8	1548.2
2457	1084.3	1335.8	1676.1
2004	1067.9	1291.5	1540.3
7257	1070.6	1068.6	1576.9
9902	1062.6	1058.4	1548.1
4967	1070.5	1268.4	1549.0
4128	1068.2	1283.8	1517.5
7996	1070.5	1067.8	1545.9
5084	1066.6	1064.8	1519.4
7588	1072.0	1066.8	1578.9
5316	1075.4	1073.9	1633.8
9667	1064.0	1063.6	1521.3
7670	1073.9	1074.8	1572.5
9673	1078.7	1085.3	1603.2
8655	1080.0	1082.3	1667.1
5498	1060.5	1061.8	1503.3
8358	1070.5	1067.9	1571.9
2446	1064.4	1293.7	1571.5
9290	1084.0	1080.1	1663.2
3871	1073.3	1329.7	1603.7
5573	1071.6	1068.2	1622.7
2659	1078.8	1307.6	1587.4
6802	1074.1	1072.4	1548.4
6450	1067.8	1068.2	1576.4
8634	1061.4	1055.3	1636.4
2992	1068.9	1308.8	1576.8
5222	1070.9	1079.6	1707.2
8527	1066.6	1064.6	1600.9
9854	1063.2	1065.2	1568.7
4835	1067.3	1341.3	1610.1
7024	1068.6	1067.6	1560.5
9965	1066.1	1068.8	1597.8
95	1073.2	1306.6	1579.5
9259	1068.7	1074.2	1547.2
8764	1080.8	1075.7	1635.8
8238	1074.6	1073.7	1575.3
428	1076.3	1326.4	1602.7
4381	1067.7	1317.0	1551.8
8046	1066.1	1066.2	1570.1
6922	1069.0	1070.9	1562.7
4809	1067.6	1294.3	1574.5
943	1069.4	1288.6	1547.1
3735	1079.7	1328.6	1572.4
3904	1074.2	1312.3	1595.3
3100	1078.4	1403.3	1634.6
4122	1066.4	1311.8	1557.0
8884	1071.4	1068.9	1559.2
6813	1072.1	1071.2	1689.2
7946	1061.9	1056.6	1572.7
5852	1074.4	1073.2	1582.4
1219	1074.0	1272.8	1554.7
6441	1076.3	1079.4	1602.6
4892	1059.6	1301.4	1517.8
3994	1061.6	1310.3	1526.9
789	1062.9	1321.2	1562.8
2382	1066.3	1297.5	1547.5
5875	1073.0	1071.3	1573.9
8694	1081.6	1085.3	1626.8
9887	1078.5	1073.3	1632.5
2715	1076.5	1391.0	1706.6
522	1070.4	1316.8	1588.9
2876	1084.1	1408.2	1675.4
8991	1069.2	1070.0	1583.7
7859	1074.3	1076.2	1627.6
7413	1071.2	1068.4	1535.7
6362	1071.8	1067.4	1553.2
1547	1058.1	1296.3	1543.2
4120	1069.5	1316.8	1610.1
8108	1059.3	1057.0	1522.9
4735	1074.6	1300.5	1604.8
7146	1065.9	1065.7	1558.1
6428	1067.9	1065.1	1572.7
6288	1056.2	1053.3	1527.7
8959	1070.1	1073.8	1570.2
4581	1061.5	1341.2	1573.0
1663	1084.6	1388.7	1678.0
458	1075.1	1302.6	1588.5
7970	1070.3	1072.8	1535.4
7507	1073.0	1071.4	1532.6
7120	1072.4	1073.5	1534.0
5113	1062.4	1057.5	1585.1
2233	1070.8	1313.0	1572.3
61	1078.8	1335.2	1631.5
8798	1074.8	1073.3	1597.9
7777	1069.0	1070.6	1528.4
456	1078.1	1354.9	1625.5
665	1065.4	1321.7	1552.9
6158	1066.9	1064.6	1580.3
3420	1084.0	1375.9	1651.2
1208	1077.8	1360.8	1606.8
1440	1059.2	1260.0	1529.7
5327	1071.6	1077.0	1559.3
5408	1079.3	1080.5	1604.5
8574	1078.9	1076.5	1663.4
8946	1065.9	1071.8	1613.9
6615	1075.4	1075.3	1616.2
5215	1066.1	1075.3	1566.8
1817	1070.3	1366.4	1636.2
7435	1073.9	1068.1	1545.0
6040	1071.5	1067.4	1561.3
8900	1076.1	1073.1	1620.4
2172	1070.1	1329.2	1580.2
6827	1076.0	1081.1	1580.3
141	1068.0	1328.5	1547.9
5977	1068.2	1062.0	1531.8
9569	1065.0	1065.4	1522.6
3572	1070.8	1357.0	1586.0
7447	1068.1	1072.1	1554.8
9189	1069.6	1076.4	1544.8
8728	1074.1	1076.3	1604.8
2525	1082.6	1345.0	1583.7
5256	1067.0	1069.3	1518.0
7629	1065.9	1065.8	1560.5
3995	1068.7	1333.1	1552.9
7643	1069.1	1075.9	1560.4
4043	1066.6	1285.7	1558.6
3707	1066.6	1302.5	1519.2
34	1068.4	1302.3	1562.4
1500	1069.4	1303.0	1568.3
7900	1067.9	1070.1	1542.3
2493	1077.6	1327.4	1578.2
2088	1071.5	1348.9	1619.6
8506	1073.9	1079.7	1680.5
4013	1056.9	1271.0	1505.5
7405	1063.2	1057.0	1506.5
1215	1078.0	1295.8	1588.6
2421	1070.9	1385.2	1625.9
7259	1078.8	1076.8	1606.3
784	1060.4	1351.0	1538.1
1251	1073.5	1350.6	1573.4
2371	1073.7	1361.8	1644.7
9720	1077.8	1077.5	1539.2
2349	1071.7	1344.4	1608.9
1615	1074.4	1354.8	1580.5
8700	1074.1	1074.6	1594.4
9598	1068.5	1073.5	1573.6
3566	1069.7	1324.4	1536.7
3512	1059.8	1263.2	1503.1
2257	1067.2	1287.2	1564.4
2672	1072.2	1284.9	1558.3
7529	1068.4	1061.9	1530.8
5827	1059.6	1056.7	1527.5
6264	1069.8	1069.5	1554.8
6303	1065.5	1060.2	1611.2
1232	1067.2	1278.8	1575.7
8970	1071.2	1068.5	1553.2
4326	1074.0	1299.8	1604.9
1877	1072.7	1310.1	1631.6
283	1066.7	1294.6	1566.9
850	1067.0	1240.6	1507.6
2982	1069.0	1332.5	1664.3
1857	1070.6	1358.6	1567.7
8436	1062.4	1058.3	1596.3
538	1059.3	1274.5	1575.2
4574	1065.0	1333.8	1660.2
3000	1073.0	1350.7	1583.5
5825	1074.9	1075.5	1595.2
1164	1077.8	1320.8	1750.7
898	1063.6	1298.2	1541.3
8024	1075.8	1078.7	1569.6
6487	1073.8	1068.4	1564.9
4676	1068.0	1294.6	1574.2
3893	1070.2	1366.8	1610.2
7814	1077.1	1079.6	1601.0
8118	1066.8	1064.2	1590.7
8210	1072.2	1072.5	1548.4
5898	1070.0	1071.1	1578.1
6389	1077.2	1073.3	1604.2
189	1079.0	1407.6	1756.4
4895	1066.4	1291.5	1548.5
6344	1058.5	1059.3	1572.7
9494	1062.2	1059.5	1529.2
2308	1074.0	1313.7	1672.4
1744	1077.6	1329.8	1575.1
2180	1066.3	1329.6	1558.4
740	1071.4	1322.2	1553.7
7500	1062.8	1065.0	1522.1
249	1070.6	1307.8	1569.4
1259	1076.7	1334.2	1595.8
1254	1075.6	1374.5	1629.9
5815	1074.3	1076.5	1581.9
2160	1058.0	1225.2	1489.0
2782	1067.2	1346.1	1706.0
946	1066.6	1272.5	1528.5
7083	1075.3	1077.9	1624.4
9872	1069.5	1065.8	1587.5
7250	1069.5	1071.6	1576.4
5475	1074.8	1075.6	1594.4
9058	1074.5	1083.0	1566.7
9924	1068.5	1065.6	1555.7
6998	1075.1	1072.6	1607.0
4804	1070.8	1322.5	1530.7
1285	1071.4	1321.2	1566.2
2898	1071.0	1291.0	1548.5
6004	1066.8	1073.8	1529.3
9912	1072.4	1067.1	1628.0
8603	1076.4	1074.4	1635.2
8230	1065.8	1068.1	1611.8
9128	1070.0	1063.9	1574.3
4324	1068.1	1381.2	1638.6
7277	1061.8	1059.3	1555.8
3376	1075.7	1284.0	1568.2
4778	1063.9	1297.3	1597.6
2537	1069.4	1315.6	1547.9
1452	1077.5	1325.9	1647.4
5697	1069.6	1075.5	1535.1
5311	1062.4	1070.7	1611.7
4770	1071.7	1294.1	1569.6
4473	1057.8	1332.1	1558.4
4021	1069.9	1324.8	1586.3
8466	1073.8	1083.3	1559.9
8892	1068.4	1064.7	1591.0
605	1070.1	1373.4	1612.0
6317	1070.2	1065.8	1542.2
4894	1061.2	1304.3	1693.1
6733	1060.0	1060.6	1556.1
6439	1078.9	1081.9	1772.7
6608	1074.8	1070.3	1576.6
6473	1073.7	1079.9	1602.0
1858	1076.9	1347.1	1591.1
6469	1064.0	1068.1	1515.0
6113	1069.4	1073.8	1569.3
4000	1063.7	1315.1	1573.3
9831	1065.4	1065.9	1514.5
5844	1076.3	1081.2	1626.2
999	1070.5	1295.5	1532.8
8301	1068.4	1068.1	1529.3
9886	1063.5	1067.7	1582.1
4378	1075.9	1320.7	1595.7
3073	1078.4	1351.9	1644.8
6934	1068.0	1067.9	1559.6
1013	1070.5	1313.1	1580.7
8194	1066.7	1063.7	1578.7
8922	1072.3	1068.2	1740.2
6649	1073.2	1066.3	1617.4
8769	1066.8	1067.0	1550.2
2018	1068.4	1290.2	1525.8
4483	1074.3	1330.5	1595.4
7018	1067.5	1068.9	1537.7
6565	1069.4	1068.9	1539.0
1489	1071.4	1273.9	1546.8
6905	1069.5	1070.9	1568.7
5118	1080.2	1076.4	1621.8
2079	1073.3	1318.4	1578.4
9949	1074.2	1077.1	1554.0
9951	1064.2	1068.3	1573.8
8471	1070.7	1073.0	1586.6
1860	1069.8	1336.1	1579.8
3300	1074.9	1319.6	1588.6
312	1065.1	1293.2	1537.5
1229	1085.8	1416.0	1707.3
9497	1075.6	1072.3	1596.7
1738	1067.7	1322.1	1553.0
8251	1068.2	1069.5	1617.6
5882	1064.8	1065.9	1561.2
4525	1067.8	1274.8	1553.8
9324	1074.5	1078.2	1544.4
45	1066.3	1280.4	1554.4
3171	1063.0	1318.2	1561.9
9576	1075.0	1075.7	1593.5
6231	1069.0	1070.8	1556.5
8699	1065.8	1057.3	1565.8
1766	1078.6	1361.5	1617.9
2976	1079.1	1347.0	1619.5
2162	1071.5	1324.0	1582.4
4246	1080.1	1355.1	1612.2
1090	1072.9	1343.4	1568.2
6508	1075.9	1073.2	1614.3
4936	1069.5	1271.1	1555.4
4932	1065.9	1344.9	1603.1
1900	1066.2	1282.3	1536.2
9760	1075.5	1075.2	1579.6
8776	1075.0	1072.0	1573.3
1949	1060.0	1280.2	1530.5
1017	1063.1	1320.4	1591.3
4295	1069.6	1307.3	1585.6
5746	1063.5	1059.0	1532.0
290	1058.0	1252.1	1506.0
5931	1076.4	1073.2	1593.4
9221	1057.2	1053.4	1466.6
1185	1073.5	1311.3	1556.6
7079	1069.3	1073.0	1595.1
8262	1072.2	1075.9	1611.8
2986	1071.8	1317.1	1560.3
1807	1077.1	1345.9	1625.5
6135	1078.5	1081.6	1558.7
1639	1071.2	1319.9	1570.7
4706	1066.4	1327.4	1553.0
2578	1067.5	1326.9	1555.7
5869	1063.4	1062.6	1516.9
7409	1069.2	1071.1	1569.1
9457	1077.2	1074.0	1610.9
8997	1078.2	1069.2	1632.1
7980	1072.8	1070.5	1564.5
7047	1075.1	1078.4	1605.9
5663	1066.9	1066.0	1561.5
1085	1067.5	1307.3	1544.7
2863	1065.6	1309.6	1597.6
5569	1066.7	1064.9	1507.6
3589	1067.5	1287.7	1527.8
4135	1069.4	1367.3	1599.2
3954	1066.2	1333.7	1578.0
410	1065.2	1308.4	1534.8
1112	1075.0	1350.8	1623.8
1681	1057.5	1308.3	1541.7
8063	1066.1	1064.4	1588.3
5565	1070.6	1076.3	1540.4
8294	1066.9	1071.5	1548.0
7260	1066.0	1069.8	1540.0
5841	1066.9	1068.2	1602.1
179	1070.0	1297.4	1577.5
4607	1065.1	1319.1	1559.0
8709	1074.1	1067.0	1557.1
4034	1078.0	1337.2	1602.8
3471	1065.5	1339.8	1581.4
534	1067.3	1297.2	1594.0
3024	1067.0	1267.5	1545.5
4724	1078.9	1298.0	1575.8
5205	1074.6	1074.5	1600.3
2536	1075.2	1339.7	1626.2
3011	1064.4	1300.0	1534.3
8488	1075.4	1079.8	1564.2
7669	1069.1	1071.6	1570.7
863	1069.4	1317.4	1577.4
9680	1065.4	1066.1	1522.1
6354	1078.4	1075.0	1611.0
4494	1061.1	1295.3	1548.8
8336	1064.4	1067.0	1524.9
3529	1072.8	1356.3	1631.6
8313	1069.4	1063.9	1554.5
3730	1079.9	1309.5	1589.7
3202	1062.0	1293.6	1525.7
668	1071.5	1316.6	1589.9
9455	1070.5	1066.9	1569.4
782	1065.7	1306.5	1542.5
8359	1068.9	1072.5	1653.1
8142	1075.0	1076.0	1611.9
5334	1067.9	1068.9	1605.5
8660	1074.7	1075.6	1619.2
6749	1078.0	1081.2	1597.7
1036	1058.6	1242.6	1490.7
2534	1069.2	1285.2	1536.4
9798	1068.3	1068.3	1584.7
3139	1073.4	1341.0	1616.4
3744	1073.8	1297.3	1560.9
7595	1072.7	1079.7	1542.9
3224	1071.0	1354.8	1623.9
1058	1069.9	1315.9	1606.4
7650	1067.7	1062.6	1586.8
6497	1073.7	1069.8	1587.4
9964	1067.2	1072.9	1522.2
9807	1077.8	1077.9	1598.4
9863	1067.5	1072.9	1594.9
3387	1064.6	1304.0	1558.9
4273	1067.6	1339.7	1599.0
7320	1068.3	1069.7	1604.1
8182	1061.6	1054.7	1539.0
9070	1062.5	1067.1	1540.4
4437	1069.9	1294.8	1548.1
4815	1071.4	1326.4	1589.5
7809	1070.3	1068.9	1613.2
6962	1062.8	1059.5	1531.2
8018	1077.5	1078.4	1722.6
117	1063.7	1275.9	1528.0
9279	1068.1	1060.7	1545.2
6024	1064.4	1067.6	1635.9
1524	1074.7	1303.1	1554.4
2710	1068.7	1271.6	1560.7
9244	1067.2	1069.8	1626.7
4308	1070.5	1305.1	1577.7
6711	1070.6	1078.0	1539.1
1780	1069.3	1299.8	1549.1
1145	1081.4	1335.4	1625.8
4900	1068.3	1324.8	1581.0
3841	1065.4	1340.4	1571.4
7465	1068.0	1067.9	1589.4
7364	1067.6	1075.2	1543.0
3382	1076.7	1378.1	1677.5
4318	1063.7	1297.1	1573.2
9813	1075.0	1070.7	1609.8
701	1077.3	1317.4	1610.9
9661	1079.4	1081.9	1619.1
7454	1063.3	1061.0	1503.7
1597	1068.6	1315.8	1573.2
7818	1067.6	1060.4	1514.7
1512	1073.0	1314.9	1608.2
5221	1059.4	1064.7	1512.3
7148	1063.3	1060.1	1551.8
627	1062.8	1304.0	1537.9
2477	1069.1	1286.0	1557.8
1882	1076.4	1320.4	1587.6
4572	1062.8	1274.3	1505.3
184	1072.3	1333.6	1616.7
178	1069.1	1276.5	1530.7
7385	1078.4	1081.7	1648.2
4604	1072.8	1270.3	1536.3
8609	1068.3	1068.2	1538.9
9888	1071.7	1074.2	1575.2
6511	1065.3	1070.8	1568.1
3580	1072.0	1367.4	1604.4
7323	1068.6	1068.3	1570.1
1315	1071.3	1295.6	1544.6
5578	1062.5	1062.1	1564.5
9978	1065.9	1062.2	1535.3
7408	1076.4	1078.0	1613.3
8726	1070.2	1066.3	1595.3
4817	1060.9	1268.5	1484.0
9672	1068.1	1071.7	1566.5
1818	1067.1	1331.8	1582.4
2290	1070.1	1327.4	1609.9
7786	1070.0	1067.6	1549.6
9514	1071.3	1076.5	1601.2
8880	1066.8	1060.1	1574.0
3804	1077.3	1337.9	1577.7
5069	1070.6	1070.1	1577.3
992	1062.6	1319.9	1582.4
9406	1073.0	1069.0	1610.2
9186	1075.0	1072.8	1573.3
1504	1063.3	1301.5	1576.5
7113	1064.6	1063.6	1586.4
935	1059.7	1265.2	1488.7
6685	1070.4	1070.2	1562.6
2570	1067.5	1328.6	1548.3
775	1064.9	1274.6	1510.5
5360	1064.6	1056.9	1585.2
9329	1064.5	1059.1	1539.9
9510	1068.0	1075.6	1561.0
4015	1064.5	1290.0	1606.8
601	1068.6	1362.3	1620.7
838	1075.1	1301.5	1580.8
9749	1070.7	1071.5	1567.9
7312	1066.8	1069.6	1551.1
2284	1058.8	1276.1	1522.7
9230	1070.3	1073.2	1557.6
381	1067.7	1292.1	1533.7
2872	1069.6	1336.0	1553.8
6675	1065.9	1069.8	1576.4
25	1078.9	1328.8	1558.4
3914	1070.6	1288.6	1562.0
6328	1066.7	1069.5	1551.7
3152	1071.3	1308.8	1564.9
9424	1063.4	1066.9	1579.2
175	1068.3	1319.0	1647.1
5853	1069.3	1070.8	1572.6
6224	1066.7	1063.6	1578.7
7234	1075.0	1073.0	1568.5
7291	1075.4	1081.2	1647.8
1884	1074.1	1335.5	1591.3
801	1080.8	1368.1	1666.3
8095	1067.0	1067.4	1532.8
1154	1077.0	1325.9	1582.1
388	1062.7	1333.5	1566.1
8904	1070.5	1072.3	1545.7
1601	1069.1	1314.6	1603.8
743	1061.4	1299.9	1515.1
3750	1065.9	1332.8	1587.1
4205	1062.2	1304.5	1535.9
2892	1074.2	1349.7	1599.6
955	1067.8	1350.7	1568.4
3698	1066.2	1273.5	1566.2
441	1073.7	1320.6	1588.1
2685	1069.8	1346.9	1590.0
4263	1067.3	1296.1	1540.0
7518	1080.5	1083.0	1686.6
5887	1070.5	1068.2	1555.0
3102	1063.0	1291.9	1538.0
1926	1062.3	1232.7	1524.0
1357	1071.5	1350.7	1608.2
5183	1070.9	1070.1	1589.1
1074	1068.6	1339.9	1634.0
643	1062.5	1331.0	1562.1
5900	1067.7	1069.9	1517.1
3433	1065.3	1289.1	1548.2
8837	1074.3	1071.4	1563.9
3111	1066.8	1340.6	1615.2
7384	1066.5	1072.2	1529.8
882	1070.9	1319.9	1566.1
7526	1062.2	1059.2	1547.9
2548	1069.1	1306.2	1549.2
6908	1079.0	1081.6	1619.0
360	1076.8	1313.9	1570.5
6204	1069.1	1070.0	1574.7
5078	1077.7	1077.8	1603.9
4859	1064.4	1256.6	1499.6
3524	1071.2	1318.0	1566.0
8954	1070.9	1065.8	1568.6
4068	1080.0	1331.3	1607.7
7916	1070.8	1064.6	1543.8
6901	1075.4	1071.4	1615.4
4076	1073.5	1340.4	1594.9
6752	1063.4	1057.2	1503.6
1382	1069.5	1276.9	1529.4
1366	1076.6	1290.7	1558.5
1746	1071.0	1328.8	1582.3
2865	1050.6	1231.3	1438.7
8480	1073.5	1076.7	1571.4
4385	1069.7	1277.5	1525.9
6498	1071.7	1080.3	1569.1
735	1079.7	1273.2	1570.1
8626	1074.0	1068.7	1583.9
1653	1062.5	1276.3	1514.3
8547	1081.8	1078.0	1592.7
1774	1071.5	1339.9	1594.9
1768	1068.9	1264.7	1573.6
1881	1060.9	1272.5	1510.1
8198	1066.6	1071.2	1534.8
910	1066.2	1340.7	1558.5
3984	1078.9	1320.2	1558.1
2409	1065.1	1307.1	1544.4
5652	1074.5	1078.0	1584.1
1814	1068.3	1340.2	1584.2
5922	1064.5	1068.1	1575.7
9363	1067.7	1067.7	1553.4
1966	1071.3	1354.8	1615.1
325	1063.8	1301.2	1544.2
9802	1076.9	1069.4	1634.8
2651	1064.9	1306.4	1541.5
6889	1068.5	1066.8	1571.9
8116	1077.9	1078.5	1626.1
3752	1065.5	1337.0	1590.0
9033	1076.4	1074.2	1596.7
7962	1073.1	1074.9	1591.9
8540	1063.2	1062.7	1610.5
4695	1073.8	1365.9	1586.9
3950	1070.4	1278.6	1538.5
6366	1070.8	1071.9	1541.2
5156	1079.5	1080.8	1657.5
565	1076.0	1346.1	1588.4
4088	1068.5	1332.4	1717.5
1011	1077.8	1320.7	1585.8
4511	1068.8	1280.6	1510.5
7611	1063.7	1062.5	1506.2
49	1076.6	1369.6	1614.2
3009	1069.4	1307.1	1542.2
3809	1072.9	1319.2	1578.4
8742	1073.4	1076.3	1638.1
8724	1072.5	1068.6	1604.0
1977	1065.2	1276.2	1533.3
1187	1069.0	1279.8	1531.6
9780	1075.0	1077.0	1642.0
2076	1069.8	1331.3	1584.7
2836	1074.9	1349.5	1586.3
6838	1069.4	1073.9	1562.7
1021	1073.1	1388.1	1732.6
6694	1081.7	1086.7	1630.0
8338	1070.6	1071.7	1640.2
9562	1071.3	1074.1	1582.5
483	1069.5	1321.2	1555.2
8477	1074.4	1068.6	1617.4
9599	1077.5	1077.3	1632.1
1722	1077.3	1335.6	1586.2
7960	1065.2	1070.9	1563.8
9800	1062.0	1065.8	1553.6
3676	1078.3	1349.6	1655.1
2562	1074.7	1316.9	1589.2
4821	1068.0	1310.7	1577.4
4108	1075.1	1374.5	1614.7
2807	1076.5	1359.9	1601.6
907	1061.4	1265.6	1511.4
7351	1061.4	1063.1	1537.4
8580	1070.7	1073.1	1550.6
3307	1067.4	1291.1	1563.4
8107	1076.0	1075.2	1591.5
101	1068.4	1357.5	1588.0
7587	1077.4	1085.1	1649.3
7543	1064.5	1067.2	1564.3
2624	1062.8	1348.2	1564.3
6771	1072.4	1069.1	1579.0
8843	1068.5	1066.0	1606.3
5659	1063.9	1059.5	1599.0
2116	1074.8	1339.1	1606.0
8390	1072.2	1073.7	1568.4
6773	1073.1	1080.6	1577.7
4074	1062.5	1301.7	1538.1
7175	1073.9	1074.2	1629.6
8373	1056.6	1058.8	1528.2
1065	1066.1	1317.2	1555.0
8304	1073.6	1069.4	1843.3
9155	1068.0	1062.8	1581.0
4116	1069.0	1278.5	1553.4
9855	1077.1	1077.2	1563.9
1866	1082.5	1396.7	1653.0
4343	1075.7	1359.0	1592.1
1557	1067.2	1288.5	1503.1
5769	1072.9	1076.2	1601.2
9095	1069.5	1067.9	1599.2
919	1065.3	1312.6	1549.6
3083	1071.6	1301.9	1558.0
9017	1081.9	1092.2	1591.3
1762	1073.9	1295.0	1553.5
4808	1071.5	1333.7	1593.4
6139	1076.5	1079.3	1639.9
8399	1057.2	1052.7	1493.5
9327	1068.8	1069.5	1574.5
6361	1069.4	1066.7	1621.1
5731	1066.7	1063.1	1521.2
7067	1065.9	1060.5	1512.2
2139	1068.8	1296.8	1523.6
2622	1068.2	1318.2	1569.8
3639	1054.5	1245.0	1483.6
8949	1071.5	1070.4	1574.2
8217	1066.3	1065.5	1530.0
5592	1073.3	1068.7	1574.9
5214	1076.5	1077.1	1588.3
3198	1070.5	1355.2	1585.7
6878	1076.2	1075.8	1646.1
7150	1057.2	1058.5	1528.2
4561	1081.7	1352.2	1659.2
3444	1068.6	1292.9	1551.3
3353	1063.8	1287.0	1544.4
6065	1072.5	1065.5	1619.0
3793	1077.9	1367.4	1616.6
9071	1068.4	1073.9	1570.2
9465	1067.2	1071.9	1526.1
5007	1062.3	1060.7	1494.4
5161	1078.5	1076.8	1569.4
1825	1075.4	1355.6	1616.3
7750	1069.2	1075.6	1579.4
10	1073.3	1314.3	1567.7
523	1067.9	1325.0	1576.3
957	1079.5	1318.7	1621.5
4739	1064.8	1282.0	1538.5
4367	1066.5	1303.5	1554.7
2490	1069.8	1346.6	1584.9
2214	1065.7	1297.0	1542.0
1603	1066.4	1335.4	1571.6
6844	1067.3	1068.6	1544.4
4050	1065.4	1361.2	1561.9
6514	1067.3	1066.7	1523.3
4997	1075.0	1330.0	1603.3
195	1083.1	1371.3	1633.3
4371	1071.9	1359.4	1585.9
7827	1064.5	1071.1	1527.0
7141	1060.8	1053.6	1514.7
8998	1067.4	1066.1	1577.1
9841	1080.1	1082.1	1615.3
7713	1068.1	1067.7	1585.2
7476	1060.4	1067.5	1474.1
5458	1078.3	1071.1	1633.8
5258	1064.1	1062.3	1485.0
2720	1072.0	1326.6	1576.8
3119	1070.3	1308.4	1590.1
1495	1067.3	1288.7	1539.6
7451	1078.0	1074.5	1600.8
3835	1070.3	1305.4	1568.9
5081	1072.3	1068.3	1578.6
1788	1057.5	1258.4	1516.0
2708	1076.0	1319.2	1591.0
2612	1070.9	1301.9	1611.2
4752	1063.2	1270.5	1546.1
5965	1076.0	1076.4	1613.3
5187	1071.6	1070.4	1557.1
6424	1075.7	1071.8	1620.0
630	1074.0	1346.1	1586.3
6145	1069.7	1065.5	1567.8
9700	1077.2	1081.7	1651.9
4991	1071.6	1330.9	1550.4
6178	1059.3	1058.0	1495.2
4589	1079.3	1308.8	1577.9
9358	1067.6	1066.9	1572.2
9542	1073.0	1073.4	1566.7
5117	1069.5	1070.5	1550.4
8062	1070.7	1068.2	1540.2
2877	1066.7	1349.9	1704.6
7145	1066.8	1068.8	1548.7
1852	1075.0	1338.5	1587.6
3201	1056.9	1288.1	1525.8
6370	1075.9	1075.4	1613.5
4294	1073.0	1325.2	1618.3
4524	1063.3	1266.9	1529.6
5589	1070.8	1071.0	1561.6
6471	1076.3	1076.1	1576.3
6445	1072.1	1066.2	1560.3
2831	1068.6	1307.7	1551.0
8131	1064.9	1066.7	1621.2
6478	1066.7	1071.4	1564.5
1713	1069.2	1296.9	1535.2
7578	1078.3	1080.2	1665.4
6153	1062.9	1056.3	1518.7
2428	1070.1	1306.1	1540.3
6313	1069.3	1075.3	1577.7
3861	1070.4	1337.2	1562.7
5264	1068.8	1074.3	1569.0
3803	1065.8	1334.0	1558.8
6074	1069.9	1064.6	1571.7
4590	1073.9	1308.6	1570.5
2332	1072.8	1312.3	1550.3
9586	1063.3	1056.3	1540.2
9715	1077.8	1084.2	1615.6
6592	1073.7	1070.2	1613.1
677	1075.2	1339.0	1607.1
9810	1070.9	1068.0	1575.4
5105	1069.7	1070.1	1665.4
9037	1079.2	1078.0	1656.4
6871	1063.9	1070.3	1550.8
416	1068.2	1267.2	1549.5
4342	1069.0	1281.4	1560.5
9929	1082.4	1072.3	1587.2
3155	1064.3	1285.6	1523.7
8804	1060.9	1064.0	1501.3
1584	1067.4	1283.0	1529.3
5483	1073.4	1074.5	1634.5
8160	1067.3	1063.6	1554.1
836	1072.5	1322.1	1607.7
9306	1078.4	1082.4	1605.1
7043	1066.0	1066.5	1586.1
3321	1073.0	1302.4	1598.1
5242	1062.7	1059.8	1532.1
5255	1069.4	1072.4	1528.9
877	1068.3	1308.2	1540.4
3046	1071.4	1370.9	1643.0
6193	1075.6	1078.8	1558.2
3584	1072.6	1336.6	1601.4
3704	1062.9	1302.5	1510.4
4405	1072.3	1257.7	1544.0
2725	1069.4	1294.4	1544.9
3598	1076.0	1331.3	1614.6
3016	1064.8	1289.0	1562.4
8453	1072.0	1073.8	1552.4
3908	1072.9	1279.5	1542.7
1322	1074.8	1350.1	1610.4
6610	1071.1	1065.2	1578.9
7828	1064.7	1067.0	1526.1
2103	1067.5	1263.1	1543.4
5476	1073.3	1070.8	1589.6
7569	1079.5	1076.9	1649.4
5493	1074.6	1068.5	1602.3
8497	1070.8	1072.3	1559.2
7330	1069.6	1071.1	1579.5
1429	1065.7	1305.6	1554.3
8983	1073.7	1079.1	1574.4
9475	1063.7	1057.5	1600.0
6000	1074.3	1074.4	1590.4
5388	1074.2	1072.3	1572.2
4349	1072.9	1353.5	1570.6
5872	1080.3	1077.8	1606.8
9359	1084.8	1088.3	1629.8
7663	1061.2	1062.7	1514.2
1561	1062.0	1286.8	1570.7
8520	1075.5	1084.4	1564.2
5574	1074.1	1081.0	1601.9
7937	1069.9	1068.9	1551.1
4139	1070.7	1364.5	1614.4
3831	1068.5	1288.4	1580.1
6509	1076.8	1080.8	1590.8
1672	1064.5	1202.6	1495.0
2965	1067.4	1325.2	1557.0
584	1070.5	1343.5	1571.8
1213	1062.9	1251.3	1526.4
7642	1076.8	1077.4	1614.6
3713	1073.0	1387.1	1617.7
6808	1071.9	1071.8	1572.6
2338	1062.8	1262.6	1509.8
3167	1074.0	1393.4	1604.6
7094	1067.6	1073.5	1584.9
7796	1076.5	1079.2	1619.2
3656	1070.2	1362.3	1566.6
950	1059.8	1307.4	1568.1
3506	1069.9	1325.3	1566.7
5488	1071.7	1078.3	1564.7
4410	1069.0	1301.3	1554.2
4542	1063.0	1299.8	1546.8
1897	1071.3	1314.1	1587.7
9533	1065.1	1058.1	1559.1
7046	1075.0	1075.7	1599.2
5318	1070.7	1067.2	1606.8
4300	1077.8	1378.3	1637.2
6882	1069.6	1074.1	1571.8
8038	1070.3	1072.5	1560.3
802	1068.5	1295.0	1575.4
7136	1060.5	1056.9	1549.2
9877	1077.8	1073.6	1581.8
4548	1059.8	1276.0	1513.1
6470	1072.2	1072.5	1682.0
9432	1060.8	1063.5	1549.3
9105	1067.1	1067.3	1576.5
1384	1068.2	1306.2	1552.4
3838	1076.4	1322.7	1658.6
690	1071.2	1328.5	1577.2
9061	1061.8	1070.5	1533.2
3929	1076.0	1357.4	1610.9
7909	1075.8	1084.1	1593.5
972	1064.2	1315.9	1588.1
6042	1066.9	1062.5	1574.0
781	1073.2	1333.2	1593.5
2366	1068.2	1277.2	1510.6
614	1072.7	1322.8	1576.9
9383	1064.4	1061.4	1557.0
2254	1063.6	1337.0	1545.7
7346	1066.6	1068.3	1582.9
6308	1069.9	1062.0	1584.6
1118	1069.9	1340.1	1537.8
8619	1066.4	1071.7	1556.6
3297	1063.4	1298.4	1536.8
8221	1057.8	1058.8	1532.8
3833	1059.3	1288.3	1525.5
1275	1071.9	1311.8	1664.3
5099	1065.7	1065.5	1535.6
2510	1076.3	1282.2	1547.7
554	1073.1	1373.3	1579.4
8759	1073.4	1074.8	1584.8
7520	1064.7	1072.8	1529.6
982	1075.2	1273.7	1575.2
6481	1078.5	1079.7	1649.6
9461	1067.7	1063.9	1585.8
6750	1071.1	1070.0	1554.1
8548	1078.8	1085.3	1604.0
7453	1072.3	1074.5	1562.7
613	1061.7	1286.5	1522.4
8448	1078.6	1075.8	1608.7
4319	1074.0	1329.3	1554.3
28	1073.4	1308.5	1614.5
4014	1077.2	1318.1	1575.7
888	1063.4	1283.3	1556.6
6416	1063.4	1061.5	1521.9
1117	1064.4	1285.6	1511.6
2061	1066.8	1346.5	1652.3
7700	1070.5	1078.0	1568.8
173	1069.8	1309.0	1577.2
2317	1074.8	1282.6	1559.5
8479	1073.3	1068.2	1590.4
846	1065.2	1302.6	1561.4
2530	1072.3	1299.6	1543.5
5336	1076.5	1075.1	1608.2
7914	1083.6	1089.6	1600.7
2369	1062.8	1295.1	1517.2
3236	1071.1	1321.1	1615.9
7183	1067.0	1060.4	1573.2
2748	1071.9	1314.9	1546.4
7660	1068.3	1071.1	1615.1
3738	1065.3	1298.6	1557.0
553	1076.6	1356.9	1600.9
4696	1059.3	1241.0	1479.5
4489	1077.7	1298.8	1593.0
4625	1062.3	1304.6	1573.6
4169	1073.5	1296.3	1579.1
1516	1060.6	1305.0	1619.2
8861	1078.9	1084.2	1611.9
4987	1080.4	1379.5	1622.5
4638	1065.8	1296.1	1552.7
3112	1068.0	1356.0	1613.3
3241	1060.2	1288.4	1523.5
5954	1083.3	1078.9	1605.7
1895	1075.8	1329.5	1603.9
671	1072.0	1290.2	1580.2
3085	1077.0	1383.3	1628.3
3718	1066.4	1298.5	1525.7
8270	1058.5	1063.1	1490.9
956	1062.3	1316.7	1559.2
3785	1065.8	1244.2	1526.0
3782	1068.9	1338.9	1583.7
3191	1074.9	1312.5	1618.4
23	1076.4	1319.3	1639.9
5575	1069.5	1069.8	1548.7
9507	1070.5	1073.5	1539.6
9418	1074.5	1075.7	1591.9
7665	1072.5	1072.1	1573.4
1242	1071.2	1360.8	1732.4
903	1076.7	1354.1	1596.0
7383	1058.2	1057.1	1532.3
754	1081.8	1317.3	1586.8
8854	1074.5	1065.4	1656.3
3223	1074.8	1269.2	1578.2
5441	1069.5	1073.0	1546.4
3981	1067.5	1328.8	1550.5
2492	1074.7	1362.1	1592.2
5050	1073.6	1069.7	1564.1
2667	1071.6	1321.8	1613.7
832	1073.0	1339.1	1596.6
6431	1059.0	1057.6	1495.5
3084	1063.6	1261.7	1541.8
1324	1072.2	1307.0	1571.6
597	1076.4	1323.5	1584.7
5141	1069.9	1072.0	1561.5
3242	1075.5	1359.6	1670.0
3345	1073.3	1291.8	1580.0
6217	1074.8	1073.1	1607.0
753	1073.7	1319.5	1568.1
8849	1060.9	1066.3	1500.2
6575	1053.0	1052.6	1496.0
6884	1074.2	1069.4	1590.3
8322	1078.7	1074.6	1634.1
698	1068.5	1264.8	1536.3
3688	1068.3	1322.8	1533.0
8076	1057.7	1062.1	1539.0
8022	1068.6	1070.4	1553.1
5065	1083.2	1081.5	1616.3
8835	1073.6	1070.5	1653.1
2721	1075.7	1333.5	1571.4
1905	1072.5	1312.8	1586.0
5862	1071.9	1071.4	1567.8
5382	1063.7	1060.0	1515.3
9036	1067.7	1074.2	1636.4
5555	1064.9	1062.0	1559.5
8550	1066.3	1064.2	1619.2
9378	1066.4	1072.1	1527.0
6228	1075.0	1071.4	1557.2
7352	1063.9	1066.5	1560.1
3154	1062.3	1305.6	1560.3
1438	1065.7	1342.3	1606.6
9570	1063.3	1059.0	1503.3
7296	1070.4	1076.4	1555.5
7934	1071.6	1069.2	1559.1
4709	1071.4	1357.4	1784.6
6681	1075.8	1077.0	1591.8
5395	1079.6	1074.0	1617.3
7222	1065.4	1063.5	1589.2
4710	1066.0	1354.4	1568.7
1950	1066.7	1316.9	1549.2
7138	1074.0	1071.4	1648.4
8154	1076.1	1080.6	1596.1
2626	1084.2	1338.1	1615.3
8721	1070.1	1066.1	1548.3
6418	1070.2	1073.8	1572.9
7727	1069.3	1066.8	1559.3
4540	1057.8	1343.0	1656.9
3859	1071.0	1290.0	1549.5
172	1062.8	1299.0	1534.2
4514	1066.5	1268.2	1553.3
8461	1069.7	1060.9	1593.1
7555	1067.3	1072.3	1536.2
542	1066.4	1317.2	1567.5
9308	1069.4	1068.3	1605.1
658	1062.1	1276.2	1511.7
2198	1073.2	1307.7	1599.1
9815	1066.3	1065.0	1577.1
8844	1073.5	1079.9	1562.8
1290	1066.7	1287.8	1538.8
1028	1075.2	1314.3	1589.3
4042	1062.5	1242.9	1477.9
9564	1062.1	1064.3	1537.5
8259	1075.8	1079.6	1577.0
5321	1074.7	1076.8	1626.4
5303	1061.1	1064.6	1643.6
8053	1064.2	1063.1	1565.8
9771	1072.2	1070.1	1555.8
3724	1069.5	1304.9	1536.4
7671	1065.2	1063.4	1537.3
4038	1076.1	1328.9	1601.9
6403	1079.9	1076.3	1665.1
5789	1065.5	1065.7	1546.5
6255	1072.5	1073.4	1558.6
4095	1070.4	1338.5	1532.4
4441	1073.6	1325.6	1647.3
8166	1074.6	1074.1	1601.4
6335	1068.1	1062.0	1572.9
7213	1062.0	1065.5	1553.9
7582	1071.1	1070.6	1584.2
8445	1066.5	1062.7	1578.7
9116	1070.5	1069.3	1545.9
6535	1071.4	1082.5	1609.4
2849	1075.8	1332.6	1588.1
4375	1068.4	1326.3	1588.3
7703	1073.3	1079.3	1571.7
4217	1073.8	1320.2	1582.4
4722	1061.5	1247.9	1505.9
5786	1069.8	1071.1	1556.0
4959	1066.3	1260.6	1561.8
1303	1082.3	1354.2	1601.9
2735	1058.2	1264.9	1510.1
5821	1064.5	1062.0	1576.8
1805	1075.6	1362.1	1575.4
530	1073.4	1334.4	1588.9
4170	1074.7	1343.1	1579.9
9251	1064.1	1063.2	1535.9
3740	1063.6	1293.4	1565.0
3214	1062.8	1314.7	1554.8
9238	1076.3	1074.6	1636.9
688	1067.0	1291.9	1558.4
562	1071.3	1313.9	1596.7
5516	1064.0	1056.6	1527.6
3964	1064.3	1328.7	1544.2
