11340	2027.4	2248.7	11281.6
20326	2045.7	2327.1	11631.4
1303	2027.0	2309.3	11239.7
3181	2028.9	2279.3	11437.6
22189	2031.6	2261.0	11358.8
27435	2025.6	2272.9	11162.5
29433	2032.9	2302.0	11502.2
19303	2037.5	2332.7	11390.1
14831	2037.1	2318.1	11433.4
27784	2040.8	2303.3	11512.4
26736	2024.5	2295.9	11282.2
5717	2032.1	2280.8	11296.5
3829	2035.2	2340.3	11503.9
15896	2021.8	2280.5	11340.5
15111	2032.9	2239.0	11375.2
21347	2023.7	2245.8	11218.8
12121	2029.0	2301.7	11358.2
23483	2029.4	2240.7	11304.5
4339	2019.2	2196.0	11092.0
7499	2042.5	2334.5	11601.5
8694	2025.0	2212.4	11212.0
9473	2024.4	2290.2	11247.1
8000	2025.7	2244.2	11246.6
9253	2028.8	2198.9	11210.5
18208	2040.0	2233.7	11470.0
2178	2034.9	2275.1	11479.0
23260	2017.6	2217.1	11110.7
24423	2037.2	2262.8	11336.4
4099	2022.6	2265.8	11346.4
20050	2035.0	2348.3	11727.6
13508	2032.6	2272.9	11389.4
10890	2032.6	2239.1	11210.2
19167	2045.4	2294.9	11561.0
5728	2035.1	2294.7	11354.8
18944	2018.9	2224.8	11194.0
23977	2039.0	2280.5	11420.2
8588	2029.3	2267.5	11298.6
2531	2022.2	2295.8	11262.9
17910	2015.5	2224.0	11213.3
23160	2034.8	2320.3	11528.0
21601	2049.2	2381.2	11576.7
14544	2033.6	2274.3	11190.7
12138	2023.2	2282.2	11208.0
25979	2030.9	2255.8	11326.8
10932	2023.9	2266.5	11215.2
10499	2024.4	2269.8	11247.4
142	2037.9	2294.0	11297.5
20147	2012.1	2249.0	11103.7
26182	2027.0	2236.5	11202.3
22478	2027.3	2235.4	11335.5
15343	2022.9	2262.7	11328.3
23256	2040.3	2317.7	11707.0
9593	2040.7	2244.4	11414.0
18031	2028.4	2259.9	11269.0
560	2028.4	2318.4	11456.3
8663	2034.8	2263.6	11401.1
5804	2022.0	2258.7	11137.6
17409	2034.4	2285.7	11416.7
14032	2032.2	2310.5	11417.6
13941	2026.7	2262.4	11272.1
6392	2041.9	2298.0	11529.3
25109	1998.8	2198.1	10946.2
27937	2037.0	2326.1	11415.0
11297	2045.8	2323.2	11611.2
1160	2017.1	2248.4	11217.0
16549	2020.8	2266.2	11199.5
10336	2025.6	2267.9	11317.2
19656	2030.3	2265.3	11278.9
25887	2020.1	2283.1	11419.0
27563	2040.1	2314.6	11376.7
10584	2021.8	2243.8	11299.7
265	2027.0	2262.5	11229.6
13165	2039.0	2285.4	11417.6
502	2038.3	2269.7	11310.4
6364	2041.7	2343.7	11538.7
19013	2020.8	2206.5	11174.6
16326	2035.6	2260.5	11469.7
6492	2024.7	2298.1	11314.0
28673	2036.5	2294.5	11499.4
4949	2032.5	2295.5	11323.1
25943	2036.2	2270.8	11339.2
22885	2028.8	2291.0	11403.3
11273	2030.2	2280.4	11404.6
3265	2017.9	2280.3	11110.3
8161	2026.8	2224.3	11208.7
17192	2019.9	2233.8	11249.5
4599	2036.6	2283.2	11387.0
7540	2026.6	2247.2	11206.8
22324	2029.4	2294.7	11451.3
3465	2028.8	2312.1	11332.0
11944	2044.2	2327.0	11492.4
21042	2029.9	2229.4	11198.6
16552	2045.3	2341.1	11644.5
1666	2046.5	2386.4	11652.7
11008	2034.8	2279.0	11422.9
23470	2046.6	2323.4	11714.1
3176	2033.4	2298.5	11368.4
6661	2040.2	2293.7	11392.5
23627	2019.9	2250.3	11083.3
20749	2039.4	2340.9	11977.9
3789	2023.4	2247.1	11247.9
7883	2027.0	2243.3	11332.7
13700	2026.7	2230.2	11111.2
27548	2028.2	2263.3	11444.0
1180	2033.0	2282.6	11492.4
14315	2027.9	2311.7	11360.8
26000	2025.1	2275.2	11207.0
24520	2037.9	2293.3	11468.2
4328	2034.9	2278.6	11204.1
219	2017.7	2249.8	11236.1
2877	2020.4	2224.6	11044.7
19325	2029.6	2278.2	11384.2
22	2033.8	2321.3	11505.0
16109	2026.5	2228.7	11179.0
8183	2031.2	2267.8	11395.6
22760	2038.4	2258.5	11460.5
17837	2030.7	2308.0	11242.9
2603	2027.1	2292.4	11328.7
9851	2046.6	2289.1	11557.2
17958	2030.6	2220.1	11172.6
12452	2017.1	2244.3	11129.9
23322	2031.6	2292.4	11355.5
7550	2015.1	2236.4	11117.3
26108	2024.3	2226.0	11167.3
10981	2029.7	2316.6	11383.1
8837	2036.0	2297.5	11588.1
7735	2019.0	2227.1	11036.5
28167	2035.5	2300.0	11367.1
227	2042.3	2333.3	11371.2
15485	2032.3	2293.3	11352.9
28618	2032.4	2263.4	11496.0
14323	2022.4	2238.9	11220.0
5572	2027.6	2263.8	11208.1
16927	2018.9	2239.2	11166.3
13598	2039.2	2298.2	11391.2
28513	2014.3	2239.2	11094.2
28128	2035.2	2283.7	11427.7
23275	2030.6	2292.0	11433.9
28063	2029.3	2307.4	11446.4
3655	2019.9	2257.3	11127.0
3646	2025.5	2242.8	11178.1
29993	2036.1	2270.0	11375.0
2160	2037.2	2292.1	11425.0
1587	2034.6	2269.0	11356.9
8830	2035.5	2305.8	11410.1
28270	2028.4	2294.1	11436.3
2560	2023.2	2297.6	11340.6
20256	2031.8	2273.7	11367.6
16415	2029.8	2264.1	11133.7
4567	2010.5	2267.0	11072.4
10372	2029.3	2279.3	11312.3
3859	2028.0	2275.5	11296.0
14999	2035.9	2256.2	11422.3
1115	2031.1	2290.7	11519.9
10528	2053.7	2302.8	11688.8
14197	2020.0	2218.7	11059.4
4131	2033.1	2209.5	11304.9
8777	2030.6	2336.4	11553.0
7858	2025.6	2211.7	11206.6
17176	2026.4	2318.0	11413.5
13161	2020.4	2241.1	11200.6
11590	2028.4	2294.2	11432.9
16524	2046.6	2310.1	11558.5
14593	2021.4	2285.7	11313.1
22319	2030.1	2280.9	11346.6
9614	2030.5	2192.0	11231.2
27868	2032.1	2297.9	11421.5
8278	2039.7	2316.3	11437.4
17645	2031.7	2290.1	11496.0
10825	2020.7	2239.8	11291.4
13898	2029.0	2260.0	11239.4
11192	2029.6	2273.0	11322.6
2344	2036.4	2308.1	11331.4
14395	2011.9	2231.2	11227.5
23243	2043.1	2347.2	11503.5
27286	2025.9	2293.6	11302.3
3974	2037.8	2243.8	11311.3
8406	2034.0	2236.0	11257.2
10347	2039.0	2314.5	11387.2
10868	2022.4	2276.2	11357.5
7347	2033.6	2345.9	11444.6
20140	2038.1	2348.0	11636.2
20144	2040.6	2299.2	11473.6
23233	2032.5	2272.1	11335.8
5664	2017.6	2266.3	11124.9
997	2040.0	2314.9	11549.1
23633	2030.6	2261.2	11289.0
2040	2036.7	2267.4	11291.7
29566	2034.2	2259.2	11343.0
2554	2030.4	2301.3	11349.7
23351	2024.5	2269.5	11135.4
28912	2042.0	2301.8	11698.0
12872	2028.7	2266.8	11316.4
15911	2017.6	2263.0	11082.3
14617	2012.3	2214.1	11260.3
18464	2030.8	2319.1	11471.1
22861	2033.6	2288.3	11408.2
7623	2024.5	2292.5	11386.7
19410	2018.4	2230.0	11260.9
3137	2039.5	2298.0	11555.5
14914	2017.5	2236.8	11129.5
27037	2031.2	2292.9	11350.9
4854	2037.8	2253.4	11423.0
23110	2033.5	2292.3	11399.7
23418	2045.9	2327.9	11498.6
7549	2032.8	2288.9	11522.3
22030	2032.3	2319.6	11409.6
26826	2034.5	2291.9	11389.8
19402	2016.6	2246.7	11235.1
3037	2023.9	2264.0	11340.8
10889	2030.0	2298.1	11409.2
27695	2017.7	2247.4	11315.0
7619	2028.5	2293.9	11545.7
58	2019.6	2296.8	11350.1
11719	2031.7	2265.4	11378.2
629	2035.6	2287.3	11474.6
9012	2031.1	2298.1	11365.2
10749	2030.7	2272.0	11310.3
22352	2017.0	2203.7	11080.7
26725	2032.1	2264.2	11324.6
8902	2025.2	2275.7	11353.4
18539	2035.0	2288.4	11602.7
25478	2014.0	2222.3	11196.6
5375	2036.9	2290.7	11412.4
8281	2035.4	2288.0	11448.8
8417	2037.6	2309.3	11561.2
27455	2023.9	2163.6	11058.6
24467	2024.6	2203.5	11134.2
29249	2042.5	2268.3	11441.2
20853	2045.2	2306.4	11427.7
28125	2030.3	2274.8	11340.5
16902	2041.4	2308.7	11514.0
18499	2018.3	2286.8	11233.2
17718	2043.2	2297.7	11442.3
20809	2028.2	2271.3	11220.0
4973	2040.1	2321.8	11580.0
2050	2021.7	2281.7	11297.5
11763	2023.7	2240.4	11208.7
20112	2032.5	2288.1	11475.7
29091	2032.3	2262.3	11380.9
28089	2040.0	2324.4	11674.9
11678	2033.1	2267.9	11366.0
25708	2024.0	2243.3	11201.4
28367	2030.2	2239.0	11311.8
22722	2025.4	2355.2	11322.9
25408	2023.1	2302.7	11311.8
13333	2033.7	2361.6	11794.5
4540	2026.7	2269.0	11291.5
3401	2026.4	2243.9	11252.3
6970	2028.0	2301.7	11289.8
12006	2014.2	2247.2	11306.4
4615	2038.9	2253.2	11421.8
13129	2036.6	2353.6	11540.6
4189	2027.8	2290.6	11385.3
23702	2024.3	2278.3	11333.4
9484	2031.8	2256.0	11508.7
7677	2036.4	2235.1	11324.6
8077	2027.1	2304.2	11233.4
23881	2028.2	2299.3	11528.0
2345	2023.3	2235.5	11187.8
17704	2033.5	2283.7	11392.6
12675	2034.8	2292.8	11370.0
27129	2046.2	2376.8	11749.4
4001	2036.5	2235.2	11299.7
16703	2022.3	2248.0	11211.4
4478	2040.4	2324.6	11584.0
5885	2037.0	2251.0	11381.4
16139	2026.6	2236.7	11234.0
12943	2027.4	2234.5	11219.1
8664	2044.1	2354.6	11568.1
10423	2035.4	2259.0	11438.4
19938	2014.2	2203.6	11099.5
19819	2045.2	2276.9	11562.2
12948	2017.5	2219.3	11095.0
18338	2015.8	2234.5	11080.4
8714	2035.7	2290.5	11445.0
241	2036.6	2321.9	11427.4
19866	2036.7	2271.4	11456.7
21885	2018.1	2212.2	11171.3
2526	2046.2	2309.8	11705.0
17368	2037.8	2331.8	11477.7
29780	2027.9	2286.7	11387.3
6895	2030.6	2276.9	11290.6
29737	2028.0	2238.5	11192.4
15836	2020.5	2185.7	11069.4
28999	2021.8	2244.5	11218.6
8200	2029.9	2290.0	11360.2
5350	2016.2	2263.3	11249.2
23377	2045.2	2346.2	11583.4
14626	2029.7	2306.1	11415.0
5723	2020.4	2273.7	11150.8
7451	2024.4	2280.0	11224.6
5288	2041.5	2324.1	11604.3
10876	2018.9	2236.1	11274.5
3140	2025.7	2300.4	11357.4
12655	2028.2	2280.3	11419.8
9019	2032.3	2268.0	11426.0
26223	2028.9	2295.6	11331.4
7076	2027.6	2247.6	11432.4
22954	2029.5	2295.5	11458.0
10486	2022.6	2268.9	11208.3
2010	2029.1	2300.5	11357.8
12764	2027.7	2304.2	11427.9
26781	2021.1	2259.9	11202.3
19056	2034.3	2234.2	11333.3
17582	2033.0	2273.2	11412.7
17874	2016.0	2207.7	11043.5
26587	2034.2	2302.3	11451.6
1858	2021.8	2222.2	11151.9
22158	2033.4	2333.1	11672.5
21983	2036.2	2317.7	11352.5
25713	2027.9	2221.0	11085.9
5256	2019.9	2287.0	11200.9
19586	2031.3	2308.8	11358.8
14462	2032.2	2248.6	11487.9
23946	2028.3	2265.6	11383.2
9950	2042.1	2278.5	11453.5
20469	2039.0	2292.8	11474.5
4843	2027.0	2239.5	11219.0
3907	2023.9	2278.4	11363.0
4714	2037.8	2290.2	11370.1
18073	2053.5	2324.0	11643.7
16538	2029.7	2249.6	11164.9
16775	2019.5	2261.2	11116.8
6882	2023.4	2259.0	11268.3
10192	2020.5	2265.1	11194.1
6005	2032.8	2299.8	11625.7
18201	2036.7	2255.7	11441.8
13008	2025.3	2231.5	11357.3
27911	2028.2	2236.3	11227.8
27823	2012.7	2208.9	11047.4
6733	2038.9	2279.6	11430.3
23369	2043.8	2282.9	11448.9
1051	2015.8	2199.7	11144.3
21890	2042.3	2322.8	11525.5
18135	2029.6	2271.9	11375.3
9026	2046.9	2276.5	11332.0
26554	2027.2	2227.8	11267.9
21291	2028.0	2181.4	11174.0
342	2031.7	2311.1	11440.3
3708	2026.0	2267.6	11202.0
6901	2040.1	2279.6	11467.3
17006	2024.8	2309.0	11407.3
15709	2030.7	2254.0	11257.3
12528	2029.6	2246.8	11325.5
10064	2031.2	2279.6	11253.0
20068	2037.2	2246.8	11400.8
2011	2017.8	2242.0	11064.5
19651	2025.0	2276.6	11322.9
19358	2032.0	2275.3	11402.5
2679	2028.1	2267.3	11321.1
28573	2021.8	2321.5	11282.7
4043	2024.0	2275.3	11300.3
15460	2035.0	2294.4	11449.0
3782	2040.2	2268.5	11347.9
20408	2048.3	2271.4	11440.6
21346	2037.0	2271.1	11478.3
584	2025.6	2266.4	11202.1
5617	2037.2	2302.5	11489.7
13362	2034.3	2270.5	11448.7
7530	2032.7	2244.6	11373.0
9303	2030.9	2253.9	11217.2
29093	2037.7	2290.0	11393.8
24311	2031.5	2285.2	11392.8
8237	2029.7	2299.2	11425.6
29167	2023.2	2234.9	11281.0
16541	2018.6	2293.9	11226.1
4087	2027.0	2269.4	11313.1
1103	2030.1	2309.7	11346.0
7892	2038.5	2271.8	11268.3
25634	2040.1	2280.9	11420.0
15984	2037.1	2261.2	11255.2
17578	2045.4	2268.0	11368.7
252	2039.1	2267.5	11372.1
4583	2023.5	2292.7	11192.6
16133	2036.8	2234.8	11364.5
25931	2023.2	2264.6	11323.1
12735	2017.6	2181.5	11115.9
18049	2036.9	2291.1	11418.6
4358	2040.7	2378.5	11439.8
841	2046.3	2281.1	11368.7
8832	2025.6	2287.1	11405.2
29168	2053.1	2314.3	11564.0
20949	2026.8	2212.8	11179.6
14945	2022.5	2209.0	11135.0
3207	2036.2	2286.0	11354.2
7172	2031.0	2286.3	11246.1
29725	2041.1	2306.0	11523.1
16423	2015.9	2236.3	11140.0
11959	2020.6	2274.5	11152.1
28165	2028.2	2251.7	11284.2
21621	2022.2	2233.4	11210.8
1816	2031.9	2324.7	11522.9
15484	2023.5	2269.8	11211.0
18932	2024.0	2220.6	11174.1
3695	2027.3	2277.6	11251.5
18889	2026.6	2243.6	11289.9
27741	2027.3	2208.7	11238.7
11230	2017.1	2292.3	11227.9
6622	2036.9	2353.1	11678.3
1091	2019.3	2279.8	11192.1
12497	2026.8	2265.0	11304.7
27169	2027.2	2222.5	11314.2
17690	2023.5	2273.1	11365.6
29088	2040.3	2244.2	11496.3
5343	2029.1	2237.4	11232.1
8554	2028.9	2252.1	11209.2
2818	2043.9	2288.7	11523.2
16957	2044.5	2272.4	11356.8
25281	2037.2	2334.3	11634.7
29829	2017.5	2252.6	11229.0
18155	2039.1	2322.6	11631.5
28294	2014.2	2265.4	11267.3
14563	2033.9	2253.4	11419.9
6706	2020.2	2240.5	11231.5
10097	2042.8	2297.1	11393.6
14521	2031.5	2278.5	11464.3
26936	2027.7	2254.0	11214.7
8653	2020.8	2224.2	11168.5
10769	2051.4	2294.6	11602.1
21075	2041.7	2317.5	11453.1
25286	2028.8	2275.4	11387.2
19409	2031.3	2250.2	11246.3
12253	2014.1	2242.5	11188.5
19445	2023.4	2231.8	11211.6
3185	2017.0	2236.9	11070.6
4217	2033.3	2283.5	11374.5
18506	2014.4	2242.1	11207.3
23947	2024.0	2282.4	11295.5
23863	2027.0	2252.0	11410.8
28169	2025.2	2223.2	11338.6
5190	2029.2	2271.2	11286.7
17470	2029.0	2292.4	11410.5
1342	2047.0	2295.0	11503.7
16477	2010.8	2281.4	11126.2
3589	2042.6	2302.3	11513.6
25653	2047.3	2278.5	11621.2
2523	2030.8	2210.2	11208.9
18848	2026.0	2228.2	11283.3
424	2037.0	2281.9	11406.4
21980	2024.3	2228.7	11176.9
20994	2039.6	2222.8	11293.1
13968	2024.3	2244.7	11182.6
18331	2024.8	2275.1	11259.8
19430	2033.2	2300.5	11289.8
19926	2017.6	2257.6	11186.4
28786	2030.0	2270.0	11241.1
6646	2021.9	2284.2	11260.5
9892	2034.6	2301.3	11473.8
22032	2028.3	2284.7	11334.6
6112	2033.9	2298.4	11347.3
16307	2039.8	2290.9	11416.2
25694	2031.7	2323.0	11313.4
28996	2038.1	2332.9	11422.5
28716	2035.5	2280.8	11547.9
21627	2026.4	2250.8	11216.1
22611	2028.4	2340.7	11255.7
12766	2029.0	2315.0	11376.0
14301	2038.6	2303.2	11378.9
2540	2029.7	2255.1	11291.9
9178	2033.1	2282.9	11385.0
20810	2032.8	2255.1	11363.9
16929	2038.6	2272.9	11450.7
217	2050.9	2292.6	11557.6
13569	2037.9	2241.8	11242.4
2986	2046.6	2331.5	11509.0
26625	2020.9	2275.6	11213.8
7340	2023.6	2236.2	11156.7
11813	2040.8	2276.8	11552.6
25231	2041.0	2284.7	11406.1
23461	2019.6	2201.2	11054.0
368	2032.6	2364.6	11542.2
11986	2022.5	2241.1	11205.7
26383	2025.9	2305.0	11487.4
10662	2017.2	2249.7	11223.7
15472	2034.9	2237.3	11289.1
8149	2041.7	2308.0	11450.7
13681	2033.4	2319.0	11389.0
19431	2023.5	2278.2	11218.2
12130	2030.2	2282.3	11234.4
25925	2024.8	2270.7	11292.9
2204	2035.1	2331.9	11383.2
1141	2037.8	2303.0	11472.5
20328	2029.9	2260.7	11339.7
4622	2022.7	2236.3	11076.4
12309	2024.2	2269.5	11278.1
7114	2024.4	2253.2	11190.8
8433	2041.9	2325.8	11515.1
22089	2020.4	2252.3	11223.9
13734	2023.7	2229.3	11262.2
14471	2036.4	2316.8	11421.0
26490	2030.7	2303.5	11534.4
12718	2023.8	2230.9	11141.1
20832	2051.4	2258.5	11522.0
13290	2029.3	2299.8	11255.7
22279	2028.0	2277.7	11320.4
21008	2032.0	2305.9	11455.1
24076	2034.1	2232.5	11285.0
4363	2040.6	2269.8	11367.0
7992	2023.9	2308.8	11307.3
24586	2042.6	2278.6	11428.1
21117	2027.3	2269.9	11424.1
8116	2031.3	2302.8	11403.8
22559	2020.7	2236.9	11185.2
9337	2039.3	2322.9	11444.1
27664	2027.9	2269.6	11330.7
3959	2038.7	2248.6	11399.9
20772	2034.3	2224.8	11324.8
20120	2022.2	2264.4	11211.9
19051	2019.0	2241.2	11190.0
29188	2035.9	2322.7	11468.8
6688	2034.5	2299.4	11297.2
7750	2023.9	2297.7	11321.8
26362	2032.1	2280.6	11407.2
13119	2031.9	2281.5	11418.3
23817	2013.7	2266.2	11205.6
12717	2029.0	2253.3	11249.7
971	2034.2	2267.5	11428.1
4400	2025.8	2290.7	11191.3
9749	2025.7	2293.2	11283.1
24809	2035.2	2300.4	11459.6
7439	2042.6	2278.0	11442.4
22132	2027.4	2223.0	11195.6
5521	2037.0	2267.0	11349.9
5742	2033.8	2241.7	11492.0
3105	2022.7	2244.4	11170.7
18030	2017.6	2185.8	11096.4
8320	2028.4	2304.2	11524.0
15567	2029.1	2306.5	11362.8
9935	2024.5	2225.1	11374.3
14372	2031.8	2300.3	11456.3
7988	2016.7	2231.9	11100.7
20908	2037.2	2311.2	11368.5
13711	2040.8	2276.5	11283.6
14453	2025.9	2195.5	11165.3
22419	2021.4	2273.0	11371.4
12338	2032.9	2320.6	11370.7
2073	2025.0	2281.7	11371.3
9775	2026.8	2265.8	11182.6
28040	2026.5	2291.0	11216.8
28569	2034.6	2278.2	11318.3
22258	2044.3	2337.0	11670.9
20829	2034.5	2240.1	11237.5
20960	2013.2	2206.4	11017.6
16018	2025.3	2310.6	11357.7
13922	2035.2	2265.0	11398.2
19165	2035.6	2264.7	11371.5
24974	2014.3	2220.4	11124.5
26121	2018.7	2303.3	11285.7
12155	2018.3	2232.1	11212.9
16290	2035.1	2275.5	11370.3
28465	2029.6	2225.3	11152.8
19494	2034.4	2339.3	11462.5
6322	2047.8	2283.3	11488.0
25670	2024.5	2318.4	11369.7
26922	2039.7	2288.1	11523.7
5998	2029.0	2298.7	11351.5
16059	2027.1	2300.4	11462.1
15246	2033.7	2264.7	11304.3
10571	2030.9	2250.9	11359.1
21234	2038.1	2285.1	11506.5
17327	2040.9	2289.2	11590.1
12768	2033.6	2274.4	11320.0
9934	2033.4	2260.5	11301.3
29820	2020.9	2278.0	11237.8
5420	2038.7	2323.1	11513.2
4513	2025.2	2223.2	11221.7
12734	2023.8	2232.4	11138.2
2510	2025.4	2274.8	11136.4
1654	2036.1	2259.1	11400.9
18542	2027.7	2271.0	11255.9
9172	2025.9	2266.4	11157.6
12997	2028.1	2224.6	11128.9
4259	2033.7	2270.3	11397.0
18742	2022.3	2228.2	11120.3
24852	2056.8	2301.9	11743.4
24916	2024.3	2304.8	11336.3
20503	2032.2	2271.2	11444.6
4310	2015.7	2237.0	11042.6
24898	2015.3	2191.1	11112.3
3687	2023.9	2257.8	11372.5
8478	2025.8	2292.6	11218.2
20693	2034.4	2235.7	11405.8
7563	2035.5	2286.6	11432.0
17539	2026.3	2250.5	11192.0
11452	2020.7	2265.6	11263.9
16531	2029.6	2254.8	11122.4
11770	2025.7	2263.2	11348.6
8214	2030.2	2294.2	11355.2
28614	2039.0	2238.3	11323.7
25759	2040.5	2323.5	11608.3
13487	2029.2	2301.9	11305.4
1283	2033.0	2270.6	11453.2
9694	2030.4	2272.4	11467.4
13613	2036.7	2297.9	11470.4
3948	2031.2	2264.2	11307.7
6160	2031.4	2284.5	11346.6
2064	2015.5	2276.5	11497.2
24477	2037.7	2330.8	11495.6
12450	2031.2	2336.2	11466.4
25446	2034.5	2265.0	11553.9
16784	2031.8	2298.3	11440.9
9719	2035.8	2369.8	11477.7
842	2031.5	2320.8	11542.1
19746	2038.8	2305.3	11713.8
13122	2038.7	2262.7	11287.8
22969	2014.5	2228.3	11116.0
3792	2025.9	2288.5	11504.2
21789	2029.5	2278.3	11169.8
28158	2033.9	2273.6	11336.8
29893	2029.9	2228.6	11299.6
4882	2015.5	2251.7	11277.8
29053	2029.7	2265.2	11339.0
12215	2037.5	2282.3	11321.2
2529	2023.9	2234.8	11148.6
29303	2032.3	2269.0	11340.7
20320	2034.5	2309.2	11413.0
27760	2047.6	2334.3	11761.9
22274	2036.9	2279.1	11565.6
12804	2017.0	2291.1	11329.7
16324	2028.8	2259.6	11378.8
27363	2038.2	2283.4	11574.1
17819	2022.0	2262.5	11297.3
11266	2048.5	2341.5	11728.5
408	2010.9	2229.4	11106.4
25297	2037.0	2352.1	11608.9
27900	2032.3	2297.6	11450.4
27956	2033.9	2276.9	11308.4
3790	2030.2	2307.6	11294.2
20595	2032.9	2349.5	11529.6
22140	2033.8	2324.4	11598.2
19646	2021.3	2281.1	11290.4
14273	2042.6	2316.8	11599.8
9266	2036.3	2295.5	11559.0
8726	2029.0	2335.2	11313.0
29909	2033.9	2246.2	11243.2
8085	2013.6	2228.3	11094.5
9236	2032.8	2234.0	11264.2
4995	2025.8	2283.8	11251.4
20431	2028.7	2296.1	11508.9
22819	2033.3	2271.3	11323.9
22727	2040.3	2310.1	11466.6
17908	2016.0	2251.5	11145.9
20738	2036.3	2327.1	11390.9
3363	2025.4	2268.3	11252.7
6491	2026.8	2314.0	11368.7
467	2041.3	2265.2	11494.4
14303	2022.2	2248.2	11153.2
27930	2043.4	2270.8	11413.1
8369	2017.9	2247.3	11278.2
5324	2038.3	2331.3	11483.7
3359	2030.6	2293.7	11459.5
2940	2033.5	2339.4	11342.0
18812	2028.3	2314.0	11336.0
27896	2037.6	2274.8	11465.4
18039	2032.0	2291.1	11339.7
20306	2041.8	2291.9	11491.5
21306	2023.4	2268.9	11303.0
2666	2042.0	2306.1	11487.2
13248	2050.8	2339.5	11818.8
18803	2037.8	2301.1	11498.8
8458	2034.9	2262.5	11285.6
4101	2020.2	2265.5	11217.4
7304	2021.4	2252.3	11180.7
6655	2029.1	2267.5	11235.9
24366	2026.3	2265.1	11322.9
18103	2045.7	2320.3	11520.5
28437	2024.9	2245.9	11242.0
7609	2036.6	2285.3	11337.8
23361	2027.2	2262.6	11349.6
743	2025.7	2247.5	11298.9
17566	2019.2	2261.6	11254.1
26603	2031.8	2253.2	11300.3
10150	2038.5	2290.1	11382.8
6798	2033.5	2295.4	11241.3
11278	2020.5	2313.2	11311.8
6100	2028.4	2254.2	11259.2
8709	2028.6	2281.2	11493.9
19801	2034.4	2253.5	11455.2
11632	2017.1	2301.7	11462.4
29368	2038.1	2331.9	11454.4
6150	2020.9	2234.1	11168.4
19293	2038.9	2265.4	11417.0
8854	2044.1	2309.6	11486.3
22959	2019.4	2272.7	11321.3
4606	2013.7	2284.4	11191.9
9656	2035.4	2329.1	11393.9
4428	2021.4	2276.7	11237.4
21258	2034.6	2307.8	11357.9
6341	2025.0	2209.1	11124.9
14739	2029.5	2257.3	11292.8
12175	2022.3	2256.1	11165.6
14166	2028.8	2315.1	11461.3
15637	2041.3	2305.0	11494.5
1179	2034.5	2275.6	11390.2
29414	2031.6	2275.7	11361.8
23158	2033.9	2308.2	11372.6
28212	2027.4	2233.5	11238.9
23232	2036.7	2206.1	11248.9
20742	2030.2	2284.9	11320.2
10272	2030.8	2290.7	11391.8
18379	2023.1	2262.0	11266.2
29742	2049.4	2266.9	11492.9
4138	2042.5	2364.7	11601.8
15764	2033.4	2304.6	11462.2
19711	2030.8	2283.6	11333.1
26793	2036.1	2304.9	11489.8
20946	2027.3	2275.6	11370.4
11625	2030.0	2314.7	11517.2
6258	2035.8	2293.8	11312.7
4052	2029.0	2253.8	11354.8
10134	2027.3	2243.5	11286.6
16053	2035.5	2243.8	11375.9
1468	2028.2	2269.2	11372.5
27907	2029.3	2250.4	11335.7
22332	2034.7	2237.0	11315.3
3391	2052.4	2333.6	11636.4
29356	2025.0	2227.5	11218.4
26374	2022.8	2212.6	11225.9
667	2025.4	2275.7	11217.2
738	2046.8	2288.5	11517.3
12886	2024.8	2303.9	11401.9
24692	2033.9	2258.3	11502.7
21475	2045.1	2255.9	11529.9
29198	2047.8	2307.4	11528.7
24450	2054.1	2375.3	11753.3
3323	2042.2	2259.8	11482.7
12273	2033.0	2233.4	11434.4
9990	2035.4	2273.4	11327.6
24633	2022.1	2218.1	11235.5
19373	2027.2	2209.1	11200.2
23311	2036.4	2228.8	11376.1
5589	2039.8	2334.2	11482.5
6003	2037.7	2255.1	11402.9
3870	2037.3	2252.2	11508.6
15170	2023.7	2267.4	11238.7
26189	2029.7	2257.8	11280.5
12246	2033.9	2276.3	11401.2
26345	2031.4	2245.1	11292.8
11433	2017.2	2267.2	11217.6
27237	2032.6	2249.7	11412.3
19041	2027.2	2239.6	11237.1
5529	2026.9	2264.3	11262.1
13340	2029.6	2265.7	11249.1
6930	2032.2	2323.0	11612.2
20473	2033.1	2263.0	11326.2
8240	2030.4	2296.4	11328.7
23799	2037.7	2231.5	11336.8
18583	2043.9	2292.4	11581.3
27850	2033.9	2231.3	11258.0
11339	2027.4	2236.5	11356.0
18876	2031.4	2276.4	11301.2
20737	2041.7	2286.3	11403.1
3311	2030.2	2304.4	11370.7
19245	2029.1	2224.1	11258.6
23125	2045.0	2291.9	11498.5
10668	2043.4	2316.9	11609.8
29599	2034.2	2276.4	11328.2
22326	2022.3	2264.4	11184.2
4337	2040.6	2366.6	11572.5
7255	2041.6	2304.3	11325.3
22375	2026.1	2264.5	11269.7
27574	2028.3	2301.3	11230.6
21129	2033.7	2318.7	11385.4
24922	2037.4	2310.6	11355.0
2404	2039.3	2356.4	11490.4
7448	2038.8	2305.9	12023.7
15179	2033.6	2270.3	11488.8
22011	2020.6	2252.7	11194.3
15716	2025.2	2268.3	11343.3
25639	2043.7	2302.9	11508.5
15147	2036.3	2343.0	11676.5
7037	2036.3	2310.8	11441.4
16158	2025.7	2260.4	11144.7
1740	2023.3	2254.1	11298.0
8914	2036.9	2231.6	11431.6
28485	2029.0	2257.3	11202.1
50	2031.8	2240.2	11334.8
16256	2037.0	2332.3	11345.4
2328	2016.2	2268.9	11133.1
16975	2034.2	2305.3	11482.9
5180	2024.3	2271.6	11226.9
16313	2031.2	2262.7	11313.9
7262	2039.4	2296.0	11405.4
20775	2041.4	2318.9	11493.7
26159	2027.8	2239.5	11207.5
3751	2045.2	2325.7	11522.8
29824	2039.2	2256.1	11298.0
18722	2019.6	2309.0	11313.9
20997	2036.9	2298.7	11598.6
29353	2030.2	2269.6	11252.0
2878	2049.9	2259.1	11530.4
4822	2039.2	2275.3	11345.4
15052	2035.4	2288.0	11370.0
5558	2024.5	2281.4	11300.4
13723	2020.4	2273.2	11242.0
16609	2017.6	2298.2	11301.0
24385	2027.4	2276.5	11340.7
6527	2039.8	2310.2	11478.6
21740	2026.3	2321.0	11462.2
27041	2030.3	2265.9	11850.9
24245	2040.7	2319.8	11548.7
25497	2033.4	2232.8	11273.3
9171	2036.6	2311.6	11454.0
21059	2040.3	2356.2	11556.5
11909	2028.6	2259.3	11378.3
26464	2038.2	2278.0	11332.7
27570	2037.3	2250.0	11312.7
20186	2031.2	2278.2	11539.5
15946	2033.6	2299.1	11598.4
29486	2021.0	2196.3	11084.9
3576	2034.5	2319.7	11422.9
25921	2031.0	2309.6	11529.7
4508	2030.5	2301.0	11369.8
5769	2035.4	2290.8	11564.9
7025	2047.3	2291.7	11521.6
9903	2029.7	2268.1	11357.8
23770	2038.2	2234.8	11354.9
1849	2038.9	2273.7	11440.1
13507	2026.0	2221.9	11340.7
15533	2032.7	2327.5	11440.0
6464	2030.4	2264.6	11250.1
3678	2046.6	2247.7	11504.5
2873	2028.4	2224.7	11322.4
28302	2028.8	2284.1	11326.0
15157	2031.9	2288.9	11419.8
29279	2034.2	2295.0	11392.7
7897	2032.6	2345.1	11463.6
21551	2037.6	2308.2	11473.7
25468	2038.5	2253.4	11479.7
8946	2021.9	2281.0	11259.2
4804	2030.0	2286.4	11453.2
942	2036.1	2319.3	11503.8
13846	2037.5	2314.8	11526.6
10173	2027.0	2284.9	11355.4
6429	2024.4	2260.8	11217.4
22949	2031.9	2284.6	11400.9
25553	2037.1	2291.5	11356.2
18437	2028.3	2259.5	11333.6
28543	2038.6	2255.8	11398.2
19048	2038.4	2318.7	11461.5
25417	2039.9	2292.6	11447.7
263	2022.5	2243.6	11226.1
26115	2030.7	2221.5	11142.3
15210	2026.2	2258.5	11184.5
15471	2035.6	2349.6	11413.2
289	2017.7	2290.2	11150.9
7292	2025.0	2303.8	11345.1
19904	2042.3	2288.9	11425.7
14483	2035.7	2284.0	11386.9
23174	2032.1	2276.5	11304.8
5662	2038.2	2296.4	11465.3
14362	2030.6	2247.9	11297.2
4720	2039.8	2313.7	11460.1
14847	2039.1	2300.4	11490.3
29225	2012.4	2196.5	11036.1
11545	2014.3	2244.1	11159.2
15103	2030.6	2286.8	11433.9
19900	2034.2	2248.6	11342.7
11605	2043.9	2273.6	11421.7
3129	2022.7	2252.0	11157.4
7456	2038.3	2302.7	11336.9
20784	2042.2	2283.6	11422.7
25603	2039.2	2274.2	11326.2
24170	2032.1	2293.7	11495.9
11356	2038.4	2298.7	11521.5
5310	2024.2	2274.5	11284.4
6451	2031.2	2258.1	11294.6
21315	2033.2	2301.5	11525.5
26819	2032.0	2265.0	11333.8
8965	2031.9	2270.3	11389.7
10401	2028.0	2267.2	11307.1
21561	2022.2	2231.2	11200.4
9347	2028.6	2250.8	11197.9
21389	2028.8	2310.3	11416.8
20841	2025.8	2319.3	11323.4
245	2008.7	2218.3	11018.1
94	2026.0	2287.6	11379.9
21850	2034.6	2296.8	11390.0
26346	2039.3	2309.1	11480.1
10650	2025.5	2240.9	11314.0
8757	2032.0	2225.7	11162.4
774	2037.0	2318.8	11540.8
26667	2038.2	2271.3	11467.2
18752	2033.0	2330.2	11701.2
10596	2039.3	2267.7	11474.6
18748	2036.1	2275.1	11366.2
9724	2025.9	2260.9	11299.6
15042	2023.0	2247.6	11227.3
16336	2036.0	2259.2	11273.8
21905	2023.4	2273.8	11287.0
4175	2029.8	2271.1	11237.5
13102	2035.8	2262.7	11320.8
20052	2031.5	2303.9	11433.5
29537	2017.8	2242.1	11302.1
23290	2014.3	2229.8	11064.8
29745	2036.7	2300.2	11411.3
8989	2029.8	2288.6	11385.2
24392	2035.4	2270.7	11433.6
11133	2034.8	2344.5	11580.7
446	2033.2	2214.6	11306.4
8658	2042.0	2346.2	11655.7
19563	2029.7	2241.0	11295.1
24135	2016.7	2280.5	11032.6
10885	2028.8	2267.8	11378.3
27732	2026.1	2286.1	11337.5
6169	2018.6	2266.3	11222.6
25774	2032.7	2292.9	11354.4
16152	2035.7	2290.5	11323.8
25676	2015.8	2272.0	11286.9
6194	2015.0	2227.7	11177.9
18266	2025.8	2245.7	11278.7
29385	2036.8	2314.7	11521.6
13379	2030.2	2294.7	11423.0
29495	2023.3	2234.7	11166.0
23793	2020.3	2322.1	11308.3
24615	2036.8	2285.5	11309.3
13678	2026.4	2217.0	11164.6
13738	2032.6	2253.6	11303.1
17932	2042.0	2314.3	11525.5
804	2045.0	2361.7	11675.1
21495	2016.8	2258.0	11202.7
28760	2027.8	2212.1	11106.8
20062	2020.4	2256.8	11175.4
9650	2038.6	2278.5	11465.1
16371	2028.9	2355.3	11579.6
12132	2019.2	2242.5	11254.6
2207	2046.7	2346.1	11666.0
27994	2029.3	2272.7	11233.3
557	2028.6	2287.2	11260.8
2509	2022.4	2272.4	11303.1
17968	2019.6	2276.7	11372.8
14203	2046.5	2296.2	11490.7
3449	2029.0	2240.2	11212.7
6891	2041.6	2354.8	11518.4
9138	2030.6	2261.2	11334.7
16507	2033.8	2281.9	11540.4
27259	2030.4	2303.8	11510.6
18365	2020.6	2272.9	11323.0
19455	2028.9	2246.6	11306.3
19182	2034.5	2235.4	11381.2
29974	2029.4	2219.3	11200.6
28153	2033.5	2263.0	11325.7
17804	2030.2	2269.3	11359.4
23353	2028.4	2267.6	11413.2
16950	2029.3	2283.2	11280.4
17550	2020.7	2242.4	11331.8
4750	2031.7	2256.7	11255.3
16991	2030.3	2277.7	11338.4
15030	2033.8	2292.1	11344.3
26202	2041.1	2263.5	11473.0
2349	2011.8	2231.8	11216.5
15130	2018.3	2267.4	11372.7
591	2032.4	2252.3	11238.1
28788	2030.5	2333.9	11317.0
15182	2032.0	2284.9	11429.1
23877	2029.7	2309.5	11306.0
4773	2041.8	2283.9	11450.2
22289	2032.8	2261.6	11340.8
5082	2031.7	2333.7	11396.4
18946	2021.8	2229.6	11129.1
20207	2016.6	2217.3	11196.8
25732	2031.6	2273.2	11368.0
3223	2041.4	2296.1	11441.0
21508	2035.4	2315.5	11546.7
11679	2009.3	2222.7	11046.7
13872	2031.6	2268.8	11309.6
6606	2029.5	2301.7	11377.8
20889	2029.3	2276.8	11305.3
27756	2029.1	2312.2	11412.5
7180	2035.7	2237.4	11197.5
17714	2029.5	2249.5	11338.9
5902	2038.7	2253.7	11655.4
15173	2021.2	2284.6	11471.9
12116	2011.8	2245.9	11196.4
12940	2020.8	2259.9	11255.3
17058	2027.0	2282.0	11425.2
18620	2022.6	2243.2	11190.7
25155	2025.6	2267.8	11233.5
24764	2013.4	2250.1	11174.5
8017	2041.3	2333.3	11641.9
26638	2036.2	2246.4	11413.9
7136	2030.4	2248.7	11276.1
23378	2038.8	2287.8	11379.3
22335	2039.1	2303.1	11422.8
5349	2037.9	2291.6	11390.7
3123	2034.7	2318.1	11706.5
11234	2022.5	2226.8	11240.9
253	2035.5	2267.8	11306.2
23073	2023.5	2250.2	11368.5
24803	2015.2	2281.9	11325.8
15479	2025.7	2257.0	11176.4
23349	2031.5	2265.1	11450.4
16356	2027.4	2316.9	11524.8
508	2015.2	2246.8	11116.6
14953	2027.5	2251.2	11322.2
16920	2030.2	2298.6	11258.2
23283	2034.9	2310.1	11401.5
7273	2025.0	2300.0	11211.0
11854	2033.0	2284.6	11362.3
