13230	1332.6	1602.4	5909.1
23714	1355.1	1635.2	6229.1
1520	1352.1	1629.8	6216.1
3711	1338.3	1569.8	6004.1
25888	1344.0	1592.3	5920.8
32008	1344.2	1524.4	5829.0
34338	1343.0	1599.4	6015.8
22520	1348.7	1615.7	6023.6
17302	1344.7	1626.2	6197.3
32414	1327.6	1546.4	5816.5
31192	1340.1	1555.0	5830.0
6669	1328.5	1566.8	5771.4
4465	1342.6	1558.2	5925.0
18545	1343.3	1531.0	5889.7
17628	1337.4	1591.0	5889.6
24905	1343.5	1564.1	5955.8
14140	1355.9	1614.3	6105.3
27396	1349.6	1628.3	6086.4
5059	1333.4	1537.5	5774.9
8746	1350.5	1617.6	6095.7
10141	1336.6	1548.6	5870.5
11049	1340.8	1622.2	6024.7
9330	1342.3	1565.0	6020.0
10793	1336.5	1532.1	5856.9
21241	1344.6	1602.5	6083.9
2537	1343.2	1571.3	5936.6
27136	1335.6	1552.1	5908.8
28493	1340.7	1571.0	5982.8
4778	1348.9	1610.9	6005.3
23390	1341.3	1572.2	5931.6
15756	1347.0	1576.6	6045.9
12701	1343.6	1550.4	5922.5
22360	1350.2	1625.2	6234.1
6678	1338.7	1587.9	5965.5
22099	1337.7	1620.3	6293.8
27973	1333.2	1617.5	5947.9
10016	1334.3	1556.3	5975.6
2947	1352.9	1602.9	6192.1
20892	1335.4	1598.7	5835.5
27019	1340.9	1601.6	5981.6
25200	1342.0	1569.3	5913.4
16964	1350.9	1613.2	6126.4
14157	1338.1	1613.9	5998.3
30308	1334.9	1566.1	5864.7
12749	1339.6	1599.8	6145.6
12244	1349.0	1608.5	6002.1
158	1353.7	1583.8	5947.1
23502	1336.7	1586.2	5871.6
30544	1333.1	1625.9	6137.1
26222	1335.6	1532.5	5804.7
17896	1328.3	1491.7	5692.6
27130	1358.2	1643.1	6214.5
11186	1336.9	1555.1	5844.4
21033	1357.7	1654.8	6246.1
645	1335.3	1530.7	5825.3
10100	1343.0	1538.9	5897.2
6764	1357.7	1604.7	6171.5
20306	1348.9	1607.5	6138.0
16366	1346.5	1634.5	6416.1
16259	1345.4	1639.0	6011.4
7449	1336.6	1623.8	6631.4
29292	1337.1	1554.8	5934.0
32592	1350.3	1623.0	6119.5
13173	1344.9	1550.0	5890.3
1343	1337.3	1587.8	5903.8
19302	1335.0	1549.3	5941.2
12052	1346.4	1580.6	6381.3
22928	1347.9	1622.8	6126.2
30199	1326.8	1576.7	5794.3
32157	1334.6	1556.0	5895.7
12341	1343.7	1589.1	5995.7
297	1331.4	1549.3	5865.5
15353	1345.4	1623.0	6047.5
574	1341.2	1571.5	5989.4
7415	1342.3	1569.2	5819.7
22177	1342.0	1546.6	5888.9
19042	1346.1	1608.5	6064.7
7563	1348.1	1579.0	6058.3
33451	1335.0	1510.1	5743.9
5763	1344.6	1576.9	6016.7
30265	1338.3	1587.5	6118.1
26696	1338.0	1546.9	6022.4
13144	1345.2	1604.6	6066.7
3797	1345.4	1629.0	6134.0
9511	1344.4	1579.5	6047.0
20051	1344.9	1578.8	5988.3
5353	1334.1	1590.2	5948.7
8786	1338.1	1570.7	5856.0
26041	1343.4	1615.3	6028.8
4030	1332.2	1567.4	5869.7
13926	1342.3	1598.0	5936.9
24544	1339.3	1606.4	5983.0
19303	1339.8	1582.5	5965.9
1929	1330.8	1518.6	5757.4
12833	1340.7	1583.3	6069.2
27378	1340.6	1575.1	5970.4
3691	1336.8	1586.0	5911.0
7758	1340.4	1562.5	5857.0
27562	1339.4	1532.3	5893.6
24202	1330.0	1518.8	5790.1
4406	1333.4	1579.8	5813.8
9184	1345.7	1592.3	6208.6
15974	1336.0	1601.1	5975.0
32138	1339.4	1555.9	5872.0
1360	1344.0	1617.9	6081.4
16692	1339.9	1588.6	5914.1
30331	1339.9	1560.3	5851.4
28604	1351.1	1648.6	6183.8
5034	1333.9	1590.8	5936.1
238	1334.9	1620.6	5954.0
3340	1345.1	1577.7	6040.2
22539	1342.2	1554.4	5948.8
9320	1347.5	1610.6	5978.4
18786	1341.0	1595.3	5852.0
9533	1340.5	1544.6	5902.6
26549	1340.8	1552.5	5918.1
20802	1331.6	1598.3	5934.8
3019	1337.4	1579.5	5944.6
11480	1337.2	1532.2	5986.7
20943	1342.7	1573.4	5940.2
14516	1336.1	1553.7	5917.8
27205	1343.3	1579.9	5963.3
8793	1337.1	1621.8	6046.8
30456	1342.1	1584.8	5965.8
12798	1344.5	1620.1	5973.0
10295	1332.4	1590.4	5835.2
9008	1346.2	1600.8	5926.1
32860	1355.7	1613.1	6243.2
243	1337.6	1594.3	5922.5
18056	1343.9	1598.2	6001.2
33387	1346.2	1576.6	6112.7
16698	1351.7	1606.4	6040.4
6483	1342.1	1589.5	5969.8
19738	1339.4	1575.4	5889.5
15852	1338.3	1538.7	5960.1
33265	1336.3	1533.4	5822.4
32814	1349.3	1558.4	6096.5
27149	1344.8	1620.6	6021.1
32739	1337.5	1548.6	5924.7
4244	1335.6	1553.3	6047.9
4233	1331.6	1486.1	5736.8
34992	1338.7	1582.1	6070.0
2498	1348.2	1647.8	6215.6
1829	1335.2	1538.9	5898.0
10285	1343.4	1530.2	5992.7
32980	1344.7	1581.6	5997.4
2965	1332.7	1564.5	5787.9
23624	1344.4	1615.1	6028.0
19140	1345.6	1578.4	5973.5
5307	1350.4	1609.6	6095.3
12085	1343.8	1570.7	5950.3
4481	1345.3	1568.2	6065.1
17486	1354.2	1653.0	6376.8
1276	1352.8	1631.6	6152.0
12266	1345.7	1611.0	5981.8
16549	1330.7	1564.9	5823.4
4797	1340.2	1578.2	5932.1
10221	1340.0	1583.7	5948.4
9148	1345.2	1591.4	6011.3
20027	1335.9	1625.9	5990.6
15339	1342.4	1555.3	5924.8
13505	1355.8	1661.6	6253.7
19266	1342.5	1560.5	5986.4
17012	1352.0	1612.3	6505.9
26032	1342.5	1647.8	6456.0
11197	1346.0	1592.9	6212.9
32511	1345.5	1556.3	6003.3
9638	1351.5	1616.3	6245.5
20574	1351.4	1644.1	6109.0
12611	1339.9	1590.5	5994.5
16199	1345.5	1625.7	6080.1
13039	1341.2	1594.3	6055.2
2709	1342.4	1611.7	6065.8
16779	1337.8	1551.3	5852.0
27110	1340.2	1606.9	6042.6
31831	1337.4	1597.7	5922.4
4610	1336.8	1581.5	5946.5
9785	1342.7	1617.6	6102.5
66	1351.8	1593.4	6109.8
12660	1335.7	1598.4	5948.9
8548	1344.8	1634.2	6732.1
23486	1342.0	1570.3	5985.5
23491	1341.9	1620.0	5990.7
27098	1360.6	1615.9	6322.2
6583	1352.9	1631.4	6150.2
1133	1343.5	1633.1	6138.2
27566	1347.3	1624.4	6058.2
2351	1335.5	1601.9	5976.8
34493	1338.7	1566.3	5889.4
2951	1335.2	1570.0	5885.7
27236	1340.0	1534.4	5972.4
33730	1350.6	1632.6	6275.7
14999	1356.5	1604.9	6148.6
18548	1335.8	1560.5	5865.4
17036	1349.6	1583.7	6070.9
21529	1349.5	1651.8	6489.5
26664	1340.0	1604.1	6083.6
8869	1344.1	1615.4	6078.6
22633	1346.1	1564.8	5993.7
3630	1343.2	1573.2	5958.3
17383	1345.8	1599.1	6010.2
31539	1345.2	1581.5	6012.7
5635	1338.5	1579.4	5882.5
26954	1335.5	1529.1	5911.5
27313	1343.5	1575.0	5885.2
8782	1344.2	1612.8	6057.3
25693	1328.1	1554.7	5988.6
31293	1344.0	1590.2	6023.6
22623	1341.1	1584.6	6076.3
3512	1339.2	1659.1	6053.3
12682	1343.2	1577.3	6027.3
32308	1341.7	1623.1	6016.1
8862	1331.1	1564.3	5871.1
16352	1345.9	1618.5	6013.3
13651	1341.6	1640.5	6070.8
699	1338.6	1586.1	6004.6
10489	1340.0	1564.6	5895.2
12517	1344.0	1610.6	6240.1
26068	1339.2	1533.2	5980.3
31175	1335.6	1612.3	6157.4
10360	1347.1	1563.3	5881.9
21615	1329.4	1568.2	5977.8
29719	1340.3	1577.7	5987.6
6240	1346.0	1589.7	6017.0
9634	1338.3	1553.3	5943.6
9793	1349.6	1618.7	6029.6
32028	1340.4	1625.2	5943.6
28538	1346.5	1650.1	6131.4
34123	1343.6	1567.5	6069.8
24317	1331.8	1535.6	5747.6
32810	1339.3	1582.1	6008.9
19703	1342.5	1620.0	5944.5
21568	1329.5	1536.1	5848.5
20655	1330.4	1540.3	5769.4
24266	1342.6	1550.6	5903.9
5769	1341.2	1612.8	6164.0
2355	1348.6	1601.9	6055.2
13699	1350.4	1624.7	6096.0
23451	1337.4	1600.9	6111.8
33939	1334.9	1620.7	5941.2
32768	1345.0	1621.8	6058.8
13599	1350.7	1578.7	6067.6
29987	1323.3	1517.5	5705.6
33093	1348.5	1636.0	6085.2
26499	1344.0	1587.7	6066.7
29636	1336.8	1550.5	5973.2
15533	1351.4	1664.6	6141.5
5261	1336.6	1523.0	5742.8
3931	1344.8	1570.5	6097.1
8099	1348.7	1631.5	6139.7
13982	1328.3	1540.9	5674.3
5348	1357.4	1617.5	6163.7
15293	1331.6	1567.7	5924.4
4851	1344.4	1546.1	5935.2
27644	1338.2	1580.2	5971.8
11036	1352.7	1593.4	6018.0
8924	1351.2	1610.0	6199.2
9392	1340.6	1643.6	6137.1
27852	1349.2	1661.0	6230.8
2696	1332.6	1547.1	5925.6
20637	1346.4	1582.9	6162.9
14762	1345.7	1602.5	6166.0
31647	1351.6	1610.2	6166.2
4629	1342.0	1614.8	5991.1
19467	1339.9	1622.4	6132.6
5187	1339.8	1572.3	5908.6
6831	1340.7	1626.4	6067.1
18808	1359.0	1672.8	6280.7
15075	1349.3	1612.3	6067.3
10075	1339.1	1612.1	6123.7
12131	1336.7	1570.4	6034.1
23245	1337.8	1589.5	5926.9
23107	1333.7	1555.0	5867.0
15080	1346.0	1582.9	6011.0
21377	1333.5	1594.5	5754.4
10134	1339.7	1581.8	5965.2
13596	1342.5	1577.2	5990.3
23162	1340.5	1623.5	5983.1
25520	1345.4	1577.1	5963.9
2904	1334.4	1531.7	5825.4
20243	1339.1	1606.6	6001.4
34743	1359.7	1686.7	6289.9
8007	1335.0	1564.7	5834.8
34693	1342.6	1574.3	6001.8
18452	1343.2	1564.1	5932.1
33831	1342.3	1588.0	6018.7
9532	1342.9	1607.5	6072.5
6202	1349.1	1604.9	6140.1
27263	1339.2	1540.1	5867.2
17038	1345.0	1585.5	5959.6
6637	1343.2	1649.1	6135.7
8656	1336.7	1629.1	5984.2
6129	1339.3	1572.0	5841.3
12657	1338.3	1591.2	5937.5
3619	1345.2	1560.3	5915.0
14735	1342.6	1611.4	6020.4
10488	1347.2	1616.6	6390.4
30588	1349.0	1589.6	6096.6
8217	1320.9	1526.4	5853.4
26768	1340.8	1570.9	5920.3
12201	1339.7	1578.8	5851.0
2298	1346.8	1609.7	5968.3
14862	1334.4	1572.0	6085.9
31239	1340.4	1594.3	5996.8
22213	1344.1	1590.8	5936.3
20492	1339.9	1569.2	6083.9
20832	1351.5	1541.3	6029.2
31012	1328.3	1560.6	5862.5
2119	1348.4	1616.2	6116.9
25838	1352.8	1655.8	6233.3
25633	1354.7	1633.3	6179.3
29991	1330.3	1547.6	5758.7
6088	1335.6	1588.1	6050.1
22832	1334.9	1582.4	5833.1
16845	1349.2	1609.8	6096.1
27927	1362.9	1633.2	6304.3
11573	1351.3	1594.9	6039.4
23864	1334.3	1572.2	6010.5
5605	1345.4	1593.3	6016.5
4512	1339.2	1592.4	6124.8
5454	1354.8	1664.6	6236.9
21063	1352.8	1567.8	6019.8
19270	1349.3	1570.7	6052.6
19546	1344.2	1600.6	6058.7
7987	1337.7	1582.9	5948.2
11855	1340.4	1534.0	5878.4
6962	1343.8	1569.9	5962.2
21213	1341.1	1572.9	5923.1
15144	1348.2	1662.0	6128.9
32560	1355.9	1637.9	6454.6
32456	1337.6	1524.8	5927.2
7811	1348.7	1580.8	6005.5
27251	1354.6	1618.9	6272.4
1172	1337.1	1585.6	5990.2
25523	1346.0	1573.0	6064.8
21136	1347.7	1625.2	6227.0
10491	1332.5	1610.7	6238.3
30974	1342.1	1593.2	5908.8
24823	1346.5	1630.2	6468.3
342	1348.3	1627.1	6117.1
4276	1341.5	1642.6	6175.9
282	1337.2	1599.5	6094.6
19816	1342.2	1596.4	6067.9
18300	1339.4	1575.2	5955.4
14582	1342.1	1607.0	6014.5
11702	1341.4	1526.9	5838.0
23394	1346.8	1599.9	6018.5
2292	1347.2	1572.9	6172.2
22906	1333.1	1568.7	5857.7
22563	1344.0	1551.6	6032.5
3072	1341.2	1568.1	5955.8
33332	1341.6	1585.5	5968.1
4666	1346.5	1628.5	6296.6
18008	1330.6	1582.6	5895.9
4360	1330.5	1584.9	5988.2
23790	1334.0	1514.5	5849.2
24886	1350.3	1608.5	6293.1
622	1353.1	1574.8	6097.6
6504	1360.5	1599.0	6336.3
15556	1332.2	1533.4	5763.8
8739	1345.4	1577.6	5866.4
10811	1339.6	1555.7	5949.2
33940	1343.3	1559.2	5890.3
28351	1331.9	1577.0	5818.5
9565	1343.2	1627.2	6044.6
34026	1339.2	1560.1	5951.1
322	1333.8	1586.7	5785.9
4715	1337.7	1592.6	5935.6
1227	1341.3	1545.8	6004.7
9161	1337.9	1575.0	5827.0
29897	1350.1	1655.3	6226.8
18619	1354.6	1635.8	6158.4
20482	1336.5	1578.5	5866.9
15282	1346.3	1611.2	6202.4
5293	1332.6	1556.7	5854.3
18792	1347.4	1626.6	6108.9
30244	1345.1	1567.8	5937.7
14821	1333.7	1530.9	5834.0
21032	1340.7	1561.2	5936.0
5029	1336.2	1558.4	5847.0
919	1340.1	1567.6	5874.3
10259	1333.0	1497.1	5819.0
34027	1336.9	1566.8	5955.2
24421	1345.3	1616.6	6119.8
17404	1344.4	1565.9	5848.1
3683	1336.4	1567.6	5955.7
8318	1334.5	1598.5	5905.5
34679	1340.4	1513.2	5902.1
19131	1342.7	1598.7	5985.9
13912	1343.6	1544.7	6014.3
32856	1328.9	1516.4	5677.5
25206	1344.8	1546.8	5967.6
2057	1338.2	1580.5	5939.7
18033	1345.5	1610.8	6129.9
22063	1348.8	1578.8	5971.5
4252	1333.5	1572.8	5894.0
22013	1341.5	1560.9	5906.6
32360	1346.9	1622.0	6066.8
13059	1354.4	1621.9	6400.8
7674	1339.2	1601.2	5894.1
1208	1337.4	1610.1	5910.1
14541	1345.7	1589.4	6025.0
31691	1331.7	1592.9	5942.3
20611	1342.1	1598.1	5963.9
33935	1332.1	1531.1	5768.5
6177	1339.7	1548.9	5922.2
9931	1346.0	1609.2	5980.8
3225	1344.8	1566.1	6139.6
19753	1353.2	1669.8	6158.8
29483	1343.1	1610.5	6016.7
34800	1340.6	1539.4	5855.5
21153	1342.4	1607.7	6360.9
33006	1340.8	1612.3	6088.9
16955	1339.9	1569.7	5899.3
7770	1361.8	1642.9	6596.2
11733	1348.9	1578.2	6073.1
16905	1340.9	1569.6	6037.0
31418	1338.6	1583.6	5901.4
10045	1352.4	1624.8	6118.3
12519	1348.7	1617.9	6079.9
24566	1347.0	1551.0	5990.8
29490	1341.9	1615.8	6018.3
22619	1350.0	1599.9	6120.3
14253	1347.9	1616.7	6199.0
22660	1336.9	1615.8	6053.2
3652	1343.1	1603.2	6108.2
4857	1339.5	1599.4	6033.4
21563	1335.5	1562.1	5926.7
27924	1359.0	1623.7	6307.0
27825	1336.6	1545.7	5895.0
127	1326.5	1563.0	5752.5
5995	1353.6	1637.0	6157.4
20351	1335.8	1534.0	5870.8
1495	1336.0	1528.5	5785.9
19190	1343.3	1603.1	6015.3
4122	1347.5	1604.7	6047.7
29918	1347.0	1561.2	6220.7
2876	1341.5	1562.3	5965.7
21962	1331.9	1539.3	5807.5
22659	1352.2	1639.9	6258.4
25623	1348.7	1572.5	5942.4
24471	1338.5	1584.2	5989.1
16256	1344.1	1620.5	5976.7
21357	1344.3	1610.8	6159.6
22642	1351.3	1609.7	6240.0
23221	1346.3	1573.1	5942.8
33581	1332.5	1532.0	5851.7
7695	1349.0	1616.7	6294.4
11489	1335.8	1547.1	5851.1
25684	1340.4	1607.6	5979.6
7070	1337.7	1528.6	5732.2
18990	1349.3	1604.9	6029.6
29965	1344.6	1580.4	5989.7
33826	1347.4	1613.9	6033.5
33499	1324.2	1536.9	5724.2
25210	1341.2	1567.3	5879.2
26360	1346.2	1550.6	5928.7
14849	1343.3	1566.8	6043.4
16643	1335.2	1582.9	5924.3
2893	1339.0	1600.4	5971.1
10653	1339.5	1563.5	5937.5
24254	1342.6	1607.5	6010.6
19716	1347.5	1607.8	6128.7
12490	1336.5	1549.3	5841.8
15788	1349.4	1624.1	6393.1
3413	1327.4	1527.5	5732.8
31054	1350.7	1618.8	6119.0
8503	1331.6	1544.2	5765.0
13734	1338.3	1547.7	5915.8
29423	1347.2	1605.3	6072.1
27354	1345.0	1556.8	5982.1
1211	1350.1	1622.9	6099.2
13936	1347.8	1599.3	6073.6
30770	1341.7	1542.1	6110.0
12388	1344.8	1653.0	6130.1
18012	1356.5	1622.0	6337.4
9449	1343.4	1568.0	5893.3
15918	1332.1	1560.1	5945.1
22641	1346.5	1609.7	6228.2
14103	1339.6	1512.2	5877.2
30235	1350.2	1591.1	6047.8
2496	1353.4	1618.2	6051.2
1252	1338.9	1604.9	5874.7
23690	1353.1	1614.8	6136.4
5323	1329.1	1552.4	5753.6
14312	1337.8	1599.5	5941.9
8237	1342.6	1608.9	6106.7
9779	1341.0	1570.3	5878.6
25749	1341.5	1548.9	5957.3
15978	1337.1	1531.7	5930.8
16840	1352.1	1594.9	6136.7
30895	1348.9	1585.4	6075.1
14790	1345.6	1566.3	6038.3
24278	1344.1	1590.0	6098.7
15458	1342.1	1551.5	5877.7
25971	1343.5	1602.5	6066.0
24484	1341.4	1546.3	5940.4
28072	1337.9	1608.5	6215.6
5018	1347.6	1578.4	6139.7
9263	1336.3	1615.9	5967.0
28669	1355.2	1606.9	6349.8
24611	1329.2	1539.3	5914.8
9407	1344.6	1584.2	5986.5
26297	1346.1	1630.7	6099.4
10834	1331.1	1504.3	5784.8
32268	1335.1	1579.2	5892.0
4544	1350.7	1638.5	6184.0
24208	1352.8	1671.9	6304.7
23445	1333.4	1581.5	5872.5
22195	1347.9	1649.9	6101.6
34051	1341.8	1561.2	5980.5
7735	1340.8	1550.7	5882.7
8977	1351.9	1597.8	6125.5
30745	1347.6	1592.7	6026.2
15257	1364.1	1610.8	6375.3
27769	1340.4	1582.6	6080.5
14786	1330.6	1547.5	5892.2
1048	1344.1	1570.3	6055.9
18	1340.0	1596.8	5891.3
11314	1340.9	1640.8	6050.7
28928	1346.1	1593.9	6043.0
8613	1340.9	1612.0	5982.9
25797	1340.3	1578.7	5991.6
6369	1341.4	1620.9	5911.8
6627	1358.0	1622.8	6277.5
3542	1337.2	1580.2	5916.2
21000	1348.2	1578.0	6184.7
9642	1332.3	1587.7	5845.3
18119	1339.5	1608.8	6046.5
11531	1342.3	1625.8	6127.1
16721	1338.8	1581.6	5960.9
9253	1337.2	1535.1	5850.4
24365	1332.0	1564.1	5820.6
15947	1338.1	1515.2	5739.7
16815	1337.0	1546.6	5799.7
26132	1335.4	1585.5	5976.2
14341	1346.2	1608.2	6092.0
2334	1330.1	1540.9	5819.5
11343	1347.4	1586.0	5997.9
32707	1354.7	1607.4	6136.8
33326	1326.4	1540.6	5783.9
25944	1346.9	1592.2	6074.7
24272	1341.8	1559.0	6023.9
24425	1340.7	1567.8	5933.6
18644	1338.5	1624.4	6009.2
16192	1341.2	1576.3	6027.9
22326	1339.3	1579.1	5876.6
29121	1341.0	1574.1	6066.0
30463	1338.1	1601.7	5890.1
14125	1339.1	1563.4	5824.8
18962	1342.8	1575.7	6057.4
33205	1343.1	1524.1	5856.0
22711	1343.4	1586.7	6020.9
7301	1336.7	1582.0	5967.2
29935	1345.7	1576.0	5942.9
31399	1339.4	1556.8	5865.7
6922	1331.4	1567.6	5794.4
18692	1343.2	1580.4	5945.3
17741	1343.9	1578.6	6175.5
12271	1332.2	1584.1	5866.5
24746	1341.4	1576.2	5996.6
20175	1354.2	1610.1	6221.7
14842	1341.0	1605.5	6055.8
11525	1346.2	1618.4	6074.4
34790	1345.0	1514.2	5927.6
6245	1350.1	1656.7	6367.0
5183	1353.8	1614.4	6212.1
14801	1337.5	1571.2	5920.4
2840	1345.4	1599.3	5957.1
1839	1326.6	1582.2	5724.3
21595	1339.1	1561.3	5897.8
10634	1338.9	1558.9	5864.9
15108	1351.0	1600.4	6019.6
4885	1343.8	1596.5	6040.1
21829	1345.9	1583.5	6044.4
28977	1352.6	1660.2	6248.3
29052	1345.5	1536.3	5892.3
23889	1344.5	1574.2	6011.7
4945	1332.3	1573.8	5868.3
29031	1348.5	1629.5	6040.5
4215	1337.8	1561.7	5933.3
9820	1346.1	1614.9	6066.2
24111	1346.2	1618.6	6113.8
8749	1336.8	1586.7	5897.3
20421	1335.4	1564.5	5783.6
13300	1333.8	1569.8	5914.6
19241	1346.2	1579.1	6139.8
13671	1336.6	1599.0	5862.1
9510	1340.7	1614.5	5937.6
33379	1335.1	1542.0	5783.6
30038	1351.7	1623.2	6119.3
15679	1344.2	1587.6	6050.3
1401	1330.8	1577.8	5788.7
11241	1350.5	1544.2	5936.3
15827	1341.3	1588.1	5960.8
4518	1339.4	1549.9	5885.2
7106	1346.0	1603.1	5949.3
2314	1337.0	1560.0	5810.9
227	1346.3	1610.7	5940.6
14466	1333.9	1564.7	5850.7
29671	1349.8	1628.4	6146.0
19536	1344.7	1587.1	5967.4
11270	1330.4	1533.1	5852.4
882	1350.5	1609.2	6054.8
23001	1341.5	1560.8	5906.9
15251	1343.6	1604.1	6108.6
26773	1347.0	1585.8	6050.1
4333	1343.5	1633.1	6245.6
25393	1323.7	1551.8	5677.1
32845	1330.5	1536.2	5818.8
34875	1347.6	1616.5	6025.3
5609	1349.3	1609.7	6044.8
33892	1336.4	1570.0	5861.1
14189	1339.9	1617.3	5936.1
2855	1356.8	1627.1	6150.3
34185	1343.1	1571.6	5957.5
23673	1341.6	1526.6	5912.0
32378	1338.2	1569.6	5894.6
25959	1333.6	1537.8	5813.7
14878	1339.3	1569.3	5883.2
18997	1336.6	1574.6	5986.8
31914	1353.7	1625.4	6154.0
20746	1335.2	1574.6	5859.9
13078	1336.0	1535.2	5806.8
133	1338.9	1629.4	5999.7
29497	1339.7	1580.1	5942.2
32542	1341.8	1655.2	6098.0
32609	1342.5	1555.1	5995.0
4329	1345.4	1576.7	6080.3
23995	1340.6	1609.7	6099.8
25802	1356.7	1605.8	6280.9
22883	1337.7	1580.0	5928.9
16596	1343.7	1638.6	6069.9
10736	1347.2	1600.8	6022.6
10104	1348.7	1618.9	6073.8
34894	1349.0	1595.6	6256.8
9353	1352.0	1673.7	6237.8
10700	1335.2	1553.9	5808.2
5736	1330.1	1570.7	5806.6
23802	1346.2	1626.6	6119.3
26597	1340.4	1563.6	5863.9
26489	1347.7	1596.0	5993.5
20849	1351.0	1629.9	6209.2
24161	1341.7	1579.1	6232.0
3826	1342.3	1592.6	5998.7
7486	1349.7	1601.8	5991.2
8480	1343.0	1603.0	6086.8
16629	1348.0	1574.4	5985.5
32578	1348.2	1545.3	5979.4
9684	1349.0	1573.6	6053.6
6120	1346.0	1583.1	5949.6
3821	1336.5	1580.5	5971.1
3330	1343.8	1630.2	6312.8
21906	1334.9	1582.1	5905.5
32538	1335.6	1568.3	5768.5
21001	1343.7	1632.1	6029.5
23654	1350.2	1617.1	6106.1
24825	1335.4	1532.9	5899.5
3008	1351.0	1648.4	6328.0
15393	1337.9	1550.8	5858.8
21895	1329.8	1556.7	5855.6
9787	1341.3	1566.3	6040.4
4687	1332.6	1612.3	5903.8
8436	1341.1	1536.5	5947.4
7676	1349.6	1661.5	6171.4
28406	1339.5	1542.1	5871.1
21075	1347.9	1616.4	6001.2
33171	1341.4	1579.7	5983.2
8792	1334.6	1550.0	5834.6
27229	1333.7	1536.1	5895.4
755	1336.5	1607.9	6082.5
20446	1340.0	1599.0	5986.4
31024	1342.2	1607.4	5962.0
11765	1334.7	1605.8	5859.0
7843	1351.6	1633.4	6149.6
13086	1349.8	1602.8	6122.7
7025	1360.5	1604.9	6136.3
10078	1330.2	1588.8	5865.3
23062	1346.0	1595.5	6087.3
13500	1349.4	1586.2	5996.9
34260	1337.3	1593.4	5986.3
7083	1345.4	1581.6	5925.2
22467	1333.0	1600.5	6065.9
10247	1355.6	1652.2	6245.1
26758	1344.9	1583.1	6038.6
5275	1343.9	1618.0	5972.9
52	1353.4	1616.7	6091.4
5066	1336.5	1595.1	5962.8
24767	1333.7	1554.1	5977.7
7305	1343.2	1605.3	5879.8
17136	1349.3	1577.2	6091.5
14135	1341.6	1602.2	5957.8
16464	1336.1	1559.6	6018.2
18186	1341.9	1526.0	5911.9
1262	1351.9	1627.4	6131.8
34314	1351.5	1620.9	6109.2
26990	1344.0	1614.1	6149.9
32907	1336.4	1602.9	5994.1
27078	1340.9	1604.7	6110.7
24162	1331.2	1582.0	5800.0
11905	1338.6	1602.0	5948.3
21396	1331.2	1584.9	5921.2
34698	1328.4	1521.9	5903.3
4724	1342.1	1554.5	5936.7
18335	1349.8	1600.2	5947.0
22955	1344.4	1539.9	5971.9
31245	1332.9	1564.9	5839.5
24401	1347.3	1602.9	6079.0
13488	1341.6	1537.8	5971.5
7206	1328.0	1548.2	5770.9
4622	1331.5	1537.9	5739.6
11743	1348.8	1571.5	6004.8
18672	1338.6	1576.4	6044.6
1597	1335.4	1540.7	5802.3
32550	1342.8	1552.8	5914.4
26023	1340.2	1554.8	5958.4
3848	1343.4	1623.5	6118.9
34247	1346.6	1584.6	6042.9
30755	1345.2	1624.8	6185.7
33170	1334.2	1526.3	5858.1
741	1346.5	1609.0	5962.8
14964	1346.4	1610.6	6213.4
28786	1335.8	1568.8	5857.1
25019	1333.7	1538.1	5807.3
34062	1341.2	1573.9	5992.3
28502	1334.3	1581.4	5979.5
3767	1350.5	1564.2	5927.0
14245	1341.5	1571.3	5842.3
11572	1341.5	1562.4	6010.7
28716	1351.1	1604.0	6149.4
22558	1341.5	1568.3	5959.3
27168	1334.1	1533.9	5771.3
6418	1336.3	1566.7	5931.6
6904	1351.1	1613.3	6107.4
100	1338.6	1585.6	5976.5
17636	1346.9	1581.7	6088.7
30537	1340.5	1595.3	5885.7
14212	1356.8	1619.0	6309.3
30721	1338.3	1584.3	6018.7
13260	1348.9	1638.9	6118.8
31765	1340.6	1606.8	6122.8
22169	1342.9	1566.7	5980.6
6348	1348.2	1637.6	6018.7
15493	1338.5	1553.4	6119.1
324	1345.2	1546.7	5927.5
23845	1353.6	1631.4	6162.3
9521	1339.3	1556.3	5909.5
27740	1346.5	1611.3	6084.8
21631	1329.9	1611.1	5908.4
32482	1343.3	1569.9	6012.0
13149	1350.6	1638.3	6110.0
21975	1335.7	1568.4	5961.2
24154	1345.1	1653.3	6537.2
3748	1345.5	1586.5	5984.4
22406	1340.7	1596.5	5936.8
26950	1338.7	1561.2	5964.9
12363	1349.8	1568.1	5974.1
34530	1356.3	1666.1	6303.0
26014	1350.8	1643.1	6190.9
4948	1347.2	1579.4	6036.4
8366	1349.7	1595.1	6116.3
26071	1328.1	1560.4	6042.1
32160	1339.2	1594.0	6071.1
24612	1336.6	1554.5	5844.3
29053	1338.0	1589.7	5886.6
2685	1356.9	1651.6	6224.9
8591	1338.5	1562.2	6012.6
17645	1350.5	1599.9	6215.6
25645	1348.2	1580.4	5962.0
18272	1338.1	1645.8	6001.1
29893	1339.0	1550.7	5883.7
17607	1333.8	1574.8	5944.9
8109	1332.2	1568.5	5842.3
18790	1349.6	1625.9	6055.2
1905	1346.9	1632.2	6272.7
10307	1328.7	1615.6	5868.1
33226	1343.6	1606.1	6040.0
17835	1343.5	1591.8	6076.4
18904	1345.9	1548.8	5956.7
2593	1341.6	1543.5	5882.0
19746	1350.3	1613.4	6322.9
5933	1348.7	1617.9	5996.1
18971	1336.6	1605.0	6020.1
8371	1337.7	1592.3	6066.8
24197	1341.0	1557.7	6012.9
30502	1327.3	1521.6	5730.9
4259	1337.1	1573.2	5932.7
34794	1360.1	1625.8	6450.1
21792	1335.4	1549.5	5800.4
24457	1344.1	1588.4	6053.4
34243	1333.4	1557.3	5828.4
3235	1336.7	1545.5	5841.8
5512	1338.6	1584.4	5926.4
17493	1357.0	1657.8	6483.8
6374	1350.6	1632.9	6031.1
15936	1336.7	1568.9	6009.4
19316	1324.9	1532.3	5755.6
28424	1339.4	1551.6	5864.8
7508	1337.8	1519.8	5869.8
25326	1334.6	1567.4	5872.9
31534	1341.8	1586.8	5963.2
28260	1338.1	1608.3	5848.9
29725	1353.4	1610.3	6124.4
10604	1340.8	1562.1	5961.7
24528	1347.7	1596.4	5997.5
13811	1340.8	1560.6	5939.1
30858	1343.2	1590.0	6034.2
32154	1335.7	1572.3	6013.4
23505	1344.4	1583.6	6046.5
18539	1345.2	1643.2	6185.4
34398	1335.4	1525.9	5838.7
4050	1344.5	1573.0	6064.5
30223	1347.0	1600.5	6085.0
5141	1336.6	1489.2	5832.6
6617	1339.0	1563.4	5981.5
8089	1340.7	1601.6	5976.0
11460	1338.5	1582.6	5918.6
27703	1342.3	1588.6	5943.5
2026	1348.1	1590.1	6107.2
15682	1337.6	1572.4	5928.1
18054	1331.1	1561.8	5797.3
7431	1344.5	1587.0	6099.2
4167	1332.8	1534.2	5810.6
3224	1344.9	1611.1	6194.1
33011	1343.2	1575.5	5930.3
17614	1339.9	1532.0	5798.9
34156	1343.9	1619.6	6097.0
9109	1341.3	1612.9	6104.8
25103	1333.1	1532.3	5787.5
29692	1342.1	1568.5	5983.6
10337	1345.2	1606.1	6045.0
5485	1344.2	1597.5	5962.9
961	1348.1	1617.7	6160.8
16077	1339.1	1582.5	5993.1
11774	1348.0	1612.9	6028.6
7388	1353.6	1634.4	6349.5
26740	1343.0	1605.3	6005.4
29791	1344.7	1575.8	6055.2
21454	1338.8	1575.4	6095.4
33294	1339.5	1600.9	6039.2
22170	1330.1	1539.2	5743.9
29632	1347.1	1583.8	6102.0
4543	1325.3	1622.7	6106.5
30449	1335.7	1577.6	5984.4
17674	1351.5	1662.4	6383.8
17980	1340.8	1605.3	6045.0
16990	1342.9	1634.9	6061.4
8398	1338.9	1575.7	5937.0
23172	1349.5	1632.6	6205.6
16821	1330.4	1542.2	5846.8
27003	1345.1	1601.2	6006.4
6487	1344.7	1606.5	6003.4
16679	1344.8	1608.9	6084.3
5383	1328.5	1576.1	5843.6
17248	1339.8	1552.4	5905.5
34092	1346.6	1590.8	6055.0
13379	1347.4	1618.2	6182.2
17548	1354.8	1659.6	6279.3
23168	1345.2	1576.8	5955.8
13449	1344.5	1612.4	6053.3
3519	1346.8	1638.4	6295.0
8588	1344.0	1559.7	5945.3
24203	1333.5	1546.8	5787.0
29849	1362.1	1612.3	6171.8
28169	1343.0	1564.2	5975.6
13156	1348.3	1623.7	6150.5
6073	1345.3	1570.4	5927.8
7410	1334.9	1599.7	5951.2
24824	1345.5	1641.2	6037.3
31273	1334.5	1578.9	5837.6
10354	1346.5	1624.8	6077.9
12037	1335.8	1541.5	5919.6
25113	1343.1	1597.5	6001.1
10802	1341.1	1617.0	6010.4
24911	1335.2	1520.8	5752.6
24268	1342.0	1543.4	5873.6
29620	1338.3	1591.9	6158.9
12748	1340.0	1620.5	5987.3
25450	1346.9	1678.6	6204.9
30719	1339.4	1573.7	5889.1
12328	1338.3	1543.8	5840.3
10110	1337.5	1579.0	5994.4
1887	1348.9	1634.5	6112.7
31095	1346.5	1672.2	6786.8
21820	1349.3	1589.3	6112.7
12263	1335.4	1588.4	5933.1
21816	1342.1	1591.4	6022.4
11242	1348.2	1603.7	6120.6
17473	1338.4	1577.5	5844.0
18989	1339.8	1559.1	5918.2
25515	1354.7	1639.2	6303.2
4739	1334.0	1575.3	5909.8
15200	1345.6	1604.6	6132.2
23343	1342.8	1607.0	6039.9
34457	1339.0	1520.1	5825.4
27137	1350.6	1613.5	6095.0
34701	1348.7	1583.1	5982.3
10379	1343.5	1580.5	6121.9
28429	1342.1	1565.9	6031.7
12891	1340.1	1575.3	5977.4
33577	1342.7	1624.5	6140.6
9991	1343.1	1571.4	5981.2
22770	1333.0	1586.3	5807.5
28127	1347.3	1567.2	6045.7
12600	1328.1	1566.8	5824.9
32342	1341.3	1591.2	5909.9
7073	1338.0	1610.7	6008.3
30047	1335.5	1554.6	5813.5
18773	1339.1	1517.9	5817.7
29933	1333.1	1574.3	5938.8
7103	1347.6	1634.0	6034.8
21249	1340.9	1597.4	6109.9
34280	1337.0	1576.6	5865.2
15522	1342.0	1559.7	5868.2
34408	1353.2	1555.3	6070.2
27726	1337.8	1540.6	5916.4
28689	1340.7	1616.2	5970.4
15872	1334.4	1590.6	5991.8
15943	1343.8	1576.4	6075.7
20858	1358.9	1613.7	6204.5
24522	1329.3	1521.9	5876.0
25033	1351.0	1619.3	6137.9
33547	1336.1	1561.4	5835.7
23353	1347.4	1574.8	6132.1
11151	1338.7	1608.7	5963.7
19028	1339.8	1629.2	6057.1
14059	1350.9	1595.5	6195.9
2427	1332.9	1555.4	5826.8
32649	1339.9	1539.4	5890.3
18661	1335.3	1584.2	5821.9
2781	1340.0	1526.9	5818.8
20899	1338.3	1612.6	6117.5
16486	1342.9	1587.1	5965.2
3882	1338.0	1524.9	5775.6
7916	1349.7	1629.2	6041.9
10549	1338.3	1609.9	5977.5
19186	1332.4	1584.1	5831.1
31788	1333.1	1620.1	6026.9
21364	1327.2	1563.2	5738.7
478	1343.8	1604.7	5931.8
22321	1340.7	1622.7	6015.1
34970	1341.3	1548.0	5968.2
32835	1344.9	1592.2	6007.1
20705	1338.4	1541.0	5844.8
27210	1347.3	1595.3	6059.0
19704	1355.6	1602.0	6188.3
20407	1348.8	1591.7	6031.7
5404	1340.6	1601.4	6001.0
19752	1348.4	1590.4	6096.0
17454	1343.5	1618.6	6080.5
30549	1340.3	1609.0	6057.3
2590	1350.6	1623.4	6107.8
17570	1347.0	1578.8	5993.0
15645	1334.3	1554.1	5820.0
33580	1345.6	1595.9	5948.0
17632	1338.8	1552.3	5801.6
27823	1331.1	1507.7	5739.8
5431	1335.1	1592.5	5897.5
25962	1333.2	1586.6	5922.7
5792	1338.6	1513.1	5963.8
22043	1346.8	1564.0	5933.3
23521	1349.7	1599.2	6179.3
29998	1343.0	1565.4	5953.0
3613	1339.6	1579.1	5910.7
25045	1344.8	1583.0	6014.2
13524	1332.5	1607.3	5936.8
16095	1348.1	1558.1	5924.7
7578	1329.7	1553.2	5783.2
24320	1340.2	1593.3	5967.5
32370	1349.1	1592.6	6014.6
8250	1339.9	1586.6	5924.0
20598	1342.2	1573.7	6021.7
6751	1336.2	1565.5	5842.2
17619	1333.4	1594.6	6047.6
14035	1347.0	1575.7	5938.5
15001	1344.1	1539.3	5964.2
19828	1334.8	1559.1	5899.3
21660	1342.6	1563.3	6094.9
29320	1337.4	1527.4	5873.3
28862	1339.4	1586.3	6032.7
9230	1331.3	1575.5	5875.6
31059	1343.6	1590.9	6000.8
8196	1351.8	1593.1	6405.1
27237	1343.0	1578.2	6059.2
26015	1340.9	1545.4	5948.5
6101	1339.3	1591.0	5906.9
3491	1350.9	1656.6	6211.3
13001	1333.8	1535.3	5842.6
4741	1347.6	1602.3	6086.6
26880	1336.3	1515.9	5763.8
28908	1333.6	1576.4	5893.0
17976	1335.0	1599.3	5925.2
27203	1350.5	1581.3	6043.2
19005	1338.1	1603.2	6039.8
23417	1345.1	1590.2	6130.1
17359	1342.9	1590.0	6163.5
19665	1340.9	1557.2	5918.7
27126	1357.3	1647.7	6172.0
8354	1332.3	1571.7	5833.9
13726	1344.4	1603.4	6035.7
