43516	1653.3	1908.4	11017.8
22059	1639.2	1880.8	10750.8
40764	1653.8	1930.9	11115.6
6420	1639.3	1881.3	10674.5
11834	1651.0	1882.9	10960.0
20550	1628.6	1837.0	10463.4
21434	1648.2	1895.3	10866.2
58384	1655.6	1863.6	10985.1
24465	1659.3	1938.1	11332.9
53066	1646.2	1894.6	11066.1
41310	1653.1	1908.0	11175.8
13080	1661.1	1926.8	11186.5
67332	1654.1	1900.2	10954.1
2868	1639.3	1880.5	10748.8
30254	1642.3	1925.3	11147.1
29188	1640.9	1856.8	10805.2
46291	1650.1	1907.1	11145.1
27367	1646.6	1861.1	10962.5
44325	1647.0	1881.0	11024.3
47700	1630.6	1849.2	10723.8
15456	1662.6	1945.2	11262.4
44237	1656.5	1911.6	11097.0
1481	1640.2	1830.2	10554.0
42040	1668.5	1925.8	11374.2
62465	1631.4	1812.9	10881.4
44468	1626.1	1832.3	10410.2
8495	1646.8	1890.3	11048.4
23829	1639.4	1897.2	10799.7
59324	1653.5	1878.1	11006.0
28914	1657.8	1903.1	10968.7
65881	1657.1	1899.9	11755.5
62205	1661.0	1950.3	11377.6
12877	1648.5	1861.2	10917.2
47876	1640.9	1847.4	10717.4
56234	1645.3	1848.0	10964.4
55932	1648.5	1910.1	11078.9
45159	1645.5	1813.9	10711.4
8358	1621.1	1827.7	10273.3
43137	1639.3	1869.8	11085.7
13904	1639.2	1870.2	10840.5
47863	1638.1	1862.6	10707.8
55410	1653.8	1869.9	10903.2
51921	1653.9	1871.5	10877.4
61250	1656.4	1906.7	11237.2
14201	1658.9	1899.1	11023.0
3748	1652.8	1885.9	10899.4
66088	1649.5	1833.4	10845.8
913	1639.8	1866.3	10760.1
26145	1626.1	1832.0	10562.1
50001	1653.2	1949.7	11832.6
14828	1635.1	1825.9	10662.3
14920	1655.1	1871.5	10922.7
35492	1642.4	1887.5	10889.5
28234	1646.4	1882.8	11141.5
57158	1639.6	1867.1	10631.8
23087	1624.3	1828.7	10412.5
27890	1642.4	1877.6	10756.0
7701	1649.4	1899.8	11253.6
69926	1649.8	1885.8	11062.9
9483	1643.3	1922.0	10909.0
16220	1649.1	1933.2	11110.1
33815	1650.5	1871.8	11010.9
10471	1640.9	1877.8	10811.2
12489	1658.4	1905.2	10974.5
52342	1641.5	1797.2	10665.3
56248	1643.1	1900.3	11058.1
63469	1647.1	1891.1	10848.9
67759	1639.4	1819.4	10578.6
69881	1657.3	1900.5	11408.3
40894	1646.6	1892.9	10970.2
50268	1665.6	1929.3	11157.2
36476	1647.4	1871.4	11145.9
52658	1643.2	1903.3	10990.3
21109	1640.1	1816.5	10492.4
56913	1637.0	1857.5	10633.4
30932	1644.7	1869.8	10689.6
67391	1652.6	1919.3	11073.6
34750	1647.2	1866.2	11024.3
19716	1646.6	1863.0	10829.1
66266	1640.9	1843.5	10767.2
3961	1641.9	1865.3	11039.1
67691	1666.4	1880.0	11150.5
10775	1652.9	1923.2	11207.2
50728	1651.2	1878.9	10966.4
17581	1646.6	1892.1	11043.3
42390	1647.9	1887.7	10759.2
63860	1640.7	1877.9	10685.1
23568	1669.2	1899.3	11204.7
43129	1655.9	1907.2	11138.8
54901	1643.2	1834.9	10763.3
62184	1651.4	1889.7	11037.1
4072	1660.9	1915.8	11266.9
45056	1659.4	1879.1	11117.5
21903	1644.2	1946.7	11223.6
31007	1639.1	1836.5	10613.4
37358	1654.2	1882.6	11245.3
3009	1659.2	1945.3	11573.5
50260	1636.7	1841.0	10483.0
20930	1640.4	1854.6	10765.7
64897	1644.2	1848.7	11017.4
1402	1635.3	1878.2	10586.9
64669	1642.0	1864.9	10721.8
18001	1642.8	1861.2	10945.9
37652	1652.7	1917.5	11009.6
24511	1631.6	1859.3	10735.7
53247	1631.2	1860.2	10719.8
25953	1636.5	1896.4	10864.8
62932	1645.0	1884.3	10970.9
32521	1649.1	1938.5	11069.0
2080	1650.4	1900.3	11080.0
52091	1644.0	1905.5	10930.8
44438	1650.6	1878.1	10848.3
69090	1633.5	1870.8	10631.9
26658	1645.8	1894.5	10969.6
37058	1631.6	1816.7	10492.1
10789	1650.4	1916.2	10886.4
66849	1641.7	1849.2	10806.0
21973	1635.8	1860.1	10611.0
49349	1651.6	1871.3	11066.1
9824	1643.2	1839.8	10773.3
36778	1652.8	1913.0	10974.6
27455	1637.7	1858.6	10862.0
30756	1649.4	1934.4	11215.1
58931	1643.0	1884.4	11256.5
5456	1651.1	1885.3	11036.4
41978	1635.7	1851.8	10635.2
29945	1651.0	1925.5	11098.2
56595	1634.9	1828.6	10613.3
17767	1659.1	1928.3	11070.8
13000	1653.4	1890.3	10948.8
36641	1642.3	1924.7	11059.8
64999	1659.8	1953.6	11405.3
51291	1641.6	1921.3	11148.9
50292	1642.4	1806.9	10709.9
3235	1652.1	1948.7	11135.2
36802	1648.1	1911.7	11086.2
47654	1644.2	1842.1	10920.1
46741	1633.5	1827.8	10498.6
26635	1656.4	1911.3	11137.6
40876	1646.4	1883.7	10856.6
69695	1639.8	1889.8	10781.8
25354	1646.8	1850.3	10771.8
20663	1641.8	1878.3	10885.1
45715	1643.0	1900.7	10833.5
5956	1648.9	1884.9	11062.0
30879	1670.1	1962.8	11358.0
16077	1654.9	1911.9	11117.0
29648	1661.6	1943.0	11184.9
44759	1650.5	1907.9	11060.1
58204	1653.8	1936.4	11222.7
46006	1648.5	1922.4	10960.1
20973	1647.7	1925.2	10990.7
37532	1642.2	1889.7	11277.5
67284	1649.8	1852.6	10819.2
14417	1626.5	1892.7	10901.0
20307	1653.3	1901.8	11007.4
56058	1653.7	1892.7	11140.0
22171	1633.0	1851.4	10539.0
19077	1656.4	1908.7	10913.5
67772	1651.0	1918.6	10947.1
4388	1653.5	1932.9	11064.2
31093	1638.1	1890.8	10751.8
23473	1635.3	1830.2	10657.1
45453	1647.5	1833.0	10679.8
56542	1637.5	1829.8	10460.8
43312	1658.3	1857.0	10892.1
36415	1653.2	1884.2	10981.8
39763	1641.4	1893.8	10691.3
55723	1644.6	1862.5	11521.2
22142	1643.4	1904.6	10707.6
24229	1653.2	1923.7	11023.9
6012	1655.0	1923.4	11484.1
69462	1644.0	1846.4	10787.6
63841	1644.1	1868.3	10928.8
35466	1653.1	1912.6	11032.6
42286	1653.9	1914.6	11252.2
54046	1640.9	1847.8	10606.3
50946	1646.0	1872.2	10912.2
15929	1643.5	1932.2	10897.5
516	1663.0	1928.5	11032.5
50199	1652.1	1887.5	10940.1
47259	1647.3	1891.2	11011.5
53493	1635.6	1852.4	10568.5
23349	1632.1	1849.6	10569.0
59032	1663.5	1902.4	11201.0
10432	1651.7	1914.2	11166.7
10722	1647.6	1866.6	10784.6
25054	1646.4	1893.4	11164.4
49012	1635.7	1837.9	10774.8
32723	1642.2	1867.1	10787.7
31845	1654.4	1906.4	10856.8
27082	1662.2	1896.2	11239.8
56219	1648.7	1854.0	10955.9
65257	1646.0	1867.9	10868.0
35652	1642.0	1960.3	11019.4
38621	1648.3	1859.1	11215.7
55506	1637.9	1871.7	10718.9
47766	1645.2	1864.9	10909.5
22057	1649.9	1869.9	10998.4
21013	1646.1	1890.0	11086.6
64031	1654.2	1924.5	11285.8
17744	1639.6	1877.8	11068.2
3847	1642.4	1924.8	10952.0
60805	1645.2	1837.8	10564.5
69707	1642.9	1903.9	10876.1
48019	1642.3	1862.7	10648.1
39056	1653.6	1872.2	10985.1
57923	1649.1	1888.0	11130.9
28694	1658.3	1957.4	11384.5
456	1647.5	1908.9	11187.9
61163	1646.7	1845.1	10852.1
5134	1633.0	1849.4	10677.4
23382	1639.4	1880.2	10684.3
34749	1639.8	1828.3	10835.6
1270	1664.3	1887.8	11087.8
36571	1640.4	1914.0	10817.5
44229	1650.1	1887.2	11139.8
58781	1650.3	1868.3	10862.2
21278	1641.9	1855.5	10651.1
2656	1653.2	1887.7	10894.6
58546	1654.3	1840.2	11042.7
46071	1648.9	1861.1	12025.9
32460	1640.7	1875.1	10757.5
43209	1635.8	1870.1	10600.1
20087	1639.3	1900.0	10860.9
44332	1663.1	1948.8	11614.6
60520	1661.9	1885.8	11208.0
21111	1640.8	1873.0	10847.8
47494	1650.5	1890.8	12602.2
30645	1648.7	1870.5	10963.5
50736	1649.7	1871.5	10937.2
3320	1643.9	1914.0	10946.5
9695	1651.5	1910.2	11151.8
43945	1642.2	1872.7	10940.4
11946	1651.2	1973.7	11223.6
16889	1642.8	1885.1	10604.3
36186	1640.1	1892.1	11098.0
48362	1651.9	1942.3	11333.6
31839	1647.2	1867.0	10862.4
63299	1643.8	1888.2	10780.3
25647	1653.8	1963.3	11533.1
2999	1647.5	1900.7	11095.5
55418	1646.2	1929.6	11046.7
3393	1631.9	1862.1	10853.9
28012	1628.3	1832.6	10601.5
44073	1642.7	1871.5	10794.5
2281	1647.0	1843.6	10697.0
50376	1643.6	1938.2	11858.3
6124	1655.4	1895.7	11065.9
6085	1651.7	1941.5	11210.7
7105	1646.6	1906.3	10880.2
61336	1651.4	1930.8	11122.0
67842	1637.7	1877.7	11028.4
21526	1646.0	1935.1	11128.0
26778	1648.4	1890.5	10812.8
15308	1640.1	1885.6	11136.5
48015	1640.0	1858.0	10731.8
40379	1635.4	1841.7	10491.9
13097	1640.6	1817.1	10677.4
31282	1621.7	1830.4	10375.7
23573	1651.6	1941.9	11250.2
25724	1642.1	1861.7	10766.5
21801	1631.6	1865.3	10649.5
13868	1645.9	1885.4	10951.1
69980	1652.7	1955.8	11593.9
39030	1647.1	1858.4	10900.8
69084	1656.7	1950.6	11521.9
24097	1641.2	1898.9	11000.5
5687	1645.7	1907.1	11081.3
19352	1664.2	1953.2	11666.3
2788	1646.4	1933.1	10779.1
13795	1656.7	1963.6	11292.5
6764	1650.2	1901.9	11095.1
56914	1646.0	1859.5	10808.2
4272	1638.6	1901.3	10844.7
1043	1645.0	1898.4	11048.5
50309	1637.2	1867.9	10706.7
39832	1641.6	1863.4	10741.2
55926	1656.4	1912.9	11122.8
46710	1630.1	1866.5	10780.8
13728	1638.7	1893.8	11254.4
16501	1638.1	1901.9	11140.9
41238	1642.5	1876.0	10851.6
14850	1649.1	1900.3	11111.7
43827	1654.7	1910.0	11082.0
39169	1650.2	1857.1	10966.1
66199	1656.3	1915.7	11663.4
63738	1635.6	1874.4	10959.3
24267	1647.0	1835.7	10784.1
68199	1633.7	1859.5	10846.1
10862	1646.7	1870.9	10859.5
11901	1640.5	1871.3	10875.0
33320	1653.5	1857.0	10817.1
47781	1648.4	1928.1	11197.5
37390	1650.2	1858.3	10700.8
17694	1657.4	1928.2	11304.6
16588	1655.8	1913.1	11335.2
30005	1640.3	1853.4	10620.5
29004	1654.8	1866.2	11035.2
18892	1641.5	1901.6	10848.4
58822	1660.2	1908.6	11556.5
52370	1626.6	1861.7	10414.8
9532	1650.8	1898.5	10920.9
53242	1641.0	1863.6	10938.2
30065	1650.6	1907.5	10813.0
10388	1658.9	1933.0	11494.0
3292	1659.3	1953.3	11875.9
21383	1643.9	1908.0	10871.3
69038	1661.5	1907.8	11101.6
50741	1637.5	1865.7	10888.9
8864	1649.0	1924.2	11050.2
67967	1644.6	1846.5	10925.6
32825	1645.8	1880.4	11000.2
10154	1656.3	1921.8	11454.1
66031	1648.9	1926.9	11952.4
39208	1664.8	1895.8	11278.5
21156	1650.7	1850.5	10837.2
14570	1655.0	1954.0	11605.6
40782	1649.2	1868.1	10752.7
31612	1652.9	1845.0	10894.0
11459	1665.1	1904.1	11318.3
57943	1648.8	1879.4	11083.5
43517	1643.7	1896.0	10928.1
61491	1659.9	1936.6	11754.6
40827	1640.4	1881.1	10966.4
52742	1645.6	1903.7	11121.3
59765	1651.2	1872.2	10885.8
47470	1658.1	1919.3	11168.6
32107	1641.7	1894.8	11147.3
38459	1644.8	1901.0	10780.9
38277	1634.4	1834.2	10534.4
32626	1647.0	1889.6	10866.7
60052	1649.0	1875.5	10905.1
64396	1641.1	1846.3	10606.8
45703	1649.5	1942.0	11626.0
34549	1653.8	1892.7	11165.2
4015	1648.7	1921.5	10859.4
53195	1632.2	1869.4	10709.1
54616	1648.9	1995.1	12052.7
12266	1645.9	1863.7	10788.1
40773	1650.4	1899.7	10831.2
68051	1665.4	1922.3	11229.3
56156	1639.9	1930.2	11687.2
39633	1643.8	1883.8	10863.7
49687	1652.9	1914.0	11380.8
8761	1627.5	1883.6	10724.3
54160	1639.8	1864.7	10996.3
48792	1648.5	1883.4	10800.6
51985	1649.8	1917.1	11082.6
3861	1656.6	1918.1	11155.5
49379	1654.9	1897.6	11159.7
41239	1641.2	1904.2	10987.7
29716	1655.8	1908.0	11058.5
28928	1652.0	1891.8	11122.8
23867	1650.8	1873.2	10993.8
29143	1643.9	1882.9	10981.3
58675	1648.7	1867.3	10770.5
30493	1650.9	1881.1	10858.1
13265	1650.1	1871.4	11014.9
25529	1644.4	1856.5	10651.7
56430	1646.5	1872.1	11123.3
30554	1651.4	1873.8	11034.9
38278	1644.4	1886.0	10833.8
38162	1652.5	1842.0	10755.2
20010	1655.4	1881.6	11004.2
10790	1622.2	1880.9	10516.6
31733	1640.9	1927.5	11025.7
65273	1642.7	1902.1	10842.2
22497	1655.2	1901.0	11020.4
60026	1645.4	1927.1	11102.6
65689	1641.0	1862.6	10885.2
29189	1647.6	1973.0	11098.2
19787	1647.2	1918.8	10993.3
32916	1653.4	1926.3	11276.2
50440	1648.6	1911.6	11071.5
41644	1634.5	1822.2	10612.0
13201	1659.9	1921.2	11175.3
20691	1639.6	1876.7	10929.7
7089	1652.3	1928.0	11121.6
50425	1653.0	1886.2	10935.7
69273	1648.4	1906.4	11144.3
24801	1643.1	1873.0	10815.9
24335	1640.8	1863.8	10711.6
14882	1662.4	1877.7	11284.9
67897	1656.4	1899.9	11205.4
27735	1653.2	1859.5	11001.7
42794	1644.1	1893.2	10764.9
54912	1649.6	1916.7	11170.0
56759	1655.9	1918.0	11319.3
246	1631.2	1828.5	10524.9
30377	1643.3	1865.0	10801.2
21268	1637.0	1869.5	10655.2
29593	1639.3	1854.4	10595.3
41064	1661.7	1931.8	11251.4
45240	1654.1	1902.6	11119.0
69965	1645.1	1849.9	10644.9
21651	1648.9	1915.3	11192.8
12732	1655.8	1869.9	11071.2
40798	1642.4	1882.8	10949.1
60996	1648.5	1918.6	11260.1
63442	1656.6	1875.4	11046.1
5013	1634.7	1887.6	10607.1
59356	1641.3	1873.7	11035.9
38671	1646.4	1900.9	10840.6
7993	1645.9	1922.8	11127.4
25142	1634.5	1798.2	10489.3
25278	1634.4	1878.8	10730.5
21483	1651.8	1853.4	10861.6
11876	1656.7	1888.0	10942.6
57580	1667.0	1895.6	11106.0
48065	1647.4	1877.3	10921.4
7007	1646.9	1884.3	10967.3
4294	1650.7	1900.7	11067.4
58207	1642.4	1886.3	10956.9
414	1639.0	1866.9	10801.4
13615	1641.8	1874.3	10908.0
3426	1634.1	1844.9	10742.2
17798	1657.3	1905.0	11731.2
38573	1656.4	1925.3	11115.2
18770	1642.4	1907.7	11097.5
531	1655.0	1924.0	11295.0
39101	1644.6	1881.2	10647.2
17538	1644.7	1888.0	10968.3
65858	1649.0	1865.0	10974.5
8203	1647.4	1946.0	10896.8
53419	1641.7	1867.4	10915.1
26739	1650.3	1881.7	11119.0
67894	1654.8	1939.4	11101.5
61373	1641.2	1883.5	10704.2
10954	1639.0	1849.0	10752.7
19360	1652.5	1909.1	10866.0
21497	1654.1	1900.8	10987.9
28990	1641.1	1844.5	11138.2
53371	1631.6	1870.9	11254.9
12211	1628.4	1836.4	10476.2
43436	1639.0	1914.6	11124.4
35422	1645.2	1875.4	10706.8
12256	1645.6	1879.8	10877.8
69281	1642.8	1837.6	10783.2
57167	1657.8	1942.2	11389.1
69757	1629.8	1864.1	10735.4
56844	1650.5	1925.3	10980.6
22795	1640.7	1862.5	10694.5
4782	1636.5	1890.3	10976.4
66521	1655.0	1862.4	10864.0
9463	1645.6	1877.2	11000.5
30662	1657.7	1894.3	11117.1
45060	1658.3	1900.4	11220.7
68913	1647.5	1879.2	10953.9
44280	1648.5	1895.1	11080.4
38104	1646.1	1890.6	10932.4
69319	1654.5	1898.1	11177.7
62127	1638.1	1884.0	10733.0
15101	1658.0	1910.5	11365.0
68534	1658.2	1930.3	11073.8
39039	1645.2	1889.2	10778.7
52331	1652.4	1887.4	11568.1
53545	1646.4	1936.6	10978.1
68629	1637.6	1811.5	10621.5
6529	1638.3	1841.2	10641.3
37055	1644.7	1860.8	10884.6
67823	1651.8	1952.0	11476.6
12975	1637.6	1841.6	10459.8
56612	1658.9	1906.6	11334.4
11827	1645.0	1874.2	10938.4
7629	1636.1	1857.1	10817.4
22157	1649.1	1901.1	11270.9
65883	1654.1	1864.5	10867.2
45662	1634.0	1887.2	10775.2
9522	1641.2	1876.2	10862.9
35572	1652.5	1905.5	11034.5
65579	1646.0	1873.0	10824.2
45726	1659.1	1927.8	11310.0
31689	1636.8	1906.5	10757.2
25555	1632.9	1811.1	10536.6
20000	1631.7	1792.3	10419.9
24821	1639.9	1886.1	10881.9
67118	1642.8	1878.0	10946.0
18235	1666.2	1930.1	11302.0
66014	1642.5	1901.7	11097.5
15884	1652.6	1904.3	11379.2
58285	1633.8	1868.1	10887.0
33065	1650.3	1926.9	11136.9
38533	1649.3	1902.4	11038.5
40972	1656.7	1918.2	11234.1
20725	1643.9	1875.4	10758.2
55083	1668.2	1964.4	11722.3
44632	1651.4	1867.8	11111.0
56557	1648.7	1867.9	10806.3
34070	1638.3	1844.2	10535.7
18163	1632.5	1852.6	10583.8
15899	1663.8	1979.0	11789.3
38094	1653.1	1911.0	11192.2
55338	1651.7	1914.8	10996.2
60463	1653.5	1936.3	11265.8
138	1646.1	1889.6	10888.9
3200	1651.6	1905.8	11226.3
53040	1641.9	1866.5	10730.2
35483	1642.3	1864.6	10754.7
36385	1663.7	1928.9	11319.6
69481	1646.3	1895.2	10930.0
10596	1641.4	1868.3	10881.4
56847	1640.7	1839.9	10770.0
2232	1635.3	1825.4	10666.9
2947	1644.2	1918.8	10979.9
9595	1649.2	1890.4	10844.4
52335	1639.3	1873.4	10681.8
52590	1659.0	1875.8	11763.2
21282	1655.8	1910.0	11320.5
63295	1655.8	1877.2	11066.0
59227	1657.0	1914.7	11189.8
664	1637.0	1843.0	10759.4
47965	1623.9	1846.3	10497.1
19540	1639.8	1884.0	10969.3
5289	1656.9	1935.1	11280.4
35248	1655.1	1920.1	11178.3
51887	1657.0	1916.9	11121.3
32764	1660.9	1882.0	11272.0
58203	1639.5	1853.9	10664.8
28434	1650.5	1865.5	10663.8
47990	1661.1	1946.7	11236.4
54618	1657.8	1886.7	11321.1
22592	1653.4	1875.5	10932.2
15174	1640.4	1874.0	11018.6
29526	1650.1	1842.1	10900.0
37120	1669.5	1948.2	11337.7
31038	1645.8	1882.8	10853.1
11123	1657.8	1892.6	11090.8
64515	1643.6	1879.3	10924.1
1431	1644.0	1898.4	10939.7
2236	1636.4	1870.8	10678.3
24874	1654.6	1928.8	11638.7
46762	1638.7	1848.1	10669.6
11319	1653.5	1893.1	10928.1
7270	1652.3	1900.9	10849.5
46886	1651.9	1904.8	11144.8
61663	1643.9	1852.6	10644.3
26183	1632.8	1863.8	10558.6
10909	1650.4	1924.6	11208.3
15941	1641.7	1924.4	11091.7
41653	1640.0	1849.4	10656.9
57447	1638.3	1866.4	10725.9
11474	1647.7	1871.8	10846.7
55993	1645.6	1879.6	11495.5
56892	1640.3	1853.2	10752.0
30021	1657.8	1941.7	11177.1
56693	1636.6	1813.4	10616.6
53216	1645.6	1846.1	10763.5
10544	1637.9	1812.7	10530.3
5228	1656.0	1927.3	11093.6
58623	1649.9	1855.6	10787.3
62211	1645.7	1901.4	10751.9
31392	1641.1	1878.5	10766.3
3458	1641.1	1834.1	10722.9
24165	1657.2	1917.0	11107.7
20668	1658.6	1950.6	11435.6
10026	1653.7	1894.1	11430.2
19004	1659.6	1898.4	11632.3
47695	1646.7	1885.2	11045.0
34630	1653.0	1981.7	11427.9
60546	1650.9	1920.7	11088.0
52839	1638.5	1908.3	10926.0
27787	1639.6	1854.3	10698.6
8148	1644.5	1891.5	10777.8
21849	1653.8	1871.7	10874.7
26428	1643.5	1871.5	10858.3
50952	1651.5	1854.5	10846.7
9498	1635.7	1882.1	10737.4
9857	1640.9	1882.3	10793.9
29145	1653.5	1925.3	11507.9
35421	1648.2	1912.1	11162.9
60818	1638.7	1893.5	10830.2
53329	1648.6	1892.6	10996.8
28178	1653.9	1930.2	11124.5
30430	1637.5	1856.4	10607.1
60334	1638.6	1881.1	10770.2
27839	1653.1	1856.2	11007.2
32911	1646.9	1924.7	10975.6
14041	1634.7	1866.3	10648.2
44236	1654.5	1920.4	11122.4
48914	1650.7	1910.7	11004.3
167	1650.6	1902.4	11000.9
38275	1655.9	1886.5	11032.1
38033	1645.7	1919.0	11094.1
25767	1643.9	1881.3	10913.4
49957	1660.7	1964.1	11444.8
58388	1659.1	1879.7	11182.2
58538	1654.4	1902.3	11033.3
47490	1661.0	1885.8	11206.2
14397	1645.7	1897.1	11086.2
75	1660.0	1994.9	11289.4
9395	1638.4	1885.5	10752.8
46645	1652.1	1910.8	10946.4
40962	1650.3	1900.8	11179.8
34280	1642.2	1898.1	11043.3
55349	1656.4	1895.2	11019.5
15232	1648.6	1878.6	10801.8
38032	1645.5	1888.2	10859.3
66676	1651.7	1920.4	11209.9
44794	1651.9	1843.8	10840.4
8673	1644.6	1887.4	11074.4
50914	1657.7	1926.5	11217.9
58563	1664.0	1912.8	11411.9
49561	1645.9	1844.9	11032.6
67248	1660.1	1899.9	11077.4
61791	1656.4	1919.6	11163.1
65206	1635.3	1848.8	10943.5
41276	1640.2	1894.4	11383.4
69951	1646.9	1882.7	10896.5
156	1642.7	1896.4	10981.4
53345	1666.5	1896.7	11323.0
52935	1649.6	1878.6	11188.5
46731	1641.0	1836.7	10795.9
30457	1646.4	1878.2	10957.0
36754	1652.7	1891.7	11003.2
44360	1652.3	1882.8	11008.1
31419	1644.3	1916.6	10735.2
12360	1651.8	1893.3	11175.7
47721	1651.4	1894.7	11131.7
17465	1643.2	1876.0	10526.4
20120	1659.5	1964.8	11647.9
19758	1656.4	1897.2	10809.3
6033	1642.4	1887.8	10854.4
50608	1652.6	1909.7	11756.6
18358	1652.5	1896.2	11045.9
33839	1649.4	1864.1	10907.6
23040	1651.7	1871.9	10812.4
52826	1649.0	1910.7	11001.7
4151	1648.8	1925.7	11214.3
49085	1634.6	1863.0	10640.9
37164	1641.2	1878.9	10892.1
47096	1655.0	1901.7	10982.2
46502	1626.6	1870.4	10649.5
69131	1655.4	1871.6	11009.4
37845	1635.3	1876.0	10862.7
37466	1645.7	1921.2	10954.3
32808	1629.3	1826.6	10481.0
56454	1652.1	1897.3	11396.6
34513	1654.1	1900.1	11305.5
15637	1649.9	1897.9	11127.4
22641	1639.7	1859.3	10853.5
41604	1653.5	1925.4	11015.4
19879	1631.9	1890.9	10705.1
69367	1657.0	1893.8	11252.2
37971	1639.4	1876.6	10993.6
8487	1642.9	1891.4	10921.0
55563	1637.0	1829.8	10504.3
63633	1635.5	1856.2	10733.9
14142	1659.4	1970.4	11387.3
52170	1653.6	1903.1	11129.2
32991	1663.3	1871.5	10994.0
14446	1645.7	1869.2	10881.4
43771	1657.3	1913.4	11162.5
7810	1663.0	1873.4	10911.1
52647	1658.7	1900.7	11250.3
30164	1650.2	1841.2	10804.4
9056	1643.9	1958.7	10867.1
39217	1642.0	1862.6	10715.8
49558	1649.2	1871.1	11095.5
21014	1637.5	1833.2	10551.8
11905	1631.0	1872.9	10630.4
398	1641.8	1914.0	10864.5
56373	1636.0	1837.9	10749.9
28870	1646.2	1893.2	11030.1
27418	1652.2	1916.8	11576.8
57145	1651.0	1905.1	10972.1
58549	1633.3	1875.0	10636.1
59038	1653.5	1868.7	10989.0
33355	1643.8	1869.4	10840.8
1650	1656.4	1922.8	10857.7
33649	1655.0	1926.7	10871.2
49737	1656.0	1895.3	11064.8
5310	1646.0	1916.1	11145.4
6342	1647.7	1839.6	10625.7
63490	1651.5	1891.8	11410.2
60196	1636.0	1863.0	10789.3
58310	1647.9	1851.6	10998.8
5829	1659.2	1934.7	11118.1
24909	1656.7	1905.9	11028.9
30210	1643.3	1874.3	10745.4
33780	1642.6	1891.2	10879.1
55113	1642.2	1858.8	10803.0
84	1648.8	1905.9	10854.2
43398	1654.1	1884.1	11090.1
4500	1645.8	1918.7	11003.4
45174	1643.8	1914.1	11317.2
33105	1657.8	1936.6	11097.4
64853	1648.0	1914.8	11095.2
62680	1660.2	1937.3	11019.1
60116	1659.6	1952.6	11196.5
17414	1652.6	1868.7	10895.6
40120	1650.6	1865.9	11124.3
69702	1639.5	1875.1	11003.9
61302	1643.8	1878.6	10959.6
45906	1644.5	1919.0	10928.5
46939	1635.0	1879.8	10851.9
57482	1653.9	1902.2	11087.6
26009	1648.2	1871.0	10797.3
4095	1655.6	1908.7	11148.0
58900	1653.0	1888.2	10807.7
4732	1657.5	1954.0	11294.9
54904	1641.5	1867.0	10847.9
21301	1652.2	1962.5	11353.1
44559	1673.1	1943.4	11536.7
10933	1639.1	1882.2	10683.1
60715	1647.2	1938.9	11646.1
61909	1656.5	1900.5	11198.1
51646	1638.9	1856.0	10642.2
53688	1641.1	1904.6	10860.4
61699	1648.4	1908.3	10820.6
59082	1658.4	1916.9	11278.0
59492	1656.4	1908.0	10959.0
63834	1662.6	1925.7	11384.7
16200	1655.1	1948.7	11110.5
53978	1645.7	1903.3	10962.9
42386	1633.7	1823.4	10602.3
58553	1652.7	1900.1	11057.5
61476	1640.0	1817.4	10714.9
54805	1636.3	1831.4	10566.8
10610	1632.1	1892.2	10752.7
4192	1640.5	1870.8	10719.2
38926	1638.0	1860.9	10715.5
12784	1638.1	1880.5	10950.4
61747	1655.6	1917.1	11188.8
4078	1637.9	1876.2	10792.5
38003	1671.2	1892.0	11159.5
65750	1650.5	1908.3	11073.6
26416	1635.8	1843.9	10579.3
4134	1650.7	1914.7	11133.8
46280	1640.6	1831.1	10689.0
24241	1637.6	1856.0	10818.7
29805	1650.3	1878.8	10956.1
43486	1649.4	1853.3	10801.4
28120	1656.6	1890.9	11260.2
19909	1654.3	1958.5	11319.1
54239	1651.5	1868.3	11171.3
20118	1651.9	1905.3	11175.0
37857	1645.8	1903.3	11036.0
1050	1666.0	1914.5	11325.9
23093	1659.5	1919.7	11199.6
3887	1639.8	1886.7	11040.2
3642	1644.8	1921.8	11240.4
16248	1649.6	1899.5	10996.1
39280	1642.8	1889.2	10882.0
51868	1656.3	1881.2	10901.6
17924	1646.4	1868.6	10660.4
1964	1642.0	1833.6	10677.6
52294	1649.0	1905.3	10952.6
64553	1647.3	1818.5	10681.3
35472	1636.0	1815.9	10573.3
14820	1636.5	1839.6	10503.4
14640	1652.9	1904.6	10981.3
16176	1648.5	1921.4	11085.4
68268	1631.2	1864.9	10705.8
1502	1643.1	1872.3	10758.4
18606	1648.6	1885.1	10782.7
42814	1653.7	1943.1	11200.4
39868	1636.7	1896.9	10898.5
28847	1639.0	1885.9	10856.4
40184	1658.7	1919.7	11055.9
58457	1653.4	1952.7	11139.6
35615	1650.1	1890.4	11007.2
65919	1648.3	1900.7	10766.1
48043	1645.0	1887.4	10970.3
44474	1650.9	1892.3	10933.2
46615	1642.6	1935.7	11102.6
40182	1647.5	1863.4	10864.9
28673	1663.0	1913.1	11382.3
63651	1647.0	1847.3	10708.2
6242	1624.7	1829.5	10573.8
56099	1652.9	1878.6	11182.9
2469	1662.9	1943.8	11189.0
58804	1654.2	1865.2	10797.0
2740	1642.2	1903.4	11224.7
65306	1647.8	1848.8	10843.5
61331	1649.6	1895.3	10915.0
39331	1636.5	1888.9	11007.4
4797	1650.9	1930.0	10998.8
9917	1647.1	1923.5	11002.2
4004	1636.7	1885.6	10835.7
50045	1644.4	1893.1	10934.3
37491	1640.1	1887.8	11038.8
52700	1643.8	1914.5	10898.4
32513	1635.5	1858.7	10696.8
52298	1643.5	1896.4	11148.3
6558	1653.5	1823.3	10859.1
54240	1650.6	1912.5	11196.1
23049	1651.0	1941.1	11082.2
30772	1639.0	1881.5	10906.1
40711	1657.4	1922.6	11184.9
37393	1656.0	1910.8	11143.4
37927	1645.4	1824.9	10619.0
33758	1660.7	1964.0	11605.0
16085	1645.5	1859.0	10786.8
52086	1642.7	1842.4	10847.8
33366	1652.5	1916.7	10966.6
35386	1650.7	1895.8	11114.0
14305	1648.0	1851.3	10746.1
15458	1645.6	1863.8	10833.9
45180	1647.8	1928.2	11659.5
35437	1649.0	1881.4	10992.4
22756	1648.6	1888.3	10913.2
67798	1655.0	1952.3	11088.1
65116	1646.4	1864.8	10873.7
8025	1641.3	1860.4	10892.8
2696	1652.7	1899.0	10979.7
47404	1641.4	1907.8	11026.7
65765	1638.4	1871.9	10696.7
20460	1644.8	1868.5	10726.5
33505	1653.9	1923.6	11020.0
63848	1642.2	1889.6	10776.3
65187	1643.0	1884.8	10898.4
67000	1664.0	1940.3	11401.6
13300	1644.7	1899.3	10919.5
8354	1643.8	1868.1	10953.9
57314	1660.9	1938.5	11286.3
51937	1637.7	1871.7	10794.1
22581	1653.9	1900.6	10784.2
60120	1643.1	1889.1	10963.1
47968	1633.7	1848.5	10667.6
63424	1647.1	1847.7	10748.8
63272	1632.0	1855.5	10543.2
9343	1643.8	1956.4	11074.4
49004	1653.4	1890.8	10942.0
69628	1649.8	1899.3	10805.5
35566	1658.6	1893.9	11192.7
45285	1638.2	1809.5	10527.2
42836	1644.3	1890.7	10899.9
57029	1656.6	1917.5	11099.4
11974	1636.3	1862.2	10633.8
42012	1632.2	1794.3	10487.4
2884	1642.0	1894.5	10726.1
51809	1647.7	1866.1	10736.7
51129	1648.4	1866.5	10796.1
39310	1625.3	1805.3	10443.0
22802	1651.3	1890.0	10900.3
19650	1648.4	1894.6	11013.8
13001	1649.9	1887.5	10901.9
33011	1662.7	1893.4	11187.8
52507	1652.0	1893.9	10977.5
49562	1655.9	1923.1	11167.8
32019	1644.9	1874.3	10727.1
27651	1646.9	1858.1	10791.2
27570	1640.5	1962.4	10994.1
46407	1641.6	1840.3	10783.0
35185	1636.8	1847.1	10716.9
58583	1622.3	1792.2	10194.6
50780	1637.5	1809.8	10565.6
5727	1645.9	1923.7	11172.4
15058	1641.8	1880.2	10798.9
55276	1655.4	1834.3	10897.4
48241	1655.9	1931.5	11289.3
36232	1645.2	1875.9	10843.0
17636	1653.4	1872.7	10824.1
6162	1641.9	1875.0	10889.4
57779	1636.4	1879.3	10908.8
29684	1654.1	1905.2	11131.7
23946	1651.0	1916.1	11071.1
40056	1647.7	1866.1	10853.9
37480	1650.5	1901.8	10951.0
62954	1649.4	1893.5	11220.2
52661	1661.1	1923.9	11225.3
23960	1647.2	1882.3	10893.4
47749	1653.8	1907.6	10907.5
30686	1663.6	1931.8	11619.7
59926	1636.9	1881.0	11041.8
38370	1647.0	1875.0	10668.1
19362	1648.2	1843.4	10752.0
66336	1638.4	1885.3	10773.4
36990	1656.5	1917.8	11170.1
67672	1652.1	1866.1	11186.8
66264	1638.0	1870.4	10789.7
32327	1643.4	1877.3	10654.9
30415	1649.0	1905.3	10947.0
40350	1651.8	1864.2	10790.9
41047	1641.6	1871.4	10844.9
43544	1647.5	1891.6	10969.8
19523	1633.1	1855.5	10658.2
12805	1647.3	1960.2	11068.4
69978	1647.3	1950.6	11360.3
28112	1648.4	1939.9	11602.3
21329	1652.4	1902.4	10942.4
14963	1629.3	1796.9	10362.4
16800	1657.8	1917.9	11075.9
7954	1645.7	1926.6	11077.7
2494	1649.4	1906.8	11038.1
62682	1659.8	1916.6	11339.5
1876	1652.2	1859.3	10941.6
55194	1650.5	1915.2	10938.1
3403	1651.1	1921.8	11316.6
58608	1640.8	1840.1	10644.7
69362	1644.8	1862.8	10775.0
61999	1626.5	1814.7	10483.3
7045	1645.6	1902.6	11111.7
1014	1637.2	1823.7	10509.4
36796	1656.8	1895.8	11096.2
17326	1658.9	1916.0	11808.7
29778	1653.6	1918.7	11183.5
67956	1648.6	1874.5	11130.3
19087	1640.6	1907.4	10852.8
49188	1650.5	1905.8	11141.9
6944	1660.3	2020.3	11486.4
49096	1645.9	1928.1	11243.0
29116	1642.8	1878.6	11002.6
26203	1666.0	1883.3	11168.2
43976	1639.2	1836.6	10806.1
8604	1641.1	1836.5	10646.9
37355	1643.1	1877.0	10797.9
48747	1643.6	1875.6	10818.6
41703	1660.6	1930.4	11341.1
27060	1647.4	1867.0	10908.0
7147	1652.5	1884.8	10868.1
35412	1647.3	1882.6	11490.8
67020	1649.7	1916.7	10991.2
53671	1648.0	1915.7	10941.6
25071	1632.2	1888.1	10817.9
52695	1644.0	1891.9	10949.4
6978	1655.1	1907.9	11051.5
28168	1641.6	1888.4	10786.3
40855	1649.5	1896.2	11335.5
36345	1653.6	1917.9	11099.3
46363	1661.3	1985.9	11399.8
29337	1632.1	1840.5	10528.0
56436	1649.3	1862.7	10732.8
24842	1668.4	1952.4	11153.1
41191	1648.3	1888.9	11064.4
22172	1650.3	1898.0	11720.6
29900	1643.8	1887.1	10996.9
44972	1659.3	1961.3	11087.6
60630	1638.0	1871.1	11025.5
18962	1641.8	1806.7	10592.2
8646	1646.9	1908.4	10998.3
33896	1653.6	1898.1	10943.3
26745	1637.3	1876.9	10998.3
5758	1648.8	1856.6	10912.2
66641	1656.4	1908.4	11492.0
67479	1648.5	1856.3	10842.0
36145	1645.2	1892.1	10868.2
41862	1648.6	1890.4	10833.5
61982	1642.5	1898.7	10716.1
41960	1650.1	1898.9	10916.4
487	1648.5	1936.5	10937.2
10277	1649.6	1911.3	11266.6
164	1655.2	1956.6	11512.4
39621	1639.0	1864.5	10829.2
66227	1646.4	1880.6	10799.7
1683	1635.8	1841.7	10694.4
20686	1635.9	1884.1	10779.0
10792	1642.6	1851.4	10604.7
67728	1656.6	1897.1	10992.5
206	1650.9	1929.4	11257.7
29555	1642.8	1888.0	10598.4
48348	1638.8	1855.5	10838.5
8084	1650.0	1905.6	11069.7
18020	1641.9	1887.9	10803.7
22697	1644.9	1908.8	10984.7
47440	1643.7	1830.1	11020.7
62266	1641.4	1858.0	10736.7
23597	1639.0	1843.0	10720.1
25606	1637.6	1826.8	10619.2
47944	1641.6	1870.7	10895.4
17906	1650.3	1901.4	11261.9
17584	1652.0	1943.9	11012.4
26099	1646.0	1834.9	10718.4
19566	1658.1	1934.5	11013.4
32472	1651.3	1907.4	11006.3
63662	1640.4	1833.9	10759.0
57346	1649.6	1826.6	10687.4
39273	1662.1	1927.2	11297.4
58719	1645.8	1877.8	11128.6
61636	1658.3	1938.9	11392.4
64454	1656.5	1893.2	10947.8
53568	1640.9	1869.8	10584.8
14301	1660.3	1892.1	11143.4
5584	1639.6	1872.9	10833.6
6328	1645.3	1949.5	10967.3
68072	1645.8	1902.8	11590.8
51908	1626.2	1797.5	10552.8
4	1628.2	1857.8	10507.9
739	1664.2	1867.5	10965.4
36555	1653.6	1885.5	11087.2
59980	1645.5	1883.6	11006.9
54487	1652.1	1943.8	11170.9
6384	1663.0	1928.6	11515.1
51184	1636.6	1869.6	10941.5
17428	1649.7	1890.3	10892.2
20084	1645.9	1916.8	11229.5
17371	1636.9	1866.7	10769.5
36001	1644.9	1844.4	10711.4
53105	1638.8	1894.1	10881.3
3050	1654.0	1935.3	11444.7
51808	1644.2	1829.3	10848.7
46250	1645.9	1862.1	10801.3
16182	1640.9	1922.4	11055.5
57177	1650.1	1835.3	10838.0
22910	1656.3	1895.9	10969.4
54592	1659.6	1976.6	11406.9
44393	1647.5	1881.2	10726.1
27128	1639.2	1865.9	10553.0
340	1640.1	1872.4	10664.5
