14959	1154.1	1312.8	4494.1
6882	1164.4	1394.3	4599.5
11117	1153.7	1359.1	4592.5
13052	1168.1	1347.4	4565.2
9521	1170.7	1446.6	4601.2
7090	1149.2	1369.2	4507.1
4848	1164.8	1391.4	4627.7
8133	1161.2	1376.7	4540.6
10273	1168.9	1458.0	4729.1
9560	1169.8	1395.7	4621.8
10680	1160.9	1379.3	4509.2
2260	1142.4	1378.3	4496.0
5790	1164.5	1373.1	4561.2
14059	1167.4	1423.5	4748.6
12096	1175.3	1488.6	4945.7
3883	1157.2	1378.8	4686.6
12014	1175.5	1435.7	4777.2
6911	1168.1	1411.1	4820.5
5289	1166.5	1416.6	4640.0
2509	1159.1	1342.3	4566.6
11924	1147.7	1366.2	4507.5
9357	1163.5	1435.4	4602.6
11700	1162.1	1445.9	4666.4
11273	1162.0	1339.2	4564.7
8095	1163.0	1395.8	4566.5
11410	1177.1	1398.4	4607.6
707	1160.6	1445.8	4645.0
11051	1168.0	1377.0	4771.1
9205	1151.7	1377.2	4534.7
3675	1168.9	1385.3	4642.3
2995	1164.8	1409.9	4660.2
10882	1154.4	1406.3	4625.2
14852	1141.1	1363.0	4467.1
7442	1162.8	1425.3	4713.5
6182	1168.6	1443.9	4751.7
11991	1162.3	1405.0	4715.3
7617	1154.6	1330.9	4570.0
11378	1145.0	1459.3	4631.2
7965	1164.6	1398.4	4559.6
14501	1162.3	1406.2	4616.0
11501	1165.3	1437.7	4782.5
14510	1171.1	1422.1	4621.2
12979	1168.3	1454.5	4704.6
8237	1167.3	1440.2	4676.6
12533	1152.8	1397.6	4578.7
3652	1151.5	1363.2	4510.9
13933	1166.3	1426.1	4698.6
5793	1159.3	1397.5	4592.1
8349	1162.8	1427.9	4625.7
3971	1160.9	1361.4	4576.9
10195	1166.9	1387.6	4621.0
9666	1159.6	1379.5	4604.9
12948	1167.5	1407.3	4702.6
4469	1167.3	1403.7	4678.1
7821	1158.8	1386.1	4636.8
12787	1153.0	1430.0	4764.0
14781	1163.2	1436.1	4701.4
7238	1153.9	1405.1	4622.0
10528	1141.8	1382.7	4544.8
14947	1154.9	1341.3	4518.4
112	1150.9	1403.8	4540.1
13887	1154.5	1382.0	4565.0
13142	1160.9	1364.1	4537.4
12351	1163.1	1448.0	4627.4
612	1157.7	1364.3	4568.2
6553	1159.7	1440.5	4675.7
12063	1159.3	1417.7	4591.7
10373	1161.2	1419.5	4614.6
7196	1155.8	1395.1	4546.0
1383	1170.3	1443.6	4668.6
5581	1175.4	1497.2	4738.0
5834	1164.4	1408.3	4619.8
4625	1156.3	1392.8	4643.1
6161	1141.4	1339.6	4511.5
13323	1165.9	1354.9	4541.2
10208	1145.2	1353.1	4500.1
11912	1145.3	1421.9	4661.1
8762	1157.9	1398.5	4664.1
1794	1155.7	1397.9	4604.6
9648	1168.7	1384.9	4560.0
7318	1166.3	1393.3	4660.5
5967	1153.7	1389.9	4582.0
1146	1156.6	1433.9	4623.0
3542	1163.8	1418.2	4693.0
8795	1182.1	1457.7	4745.2
13035	1187.1	1427.3	4697.7
14830	1151.8	1341.4	4459.1
4040	1145.9	1366.8	4601.7
742	1169.2	1420.0	4811.4
4282	1169.2	1416.7	4678.8
13482	1166.2	1414.3	4646.3
11779	1155.9	1405.8	4601.2
11108	1165.1	1431.7	4589.4
9526	1167.6	1440.5	4738.2
2281	1148.1	1381.6	4571.1
6152	1152.3	1386.5	4567.4
12153	1151.6	1358.7	4474.0
7077	1160.2	1412.6	4629.6
10705	1149.7	1344.5	4504.0
9624	1162.2	1387.2	4584.9
9414	1165.9	1446.8	4716.8
13434	1152.3	1400.6	4582.0
6844	1160.2	1360.9	4562.8
2451	1168.3	1471.4	4725.7
637	1158.8	1424.9	4585.0
11945	1169.9	1430.1	4944.9
11247	1162.2	1366.6	4548.5
10664	1185.2	1435.7	4747.5
7643	1153.3	1353.7	4566.3
3307	1161.3	1369.1	4585.7
13885	1157.6	1369.9	4595.2
13190	1168.2	1460.8	4721.6
11653	1152.0	1402.9	4662.5
630	1171.2	1460.8	4661.1
943	1156.4	1390.6	4607.0
9215	1161.3	1433.9	4641.6
5092	1168.4	1374.5	4519.3
1760	1159.4	1386.5	4537.6
2109	1159.3	1436.9	4644.4
7962	1162.0	1386.8	4626.5
8084	1169.5	1425.6	4580.6
12852	1149.7	1373.0	4575.5
13413	1159.7	1391.1	4617.3
9901	1160.1	1410.8	4581.6
7792	1145.1	1374.0	4482.7
2674	1153.5	1394.4	4693.1
11136	1181.6	1438.7	4815.1
9035	1170.2	1417.3	4644.4
13343	1166.4	1412.6	4617.8
3207	1158.6	1417.6	4610.2
10221	1155.3	1376.9	4547.3
146	1171.2	1447.6	4748.7
8938	1161.0	1432.7	4698.7
14351	1156.0	1399.8	4578.8
5314	1165.2	1403.2	4654.4
11154	1155.8	1398.8	4571.2
13778	1169.3	1418.8	4705.2
13083	1160.6	1397.6	4645.7
3736	1160.0	1426.7	4584.7
7851	1158.5	1448.9	4774.9
11428	1162.5	1431.3	4618.0
5950	1158.3	1414.1	4608.5
11448	1163.6	1369.7	4646.4
6022	1156.3	1454.5	4718.1
5515	1164.8	1400.9	4583.8
6150	1156.6	1448.3	4696.5
2188	1164.2	1408.6	4636.1
11834	1171.7	1458.0	4712.3
3683	1159.0	1398.5	4609.8
3072	1146.2	1347.1	4579.2
12748	1172.0	1443.4	4670.3
5974	1159.7	1391.2	4593.0
11088	1163.4	1416.8	4639.2
1754	1162.8	1422.9	4612.1
3573	1156.8	1456.9	4707.1
10868	1178.2	1423.6	4769.9
1103	1152.8	1378.3	4536.2
1807	1177.2	1450.1	4728.9
3495	1161.1	1421.0	4574.3
14578	1152.0	1416.5	4591.7
3461	1160.7	1414.4	4596.7
2354	1149.9	1357.8	4604.6
13039	1162.8	1425.7	4661.9
14394	1154.2	1413.7	4644.6
5296	1147.2	1365.8	4617.6
5214	1166.9	1405.8	4661.8
3321	1164.2	1418.3	4649.3
3946	1167.3	1368.0	4662.5
23	1169.0	1421.8	4690.3
8704	1160.7	1439.6	4731.2
9363	1161.0	1365.6	4581.3
9422	1171.5	1458.5	4662.1
1771	1161.1	1443.9	4611.8
13446	1158.8	1417.7	4643.2
6439	1176.1	1463.3	4972.4
2743	1159.4	1372.3	4567.6
338	1155.2	1395.2	4581.2
1193	1175.4	1472.5	4707.4
4409	1154.7	1365.7	4507.8
2711	1165.8	1430.4	4741.1
12640	1162.2	1413.3	4659.0
720	1162.5	1406.2	4537.6
6811	1146.6	1416.1	4597.6
4436	1149.9	1337.7	4564.2
8699	1161.5	1398.3	4590.5
1664	1160.3	1353.9	4575.1
1262	1170.5	1456.7	4633.5
12018	1175.4	1471.8	4783.2
9697	1158.3	1365.6	4619.5
6964	1154.7	1408.9	4588.6
5781	1163.1	1470.5	4726.3
22	1165.7	1393.0	4648.8
12160	1146.9	1343.6	4558.7
12298	1159.3	1399.5	4544.9
8807	1153.9	1409.8	4572.6
9548	1161.6	1386.8	4565.0
6961	1144.7	1375.3	4456.8
7292	1166.0	1386.3	4595.5
9479	1158.7	1433.6	4612.3
14236	1168.7	1402.2	4710.8
3383	1162.0	1353.3	4535.8
2532	1173.4	1413.3	4592.6
3190	1143.1	1316.5	4425.1
1014	1173.1	1469.8	4689.1
11224	1149.9	1392.9	4504.7
272	1154.1	1389.1	4604.3
1797	1161.3	1361.2	4656.6
1789	1156.3	1400.1	4574.8
8678	1171.5	1426.1	4722.8
3156	1148.5	1377.4	4588.8
4096	1151.8	1394.5	4559.4
1321	1171.2	1418.1	4747.3
10594	1162.1	1391.5	4575.9
14807	1159.6	1403.6	4613.1
10845	1157.5	1377.1	4531.6
8163	1160.1	1404.5	4651.5
13577	1166.6	1405.8	4620.6
14885	1170.5	1421.7	4678.8
10464	1147.3	1398.6	4597.0
7148	1158.9	1391.1	4592.0
1830	1161.1	1389.8	4544.5
4267	1164.8	1374.6	4570.7
8961	1153.6	1365.5	4548.7
14868	1143.0	1333.0	4506.4
12888	1161.7	1408.5	4620.5
12325	1155.8	1381.9	4525.9
13681	1153.0	1414.2	4600.1
6421	1147.9	1329.1	4511.5
10884	1171.1	1436.3	4714.6
4987	1174.2	1465.0	4744.6
7106	1155.9	1427.7	4590.1
3717	1166.6	1408.7	4587.7
2077	1166.7	1447.7	4779.4
8494	1158.4	1437.2	4625.4
7911	1149.3	1398.8	4512.8
7092	1156.5	1396.7	4685.2
6643	1152.8	1394.5	4597.8
5960	1164.7	1380.5	4610.4
12681	1165.7	1486.4	4709.5
13325	1166.9	1429.3	4648.8
793	1168.8	1407.1	4646.5
9430	1168.1	1456.5	4688.4
7279	1168.0	1388.8	4626.9
10060	1151.4	1411.2	4562.9
9614	1154.7	1376.2	4560.8
9870	1156.8	1390.3	4591.4
51	1160.3	1412.7	4657.8
2684	1157.8	1399.5	4529.1
9658	1164.8	1360.3	4602.6
9121	1144.6	1386.5	4436.5
5924	1157.8	1437.3	4654.3
14744	1168.5	1427.7	4664.8
8712	1165.3	1404.4	4695.5
1382	1172.2	1374.0	4606.0
12430	1167.2	1401.5	4646.9
14828	1158.7	1425.1	4640.3
6493	1152.5	1388.5	4587.9
4518	1164.0	1435.9	4701.8
10361	1165.3	1408.4	4650.4
1400	1164.4	1383.3	4562.9
12267	1157.8	1439.9	4738.5
13369	1164.1	1404.3	4632.6
9929	1176.2	1440.9	4727.4
13137	1164.5	1435.9	4766.5
2920	1169.3	1413.4	4691.2
6650	1157.9	1388.1	4641.5
10487	1156.4	1411.0	4659.5
9801	1167.0	1418.7	4609.0
2117	1151.3	1387.0	4545.7
10315	1154.5	1378.7	4581.4
7609	1155.7	1439.9	4645.3
3008	1173.6	1405.3	4698.5
14923	1171.2	1435.9	4709.9
14926	1150.6	1369.2	4520.1
12685	1153.0	1379.0	4530.2
125	1171.1	1444.4	4646.5
4855	1157.3	1398.4	4596.6
331	1161.4	1437.9	4609.3
1718	1172.4	1424.2	4653.6
14239	1173.8	1447.4	4740.9
2488	1160.6	1366.7	4643.7
12352	1150.6	1397.5	4520.3
8763	1167.9	1424.0	4623.5
6708	1165.9	1379.8	4549.0
13976	1176.9	1420.8	4737.3
3558	1152.1	1417.1	4561.3
4657	1150.1	1380.8	4600.7
14358	1166.3	1391.0	4660.3
9291	1155.2	1414.4	4683.1
13030	1144.2	1340.9	4503.2
2526	1149.5	1355.6	4494.0
4359	1163.2	1416.6	4645.3
3126	1163.0	1409.7	4600.4
6283	1168.4	1401.1	4593.0
1500	1161.3	1376.5	4653.3
9710	1154.8	1405.7	4552.1
7327	1168.2	1340.8	4525.5
7321	1149.4	1357.7	4478.1
2726	1165.7	1409.6	4696.1
14636	1178.0	1435.4	4731.4
13145	1167.9	1458.1	4668.1
2799	1158.2	1448.0	4612.5
1385	1169.2	1400.5	4644.8
6354	1176.9	1450.0	4673.9
8553	1143.6	1342.3	4490.2
2520	1159.4	1383.1	4590.2
8832	1157.2	1433.1	4618.6
13819	1164.8	1420.8	4576.3
1637	1154.6	1396.1	4622.9
10572	1162.2	1370.2	4527.0
12366	1157.2	1384.1	4586.6
4367	1163.6	1413.5	4565.3
2579	1162.6	1422.8	4690.7
9140	1161.2	1353.1	4564.4
2323	1163.4	1366.8	4585.8
6972	1173.8	1418.9	4736.0
3746	1163.7	1453.0	4707.6
8737	1157.5	1405.7	4721.8
11071	1161.6	1368.7	4550.0
14177	1168.0	1421.8	4669.4
13480	1167.9	1396.4	4543.3
11937	1186.5	1483.4	4915.4
10521	1168.9	1408.7	4633.7
8422	1158.9	1371.9	4599.9
1479	1167.7	1416.2	4588.7
4175	1165.6	1452.1	4683.4
8278	1172.7	1418.0	4705.2
5275	1149.9	1380.5	4564.5
6103	1159.8	1386.9	4614.6
5828	1141.2	1397.3	4635.3
451	1173.5	1438.2	4640.1
1517	1172.1	1465.3	4790.0
2379	1162.6	1422.9	4682.0
12062	1165.2	1450.3	4642.1
8272	1161.1	1411.4	4635.0
12412	1161.4	1402.7	4526.8
10842	1151.3	1436.6	4604.9
8690	1148.9	1455.4	4648.0
2644	1158.7	1419.4	4573.1
6817	1158.3	1403.5	4583.4
13042	1171.8	1421.3	4693.0
5946	1156.7	1353.9	4598.0
116	1156.9	1411.3	4611.4
633	1165.5	1424.6	4685.8
4413	1146.9	1418.2	4614.0
6992	1170.1	1435.5	4680.8
7722	1155.2	1399.2	4624.3
3671	1154.3	1350.3	4575.3
4390	1155.7	1371.5	4508.0
12705	1146.6	1382.4	4503.2
11462	1158.4	1422.4	4686.4
1129	1143.1	1379.7	4458.1
14514	1155.2	1398.4	4666.3
9464	1159.2	1393.8	4618.2
6640	1154.7	1369.8	4529.0
12473	1171.7	1364.0	4623.3
5175	1156.3	1389.1	4533.1
12438	1166.3	1425.6	4678.8
5479	1178.0	1451.6	4780.1
4677	1161.5	1404.8	4626.5
827	1171.3	1416.2	4648.4
14172	1160.5	1412.7	4611.8
1001	1171.9	1447.0	4744.8
12508	1171.6	1450.3	4699.7
12178	1161.8	1444.5	4726.8
7912	1160.2	1410.4	4618.0
12965	1165.2	1430.6	4615.9
10062	1153.3	1379.3	4551.3
253	1158.0	1396.4	4598.2
3659	1159.8	1380.9	4704.2
14694	1177.0	1429.5	4855.3
4577	1162.7	1424.6	4637.5
5496	1167.3	1453.8	4662.9
11346	1178.1	1445.2	4825.2
4705	1153.8	1403.1	4603.6
1413	1166.1	1491.8	4728.8
11430	1151.7	1387.3	4524.9
9678	1164.0	1450.2	4670.7
14946	1156.6	1382.8	4573.3
14707	1153.1	1369.6	4587.5
14792	1141.5	1319.4	4457.4
4950	1175.3	1410.5	4635.0
6296	1159.6	1379.0	4613.8
10926	1153.1	1412.1	4538.4
12237	1155.0	1386.1	4600.4
13587	1159.1	1401.7	4528.2
6544	1159.1	1399.0	4578.0
7118	1152.1	1399.3	4608.1
11670	1142.9	1387.0	4550.4
10381	1141.5	1409.5	4535.1
11986	1158.3	1381.4	4565.3
1634	1174.2	1490.7	4786.7
13903	1168.6	1420.5	4717.8
8955	1161.5	1402.8	4840.8
2112	1159.1	1380.8	4560.4
3916	1179.1	1484.9	4747.2
13850	1166.8	1380.1	4584.3
6344	1136.0	1394.0	4558.8
9999	1168.2	1405.5	4623.2
2500	1145.3	1415.3	4550.4
1533	1168.3	1458.9	4661.0
7244	1159.9	1415.9	4697.5
5632	1165.7	1371.3	4592.3
11145	1155.9	1387.6	4562.8
10990	1170.5	1428.1	4619.5
4933	1147.9	1333.2	4469.1
6356	1151.2	1360.6	4577.2
14716	1156.0	1392.7	4579.4
854	1164.2	1435.4	4629.7
14484	1172.4	1471.3	4804.7
11127	1155.5	1361.2	4519.1
2216	1170.6	1480.8	4763.2
11681	1161.9	1378.1	4595.8
2085	1162.5	1392.6	4547.7
7728	1174.0	1512.0	4755.4
10660	1165.1	1377.0	4592.4
738	1159.8	1380.3	4576.6
3552	1154.7	1430.3	4599.4
2647	1168.6	1412.4	4657.6
6740	1144.3	1335.9	4545.7
8646	1163.0	1392.7	4617.1
4319	1178.4	1405.8	4617.3
11020	1161.1	1424.9	4681.9
6787	1161.8	1386.0	4552.9
12883	1164.7	1438.1	4706.3
86	1163.4	1401.7	4653.1
9689	1156.3	1342.4	4543.7
5228	1167.4	1443.2	4692.1
10924	1159.0	1410.9	4709.4
1778	1165.0	1445.3	4630.3
8268	1161.4	1372.1	4654.0
14967	1169.0	1407.5	4591.7
11054	1164.0	1422.9	4708.4
13060	1165.3	1460.7	4727.2
7108	1168.6	1433.5	4650.3
39	1163.2	1468.1	4859.6
2540	1159.6	1400.6	4578.4
3258	1149.0	1407.2	4569.0
11629	1164.8	1439.8	4786.9
14260	1161.5	1445.3	4672.4
13295	1137.5	1328.2	4459.7
5564	1152.7	1411.5	4586.5
7490	1163.2	1444.9	4596.5
1280	1166.8	1433.3	4678.4
14095	1151.5	1428.0	4608.1
13760	1169.1	1435.1	4716.3
2059	1166.8	1448.7	4606.9
10603	1165.4	1395.1	4633.8
1190	1162.2	1467.9	4701.6
9950	1155.4	1429.2	4663.5
3680	1161.3	1385.3	4627.8
944	1163.6	1418.4	4532.7
7931	1150.6	1396.9	4608.3
13978	1157.4	1352.7	4507.7
14253	1159.2	1492.3	4778.9
5881	1158.2	1458.5	4735.2
677	1157.2	1443.6	4660.9
1038	1144.9	1391.7	4551.4
14618	1159.6	1402.1	4644.5
10904	1162.2	1422.5	4710.8
3240	1161.7	1409.3	4656.9
13827	1160.9	1421.8	4568.0
4920	1177.9	1432.8	4807.3
4135	1168.8	1435.9	4739.4
9932	1157.6	1400.2	4662.3
11354	1158.9	1395.4	4550.0
5723	1160.2	1411.0	4708.2
9402	1174.5	1463.4	4710.2
4560	1174.4	1431.1	4790.4
14122	1161.0	1370.9	4515.7
2616	1154.8	1402.9	4594.4
8677	1150.7	1396.6	4532.9
9243	1155.6	1429.3	4551.0
10783	1167.5	1417.9	4660.4
10870	1163.7	1358.1	4580.6
2623	1163.2	1380.1	4682.6
972	1156.0	1384.7	4654.5
14	1149.7	1346.1	4555.4
1509	1173.2	1467.8	4711.2
11659	1162.3	1409.3	4707.3
13329	1169.7	1380.8	4684.7
2190	1155.6	1337.3	4539.2
881	1163.3	1407.5	4614.4
5467	1157.4	1400.0	4561.0
73	1143.3	1389.5	4550.8
4158	1174.6	1456.5	4705.2
1202	1174.1	1450.0	4709.4
5386	1169.8	1485.5	4770.8
5547	1162.6	1400.6	4610.6
3840	1173.2	1514.7	4790.1
6247	1167.3	1419.6	4693.5
11213	1150.9	1368.2	4599.9
8724	1170.4	1406.5	4698.5
4474	1159.5	1405.8	4539.6
2680	1169.6	1437.3	4674.1
1810	1149.5	1345.3	4501.7
7649	1161.2	1429.8	4616.8
1378	1140.4	1338.4	4481.6
181	1150.7	1396.1	4551.8
8743	1170.3	1422.9	4682.6
4977	1159.5	1402.9	4582.5
13224	1150.2	1399.2	4530.7
4485	1164.4	1374.9	4670.9
11007	1162.6	1375.7	4630.6
1081	1167.0	1470.6	4679.1
204	1163.2	1481.6	4959.0
3624	1179.9	1432.1	4625.4
10280	1165.1	1396.4	4660.5
753	1180.8	1427.3	4705.5
28	1166.0	1403.9	4704.0
7486	1159.9	1419.3	4576.5
7151	1147.6	1396.6	4553.2
5111	1164.9	1457.7	4706.7
13403	1165.3	1440.1	4760.2
5942	1167.8	1355.7	4486.5
11817	1164.3	1407.1	4677.8
10268	1162.9	1448.3	4634.8
5953	1160.4	1406.4	4576.4
10040	1161.6	1426.9	4690.0
1837	1156.0	1348.7	4553.6
1813	1179.6	1461.4	4778.1
2393	1155.4	1435.6	4582.6
4101	1144.8	1356.3	4558.3
12678	1168.6	1415.3	4580.8
6423	1176.8	1442.1	4764.0
9651	1151.5	1403.3	4631.7
845	1164.9	1407.7	4666.9
12901	1150.8	1399.3	4599.6
2247	1170.9	1481.3	4827.1
12779	1151.5	1401.5	4528.8
2432	1172.7	1420.2	4706.8
2422	1150.8	1351.6	4618.3
2593	1156.1	1403.9	4566.0
12247	1161.7	1408.9	4570.7
1108	1157.0	1422.4	4619.8
5806	1172.4	1438.3	4652.4
3399	1157.5	1445.7	4750.8
8356	1147.3	1375.0	4501.4
280	1153.1	1367.8	4496.4
8767	1172.1	1430.2	4633.2
14027	1152.9	1356.7	4483.9
2720	1159.9	1409.3	4647.2
4090	1152.3	1398.4	4725.7
14698	1137.6	1372.5	4509.4
3766	1147.8	1385.7	4516.4
10244	1167.4	1434.8	4736.2
12121	1161.2	1443.4	4623.6
5448	1166.0	1423.4	4646.8
13521	1148.5	1415.8	4567.2
11884	1156.7	1383.9	4577.0
12768	1158.1	1417.2	4594.9
6888	1160.0	1436.1	4659.0
5748	1153.2	1382.7	4590.0
9443	1173.6	1409.7	4599.7
7593	1154.4	1419.5	4622.1
570	1160.1	1426.7	4674.4
5958	1157.6	1391.7	4568.4
1252	1171.4	1472.8	4708.4
6605	1166.5	1435.1	4728.2
373	1153.8	1364.2	4562.8
3772	1150.2	1467.4	4595.6
4305	1161.8	1430.6	4578.8
5529	1165.6	1365.9	4505.5
13076	1166.3	1449.2	4730.2
13048	1175.3	1430.1	4713.7
2725	1168.0	1397.5	4612.2
1516	1159.7	1405.6	4736.4
14664	1149.3	1402.0	4669.3
2876	1170.8	1502.4	4745.5
4038	1169.7	1418.4	4683.8
10162	1165.9	1439.8	4689.6
1260	1156.3	1411.0	4580.3
9941	1161.2	1491.7	4819.1
12457	1152.2	1380.5	4742.3
14329	1153.2	1406.7	4668.9
5435	1160.5	1441.0	4674.9
12670	1181.3	1410.2	4650.5
14386	1164.5	1383.4	4607.0
2329	1170.5	1417.2	4605.5
11878	1186.9	1555.0	4963.3
14695	1140.5	1342.0	4543.5
5319	1170.4	1423.2	4683.9
3613	1167.7	1450.4	4816.6
7071	1162.2	1401.9	4599.4
5980	1177.0	1496.1	4890.0
3987	1153.0	1417.6	4595.5
1077	1174.5	1474.6	4795.2
10944	1151.4	1429.7	4551.8
12826	1145.7	1355.1	4523.0
4752	1159.2	1387.3	4569.5
12102	1160.0	1402.3	4647.2
13406	1161.9	1390.3	4595.7
11305	1158.4	1439.0	4681.0
11237	1159.7	1441.6	5061.1
3703	1150.6	1346.1	4535.6
10055	1173.8	1405.2	4643.4
13228	1168.0	1376.5	4720.1
8350	1151.4	1364.7	4640.4
2924	1163.7	1460.3	4645.9
44	1166.0	1453.5	4721.2
10057	1169.0	1422.1	4673.7
5922	1153.5	1413.7	4543.5
10672	1145.1	1340.1	4515.7
363	1144.5	1406.8	4600.3
1310	1170.8	1455.4	4725.6
12401	1158.9	1382.9	4619.2
13705	1164.2	1410.1	4674.4
5985	1164.9	1474.4	4713.1
14779	1171.4	1437.9	4643.0
2536	1178.5	1446.4	4758.8
6331	1186.5	1471.1	4707.0
2060	1173.8	1465.6	4744.2
8516	1180.8	1462.2	4736.5
13613	1155.3	1375.9	4574.9
1082	1150.1	1393.2	4501.6
4399	1160.4	1414.2	4616.6
13493	1161.9	1372.1	4598.6
2372	1157.5	1381.8	4540.3
7041	1160.4	1413.7	4633.5
9081	1154.1	1367.7	4574.0
12546	1174.7	1432.8	4769.7
13969	1163.6	1463.5	4772.7
9421	1163.2	1458.1	4699.2
8455	1160.3	1363.1	4548.6
10503	1151.7	1416.2	4523.9
2947	1172.2	1411.4	4735.8
3687	1164.9	1473.5	4796.0
5247	1162.6	1386.2	4600.2
13388	1170.5	1453.6	4646.9
12265	1154.5	1380.7	4589.1
8240	1161.3	1370.0	4556.7
7660	1163.2	1403.8	4674.0
4568	1156.7	1404.6	4564.3
10212	1165.7	1380.2	4549.5
10629	1159.6	1424.8	4677.0
6658	1184.5	1426.1	4698.8
4944	1170.9	1425.1	4641.3
4803	1159.2	1408.3	4669.3
8964	1156.1	1450.3	4702.3
5478	1157.6	1384.1	4607.3
13575	1171.0	1453.2	4753.2
14179	1149.1	1362.4	4518.7
7339	1150.4	1384.0	4555.5
7576	1177.7	1404.6	4669.9
2456	1163.5	1459.6	4747.0
11547	1170.3	1488.7	4835.8
10583	1178.0	1444.4	4777.8
12668	1146.7	1392.8	4642.0
1122	1159.8	1397.9	4547.1
6926	1157.4	1411.0	4607.9
303	1168.6	1422.4	4666.8
3474	1157.9	1400.2	4587.0
3049	1170.5	1409.5	4649.3
394	1149.1	1356.1	4649.2
10155	1167.1	1395.4	4594.3
5867	1156.7	1437.1	4649.8
9650	1152.7	1395.6	4550.7
7320	1165.6	1421.7	4664.7
9456	1165.5	1422.7	4845.9
6358	1150.0	1374.5	4512.6
11664	1166.5	1449.6	4604.3
10611	1163.2	1460.6	4724.6
13462	1164.3	1416.9	4660.2
14756	1173.5	1382.3	4724.7
11488	1160.2	1387.2	4573.3
11124	1145.6	1424.6	4682.2
8025	1169.5	1443.7	4673.4
7718	1141.4	1362.3	4511.7
3820	1164.9	1429.6	4698.2
4433	1161.1	1481.9	4728.0
1938	1174.3	1404.6	4703.4
11086	1168.0	1443.7	4608.8
5531	1145.8	1418.4	4549.8
7444	1153.1	1393.6	4551.1
2385	1166.1	1405.5	4596.5
3798	1168.5	1418.0	4661.5
3651	1168.2	1463.1	4651.0
6938	1160.6	1393.5	4623.6
8800	1165.1	1404.0	4609.4
7605	1170.4	1479.6	4731.7
9505	1169.3	1452.3	4835.6
8228	1169.7	1473.6	4660.9
9077	1150.4	1361.1	4530.7
14539	1167.7	1427.9	4688.7
7303	1163.3	1410.6	4551.1
9127	1163.5	1416.9	4597.9
6685	1174.7	1397.2	4614.4
14013	1158.1	1388.1	4639.9
14297	1157.8	1399.0	4653.3
7496	1172.0	1434.1	4757.0
12021	1166.9	1425.6	4710.7
4052	1146.4	1403.8	4573.2
10612	1160.2	1395.5	4639.5
2475	1158.4	1390.0	4497.3
4548	1135.9	1358.8	4509.0
9420	1178.0	1475.9	4671.7
6229	1162.7	1444.4	4631.6
6580	1167.4	1474.1	4678.5
8218	1177.7	1471.7	4709.8
9573	1157.4	1378.6	4612.8
9534	1163.8	1411.8	4665.7
3976	1157.4	1443.3	4599.0
12126	1151.9	1399.5	4590.7
9584	1149.8	1454.4	4777.8
2256	1151.4	1333.3	4542.5
11275	1150.0	1391.2	4649.4
9083	1155.7	1399.0	4572.1
3354	1157.5	1379.6	4532.4
9329	1146.7	1355.6	4536.5
5558	1159.9	1445.0	4676.5
7715	1153.5	1405.9	4545.1
483	1158.6	1423.5	4637.7
222	1163.8	1426.2	4585.0
6677	1175.3	1391.2	4630.4
3204	1168.8	1440.4	4675.3
14364	1156.8	1378.7	4611.9
14562	1167.0	1447.2	4700.9
9757	1154.1	1423.1	4647.6
649	1166.7	1428.5	4703.1
14709	1153.4	1324.8	4456.5
7469	1140.1	1355.6	4503.4
13519	1157.9	1340.8	4597.5
10185	1161.2	1365.9	4615.9
5210	1174.4	1440.3	4698.6
6293	1174.9	1489.3	4809.2
14891	1164.1	1435.7	4605.6
4465	1149.2	1384.6	4592.3
13160	1147.5	1339.7	4479.9
2046	1159.3	1385.8	4560.4
8047	1152.3	1388.4	4536.2
12168	1166.3	1382.3	4603.7
893	1166.6	1482.7	4715.5
13932	1164.3	1433.5	4605.1
10447	1152.4	1447.7	4622.7
4717	1157.0	1413.3	4629.1
7674	1157.3	1362.2	4557.9
7694	1150.5	1413.0	4588.2
953	1155.2	1398.5	4621.9
4292	1154.5	1377.3	4494.3
9138	1170.0	1410.5	4707.6
5120	1174.7	1402.0	4801.0
5304	1164.8	1427.6	4668.1
6383	1160.5	1413.6	4592.7
3796	1152.8	1378.0	4507.1
5140	1166.4	1400.1	4654.4
4243	1143.6	1417.6	4552.0
12618	1156.8	1395.0	4609.2
5616	1158.2	1441.9	4630.1
1633	1151.4	1411.7	4548.3
9777	1157.9	1362.2	4598.7
11654	1172.7	1387.7	4621.4
2835	1163.7	1428.3	4690.1
8030	1145.7	1372.6	4570.0
11254	1171.3	1466.4	4773.0
8055	1163.0	1362.9	4512.3
12684	1154.3	1429.6	4599.7
10887	1159.2	1402.0	4530.8
1793	1162.2	1392.1	4591.2
13433	1161.3	1393.6	4653.6
14192	1157.9	1387.0	4690.3
8835	1168.5	1472.0	4763.1
7893	1163.1	1365.6	4542.1
6291	1139.9	1342.2	4457.7
8637	1166.2	1451.5	4579.9
14012	1171.9	1429.0	4733.8
11398	1165.2	1446.7	4923.4
1992	1160.2	1393.3	4574.4
12719	1153.1	1375.2	4515.9
8178	1160.6	1358.7	4577.5
11820	1153.3	1398.9	4576.3
5964	1156.3	1417.3	4593.3
5490	1171.3	1393.3	4665.6
9617	1167.1	1403.6	4626.6
2159	1156.7	1386.3	4571.9
4152	1173.2	1407.5	4724.7
5915	1168.4	1437.5	4730.9
1450	1169.0	1395.8	4598.6
11364	1162.8	1383.4	4578.9
5305	1162.3	1406.2	4588.1
10077	1143.5	1397.1	4460.2
3184	1162.5	1344.9	4498.0
4461	1167.2	1412.3	4667.5
10518	1165.9	1414.3	4650.8
11601	1166.8	1430.2	4702.2
165	1143.7	1357.3	4621.4
1040	1162.2	1467.6	4672.2
4983	1150.7	1366.9	4492.6
8040	1166.0	1438.0	4644.0
6376	1165.2	1446.9	4747.0
697	1168.0	1424.1	4589.2
2498	1171.7	1423.6	4658.4
14279	1160.8	1416.0	4547.1
10442	1176.8	1508.8	4740.5
7775	1149.8	1384.2	4545.0
6204	1161.9	1428.3	4610.8
10189	1155.2	1392.7	4585.9
11973	1156.1	1384.7	4592.2
805	1156.6	1378.5	4507.4
10581	1145.8	1363.6	4549.6
14810	1165.7	1437.2	4621.8
6585	1164.6	1401.1	4626.2
9551	1153.3	1382.2	4579.1
14123	1170.8	1461.8	4782.0
13618	1154.2	1432.6	4571.9
1700	1155.6	1370.7	4543.5
5487	1162.4	1400.1	4615.2
12008	1156.6	1379.6	4633.8
13551	1158.1	1404.8	4609.2
5627	1156.0	1409.8	4609.7
11772	1158.5	1408.5	4605.3
1060	1153.3	1392.4	4581.3
8889	1167.3	1405.9	4666.1
4448	1167.7	1391.0	4576.6
3211	1155.3	1401.0	4607.4
977	1158.3	1434.5	4627.4
14048	1161.5	1432.1	4635.3
3038	1151.2	1389.0	4602.0
10901	1156.2	1426.7	4710.6
9298	1171.1	1432.2	4686.5
1281	1162.1	1392.8	4707.2
12867	1149.8	1395.8	4543.9
4646	1161.2	1377.9	4599.7
12253	1148.8	1422.8	4604.3
5473	1155.9	1368.1	4494.6
1521	1149.7	1390.7	4524.3
7428	1171.7	1436.2	4738.2
3427	1182.0	1456.7	4808.1
7515	1176.8	1424.6	4673.6
137	1174.7	1447.6	4803.0
11168	1173.2	1435.7	4706.9
1066	1171.3	1397.7	4702.1
9563	1173.9	1481.2	4791.6
14168	1155.2	1372.2	4598.7
9977	1173.6	1448.1	4698.1
12757	1157.8	1360.7	4585.5
11064	1159.7	1402.5	4647.3
13602	1160.2	1394.1	4569.4
12601	1164.8	1422.5	4766.7
6220	1182.0	1482.2	4858.5
9033	1168.5	1421.0	4675.8
5746	1154.6	1396.1	4507.9
914	1170.1	1424.5	4643.7
9459	1160.9	1411.8	4638.6
1266	1172.1	1411.7	4637.0
565	1170.9	1445.4	4672.7
11444	1168.2	1401.7	4601.8
13408	1162.3	1423.1	4610.7
3120	1169.0	1416.7	4891.2
12648	1144.2	1354.3	4524.4
13407	1155.3	1396.1	4556.8
3448	1156.1	1449.9	4679.0
7787	1156.2	1375.0	4539.2
11774	1165.3	1485.2	4716.8
3198	1167.1	1435.1	4657.5
4538	1163.3	1442.6	4676.4
10643	1147.8	1408.4	4581.7
3783	1141.1	1347.0	4466.0
11381	1168.5	1400.3	4998.0
5313	1154.6	1351.4	4502.9
9379	1154.6	1431.4	4631.9
6795	1160.2	1378.0	4540.7
6473	1171.9	1429.5	4681.2
686	1156.3	1408.8	4612.2
5978	1160.7	1424.4	4601.8
1873	1145.8	1351.9	4499.0
13238	1154.4	1396.8	4572.8
7243	1162.6	1364.6	4594.2
6702	1160.2	1404.5	4584.2
4341	1160.1	1369.4	4527.3
4540	1144.3	1413.2	4688.4
8738	1171.4	1422.2	4586.5
644	1156.3	1349.4	4511.9
432	1151.1	1368.3	4541.1
4297	1168.7	1421.1	4634.4
5276	1149.9	1375.4	4561.5
12322	1155.7	1381.3	4561.8
1000	1143.8	1373.4	4464.6
5379	1155.5	1386.9	4553.8
5374	1163.8	1411.9	4668.1
4458	1143.7	1358.8	4539.8
11156	1166.4	1455.0	4618.9
8149	1160.6	1398.9	4554.0
199	1173.1	1370.9	4617.2
14100	1173.1	1383.5	4601.3
11385	1157.6	1386.2	4559.0
1439	1162.9	1456.3	4678.4
912	1162.3	1370.7	4545.6
10947	1170.0	1442.4	4683.5
8020	1158.8	1402.6	4518.0
13225	1169.7	1397.0	4601.0
4504	1159.3	1463.3	4770.2
7939	1163.5	1403.4	4626.6
5677	1174.8	1436.2	4745.3
3370	1160.3	1435.4	4642.7
7332	1159.7	1448.2	4646.3
3640	1170.5	1419.4	4595.0
14165	1168.6	1410.5	4720.3
9470	1164.3	1435.9	4596.2
4285	1162.6	1416.6	4770.3
1558	1162.8	1451.1	4661.7
8275	1163.6	1424.3	4654.8
7470	1168.8	1444.5	4722.4
4528	1164.4	1403.2	4714.8
4688	1169.3	1474.2	4685.7
9139	1151.7	1421.8	4623.3
11233	1153.0	1422.8	4575.3
13216	1161.6	1393.7	4551.6
9693	1148.2	1379.0	4569.4
10171	1161.7	1417.5	4612.8
12400	1157.8	1414.2	4617.1
215	1157.0	1385.8	4591.4
5215	1170.3	1403.1	4651.8
187	1172.9	1451.9	4738.3
11934	1159.1	1383.6	4516.2
7350	1171.3	1434.6	4650.8
13194	1164.2	1406.0	4623.3
3715	1146.7	1383.8	4533.0
2450	1154.0	1353.1	4546.2
8584	1155.2	1396.9	4631.4
7840	1163.9	1446.6	4734.1
13506	1150.0	1366.0	4533.9
8108	1153.3	1354.0	4492.2
12751	1160.2	1362.7	4623.3
14035	1167.1	1442.5	4630.8
9151	1145.9	1341.3	4434.0
10893	1157.7	1368.3	4560.4
4383	1148.3	1401.1	4563.1
1720	1163.4	1399.0	4590.4
14333	1175.1	1429.7	4676.6
10805	1169.0	1449.1	4736.5
11796	1156.9	1432.3	4612.7
6792	1174.3	1439.6	4660.8
9851	1156.4	1379.4	4567.0
7857	1168.7	1406.9	4637.2
10691	1161.5	1464.9	4710.4
931	1148.6	1392.0	4539.4
19	1168.0	1448.5	4720.7
10560	1159.6	1355.5	4685.0
12136	1158.7	1402.9	4698.1
285	1146.7	1403.7	4593.7
13015	1165.9	1368.4	4656.2
9441	1160.9	1437.0	4730.9
11472	1148.9	1402.0	4605.7
6525	1160.4	1349.6	4577.6
5469	1159.5	1393.4	4569.5
1391	1164.0	1441.1	4621.2
6485	1162.1	1392.5	4575.3
12611	1164.3	1328.5	4579.7
11205	1166.8	1422.6	4649.7
3921	1150.4	1400.1	4621.1
13926	1159.5	1412.9	4628.0
9394	1171.8	1444.4	4781.7
2887	1161.1	1396.6	4617.5
14713	1142.7	1375.0	4522.3
13205	1169.2	1425.6	4708.0
1476	1144.8	1348.0	4495.9
1068	1170.1	1431.5	4702.5
5749	1158.4	1408.3	4639.3
14323	1156.3	1394.8	4573.3
12296	1167.6	1464.5	4717.0
7733	1158.3	1421.9	4566.0
7705	1141.9	1338.1	4463.6
11977	1169.5	1473.9	4742.4
14645	1167.3	1434.9	4651.4
5252	1162.5	1401.0	4612.5
11382	1157.6	1451.0	4647.6
5738	1161.2	1420.5	4646.9
9412	1164.6	1385.8	4614.9
8458	1164.7	1425.9	4639.8
9182	1163.4	1423.9	4649.5
5826	1156.6	1442.9	4648.7
6363	1173.0	1395.5	4772.8
12150	1161.0	1403.6	4628.2
9305	1149.6	1404.1	4494.4
10670	1150.8	1422.4	4684.0
11242	1150.9	1443.3	4655.2
12583	1162.1	1448.8	4679.1
13627	1165.0	1367.3	4557.4
9616	1173.3	1444.2	4745.7
3886	1152.1	1395.2	4565.5
6257	1149.5	1338.7	4541.6
376	1163.7	1419.7	4648.9
6011	1148.6	1425.7	4632.1
6796	1170.9	1432.6	4724.7
8449	1157.6	1403.8	4537.8
7163	1151.2	1432.0	4555.5
1480	1171.8	1409.8	4624.6
3705	1163.4	1377.9	4517.9
8503	1153.5	1372.8	4575.6
2259	1174.3	1424.9	4636.5
2209	1149.2	1391.2	4585.6
5935	1159.3	1437.0	4616.6
13835	1155.6	1370.6	4639.3
5265	1169.6	1392.6	4655.0
4446	1154.1	1438.4	4628.6
13815	1167.6	1413.5	4682.0
14288	1148.6	1383.9	4516.9
5371	1161.1	1390.3	4605.9
8026	1177.6	1437.1	4718.4
5611	1149.0	1376.1	4590.2
