2283	1065.0	1262.5	849.6
2912	1064.7	1254.0	846.5
4981	1071.3	1342.3	910.2
4668	1069.4	1311.4	883.0
2871	1070.0	1341.1	888.2
333	1068.4	1292.4	881.3
4078	1067.0	1293.0	866.2
2795	1065.2	1273.3	847.5
460	1070.6	1309.9	894.6
8	1068.2	1284.1	882.1
3819	1069.2	1312.8	885.3
1246	1072.2	1360.1	912.0
4545	1067.9	1301.9	867.2
660	1068.2	1300.9	871.8
1435	1068.3	1316.4	879.4
2488	1065.6	1263.6	855.6
2086	1072.7	1378.1	914.2
1056	1068.5	1310.4	874.7
277	1069.6	1317.2	886.6
2870	1068.8	1304.1	890.9
1819	1066.8	1290.3	871.8
4923	1067.5	1280.6	873.3
2735	1064.5	1247.0	846.4
3798	1067.3	1296.4	872.0
3468	1069.5	1316.1	888.8
1599	1068.1	1276.9	883.2
3395	1068.7	1308.1	878.1
1103	1069.8	1316.8	896.9
3650	1070.8	1340.0	891.2
3521	1068.7	1320.9	880.3
1428	1067.8	1283.4	874.1
278	1067.0	1275.9	866.5
1835	1067.0	1281.9	864.1
2906	1068.2	1304.2	878.4
2804	1067.1	1309.0	862.8
37	1064.4	1269.3	847.1
67	1067.2	1299.9	863.3
2389	1065.7	1271.0	846.9
1461	1071.6	1354.0	904.7
1511	1069.5	1293.7	882.4
2777	1065.9	1278.2	862.2
2193	1070.5	1326.6	902.9
1841	1071.6	1320.2	909.0
3630	1067.5	1287.3	872.2
1683	1073.5	1337.5	916.5
4491	1067.2	1278.0	864.1
3567	1065.4	1263.8	852.3
3579	1068.0	1302.7	876.7
4359	1072.6	1349.0	915.0
3075	1072.6	1353.7	921.2
3159	1073.1	1365.9	919.2
4629	1072.0	1329.1	911.0
4247	1071.8	1315.1	906.9
3834	1069.2	1301.7	885.8
4946	1068.0	1317.3	872.8
1143	1067.8	1300.0	864.1
2671	1072.4	1357.6	910.3
4975	1070.7	1319.1	895.8
3042	1069.9	1311.9	893.8
4839	1064.5	1271.6	846.1
4488	1065.2	1263.1	856.4
4766	1071.8	1327.1	912.1
3347	1064.9	1279.6	841.7
389	1064.3	1269.0	843.0
1918	1067.9	1297.7	876.1
2445	1067.0	1306.8	866.3
4224	1064.9	1259.4	849.1
2606	1069.5	1306.8	891.2
1279	1065.9	1260.4	853.6
4793	1074.4	1363.2	923.3
477	1064.9	1262.8	844.3
4278	1068.4	1323.6	875.6
764	1071.7	1347.7	909.9
1351	1069.8	1315.7	889.3
4537	1069.0	1310.0	880.0
2549	1068.3	1289.2	884.9
3535	1067.2	1309.4	870.3
4255	1068.1	1300.9	873.5
3603	1067.8	1301.6	872.3
1207	1064.7	1255.9	846.9
164	1069.2	1297.6	893.5
964	1067.2	1288.7	871.7
591	1069.7	1327.0	887.8
1973	1070.3	1321.8	903.1
3805	1063.7	1242.8	837.5
4871	1069.2	1330.4	891.1
3145	1068.1	1302.7	887.4
121	1070.4	1328.0	884.9
2800	1069.2	1309.0	878.9
4354	1071.3	1332.9	908.0
4137	1067.9	1293.0	869.9
3039	1068.4	1322.3	879.8
4759	1070.1	1326.8	888.3
3690	1068.8	1290.1	884.7
283	1070.5	1336.9	886.3
679	1066.8	1284.4	859.9
2292	1071.4	1319.3	900.2
2745	1067.6	1279.2	869.6
3562	1069.7	1329.0	889.8
303	1066.2	1285.7	856.0
430	1071.7	1342.2	909.6
3747	1072.8	1364.8	919.9
4591	1068.7	1293.8	878.3
4209	1066.5	1290.6	869.7
3312	1072.9	1361.0	920.5
1477	1069.9	1327.5	888.3
1637	1068.7	1313.5	877.0
3774	1066.9	1300.0	859.6
2922	1068.5	1302.7	881.7
2502	1067.2	1284.3	864.0
2037	1069.2	1307.1	886.7
944	1069.4	1313.8	881.3
446	1069.2	1305.8	887.9
3155	1071.5	1339.2	906.3
585	1068.5	1315.8	876.7
1759	1074.3	1368.1	922.0
1943	1065.4	1265.1	846.1
363	1074.2	1348.8	929.3
3261	1071.6	1335.0	908.3
4388	1074.1	1374.0	922.6
2266	1066.1	1275.5	864.5
1624	1067.8	1295.9	873.3
4026	1066.2	1287.6	860.2
3243	1071.1	1333.1	902.2
195	1071.0	1334.7	899.1
1332	1073.7	1347.3	923.9
1116	1071.0	1316.5	900.0
1589	1063.9	1253.4	840.8
4172	1069.0	1302.6	886.6
4079	1070.8	1327.7	901.8
2150	1069.9	1320.4	889.4
3020	1066.5	1286.5	862.4
3167	1069.5	1336.3	888.0
4251	1072.3	1330.8	909.8
1942	1066.9	1307.7	860.9
1672	1071.0	1352.8	900.8
4807	1065.2	1261.5	848.2
542	1068.5	1301.4	881.3
1335	1066.2	1279.1	851.8
1790	1070.8	1327.5	904.6
3704	1070.3	1316.1	891.3
2029	1069.5	1330.5	885.1
3135	1072.7	1352.7	921.6
4268	1070.0	1326.3	891.5
1392	1070.4	1343.2	890.8
1176	1068.6	1308.3	875.2
4565	1069.6	1317.8	879.6
1109	1070.9	1328.1	893.2
4136	1069.8	1327.1	892.2
1339	1070.5	1333.9	898.0
1394	1071.2	1325.9	902.6
2423	1067.9	1300.3	877.3
1344	1068.5	1307.0	880.7
3903	1065.8	1284.6	859.9
704	1068.0	1293.3	883.4
2172	1067.8	1301.3	877.8
2740	1068.4	1304.9	879.0
3080	1068.0	1315.3	882.3
349	1071.3	1352.1	907.1
1939	1068.6	1301.4	870.7
4774	1064.9	1259.2	849.2
3060	1066.4	1270.8	863.5
4464	1067.9	1281.9	873.4
2607	1066.4	1298.5	858.9
627	1070.4	1331.8	895.7
3140	1068.2	1302.7	878.2
4801	1068.9	1311.1	879.9
3220	1070.9	1326.7	893.7
2932	1069.3	1314.2	896.8
4468	1070.8	1328.3	903.5
1913	1070.2	1318.3	885.5
946	1070.8	1307.0	905.1
4259	1068.8	1304.3	886.0
1475	1064.7	1246.1	848.9
912	1074.9	1369.0	927.1
1042	1066.5	1258.0	855.7
1	1069.0	1304.2	886.8
4502	1069.2	1317.6	879.6
518	1068.9	1318.3	881.1
2325	1071.0	1331.9	895.9
1996	1072.0	1330.0	913.9
2729	1068.3	1293.5	879.5
2244	1071.2	1346.7	898.0
3268	1069.7	1330.9	891.5
259	1066.9	1306.3	865.0
2720	1065.7	1276.7	854.8
843	1069.8	1302.5	895.5
4302	1073.5	1356.4	919.3
149	1070.5	1325.1	897.4
4002	1067.0	1292.9	867.4
264	1065.7	1280.7	855.3
2330	1071.2	1344.1	909.2
3598	1067.6	1293.5	876.4
3857	1070.4	1315.9	884.8
3266	1074.8	1353.2	935.0
4701	1067.0	1281.5	864.5
1642	1070.8	1331.2	901.6
1878	1076.0	1398.5	934.3
147	1067.4	1294.4	869.0
2909	1073.4	1353.6	912.7
1826	1065.7	1288.1	858.3
2187	1066.2	1269.6	864.0
4771	1071.0	1320.0	899.1
33	1073.4	1360.5	922.4
46	1069.2	1334.2	890.3
1896	1068.4	1330.8	882.7
3933	1072.0	1356.4	914.5
60	1069.9	1321.5	886.8
4397	1071.1	1324.1	908.1
1041	1067.2	1298.4	868.8
1515	1069.6	1316.8	892.8
4016	1071.0	1336.8	902.0
290	1067.0	1267.7	867.8
2595	1069.2	1327.0	886.1
2269	1063.7	1251.7	840.8
3345	1069.2	1316.6	885.0
3871	1068.3	1315.2	871.7
97	1072.2	1347.5	908.8
2900	1069.2	1308.7	885.0
1613	1066.7	1265.7	868.5
2147	1069.3	1291.2	890.5
3246	1070.2	1335.2	891.1
3538	1070.5	1349.7	897.6
2303	1073.4	1346.6	910.9
2884	1069.7	1311.3	891.1
4769	1070.7	1318.5	895.8
63	1066.9	1300.9	866.6
1988	1065.9	1280.4	853.6
1178	1068.7	1294.4	881.4
4638	1069.9	1326.7	889.8
4100	1070.6	1338.5	895.9
1729	1067.7	1293.3	864.8
2562	1068.7	1304.6	879.8
1887	1074.2	1353.2	926.1
4780	1071.8	1340.8	906.6
3691	1073.3	1354.0	921.6
459	1068.0	1311.3	873.2
2458	1067.9	1317.6	872.2
3514	1071.1	1312.4	912.8
4699	1071.7	1349.8	897.3
3989	1074.5	1371.8	930.6
1453	1069.5	1326.0	892.6
3733	1070.2	1314.0	887.3
2209	1066.9	1266.5	868.4
1440	1071.3	1353.3	898.6
285	1066.8	1298.7	868.7
3797	1070.3	1329.9	893.9
4230	1069.2	1331.2	881.5
753	1068.6	1322.7	875.4
62	1071.0	1320.8	901.9
4747	1066.6	1268.9	866.8
2231	1066.2	1271.9	861.1
2227	1068.6	1300.5	873.4
2526	1070.1	1319.7	890.1
603	1070.7	1346.1	898.9
563	1071.8	1335.6	907.8
1230	1067.4	1289.1	866.3
225	1067.4	1304.0	875.4
3199	1068.7	1313.3	875.8
2701	1073.6	1354.5	927.3
788	1070.0	1309.5	887.4
754	1072.8	1336.6	922.0
1566	1078.2	1389.5	960.0
2275	1066.8	1292.6	867.5
4992	1065.5	1267.8	854.8
2084	1072.2	1361.7	921.9
1078	1070.2	1309.6	891.9
1519	1069.7	1334.6	890.2
2540	1069.4	1309.0	885.6
4162	1065.6	1274.6	854.5
2759	1070.4	1336.6	894.0
4717	1071.5	1335.3	897.1
597	1072.2	1331.3	905.7
4788	1072.5	1350.2	911.7
1525	1067.4	1276.5	872.4
4706	1070.7	1355.1	895.0
1240	1072.3	1339.1	911.1
4193	1072.3	1357.4	913.8
852	1073.0	1348.3	917.5
3013	1072.8	1345.0	921.1
3058	1068.2	1293.2	877.8
2938	1065.9	1284.1	854.0
3743	1063.7	1278.8	844.4
2748	1069.7	1336.5	889.4
4310	1069.6	1320.8	880.1
3749	1069.8	1316.6	892.4
58	1075.9	1399.5	934.5
850	1067.7	1291.4	871.4
3622	1069.5	1317.9	887.0
4387	1069.0	1308.2	885.3
502	1070.1	1323.8	885.5
2877	1070.8	1321.7	903.6
1689	1067.6	1292.5	865.2
237	1072.1	1348.1	914.8
1850	1072.2	1325.8	907.9
3253	1069.0	1299.5	884.6
2990	1076.1	1393.9	948.4
2365	1068.7	1309.8	879.4
2049	1067.7	1290.6	878.3
2427	1070.3	1337.3	886.1
4507	1068.2	1289.0	876.3
2976	1069.5	1316.5	880.7
2867	1066.1	1271.2	862.4
2850	1066.2	1262.1	862.7
1803	1069.5	1327.2	886.8
3721	1070.0	1331.5	888.5
3262	1067.0	1288.2	865.7
200	1071.9	1353.6	907.1
3287	1067.0	1307.2	869.9
751	1065.8	1283.6	852.9
4327	1067.7	1290.6	869.6
2044	1070.0	1335.4	898.6
716	1069.8	1316.4	896.7
3050	1070.5	1318.3	896.6
985	1069.9	1324.0	895.0
2824	1070.8	1314.5	904.1
3723	1070.9	1321.5	892.6
2443	1068.1	1292.5	880.1
1873	1072.8	1362.7	919.5
445	1068.0	1306.2	875.2
2516	1072.7	1353.0	908.2
473	1069.7	1310.2	886.8
1073	1073.3	1361.8	917.5
2052	1070.2	1331.2	893.2
1088	1069.1	1298.9	887.3
3292	1072.0	1348.3	902.0
380	1074.4	1347.3	936.2
4061	1074.8	1363.0	934.2
3719	1070.2	1334.3	891.8
3264	1070.7	1343.4	895.1
1506	1068.3	1293.6	880.1
3773	1068.9	1329.9	874.1
2716	1068.5	1300.1	882.5
3184	1068.7	1296.9	882.8
3875	1071.5	1337.6	900.0
1011	1068.7	1308.7	880.7
3036	1069.0	1316.4	882.3
3718	1069.1	1310.2	881.3
4392	1070.3	1328.2	897.4
350	1069.8	1310.3	892.7
4574	1071.4	1331.3	897.2
382	1069.7	1317.5	886.7
4357	1069.6	1303.4	891.9
203	1072.2	1356.6	909.8
3826	1066.0	1263.6	858.4
994	1069.8	1326.0	892.4
4542	1072.5	1358.8	916.4
3100	1072.8	1350.0	923.4
2274	1070.6	1319.5	895.0
4233	1071.7	1346.3	909.4
3558	1071.1	1340.8	907.4
3945	1069.4	1282.3	877.6
2304	1069.1	1298.5	876.8
3965	1067.2	1284.5	866.9
4032	1066.4	1289.5	858.2
2368	1069.0	1316.1	887.9
4578	1067.4	1282.4	863.5
356	1076.5	1366.7	948.5
1419	1069.6	1310.9	892.8
2876	1067.7	1306.1	870.5
1881	1069.0	1310.7	881.2
1802	1067.2	1279.7	870.7
4592	1070.2	1330.3	891.6
3636	1072.5	1328.7	914.4
2658	1067.2	1260.0	865.4
463	1071.0	1347.2	896.2
1951	1073.1	1358.9	909.0
2741	1072.9	1336.7	914.0
2347	1067.3	1274.1	868.8
1357	1068.7	1308.8	879.7
1528	1069.4	1302.2	885.1
4275	1069.7	1327.4	889.0
4368	1071.2	1336.9	900.0
4541	1071.2	1331.0	900.8
1323	1070.9	1330.6	893.1
1287	1068.5	1317.9	880.9
3401	1075.0	1363.4	939.1
4731	1068.7	1298.5	875.1
4123	1070.4	1331.7	893.1
4051	1072.2	1340.6	907.6
4376	1067.2	1304.1	869.6
416	1066.8	1269.8	871.3
2264	1068.5	1318.6	881.2
2535	1070.5	1322.8	898.6
558	1069.5	1323.5	891.0
4402	1073.9	1344.5	919.7
1390	1070.4	1319.6	901.8
2907	1066.5	1291.7	860.0
3284	1067.7	1296.6	872.5
4810	1075.9	1371.0	950.9
3568	1070.2	1311.7	896.8
3403	1071.4	1349.2	896.5
4009	1069.1	1315.8	888.9
943	1073.5	1367.7	925.1
561	1071.5	1320.8	903.1
4694	1065.0	1246.1	849.4
1774	1070.7	1307.5	896.3
4467	1072.1	1328.9	913.0
2481	1068.2	1303.1	872.6
3800	1068.9	1319.8	881.0
3829	1070.7	1335.3	900.8
1159	1063.4	1262.3	835.6
4003	1070.7	1338.0	900.7
1197	1065.8	1289.3	861.8
28	1067.0	1290.8	867.4
224	1075.4	1380.7	931.1
1091	1070.0	1311.7	893.0
4455	1069.8	1332.2	889.3
4843	1066.3	1278.5	868.6
2695	1071.2	1340.5	901.8
1107	1069.8	1334.4	899.8
145	1068.1	1323.8	887.1
1075	1063.4	1239.3	828.9
4746	1067.1	1301.1	864.6
230	1070.1	1310.7	898.4
733	1068.2	1301.7	871.2
4215	1069.3	1309.3	883.6
4229	1066.9	1294.1	868.4
1616	1071.7	1349.2	905.0
3583	1066.2	1278.3	862.4
4826	1069.0	1321.2	883.5
4256	1071.1	1336.4	896.4
2544	1068.7	1301.4	880.8
3796	1069.5	1314.1	885.9
1285	1070.0	1318.4	896.2
1965	1072.0	1345.0	909.8
1509	1071.3	1311.7	905.9
4954	1069.5	1294.7	892.7
1871	1068.9	1321.0	893.2
235	1068.4	1296.2	877.3
1776	1068.8	1291.4	881.4
2074	1069.5	1312.6	877.2
2573	1064.7	1258.4	844.1
4928	1071.0	1329.9	908.3
2346	1069.5	1317.6	887.4
3318	1069.6	1318.1	892.1
2878	1072.2	1343.1	902.4
381	1068.8	1300.0	887.9
2929	1063.7	1248.3	832.2
3004	1070.2	1334.5	890.3
2435	1070.2	1337.5	889.7
1584	1071.6	1327.9	909.6
2032	1071.6	1336.3	909.6
1900	1072.4	1359.5	918.7
4173	1066.7	1274.0	862.5
3064	1069.0	1294.3	888.2
1674	1070.8	1349.6	904.7
3486	1070.0	1314.3	890.0
3244	1074.4	1369.6	924.1
748	1069.0	1305.1	880.6
4025	1072.3	1322.8	911.9
1482	1068.4	1316.0	878.4
1033	1069.4	1326.4	887.1
3575	1068.3	1295.2	884.0
4486	1069.1	1323.0	891.6
935	1070.0	1333.7	895.0
670	1067.2	1305.9	867.3
4805	1068.5	1298.4	885.1
1358	1071.0	1330.5	903.0
2174	1066.7	1281.0	866.8
4722	1069.7	1328.2	886.2
4191	1071.6	1347.7	898.2
2787	1068.3	1302.4	884.0
3147	1068.3	1331.5	874.5
4938	1069.4	1319.5	883.1
4868	1067.9	1309.3	875.2
1016	1068.8	1302.2	884.0
2282	1076.0	1379.9	948.2
1145	1068.0	1298.8	878.2
1836	1069.7	1314.8	896.8
2112	1069.2	1330.6	885.9
4167	1067.7	1295.6	876.7
4414	1070.0	1307.5	890.7
1941	1065.7	1293.7	854.6
2734	1070.0	1315.2	893.3
862	1071.0	1343.2	900.8
2986	1069.1	1297.7	887.4
3908	1067.2	1289.7	871.4
1481	1067.7	1290.6	868.9
3131	1066.5	1268.8	863.8
3914	1072.3	1348.8	915.0
295	1069.7	1330.6	889.2
4160	1067.8	1296.2	864.2
776	1069.2	1307.0	879.3
4760	1071.4	1331.9	902.1
2103	1072.1	1318.3	912.9
3740	1071.2	1328.9	904.5
3559	1069.7	1330.1	887.6
4762	1067.5	1296.9	870.8
1807	1065.9	1263.9	850.3
531	1069.7	1313.2	887.6
4381	1070.8	1337.6	900.7
2494	1070.2	1322.4	892.7
988	1070.9	1355.0	896.5
1867	1068.4	1301.6	877.6
2675	1071.0	1350.2	907.0
2126	1067.6	1277.2	865.2
2807	1068.7	1307.5	881.6
2511	1068.7	1316.9	879.5
1170	1068.0	1308.4	877.9
3594	1072.1	1336.4	919.6
1950	1069.7	1320.6	887.5
521	1070.2	1316.8	887.7
464	1067.4	1298.8	868.5
3708	1069.8	1328.4	894.2
4896	1065.4	1279.6	848.6
51	1070.6	1318.2	886.7
2409	1068.3	1310.8	884.1
791	1072.0	1347.5	910.1
1448	1064.4	1260.7	840.0
2633	1072.1	1366.7	904.5
1945	1072.9	1361.5	913.0
2115	1064.9	1254.5	845.3
793	1068.3	1317.9	881.7
4627	1070.0	1310.4	894.1
1581	1070.4	1335.2	889.1
769	1070.6	1315.5	904.7
3765	1067.5	1287.9	869.6
3201	1071.2	1351.9	895.3
131	1070.5	1317.5	895.6
1424	1068.2	1288.9	880.3
3770	1071.8	1335.0	913.9
3513	1070.2	1312.7	892.3
4611	1070.1	1311.4	885.1
1749	1069.0	1317.7	887.0
4248	1065.9	1266.2	855.0
4133	1070.7	1341.2	900.1
4864	1070.8	1326.8	899.7
4197	1069.8	1286.9	891.9
672	1069.6	1308.9	900.4
220	1071.4	1347.0	900.4
545	1072.7	1343.3	911.7
1007	1068.0	1288.4	878.1
3319	1071.5	1315.5	911.6
2457	1068.3	1315.7	879.0
1283	1069.2	1304.2	879.2
3475	1071.8	1357.1	912.9
2708	1071.5	1327.9	909.1
325	1071.0	1321.7	891.2
3366	1076.4	1388.0	943.7
535	1065.2	1277.0	850.1
4431	1069.8	1315.7	893.1
4510	1069.9	1327.4	898.9
1619	1069.0	1305.6	889.3
457	1073.5	1355.2	920.8
3524	1067.1	1289.4	871.8
231	1070.3	1297.6	898.0
2353	1070.6	1311.3	897.4
2624	1071.6	1335.6	901.9
584	1066.7	1298.7	860.9
4903	1071.7	1344.6	902.4
3410	1072.7	1358.8	904.3
1488	1068.2	1306.4	876.5
4885	1071.4	1335.3	894.9
954	1067.3	1290.5	874.6
3555	1072.0	1345.0	908.6
2024	1068.9	1299.0	882.0
1222	1072.5	1351.4	918.5
4594	1064.2	1274.4	844.6
4590	1069.8	1306.9	892.2
4844	1071.4	1351.1	898.0
2604	1072.1	1357.1	918.4
1779	1070.0	1347.7	896.8
2278	1072.1	1345.1	910.3
4308	1073.1	1364.1	922.3
648	1071.1	1350.6	904.0
4819	1069.8	1298.3	892.3
694	1071.8	1341.2	908.3
2992	1070.0	1332.7	886.0
987	1068.6	1291.3	889.3
4400	1069.7	1326.4	888.2
1318	1067.0	1297.0	866.4
1313	1067.5	1304.2	871.1
3459	1067.2	1276.8	870.9
4688	1069.1	1311.5	886.3
1292	1073.0	1356.9	913.6
4080	1068.3	1280.9	882.8
1309	1068.2	1321.3	873.8
4489	1068.2	1285.4	882.1
2947	1068.5	1303.7	877.6
4579	1066.6	1291.6	857.6
1916	1068.7	1286.1	877.3
2189	1070.0	1325.7	894.1
2273	1067.1	1301.0	857.4
4770	1072.6	1344.6	913.3
4484	1069.2	1316.6	892.3
4996	1074.7	1362.7	925.1
3919	1069.0	1310.0	883.5
1431	1070.9	1336.7	893.2
601	1067.4	1278.4	872.2
1127	1068.7	1304.3	877.5
2394	1071.5	1345.3	899.6
1829	1070.9	1334.0	902.7
3939	1069.1	1293.6	874.6
1343	1071.2	1332.9	900.7
1938	1071.7	1348.4	901.7
3958	1071.0	1339.2	897.2
2276	1068.8	1308.8	882.7
4360	1071.3	1359.5	902.4
2296	1068.7	1300.3	882.3
4380	1072.7	1347.9	911.5
3885	1069.9	1324.7	899.3
2453	1068.2	1299.8	871.4
4673	1073.6	1356.9	917.6
1771	1071.2	1344.5	897.2
1571	1068.8	1320.9	890.1
98	1074.6	1378.9	923.0
1676	1070.5	1341.1	894.2
3772	1071.0	1325.7	902.2
4318	1071.7	1365.4	908.0
4169	1069.7	1319.3	883.9
3096	1067.3	1281.2	869.9
2789	1068.9	1297.2	874.7
4178	1070.6	1317.6	903.5
1203	1066.8	1287.7	868.1
248	1072.8	1364.8	912.0
3077	1069.8	1306.3	894.0
4028	1069.7	1308.1	889.8
2015	1072.5	1360.8	919.4
279	1069.0	1297.6	882.2
2165	1065.9	1268.4	855.3
1149	1067.8	1305.3	875.0
4319	1070.0	1334.5	890.5
2638	1069.0	1294.9	883.3
635	1069.5	1321.7	882.1
1804	1074.3	1386.9	930.7
3416	1069.5	1321.6	892.4
4956	1071.6	1333.2	909.5
4423	1068.4	1304.8	875.0
2528	1069.3	1303.8	890.6
202	1071.7	1338.0	908.3
1414	1072.1	1333.1	912.4
1546	1072.6	1341.2	922.5
1136	1074.0	1374.2	925.0
940	1067.8	1307.5	880.4
2407	1069.4	1298.6	893.7
2268	1070.1	1341.9	890.6
1980	1066.7	1302.5	866.5
3455	1066.9	1281.7	858.3
3467	1066.6	1304.4	860.6
2928	1071.0	1350.1	888.3
3789	1069.9	1333.1	891.9
4413	1065.3	1263.3	850.2
2799	1065.1	1249.2	846.5
1614	1069.2	1321.5	888.1
88	1068.5	1309.4	878.2
2151	1070.9	1337.6	898.0
620	1069.1	1308.7	876.6
2169	1064.5	1265.1	845.8
2869	1075.8	1398.2	934.3
3660	1069.1	1324.8	878.5
441	1068.2	1306.2	874.6
107	1065.7	1306.5	852.3
1290	1073.6	1378.7	916.4
626	1070.1	1329.6	899.0
4184	1071.2	1326.5	897.2
4170	1069.9	1319.3	887.2
3103	1072.5	1351.3	908.1
4369	1069.7	1297.0	895.3
1591	1069.9	1320.5	884.0
536	1066.5	1280.7	864.1
1338	1068.2	1293.2	878.7
2527	1072.5	1353.1	907.1
2726	1070.3	1319.7	897.0
2512	1066.4	1289.9	857.3
1919	1071.4	1334.1	903.9
3222	1069.9	1312.2	887.6
1471	1071.5	1322.2	899.0
4838	1069.8	1321.9	895.1
2098	1073.0	1349.5	918.8
2914	1073.7	1372.8	923.6
2319	1069.2	1313.2	886.1
4370	1068.9	1316.4	875.2
240	1070.3	1350.1	906.5
511	1074.5	1370.2	930.0
3830	1068.0	1300.6	877.6
3000	1065.7	1271.8	857.2
2744	1073.4	1385.0	920.2
2934	1071.1	1325.6	908.6
4658	1069.9	1311.5	891.9
1356	1071.1	1345.8	896.1
1268	1067.5	1304.6	876.5
683	1072.3	1332.1	917.9
1015	1072.2	1344.4	908.5
1660	1066.1	1289.3	855.8
2859	1070.2	1331.9	888.5
251	1066.0	1271.7	859.3
953	1068.9	1295.0	880.4
936	1070.9	1317.2	901.8
3835	1068.2	1294.8	877.5
4690	1068.4	1318.8	877.5
2212	1068.5	1297.1	881.6
1603	1068.5	1292.6	879.4
4456	1066.2	1302.3	855.8
3259	1071.3	1337.1	904.7
1695	1074.7	1387.8	932.0
1205	1070.3	1327.1	896.5
1265	1071.4	1318.3	915.8
3635	1072.2	1336.7	913.7
2840	1072.2	1348.0	910.7
4039	1066.5	1281.0	862.4
4607	1070.5	1320.1	893.7
3152	1070.4	1342.0	895.7
3108	1069.6	1292.8	876.8
1442	1066.7	1285.4	860.3
955	1066.4	1274.4	859.9
1209	1069.9	1320.6	889.5
2652	1071.4	1331.2	899.0
346	1072.2	1347.3	909.9
3813	1071.0	1337.8	903.9
157	1072.4	1343.8	913.4
243	1068.6	1329.0	872.3
3754	1068.7	1300.0	880.1
1634	1068.0	1292.2	883.8
3565	1066.2	1275.3	857.5
3997	1071.2	1339.6	905.1
2665	1070.4	1317.0	887.6
659	1070.9	1313.6	894.0
379	1064.2	1248.5	842.0
4353	1068.1	1306.0	880.1
3561	1071.0	1323.6	908.6
3480	1070.6	1295.9	889.8
3163	1065.9	1284.4	858.0
4269	1072.9	1372.4	907.6
3314	1069.6	1308.6	901.3
1834	1068.2	1298.1	868.6
2345	1068.9	1323.6	880.8
3029	1071.7	1358.5	906.8
1409	1070.8	1331.3	897.3
384	1068.2	1285.7	872.6
3646	1067.6	1285.4	878.1
1648	1070.9	1339.9	890.7
2826	1067.9	1309.4	869.7
656	1068.8	1314.3	885.9
596	1072.6	1367.7	905.8
1483	1070.2	1344.5	894.9
4281	1068.5	1303.1	878.7
4621	1072.4	1352.2	909.6
1696	1065.7	1260.1	863.4
1169	1073.1	1348.8	911.3
618	1072.3	1325.7	916.8
2596	1072.7	1358.6	906.4
4407	1070.8	1337.2	905.5
4957	1072.0	1342.2	910.6
4610	1067.4	1285.1	867.2
2653	1071.8	1325.1	906.1
1523	1064.1	1247.9	843.0
1777	1068.7	1299.6	874.5
3545	1069.8	1322.9	891.8
790	1070.3	1333.9	894.7
1045	1065.6	1253.1	856.5
137	1070.0	1309.0	889.5
94	1067.7	1311.4	880.3
1545	1066.5	1279.9	864.2
4669	1071.6	1316.7	913.5
1875	1070.1	1314.1	890.6
824	1075.5	1373.9	939.8
1403	1074.4	1383.7	922.3
4696	1071.2	1341.2	901.9
3980	1067.5	1305.7	869.8
3846	1066.2	1274.6	859.2
781	1067.5	1289.9	871.2
3133	1068.7	1319.2	887.5
3035	1070.9	1332.7	897.2
1656	1067.4	1300.1	872.6
4279	1072.2	1341.3	911.6
309	1064.7	1248.1	843.1
494	1069.7	1298.4	890.0
1359	1066.3	1295.0	865.3
2146	1068.3	1293.2	874.2
448	1071.4	1333.9	910.6
414	1067.0	1283.3	871.7
1089	1068.5	1306.0	877.2
4697	1073.3	1349.7	924.1
4071	1068.1	1290.9	871.3
2412	1072.1	1360.1	917.7
3904	1070.0	1320.2	890.5
1952	1070.3	1315.1	896.2
3055	1069.4	1323.0	887.2
2239	1074.3	1378.0	933.3
2825	1067.8	1290.4	874.8
1352	1070.8	1323.8	902.3
3730	1067.0	1267.4	866.9
4171	1070.4	1328.1	894.3
2925	1072.5	1340.0	917.1
4442	1067.1	1294.6	868.7
688	1069.2	1309.7	881.6
3190	1070.1	1316.5	894.7
4708	1068.6	1307.7	885.2
1630	1069.4	1302.8	885.5
4744	1070.7	1320.9	895.3
4711	1073.6	1351.2	932.4
2632	1069.7	1325.5	887.1
3065	1069.2	1303.0	882.8
3296	1071.4	1333.6	898.3
4508	1074.4	1381.6	943.2
1756	1069.5	1283.9	891.1
2004	1071.3	1330.8	908.1
555	1071.7	1365.7	906.5
4406	1070.9	1346.4	897.1
214	1070.6	1322.6	898.9
891	1071.6	1345.8	902.7
789	1072.5	1344.2	911.6
4159	1072.3	1328.2	909.5
266	1069.4	1323.8	886.0
848	1070.6	1333.2	906.8
3982	1069.9	1313.9	889.1
4691	1065.7	1287.1	852.4
158	1068.0	1300.4	874.1
3925	1065.9	1280.1	857.4
3269	1070.6	1318.0	902.4
4873	1069.2	1307.2	879.3
3026	1070.2	1313.1	894.2
135	1068.5	1283.0	876.9
2531	1072.4	1345.8	918.8
867	1070.7	1331.3	895.2
2090	1070.0	1322.6	897.2
1501	1064.7	1269.4	847.4
3971	1069.9	1343.5	893.6
3458	1072.1	1335.9	907.3
3371	1069.3	1314.1	891.0
3083	1067.9	1306.4	880.7
2213	1070.7	1334.5	897.2
1364	1068.9	1300.7	884.3
2696	1070.1	1320.7	898.0
4535	1070.4	1331.6	891.7
3173	1070.7	1324.6	895.5
3715	1068.0	1307.4	880.1
4087	1070.6	1342.9	893.7
1791	1072.0	1352.4	904.2
4132	1070.6	1361.0	899.1
3423	1071.5	1340.3	901.1
877	1072.0	1332.6	907.5
59	1073.8	1370.7	925.5
4866	1070.7	1337.8	900.7
1893	1073.3	1367.7	914.7
242	1067.7	1293.8	867.0
3663	1068.7	1297.2	879.3
3935	1068.2	1298.4	874.9
2724	1074.0	1373.0	930.5
1847	1069.4	1323.0	887.0
11	1069.6	1334.3	885.9
4922	1070.0	1304.3	890.5
2802	1072.2	1349.2	906.0
4128	1072.3	1337.1	911.3
701	1073.2	1373.3	912.4
3324	1066.4	1286.8	857.2
1960	1068.5	1320.4	883.5
4321	1074.7	1380.0	932.4
1639	1068.1	1297.2	881.1
3377	1070.9	1317.8	901.7
288	1074.4	1367.5	930.0
3814	1070.9	1313.9	898.0
3299	1070.5	1335.1	898.2
4715	1074.5	1391.7	933.0
4063	1066.1	1298.1	853.7
2474	1070.8	1336.6	903.6
3649	1069.0	1298.9	881.9
453	1069.3	1322.8	887.2
301	1074.5	1370.4	930.1
4249	1071.8	1349.6	901.4
729	1066.7	1277.3	862.3
275	1068.0	1296.9	876.5
3671	1065.9	1286.3	848.7
2323	1071.0	1328.4	905.0
357	1070.8	1329.9	894.2
741	1072.2	1328.9	909.4
3442	1070.1	1329.2	894.8
3341	1071.7	1346.4	898.9
1644	1070.4	1328.0	887.3
3027	1067.9	1291.2	871.2
68	1069.8	1317.0	891.6
2601	1073.0	1356.2	918.8
1830	1072.7	1357.6	909.7
881	1072.2	1340.4	912.5
4779	1069.2	1301.3	888.0
2469	1067.4	1285.6	868.3
41	1068.8	1325.1	884.9
103	1071.3	1324.9	900.3
2742	1064.8	1256.9	850.1
3380	1071.0	1318.9	897.9
894	1073.5	1350.5	922.3
3099	1067.6	1290.2	878.6
1459	1070.2	1318.6	891.4
4524	1070.9	1327.3	898.3
805	1066.0	1260.8	860.2
689	1067.7	1291.3	869.8
2287	1073.5	1369.1	931.0
1247	1072.3	1347.6	915.7
1171	1069.6	1327.7	899.3
2308	1070.8	1346.3	901.9
3763	1071.7	1348.7	906.8
3016	1067.7	1290.3	877.5
4364	1069.5	1334.4	888.9
3364	1069.7	1329.5	888.8
1993	1070.7	1320.8	899.2
870	1070.5	1316.8	897.2
3641	1069.6	1317.5	881.2
3645	1069.0	1306.6	877.7
3537	1073.1	1361.6	912.4
3346	1070.4	1348.8	891.2
3237	1066.3	1262.5	865.8
4865	1070.0	1332.5	896.2
653	1069.6	1328.9	898.4
4192	1065.5	1267.6	858.1
640	1069.7	1317.9	885.6
1753	1071.4	1324.9	896.3
2592	1067.9	1293.2	868.2
1625	1068.2	1306.9	877.7
919	1068.4	1310.4	880.0
4655	1068.2	1285.5	877.2
1328	1068.7	1321.4	881.1
1065	1070.0	1329.0	893.4
1386	1071.7	1349.8	907.0
2554	1064.9	1273.7	850.5
3263	1069.0	1304.9	887.7
1752	1069.3	1320.5	883.8
2889	1063.5	1241.7	840.1
2113	1067.7	1306.8	880.6
1061	1064.5	1271.9	843.0
4854	1070.2	1320.7	889.6
4261	1070.2	1304.2	889.2
1469	1069.0	1320.5	887.7
429	1071.6	1364.4	895.7
4577	1072.8	1331.5	914.5
176	1072.1	1334.3	913.5
1704	1066.2	1291.5	860.6
18	1074.0	1362.8	923.2
3711	1064.2	1271.4	843.0
4196	1072.5	1362.2	919.2
1920	1070.2	1325.6	901.0
3227	1072.0	1352.8	906.8
1067	1073.0	1368.0	920.3
849	1069.4	1326.2	876.3
3500	1070.8	1331.7	900.8
321	1071.7	1319.7	909.9
1737	1070.2	1317.4	892.2
4482	1067.5	1318.4	874.4
1856	1073.2	1339.0	915.0
3112	1066.1	1287.6	853.7
724	1070.3	1313.9	896.0
534	1068.5	1297.2	885.5
3025	1069.8	1351.4	890.9
4704	1071.9	1353.2	909.9
4352	1069.9	1302.7	885.4
1258	1068.5	1310.8	885.7
1294	1068.9	1285.2	878.8
1212	1064.6	1260.9	842.4
1714	1069.0	1331.2	890.7
1220	1071.9	1332.4	905.1
3818	1070.8	1320.5	904.1
3648	1071.6	1343.6	906.2
3725	1069.8	1330.1	888.0
3224	1068.1	1316.8	870.9
4918	1068.0	1302.8	881.0
114	1074.5	1378.4	935.3
4898	1069.7	1296.5	888.1
765	1067.5	1297.0	872.5
2764	1068.6	1296.6	877.5
4797	1066.2	1291.5	858.4
442	1070.5	1346.8	895.7
3054	1072.5	1348.7	913.0
3300	1074.7	1389.4	942.0
615	1065.2	1278.3	855.6
2875	1070.9	1330.6	894.2
833	1064.7	1242.3	846.1
878	1070.4	1314.9	891.4
421	1072.6	1361.9	912.1
3554	1072.7	1347.2	909.0
2082	1070.9	1334.5	890.0
2644	1067.7	1310.2	867.6
3498	1072.2	1325.8	911.2
3840	1068.2	1306.5	876.2
2077	1069.8	1344.8	894.6
2949	1068.7	1319.5	877.8
1653	1066.3	1278.2	864.0
3302	1070.3	1325.7	897.4
3781	1071.6	1333.7	907.7
1260	1070.2	1315.9	885.2
4356	1071.0	1327.9	896.8
737	1071.5	1324.9	904.9
3810	1065.3	1265.9	859.7
2493	1074.2	1352.7	923.7
407	1071.3	1330.3	890.8
4962	1070.6	1328.0	897.7
1032	1067.9	1267.0	868.7
3414	1066.5	1287.2	869.3
1705	1071.2	1344.4	911.2
1602	1070.5	1348.2	895.8
3435	1070.5	1350.7	894.2
3620	1068.4	1283.8	875.9
1199	1063.7	1259.0	833.6
2510	1074.6	1380.9	934.8
3566	1068.6	1319.6	878.0
1538	1065.7	1251.7	855.4
4363	1071.6	1328.7	895.3
3394	1072.2	1339.9	907.8
1858	1072.3	1341.4	909.8
170	1068.2	1305.1	876.0
3652	1069.3	1309.4	888.1
