24866	1764.0	1970.4	9859.0
12605	1753.2	2010.8	9959.7
23294	1775.1	2083.7	10355.5
3670	1772.1	2008.7	9882.0
6764	1764.3	2018.7	10005.0
11744	1764.7	1981.8	9884.0
12250	1775.0	2065.9	10098.3
33362	1757.1	1994.5	9842.5
13982	1757.3	1937.7	9627.2
30324	1762.8	1998.1	9965.0
23607	1761.1	1961.5	9884.2
7478	1776.5	2045.9	10098.7
38475	1769.1	2037.5	9990.7
1644	1766.1	1989.1	9909.4
17291	1756.9	1976.3	9951.6
16682	1760.1	1993.9	9913.5
26454	1772.9	2063.0	10030.6
15643	1761.7	1982.4	9977.9
25331	1765.2	2012.3	9908.4
27259	1758.3	2027.0	9971.9
8838	1768.7	2059.7	10067.9
25281	1768.5	2002.3	9895.4
855	1760.0	2011.7	9908.3
24026	1760.5	2000.9	9827.0
35695	1764.1	2028.1	10312.7
25414	1752.0	1971.9	9768.3
4864	1766.8	2013.2	9965.3
13624	1755.8	1975.3	9653.4
33901	1767.4	2075.2	10063.3
16529	1769.8	2028.7	10205.4
37647	1764.0	1997.4	9986.7
35547	1773.5	2055.0	10007.6
7369	1772.0	2056.5	10137.4
27362	1770.2	2063.5	10085.8
32136	1764.0	2027.8	10043.0
31964	1771.8	2007.0	9956.6
25811	1757.2	2005.6	9698.6
4790	1771.6	2045.4	10023.6
24656	1756.4	1966.7	9877.0
7958	1759.0	2045.9	9976.8
27355	1767.0	1983.5	9948.6
31666	1759.7	1974.2	9729.8
29673	1757.6	2025.9	10011.1
35002	1771.7	2057.6	10130.7
8130	1774.0	2034.5	9939.5
2160	1764.1	1989.4	9784.5
37765	1752.8	1996.0	9809.8
541	1762.1	2019.6	9800.4
14952	1765.1	2055.8	10064.5
28578	1762.6	1980.4	9824.8
8490	1758.4	1989.2	9738.2
8543	1778.1	2088.4	10171.7
20292	1766.1	1987.0	9963.2
16147	1764.1	1979.1	9932.7
32666	1774.7	2006.9	10084.9
13208	1745.0	1898.0	9604.2
15951	1760.3	1942.3	9593.3
4422	1757.8	2019.3	10058.1
39958	1749.1	1937.1	9773.6
5441	1768.2	2007.8	9889.0
9288	1760.1	1959.3	9686.7
19336	1753.5	1973.9	9702.7
6006	1764.0	2074.8	10156.1
7159	1775.0	2071.9	10101.4
29916	1743.8	1989.0	9598.8
32147	1751.3	1957.4	9626.9
36270	1767.1	1986.1	9922.8
38720	1756.4	1948.8	9854.2
39932	1763.5	1999.4	9888.7
23380	1755.8	1997.6	9698.3
28733	1765.4	1988.5	9873.4
20858	1763.7	2016.3	9874.5
30098	1768.5	1957.2	9945.3
12084	1777.5	2097.3	10142.0
32527	1761.5	1991.2	10048.3
17693	1771.7	2017.4	10175.5
38510	1766.8	2008.7	9957.3
19874	1753.1	1951.0	9726.9
11290	1767.9	1999.6	10022.8
37868	1779.6	2099.6	10504.4
2296	1766.8	1995.2	9931.2
38682	1772.8	2024.4	9916.7
6187	1765.9	2009.5	10124.1
28997	1764.4	2032.4	9940.3
10073	1754.9	1984.8	9872.4
24237	1765.9	2023.6	9952.9
36495	1766.5	1950.5	9824.3
13492	1757.7	2039.5	9869.0
24660	1759.9	1980.0	9808.9
31380	1762.2	2010.1	9904.6
35538	1772.3	2013.5	10124.1
2364	1783.8	2075.3	10179.8
25760	1773.1	2049.4	10306.6
12543	1752.6	1958.1	9862.8
17740	1758.7	1973.9	9767.6
21366	1757.7	1967.6	9751.4
1759	1759.9	2041.2	9869.0
28732	1770.6	2067.0	10036.6
11989	1764.0	2008.9	10153.1
37087	1775.9	2005.8	10001.2
843	1771.8	2072.2	10215.4
36957	1769.9	2022.5	10049.3
10319	1756.9	1983.3	9828.1
21536	1760.2	1984.2	9820.5
14035	1753.3	2002.4	9739.8
30437	1766.5	2032.2	10031.3
14859	1764.5	2042.4	9837.9
35966	1771.2	2019.4	9997.9
18608	1757.0	2008.2	9851.6
1234	1764.8	2013.1	10035.3
29778	1761.4	2020.1	9970.8
25410	1764.4	2012.4	9865.1
39480	1765.3	2006.4	10005.1
15263	1745.2	1992.6	9635.1
21199	1764.3	2022.7	9849.1
6207	1764.2	2001.1	10411.4
38201	1761.4	2039.4	10043.4
12590	1765.6	1997.1	9855.6
28214	1763.2	2006.1	9887.9
5658	1771.8	2020.9	9997.2
21040	1762.0	1961.5	9795.2
15720	1762.7	1966.3	9966.8
17604	1768.8	2017.1	9900.3
33683	1769.8	2009.9	9872.7
3167	1765.3	1984.4	9832.0
24009	1765.5	1988.4	9929.6
17142	1766.9	2034.6	10041.9
32350	1760.4	1993.4	9902.3
10194	1769.7	2090.3	10603.6
7474	1766.9	2034.7	10071.3
20964	1763.2	2004.2	9891.7
37146	1758.7	1997.4	9737.1
29324	1763.0	2009.1	10164.6
28754	1764.1	2001.0	9907.9
1903	1754.9	1951.8	9702.9
21057	1756.0	1918.4	9619.7
27250	1753.4	2006.1	9719.3
26728	1764.6	2051.1	10135.8
15256	1763.8	1999.4	9945.1
23382	1754.6	1987.9	9726.7
39826	1765.4	2018.1	9895.8
14527	1763.3	2037.2	9846.5
11850	1765.3	2010.0	9880.0
26144	1767.1	2009.3	9951.6
3460	1755.2	2002.8	9696.9
17680	1769.0	1931.1	9898.4
9235	1759.9	2060.9	9938.0
16978	1763.7	2014.7	9881.8
25599	1758.9	1940.8	9754.5
33270	1766.8	2008.1	10023.3
26311	1756.4	1992.9	9853.9
12030	1767.9	2067.2	10230.7
21477	1749.3	1987.4	9703.2
38450	1763.4	2020.0	10045.0
8290	1745.2	1942.0	9586.8
11651	1748.4	1967.9	9719.9
32046	1763.8	2038.9	9933.2
12715	1755.3	1979.4	9804.3
10950	1758.7	2005.1	9757.1
38729	1775.9	1983.7	9895.2
2572	1774.1	2004.0	10005.8
17806	1771.9	1997.8	9982.6
13459	1758.6	2043.9	10078.3
25998	1766.8	2002.1	9884.3
32323	1758.9	2012.1	9924.7
24777	1771.0	1965.1	9884.9
20843	1745.8	1954.8	9676.0
22752	1752.2	1991.9	9676.8
31856	1771.8	2001.9	9963.8
12702	1762.1	1972.6	9789.5
13893	1770.4	2011.6	9882.2
3502	1758.4	2063.7	9966.6
39693	1756.6	1969.9	10016.4
36487	1755.9	1985.9	9745.8
20303	1771.7	2025.5	10081.0
24193	1769.0	2030.0	9972.7
30900	1764.9	2000.0	9842.8
29133	1754.6	1974.2	9844.3
9161	1780.6	2049.1	10159.9
371	1763.5	2031.2	9778.7
28707	1759.1	1992.2	9793.9
27030	1754.8	1978.5	9935.0
30586	1760.7	1972.2	9764.2
13394	1775.1	2004.4	10041.4
33745	1773.0	1979.5	9845.2
6028	1753.7	2018.5	10004.7
6194	1766.1	1967.2	9838.6
14368	1759.4	1967.5	9756.2
28031	1764.7	1991.3	9974.2
18742	1755.0	1972.1	9748.0
18241	1764.9	1990.5	9735.3
15526	1772.4	2019.9	10051.3
32141	1762.2	1975.9	9781.0
37295	1758.3	2029.3	10044.2
20413	1757.2	1951.4	9705.2
22106	1766.3	2025.4	10163.0
31735	1758.0	1965.5	9683.0
27321	1764.0	2042.4	9962.8
12662	1769.3	2034.1	10029.8
12067	1766.3	2018.1	9919.5
36596	1755.4	1993.3	9822.5
10204	1761.5	2027.9	9757.9
2280	1748.4	1946.8	9617.4
34757	1761.7	1985.2	9754.0
39833	1753.6	1999.7	9835.3
27467	1772.3	2043.8	10044.3
22357	1756.4	1957.4	9705.5
33114	1773.2	2067.7	10235.8
16449	1757.0	2038.4	10030.9
350	1756.1	2034.6	9960.6
34961	1772.5	2008.0	10064.3
3018	1771.8	2034.7	9989.8
13422	1763.3	2018.5	9801.1
19903	1764.2	2015.3	9952.5
816	1774.1	2041.5	9947.2
20941	1747.5	1967.4	9678.9
25307	1755.4	1975.8	9677.5
33604	1766.9	2009.3	10122.3
12224	1760.3	1978.0	9793.6
1608	1760.6	2030.6	10025.6
33470	1753.8	1919.7	9566.5
26358	1759.3	2009.2	10016.9
18600	1763.9	2014.0	9859.2
24727	1769.0	2054.6	9950.4
11547	1760.7	2088.2	10157.6
25368	1763.0	1976.4	9891.5
34596	1757.8	1936.4	9709.4
12131	1757.9	2018.3	9806.4
27171	1757.8	1975.2	9678.7
17566	1765.5	2047.1	9925.4
29019	1757.6	2040.5	9846.0
1992	1750.1	1942.4	9619.1
5626	1759.1	1947.2	9682.3
25148	1751.8	1967.8	9688.0
6909	1770.1	1985.4	10049.5
9727	1766.4	2017.2	9866.4
20726	1760.2	1961.0	9756.4
27667	1764.4	1950.5	9744.1
18249	1756.8	1985.9	9788.0
36180	1764.1	2041.3	10176.9
14721	1756.1	2024.2	9778.8
1812	1757.3	1991.7	9857.9
31689	1752.9	1968.6	9782.0
2038	1745.8	2001.0	9724.2
16069	1761.9	1996.2	9804.9
25224	1757.7	2000.4	9794.6
1406	1775.0	2048.3	10060.0
28816	1769.9	2008.3	10085.9
3596	1768.8	2018.8	9812.4
3575	1757.8	1976.0	9995.5
4156	1778.0	2023.9	10218.1
35062	1764.1	2036.6	10174.3
38770	1763.2	2032.2	9966.6
12376	1768.9	2035.2	10004.3
15369	1770.4	2010.9	9938.7
8833	1756.8	2019.7	9977.2
27471	1757.8	2021.4	9858.7
23120	1764.2	2009.2	9837.5
7574	1751.5	1961.6	9737.5
17937	1753.9	1967.4	9767.2
13544	1744.5	1967.6	9600.4
14770	1756.5	1980.5	9794.6
12535	1758.5	1986.6	9696.9
8015	1774.5	2002.9	9915.9
39988	1765.8	1966.6	9933.9
22353	1750.8	1897.7	9619.7
39478	1765.8	2004.9	9817.1
13845	1764.5	2027.0	9958.3
3356	1753.7	2007.7	9726.1
11142	1775.7	2022.2	9931.8
1704	1758.6	1996.4	9734.9
7976	1761.0	1959.2	9818.0
3971	1765.3	2001.8	9869.8
32544	1764.5	1998.6	9921.7
2552	1755.1	1994.5	9730.0
712	1761.7	2056.2	10114.8
28781	1757.0	1985.4	9729.6
22813	1760.0	1969.6	9902.9
31982	1765.1	2024.6	9918.9
26731	1756.0	2002.9	9856.0
7941	1761.0	2014.9	9759.6
9521	1761.4	2016.8	9789.6
23614	1754.9	2006.4	9801.2
8581	1756.6	2008.6	9837.1
25089	1759.7	1993.7	9912.6
22436	1758.2	1992.4	9834.1
37834	1778.6	2059.9	10046.0
36433	1755.1	1921.6	9573.2
13948	1758.5	1969.0	9785.3
38974	1761.8	1981.6	9821.5
6312	1766.0	1992.8	9845.3
6904	1771.9	2092.2	10075.6
19106	1760.4	2001.9	9851.3
27343	1751.4	1964.6	9698.9
21424	1769.8	2028.0	10002.8
10206	1762.8	2047.2	9901.9
9576	1760.5	1951.0	9889.9
17219	1771.9	2051.7	10264.4
16649	1772.1	2041.5	9994.6
10889	1771.6	2001.8	9917.9
33633	1773.3	2002.8	10088.1
29958	1758.8	1971.7	9753.7
5559	1758.6	2036.2	9835.2
30455	1760.2	1955.1	9732.4
17255	1770.8	2022.4	10040.8
6048	1774.6	2037.8	10228.0
2007	1775.0	1995.1	9973.5
12310	1757.4	1976.2	9832.5
39452	1755.7	1978.5	9670.3
29031	1760.1	1975.1	9776.0
5182	1757.9	2043.2	9863.4
38842	1780.9	2004.1	10213.9
18828	1767.1	2053.4	10064.2
5918	1760.1	1984.1	10151.9
37739	1770.3	2007.7	10088.8
22464	1764.0	2027.8	10001.4
12184	1761.3	2045.5	9942.7
8434	1781.9	2045.7	10192.0
23361	1778.4	2055.3	10246.6
18139	1764.2	2039.0	9872.7
6663	1763.1	1987.2	9886.4
33134	1757.6	2024.4	9785.7
24919	1766.0	2025.3	9882.0
35154	1760.1	1914.1	9736.4
23388	1757.7	2028.1	9960.8
30173	1763.3	1980.1	9882.5
34172	1761.5	2004.6	10089.9
228	1766.6	2020.8	9830.3
18423	1748.2	1939.6	9486.9
22040	1766.9	1960.7	9838.1
21937	1756.5	1989.6	9867.7
18719	1766.2	1962.6	9866.8
34336	1764.7	2013.3	9905.0
36809	1759.5	1959.6	9847.3
26166	1774.6	2004.3	9961.6
19815	1772.2	1986.4	9936.9
2431	1752.3	2043.7	9797.4
30432	1760.1	2054.2	10048.5
31241	1762.9	2034.7	9883.1
7130	1756.3	1996.8	9807.8
23360	1754.6	1951.7	9603.8
38890	1769.8	1976.8	9953.3
32118	1768.9	2036.7	9913.8
22712	1764.0	1999.8	9901.7
28435	1763.4	2048.9	10034.2
5136	1762.6	1999.7	9881.8
30982	1772.4	2005.2	9933.8
27926	1762.0	1961.7	9968.4
29744	1772.1	2041.0	9957.5
2348	1757.5	1998.8	10034.3
28261	1771.1	2030.2	9928.8
23627	1757.6	1999.8	9748.0
17068	1765.7	2026.0	9947.3
16619	1757.2	1948.1	9762.0
13739	1772.2	1990.1	9911.6
16742	1764.0	2023.9	9923.4
33553	1758.2	1977.5	9728.1
17511	1775.8	2054.1	9913.2
7705	1769.9	2035.5	9987.7
14686	1755.5	2029.8	9800.2
32275	1769.3	2074.8	10126.7
17547	1752.6	1980.7	9792.6
21943	1766.7	1977.9	9791.1
21878	1761.5	1990.0	9693.9
11546	1747.7	1994.6	9668.2
6298	1756.4	1964.6	9747.5
18219	1765.3	2014.5	9968.9
37309	1762.5	1992.2	9879.5
12963	1760.1	2013.1	9854.5
34323	1771.5	2029.7	10110.1
37546	1770.7	2049.9	10145.0
16773	1769.4	2012.9	10058.0
11421	1764.6	2009.4	10139.9
18894	1771.1	2015.1	10012.4
28868	1751.2	1956.8	9836.1
23862	1766.0	2026.2	10123.3
7674	1769.6	2048.6	9958.8
11937	1746.1	1923.8	9522.4
4197	1765.5	2006.8	9924.3
28860	1762.8	1996.8	9801.6
39586	1765.0	2001.5	9844.2
14278	1764.5	1992.4	9866.7
14013	1756.7	1995.1	10010.2
8634	1758.3	1975.1	9850.1
38803	1778.5	2039.9	9982.7
15948	1761.6	1956.7	9635.4
24518	1756.2	2024.9	9860.3
31414	1757.0	1980.1	9775.0
32465	1768.3	2024.5	9958.9
1465	1779.8	2055.6	10381.1
17453	1777.8	2051.9	10193.6
12270	1770.4	2050.4	10094.3
17008	1769.5	1966.8	9882.8
23535	1770.2	2037.2	9993.8
25911	1765.1	1981.7	9789.3
39980	1769.6	2041.6	9979.1
12490	1764.3	2053.7	10104.7
7415	1758.2	2027.8	9936.4
23385	1772.1	2068.8	10423.2
34877	1771.2	2012.8	10133.0
36269	1769.7	1973.2	9880.2
3025	1764.7	2070.3	10352.0
33944	1761.3	2036.6	10004.0
22175	1755.4	1990.2	9851.1
4721	1757.4	1997.0	9849.3
14479	1757.5	2000.4	9745.6
14556	1763.5	2044.5	10058.9
12397	1755.3	1981.7	9738.9
6932	1764.1	1995.3	9800.3
32934	1758.5	1980.9	9623.1
27521	1753.6	1998.3	9891.4
4163	1771.4	2038.0	10018.8
2620	1758.4	1980.7	9832.2
33291	1760.8	1983.7	9763.9
414	1755.5	1982.4	9822.1
7924	1764.7	2073.5	10013.2
2128	1764.7	2004.6	9864.0
10304	1777.5	2033.3	10242.1
22122	1764.2	1995.2	9894.2
10857	1750.8	1957.5	9575.4
483	1774.3	2014.9	9969.8
22423	1774.0	2031.8	9984.8
10158	1760.4	1972.7	9852.9
37644	1782.4	2161.5	11391.5
4849	1771.0	2051.5	9904.7
30569	1759.4	2027.3	9852.1
15393	1774.7	2060.3	10231.2
38802	1759.1	1959.4	9879.5
35093	1758.7	1967.3	9890.0
6415	1761.9	1987.1	9787.0
11197	1768.7	2010.8	10139.4
12412	1759.0	2058.2	10089.3
16675	1756.6	1978.0	9899.5
30542	1762.7	2013.8	9857.2
7132	1758.3	2034.8	9789.6
24891	1763.1	2014.5	10019.1
20334	1780.5	2102.1	10250.4
63	1762.5	2029.3	10081.8
39591	1762.0	1979.8	9763.4
32701	1764.4	2061.9	10076.7
39861	1754.4	1981.4	9606.6
32518	1747.7	1962.6	9618.5
13154	1761.7	2094.9	10020.5
2910	1754.7	2031.8	9795.9
38021	1763.8	1991.0	9817.1
5573	1759.5	1990.7	9692.8
17629	1760.5	1950.8	9765.8
25817	1775.2	2015.2	9837.7
39382	1759.7	1976.7	9888.1
25374	1768.2	1981.4	9957.9
21862	1766.8	2022.6	10060.9
39613	1777.0	2036.5	10011.9
35523	1778.3	2072.7	10107.8
8782	1776.0	2020.1	10044.4
39166	1765.0	1995.3	10004.7
22395	1755.1	1950.2	9659.8
29953	1781.7	2069.5	10246.7
30643	1753.1	1956.0	9723.4
39220	1762.7	1979.2	9830.3
3910	1772.5	2024.0	10158.0
21267	1767.8	1985.5	9994.8
38762	1758.2	1965.8	9823.1
7577	1759.4	1977.0	9667.0
32388	1754.3	2008.2	9753.6
6925	1779.5	2048.8	10430.9
4538	1751.6	1942.9	9813.3
12798	1762.2	1993.3	9778.4
37659	1754.9	1922.7	9681.0
26163	1774.3	2020.8	10097.0
5616	1760.2	2005.1	9866.0
20426	1762.4	2018.6	10084.3
37486	1761.4	2008.6	9809.3
26200	1760.8	2000.4	9970.4
366	1772.1	1982.6	9796.7
14732	1768.1	2036.0	9929.8
11575	1760.7	2036.5	9896.8
14316	1763.0	2037.5	9980.2
38362	1759.7	2007.1	10035.6
10573	1758.4	1947.1	9646.9
37734	1768.7	1999.8	10020.2
9237	1758.4	1976.4	9759.6
33340	1755.6	1974.2	9771.3
19004	1775.2	2017.1	10277.3
22112	1767.3	2049.7	9988.2
23499	1753.1	1990.5	9680.1
11990	1759.6	1990.5	9762.8
31521	1759.0	1995.8	9806.5
25580	1773.5	1995.4	10060.2
32359	1750.9	2012.0	9843.6
19576	1773.4	2026.3	10096.5
10535	1768.9	1995.2	9910.3
9249	1755.7	1988.5	9805.3
21865	1764.2	1999.6	9919.7
41	1760.1	1984.9	9850.5
34579	1776.5	2039.6	10216.1
15352	1745.5	1950.4	9593.7
2033	1761.2	2041.2	9996.3
30361	1774.2	2004.4	9982.4
20382	1764.4	2008.8	9870.7
20894	1765.2	1986.2	9845.3
39705	1755.2	1996.0	9685.0
6238	1778.2	2070.4	10183.9
32524	1764.3	1993.5	9902.6
1485	1770.3	1992.6	9905.7
1892	1765.6	1991.4	9987.9
5671	1758.5	1998.9	9784.6
29961	1770.9	2054.8	9956.7
30106	1758.6	2053.4	9978.7
12313	1763.2	2017.9	9861.3
36190	1758.8	2021.4	9857.5
33878	1766.2	1985.7	9921.7
598	1755.0	1971.0	9705.3
27478	1764.3	2033.9	9923.6
11325	1772.8	1981.5	10093.8
3227	1770.2	1981.2	9974.6
20252	1767.0	2000.7	10012.5
29707	1762.7	1997.3	9823.4
18841	1762.7	2019.8	9788.9
33296	1764.7	2033.8	10013.1
16381	1787.5	2034.9	10281.0
27493	1755.8	1998.6	9720.1
31259	1761.3	2004.2	9897.0
13062	1755.2	2001.7	9806.8
8848	1763.4	2002.6	9819.1
17002	1755.4	1993.8	9801.9
21317	1765.5	2034.3	10174.3
17862	1770.0	1995.4	9942.3
6547	1772.5	2011.2	10017.6
36884	1752.6	2025.3	9833.8
1041	1764.0	2000.4	9776.8
1499	1761.9	2001.4	9906.6
14361	1757.4	2020.3	9718.9
26797	1766.5	2066.1	10024.4
6661	1759.2	1986.6	9838.5
4361	1753.9	2009.1	9866.7
26868	1764.4	1967.2	9795.8
35264	1759.0	1966.6	9800.7
15107	1750.5	1933.0	9628.6
6430	1760.9	2010.4	9828.0
9289	1759.9	2003.6	9824.6
23896	1764.9	2048.2	9892.9
32869	1780.6	2045.7	10449.6
6752	1760.4	1977.5	9807.5
32043	1762.7	1928.7	9835.9
32553	1763.6	2041.9	9863.8
17289	1767.4	2014.2	9903.8
32440	1763.4	1997.3	9803.4
30466	1773.8	2033.9	10234.0
6226	1767.5	2018.0	10175.8
3207	1767.9	2014.4	10019.2
33537	1756.2	2037.7	9752.0
35575	1766.8	2065.3	10096.9
18070	1768.5	2034.2	9886.4
2203	1765.2	2060.7	10127.1
13965	1769.2	2001.7	9858.4
11979	1765.6	2039.5	9979.9
5934	1770.5	1995.6	9928.6
11034	1765.2	2011.8	9891.6
27331	1758.1	1968.1	9658.9
19910	1760.9	1989.9	9950.2
34630	1771.4	2051.8	10232.8
30253	1768.9	2033.7	10023.7
16025	1762.6	2006.6	10088.7
4871	1751.0	1960.4	9713.9
12653	1759.0	2001.9	9866.9
15253	1765.4	2072.5	10181.3
29182	1775.1	2007.2	9910.0
5639	1761.8	2010.4	9916.3
5843	1773.7	2001.4	9983.6
16797	1765.9	2000.4	9872.7
20362	1758.0	2005.6	9858.4
34785	1768.2	2048.1	9984.6
30532	1771.7	2035.7	10013.5
16249	1774.3	2043.4	9999.7
17529	1763.2	1991.9	9803.9
34511	1763.1	1988.9	9859.3
16058	1765.8	2060.5	9912.4
18938	1767.0	2033.5	10198.5
8223	1765.5	2048.7	10216.6
25370	1763.7	2019.1	9890.3
28026	1774.0	2026.9	10140.8
22830	1764.9	2024.5	10024.4
21985	1772.2	2044.7	10031.6
21848	1760.1	1936.3	9955.0
14883	1759.6	1966.2	9828.5
28619	1770.2	1997.1	10097.3
33406	1774.0	2041.1	10066.2
33492	1772.5	2016.0	10117.5
27219	1757.5	2023.1	9830.2
8429	1748.0	1946.6	9619.6
17818	1773.4	1980.1	10011.6
5589	1756.9	2016.0	9910.4
26740	1775.7	2041.3	10118.7
23513	1766.1	2009.6	10056.2
19719	1773.2	2033.6	9995.4
31681	1772.3	1998.8	10064.1
8905	1757.4	1954.1	9642.5
21850	1764.5	2051.7	9837.1
38112	1775.9	2051.1	10183.1
25689	1755.5	1921.1	9707.7
5183	1763.3	2015.2	9875.5
29164	1749.8	1961.0	9760.7
33507	1765.6	1990.7	9863.5
28396	1766.7	2033.8	9953.7
38438	1768.6	2044.3	9959.7
35339	1759.7	1932.5	9749.8
37278	1772.5	2056.4	10119.9
23694	1761.8	2003.6	9814.1
39972	1751.7	2003.7	9715.7
32085	1777.4	2048.6	10236.6
30545	1746.6	2014.9	9916.8
30313	1760.4	2004.2	9883.5
26791	1754.8	1955.4	9673.5
17554	1756.6	1976.0	9907.2
21128	1757.7	2023.0	9917.8
25446	1761.5	2006.4	9810.8
18100	1761.2	1978.3	9766.9
7282	1746.0	1983.1	9591.1
27354	1767.9	2070.5	10212.6
10181	1759.6	1998.5	9853.7
11688	1757.4	1991.4	9900.5
11483	1757.1	1997.9	9753.5
3693	1768.0	2048.2	10115.2
28993	1770.4	2036.9	10033.8
10689	1771.7	1979.8	9857.1
19476	1768.0	2047.4	9962.8
13347	1769.0	2018.9	9905.4
561	1774.5	2042.8	10189.5
2627	1769.6	1997.1	10029.5
28130	1756.6	1976.5	9870.0
21364	1774.3	2016.8	10065.8
27001	1769.7	2006.8	9857.9
26664	1754.2	1986.4	9842.9
39506	1761.7	2042.2	9906.3
21751	1773.7	2041.9	10026.7
21537	1773.1	2036.1	10224.5
18893	1760.1	2013.3	9954.1
32312	1759.5	1990.7	9857.9
19862	1753.8	1980.4	9780.9
9150	1767.5	2067.8	10054.8
13125	1761.2	2021.6	9865.2
23886	1764.1	1952.3	9965.0
11558	1763.0	2014.2	9977.1
39641	1766.5	2020.0	9900.1
21825	1759.3	2016.6	9820.3
5095	1767.8	2026.8	9862.9
31808	1765.5	2092.6	10099.2
36387	1753.1	1949.1	9685.5
8305	1755.8	1985.1	9705.6
29883	1762.6	1992.4	10024.1
19001	1762.8	1979.4	9840.1
8478	1758.3	2030.0	9815.2
25118	1773.3	1988.7	9996.6
4714	1766.6	2043.7	9918.2
30154	1764.2	2008.1	9943.0
17398	1765.4	2020.1	9976.2
5422	1768.6	2011.6	9986.3
22535	1767.7	2010.1	9909.7
28402	1776.0	2086.3	10179.8
12207	1766.3	2055.0	9933.5
7039	1759.4	2026.1	9928.3
23432	1768.0	1997.4	9990.9
32268	1771.4	2033.1	10136.9
16665	1755.2	2017.7	9937.9
15842	1768.9	1991.5	9786.0
32707	1778.4	2005.0	10010.4
33504	1754.2	1966.7	9729.8
33781	1755.9	1991.8	9789.0
19211	1769.4	2026.1	9978.0
1225	1776.9	2039.4	10446.3
19378	1753.2	1967.1	9788.7
28505	1763.1	1994.8	10083.3
3303	1772.5	2032.3	9999.5
3888	1770.7	2034.7	9947.5
36307	1766.6	2032.5	9978.3
34438	1762.4	2007.2	10102.3
33369	1768.1	1982.4	9750.2
3599	1780.3	2038.4	9970.7
14422	1766.4	1959.6	9899.0
17430	1751.3	1956.8	9756.8
19455	1760.5	1974.8	9772.7
31556	1766.6	2034.2	9890.9
10267	1756.4	2001.3	9774.2
24911	1759.2	2018.9	9769.4
2848	1760.4	2001.9	9897.4
25919	1765.7	1984.2	9840.1
19073	1770.3	2033.4	10065.0
37080	1762.9	2033.0	9909.8
35848	1757.6	1997.6	9707.9
34394	1778.3	2002.3	10075.1
10175	1768.4	1987.7	9908.1
23053	1748.6	1956.1	9627.2
39831	1765.1	1992.2	9957.2
35067	1754.4	2018.5	9806.5
26335	1762.6	2009.2	9863.5
26921	1766.8	2042.1	9996.5
32900	1766.3	2034.6	10171.2
15052	1768.4	2053.1	9948.5
2624	1756.7	2054.4	10005.3
33705	1775.3	2037.5	10096.5
2986	1770.1	2025.0	10247.0
31439	1761.7	2043.2	9943.4
12383	1747.8	1944.8	9672.6
25573	1763.3	2026.0	9974.8
6504	1765.6	1989.5	9940.9
34734	1763.0	1990.1	9919.8
35411	1764.1	2027.0	9962.2
29592	1763.2	2026.8	9913.8
30750	1748.5	1973.0	9761.7
35293	1764.0	2055.4	10331.2
33809	1761.6	2020.7	10202.6
34041	1758.2	1981.0	9739.9
36503	1764.4	2014.8	9978.7
9494	1771.5	2004.2	9917.4
30915	1759.5	1969.5	9875.2
24343	1769.1	2013.3	9974.0
33509	1762.6	2009.2	9961.1
35167	1765.5	1956.8	10016.5
31384	1759.3	1967.6	9895.8
6327	1770.7	2008.6	10086.8
2688	1752.3	2019.4	9690.4
22382	1750.9	1956.1	9760.5
7561	1774.7	2059.2	10131.2
35321	1745.9	1972.3	9639.8
2625	1762.5	2027.7	9990.3
21859	1771.7	2013.2	9974.9
37590	1760.6	1961.4	9766.1
15290	1767.0	1995.9	9962.0
2659	1755.6	2049.2	9898.2
26553	1760.5	2014.4	9921.7
14058	1769.5	2009.8	9971.3
17213	1762.2	1992.6	9857.8
24969	1753.3	1975.0	9735.7
16258	1758.6	2050.1	9904.5
11604	1768.7	2023.1	9990.0
31065	1771.7	2071.5	10586.8
11723	1767.8	1956.9	9719.4
21779	1769.9	2025.2	9955.8
914	1762.3	2038.3	9836.8
13410	1759.2	1999.8	9861.6
2524	1752.0	1954.0	9698.1
2385	1774.3	2045.6	10163.5
9531	1753.6	1979.5	9739.0
22587	1764.5	2014.7	9867.2
29722	1768.8	2053.5	10084.7
10482	1757.7	2034.3	9915.4
1436	1773.0	2055.4	9968.4
29964	1763.2	2026.0	9998.3
36913	1771.2	2053.6	10195.4
20430	1763.4	1980.6	9811.7
8725	1757.9	1980.0	9757.8
8623	1754.8	1977.6	9827.8
713	1774.9	2025.8	9944.7
39018	1752.8	2002.3	9960.1
1178	1776.2	2051.4	10274.0
10872	1778.7	2031.9	10196.1
24592	1744.8	1988.8	9656.1
22922	1775.8	1993.0	9959.8
16677	1746.6	1940.9	9673.9
23102	1745.4	2009.3	9637.7
33458	1754.5	2010.6	9737.6
20513	1755.5	1919.8	9634.6
37687	1769.9	2018.2	10053.1
27557	1761.7	2077.1	10054.3
25534	1761.5	1948.5	9672.5
26748	1763.3	2039.5	9996.4
759	1748.8	2028.7	9916.7
16580	1761.8	1967.2	9673.8
36402	1754.4	1932.3	9574.6
3870	1769.0	2005.9	10043.3
32123	1761.0	1951.1	9881.6
1733	1766.6	2032.0	9892.6
33655	1758.3	2003.5	9913.2
1887	1770.5	2049.0	10171.5
37340	1769.4	2057.1	9984.3
35088	1752.4	1951.1	9487.6
22622	1761.9	1983.9	9847.5
3055	1769.9	1990.2	9953.3
5956	1767.6	2026.3	9984.6
2606	1758.0	2016.3	9889.2
28693	1752.4	1981.9	9833.1
21580	1761.2	1976.7	9670.3
30198	1759.0	1994.4	9842.3
18760	1755.2	2001.3	9760.7
29970	1766.9	2035.9	10112.3
4056	1754.5	2020.8	9824.4
31071	1773.4	2052.7	10070.6
13400	1775.3	2025.6	10066.7
17775	1766.2	2065.9	10105.3
23406	1777.0	2045.9	10048.8
21527	1761.8	1985.6	9818.8
21829	1766.5	2025.3	9971.6
19468	1757.6	2043.7	9983.6
9456	1770.3	2021.1	10013.1
29852	1764.4	2007.2	9959.5
19246	1776.2	2008.2	9995.8
20391	1765.3	1980.3	9993.2
8449	1759.2	2010.1	9960.2
9102	1767.7	2015.3	9844.7
25940	1767.5	1984.5	9856.3
20421	1754.8	1975.5	9636.2
13237	1759.6	1977.5	9730.6
38752	1759.5	1993.7	9758.2
37233	1768.6	2028.3	10020.4
4894	1769.2	2006.5	9847.8
1876	1771.3	1992.9	9941.2
27200	1768.2	2023.2	9899.1
37601	1754.2	1962.8	9699.1
11939	1764.9	2024.0	9906.6
19328	1765.6	2028.6	10053.9
36515	1761.6	2011.3	9934.4
37274	1774.6	1967.6	10014.3
38301	1768.2	2010.0	10038.5
7885	1750.7	1985.0	9746.9
5084	1755.4	1965.2	9681.3
32815	1771.5	1987.0	10063.6
29770	1763.7	2059.8	9989.6
13143	1774.5	2066.0	10437.9
34404	1748.2	1939.8	9561.7
27522	1761.4	1969.5	9636.9
36276	1766.1	2009.3	9975.6
509	1748.6	2011.4	9604.2
5648	1759.4	1977.5	9773.2
28109	1763.3	2023.2	9872.3
39789	1754.6	1978.1	9687.1
20499	1757.9	1984.9	9804.7
26003	1767.7	1957.5	9798.6
24616	1760.3	1981.8	9795.8
32655	1756.7	1992.2	9905.5
7140	1754.7	2002.8	9843.6
24150	1761.8	2023.8	9925.1
1993	1774.8	2068.2	10098.7
29699	1757.1	2005.8	9862.0
29314	1763.2	1988.1	9810.4
22621	1750.3	1973.6	9632.1
13274	1768.9	2029.4	9817.2
11489	1776.0	2061.5	10034.1
7724	1758.4	2012.3	9962.9
19055	1757.8	1985.1	9761.8
30095	1765.6	1985.6	9875.3
28427	1745.5	1974.0	9706.2
18494	1771.6	2039.9	10010.8
16022	1755.0	1981.6	9749.6
15975	1759.8	2006.1	9905.6
26641	1755.2	1940.2	9721.9
20288	1766.2	1994.5	9964.6
33536	1770.6	2055.9	10081.3
29118	1758.7	1994.7	9767.7
3610	1765.8	1992.0	9825.5
8893	1771.2	1988.6	9946.8
31664	1764.6	1996.1	9914.5
27681	1766.2	2011.9	10042.7
20882	1773.0	2059.6	10642.5
10355	1771.0	2052.5	10037.2
3859	1749.4	1994.3	9689.1
33081	1748.3	1976.5	9757.4
17176	1766.3	2048.2	9830.6
13928	1771.9	2039.0	9928.0
23048	1775.2	2002.3	10054.8
21590	1768.6	2000.7	10066.1
36011	1782.4	2017.2	10034.7
30184	1771.0	2051.0	10235.8
13937	1766.3	2044.0	9998.6
27404	1755.2	2005.9	9928.4
17745	1764.2	2018.5	9825.7
34297	1757.7	2011.8	9808.3
22095	1763.4	1954.7	9876.4
11336	1770.3	2032.8	9900.1
37926	1768.5	2053.4	10084.2
21315	1766.4	2021.0	10138.0
81	1758.0	1981.0	9705.1
37885	1756.3	1961.1	9702.1
18676	1771.4	2018.1	9901.6
17594	1764.0	2013.4	10001.4
23218	1764.7	1998.1	9904.6
23612	1764.9	1976.1	10029.9
25026	1754.9	2007.6	9804.1
11430	1759.0	1946.6	9734.1
7628	1764.6	2063.9	10083.3
264	1767.9	2021.4	9881.0
16293	1765.2	1992.1	9787.3
12454	1766.1	2026.5	9975.8
8851	1766.6	2006.5	9856.4
9891	1774.8	2072.9	10079.3
4885	1755.3	2016.8	10009.9
1795	1759.5	1991.3	9784.6
35859	1754.1	1979.3	9790.1
1446	1768.4	2023.8	10017.4
31621	1760.9	1977.8	9781.5
2312	1770.0	2038.7	10254.9
356	1758.1	1948.0	9754.9
39639	1751.3	1962.1	9673.8
35472	1748.3	1934.6	9619.5
4374	1766.1	2048.9	9895.0
962	1767.6	2028.6	10096.6
21210	1751.9	1944.4	9661.3
10193	1751.6	1982.5	9712.2
17240	1761.2	2070.5	9957.6
38843	1765.9	2039.5	9932.1
11191	1769.2	2019.8	9910.5
28223	1749.2	1989.6	9791.6
4320	1767.7	2019.7	10068.9
28172	1755.0	2024.3	9770.4
16866	1756.6	2023.8	9854.4
15218	1768.6	2000.5	10117.9
25275	1754.8	1966.6	9643.7
5262	1757.2	1930.4	9615.9
21529	1767.5	2008.7	9936.5
27975	1760.2	1973.3	9812.4
23989	1763.7	1999.3	9843.7
15705	1769.6	2034.5	10247.5
4439	1766.3	2021.3	9944.7
20431	1778.1	2012.5	10035.3
38314	1766.8	2009.4	9992.6
30761	1756.0	1944.8	9745.3
14581	1751.3	1982.3	9649.4
30209	1763.0	2017.7	9896.8
4346	1764.1	1990.1	9811.5
16334	1763.7	2029.0	10081.6
23511	1761.1	2043.5	9905.1
20961	1751.1	1933.7	9536.2
26628	1766.9	2049.2	10022.5
16997	1763.0	1964.5	9807.1
32327	1760.4	1998.3	9691.8
14454	1772.8	1964.6	9726.3
23703	1770.8	2010.9	10052.0
12944	1751.1	1955.5	9580.2
17316	1760.8	2005.6	9906.2
25842	1773.7	2044.1	9979.1
34700	1775.1	2048.6	10042.9
11130	1760.9	2027.7	9914.9
5295	1748.3	1937.1	9564.3
19578	1752.6	2008.2	9810.5
15533	1762.9	1961.6	9762.3
3662	1769.8	2033.9	9898.5
38100	1764.9	2007.3	10040.9
38574	1760.4	2011.3	9825.5
20851	1764.3	1999.1	9952.0
24085	1754.1	1984.8	9727.8
35465	1788.0	2061.7	10309.6
24140	1769.8	2015.1	10033.5
25652	1750.6	1944.3	9724.6
6222	1756.1	1999.7	9806.1
463	1774.7	2039.3	10098.1
22818	1766.6	2002.0	10087.8
37866	1771.5	2015.4	10012.2
1363	1753.7	1980.4	9904.1
12110	1757.9	2016.9	9766.5
6515	1760.5	2019.4	9805.4
38715	1763.7	1992.5	9876.2
22500	1750.4	1919.2	9576.1
17127	1771.5	2011.0	9978.9
27755	1767.3	2040.1	10099.4
4985	1774.7	1963.8	9977.4
10605	1769.6	2007.1	9901.0
13250	1758.4	1972.4	9788.4
27242	1751.3	1959.7	9832.9
35626	1771.9	2025.1	9994.1
13759	1756.8	1980.5	9779.6
14896	1775.0	2054.3	10188.8
27528	1761.3	2050.8	9978.1
10542	1769.4	2085.1	10028.1
10361	1768.9	1981.7	9819.5
15176	1777.6	2045.7	10278.6
11482	1772.3	2010.8	9953.4
18780	1761.4	2023.7	9914.2
36416	1764.6	2013.9	10029.9
32845	1765.5	2005.3	9891.2
22626	1768.0	1963.1	9828.0
33622	1754.8	1933.0	9740.7
35271	1760.5	2021.0	9901.8
36864	1763.8	1996.8	9880.7
30709	1762.4	2049.2	10056.4
8508	1778.1	2060.8	10205.0
3580	1752.1	1990.9	9719.5
4001	1747.0	1943.7	9707.6
38910	1753.1	1996.7	9780.2
29771	1748.4	1954.5	9557.2
7115	1767.8	2006.3	9911.2
13481	1769.7	2031.6	9974.0
21092	1769.0	1992.4	9924.4
34335	1769.9	2024.3	9890.0
31230	1756.9	1982.6	9670.3
4036	1758.2	1963.7	9769.6
29363	1754.9	1950.3	9746.2
10280	1772.4	2041.3	10440.8
11782	1771.3	2039.8	10089.7
10249	1748.7	1962.8	9657.6
20780	1754.0	1969.0	9764.4
30450	1757.4	2004.6	9787.6
2154	1764.2	2025.2	9968.1
29716	1765.6	1991.9	10012.2
26575	1764.8	2052.7	10117.7
9579	1758.3	2002.4	9845.0
32751	1762.2	2026.8	10142.3
13382	1771.1	2050.1	10172.4
31290	1774.3	2001.6	10022.0
25526	1754.1	1948.3	9807.4
15767	1780.5	2075.6	10227.7
23480	1772.0	2036.3	10152.2
