319	1062.7	1304.6	1525.9
1407	1070.3	1281.1	1594.5
2484	1066.7	1298.2	1588.2
4568	1067.3	1270.3	1507.4
8844	1069.2	1065.4	1527.6
20	1066.7	1270.8	1503.8
6057	1078.2	1075.8	1581.1
1844	1063.0	1296.0	1576.6
6730	1080.1	1088.0	1601.7
538	1070.1	1306.3	1583.8
5355	1069.8	1071.9	1601.7
5670	1068.4	1068.8	1566.9
1395	1070.0	1317.2	1577.2
5310	1078.1	1075.9	1600.9
8597	1085.8	1090.4	1674.0
5496	1070.0	1072.6	1549.7
2223	1067.8	1330.1	1608.3
4598	1059.7	1291.3	1528.9
9201	1067.9	1064.0	1555.4
2087	1069.7	1312.1	1586.4
8537	1069.4	1065.7	1574.0
2710	1071.5	1295.3	1584.9
1176	1066.9	1300.1	1533.2
3589	1066.1	1327.8	1579.8
8659	1060.9	1052.6	1537.4
6659	1079.6	1085.8	1624.7
472	1061.2	1298.6	1521.7
6585	1063.9	1068.2	1573.0
1787	1067.8	1285.0	1563.5
6113	1075.2	1066.3	1555.9
6382	1065.4	1062.0	1517.3
832	1072.6	1304.4	1591.9
3167	1066.8	1326.9	1569.5
894	1063.5	1307.1	1561.4
1138	1070.4	1284.9	1569.7
9118	1070.0	1063.9	1561.7
8310	1061.7	1061.7	1500.5
2755	1065.0	1348.8	1664.6
4215	1068.2	1309.8	1519.3
9781	1073.0	1066.9	1627.9
4161	1073.0	1393.5	1623.3
8174	1066.4	1063.7	1546.6
2185	1072.3	1358.4	1604.6
4871	1068.6	1301.2	1587.4
5490	1067.0	1065.1	1562.6
1682	1071.6	1309.8	1583.6
5332	1074.6	1068.4	1619.0
4943	1053.2	1271.9	1542.7
6098	1069.6	1070.7	1548.4
1464	1069.4	1307.1	1615.4
604	1057.7	1263.3	1495.5
8267	1073.5	1066.7	1606.4
4828	1062.6	1296.7	1541.5
6684	1078.5	1087.0	1721.8
7319	1067.3	1067.2	1564.0
3439	1068.6	1306.6	1555.8
5179	1071.5	1067.5	1596.8
6516	1073.2	1078.0	1566.6
852	1066.1	1338.1	1592.8
5240	1077.4	1072.6	1594.9
6562	1067.5	1068.9	1583.2
126	1065.3	1328.0	1585.1
8698	1065.0	1065.2	1564.8
401	1065.7	1297.6	1564.6
169	1071.1	1326.1	1584.2
1275	1062.8	1291.6	1532.3
8908	1074.3	1071.5	1575.3
9236	1070.3	1070.1	1556.2
6729	1060.3	1064.9	1549.5
2527	1064.2	1305.1	1553.6
3315	1070.3	1311.0	1539.4
3587	1072.4	1342.1	1572.4
628	1073.9	1320.2	1602.0
6597	1068.0	1068.2	1564.9
9680	1071.5	1071.2	1574.3
8691	1070.7	1068.7	1519.8
2510	1067.5	1267.6	1523.0
7208	1065.3	1063.5	1582.8
9205	1065.2	1071.0	1593.8
979	1072.7	1355.0	1574.2
5182	1075.5	1080.6	1598.1
5360	1067.3	1069.3	1558.0
5467	1065.9	1065.8	1541.0
2015	1063.8	1292.7	1606.8
6929	1065.9	1066.5	1576.6
276	1061.3	1271.8	1528.3
3758	1068.8	1284.7	1554.8
6085	1071.7	1071.9	1593.4
1333	1062.1	1285.8	1529.0
2718	1074.2	1332.6	1580.2
2346	1059.5	1285.1	1552.4
2344	1065.4	1343.1	1575.5
2451	1073.5	1342.9	1575.5
1297	1071.6	1328.4	1637.6
9712	1075.8	1071.8	1623.2
5781	1071.5	1073.0	1581.5
3777	1073.6	1282.0	1565.6
3910	1070.2	1306.1	1574.2
9426	1066.8	1065.9	1617.4
685	1074.0	1352.9	1604.6
8494	1075.1	1075.8	1645.7
1027	1066.8	1274.7	1543.7
475	1071.1	1321.7	1567.3
5948	1072.0	1072.5	1600.0
5040	1076.1	1078.2	1600.6
7810	1076.9	1077.3	1605.4
7431	1069.3	1075.8	1544.7
7452	1071.0	1071.4	1566.6
1113	1063.2	1293.3	1521.6
5638	1075.1	1075.4	1662.4
8290	1067.1	1072.1	1553.5
2573	1063.4	1295.7	1544.6
3686	1076.7	1323.1	1595.7
3631	1065.1	1289.4	1648.9
1926	1068.1	1278.5	1525.0
393	1065.4	1285.2	1574.6
8152	1072.1	1072.0	1598.7
7096	1073.7	1070.6	1587.7
1102	1075.8	1378.8	1625.9
2947	1073.0	1283.9	1589.1
661	1067.1	1303.1	1557.1
5736	1077.1	1077.9	1589.2
7185	1074.6	1072.3	1568.5
9392	1073.8	1068.6	1591.4
682	1067.8	1318.0	1563.7
8269	1067.5	1070.9	1575.0
7225	1070.3	1066.5	1558.1
7108	1064.3	1063.8	1555.6
5312	1070.5	1068.0	1616.0
601	1070.5	1366.2	1619.3
9339	1054.8	1058.3	1546.4
962	1071.8	1335.4	1581.7
6473	1072.6	1068.7	1555.7
2077	1067.2	1307.0	1585.4
5462	1070.2	1072.9	1599.4
264	1068.8	1281.0	1550.8
8119	1070.6	1071.9	1605.1
6137	1075.1	1079.2	1580.8
612	1068.4	1281.2	1619.9
5375	1066.5	1063.2	1544.9
2173	1070.7	1325.4	1591.7
8883	1066.4	1065.4	1734.5
2763	1063.8	1293.6	1547.5
5	1074.7	1343.2	1644.4
4381	1069.2	1291.7	1552.0
7804	1075.8	1070.4	1587.0
5443	1072.9	1071.4	1563.9
949	1070.6	1344.8	1577.4
3227	1072.6	1362.9	1631.7
7376	1074.0	1067.3	1623.8
1502	1074.8	1333.8	1574.6
469	1073.8	1375.5	1618.4
3026	1065.6	1285.2	1547.1
7063	1067.3	1062.1	1516.8
3838	1075.7	1395.6	1679.7
5657	1065.2	1061.2	1502.4
3317	1071.9	1290.6	1585.1
7909	1076.6	1082.1	1605.6
1161	1070.6	1284.8	1544.7
4032	1063.8	1336.7	1588.4
3141	1071.1	1309.4	1575.5
7913	1070.4	1068.8	1576.9
5919	1077.3	1084.5	1571.0
2542	1073.7	1328.3	1563.9
1068	1071.1	1336.2	1573.3
8187	1071.2	1068.1	1559.1
7590	1069.0	1075.7	1559.3
8124	1060.4	1060.8	1508.1
7339	1068.5	1065.2	1625.8
7928	1072.0	1072.1	1626.1
3998	1067.9	1275.9	1530.7
8179	1071.2	1075.3	1531.7
7262	1074.1	1074.3	1580.7
646	1073.7	1332.8	1581.7
3060	1076.4	1319.4	1575.0
1295	1072.3	1330.7	1625.1
928	1070.5	1321.9	1602.5
5851	1063.9	1055.5	1566.7
6617	1072.7	1072.9	1566.2
5417	1067.8	1068.3	1535.7
7354	1065.9	1070.8	1522.3
1898	1075.7	1331.0	1643.6
3657	1062.7	1280.3	1537.1
4110	1072.9	1336.0	1564.1
9391	1068.0	1063.8	1559.3
4851	1068.6	1295.9	1558.4
3966	1061.4	1283.9	1519.4
3245	1073.5	1290.8	1536.6
6295	1071.5	1072.1	1569.4
1481	1064.0	1304.5	1521.8
1538	1065.3	1284.5	1540.5
6931	1066.0	1064.5	1593.9
7314	1070.5	1067.8	1562.4
1575	1076.1	1331.1	1590.8
1002	1070.2	1334.0	1560.3
3379	1069.9	1273.0	1532.0
9460	1067.2	1066.7	1568.4
2284	1075.0	1346.5	1596.6
4763	1064.5	1293.7	1536.9
6966	1068.1	1075.6	1542.4
6061	1074.8	1083.0	1632.3
1097	1068.1	1304.4	1575.8
5829	1071.0	1072.5	1594.0
3720	1070.6	1298.9	1534.3
2302	1072.1	1319.9	1689.4
4273	1065.9	1351.2	1764.8
2373	1068.4	1306.5	1597.2
3536	1075.8	1347.6	1639.0
4579	1061.4	1338.3	1554.2
9588	1067.8	1063.2	1570.8
1006	1061.0	1233.5	1505.2
2363	1070.9	1326.0	1569.5
7252	1079.3	1082.1	1598.9
7280	1069.8	1067.9	1627.4
8413	1066.3	1068.1	1567.1
8956	1070.4	1073.0	1632.2
1381	1081.8	1320.8	1617.1
9278	1071.6	1072.1	1643.5
247	1069.1	1342.5	1558.3
7819	1063.6	1054.9	1586.5
1122	1064.7	1315.4	1569.3
3640	1069.5	1282.0	1574.4
8436	1073.4	1072.8	1611.8
9734	1063.1	1062.5	1535.4
7508	1062.6	1061.6	1516.1
1212	1075.5	1327.8	1622.5
3869	1056.6	1224.8	1498.6
3196	1073.3	1337.8	1613.5
7503	1072.0	1063.7	1522.3
4177	1064.0	1300.1	1548.3
4850	1065.0	1348.8	1571.7
558	1071.4	1317.3	1590.2
5892	1072.2	1078.6	1608.8
5975	1068.9	1061.9	1556.9
1431	1069.9	1280.3	1539.4
6976	1069.2	1061.3	1650.6
2219	1072.2	1318.2	1572.3
4564	1065.4	1284.9	1531.6
1987	1068.9	1284.3	1565.1
3256	1066.4	1265.9	1530.1
4475	1075.1	1341.3	1593.9
5909	1063.7	1061.8	1577.6
2997	1068.8	1301.9	1568.0
3133	1062.2	1351.8	1592.7
6993	1064.6	1075.7	1541.7
2765	1068.4	1285.7	1584.7
2217	1064.2	1309.3	1568.1
7162	1068.8	1074.7	1561.1
7091	1064.7	1063.6	1506.3
688	1070.3	1290.0	1574.0
1662	1071.3	1295.5	1551.0
4171	1070.2	1339.0	1603.5
7723	1070.4	1071.0	1560.1
6721	1072.2	1078.3	1593.4
7209	1065.6	1066.6	1563.7
1281	1070.3	1318.4	1569.5
6138	1064.4	1062.6	1553.5
1139	1063.5	1257.0	1515.5
7261	1066.6	1061.8	1541.6
9748	1072.1	1077.6	1588.9
595	1062.3	1306.6	1561.2
2634	1069.2	1324.8	1610.7
1341	1065.7	1320.8	1544.6
2244	1075.2	1330.9	1568.3
2265	1071.5	1270.7	1559.8
8285	1074.1	1073.5	1581.1
1522	1065.7	1278.0	1549.1
5500	1066.3	1065.4	1567.8
7757	1063.8	1073.2	1565.6
4553	1066.5	1269.2	1512.8
3380	1072.0	1332.9	1572.5
235	1069.9	1299.3	1567.5
8289	1073.3	1078.5	1579.9
1337	1065.4	1362.3	1586.9
8566	1070.2	1069.6	1576.1
9166	1069.3	1071.5	1519.5
9084	1072.8	1072.7	1574.6
7923	1074.9	1076.5	1731.7
732	1067.7	1267.1	1572.6
5215	1073.4	1071.9	1577.1
3248	1066.8	1341.9	1565.3
9977	1070.8	1065.9	1566.1
695	1071.9	1303.3	1564.7
4818	1079.2	1400.5	1785.0
6029	1061.2	1054.1	1538.1
3826	1071.7	1304.8	1599.0
340	1068.9	1332.0	1563.6
5847	1064.0	1057.4	1557.9
190	1066.1	1300.0	1542.2
6911	1063.1	1064.1	1533.7
7546	1071.7	1076.1	1625.4
677	1066.1	1325.6	1545.3
3711	1063.3	1270.4	1546.8
3028	1072.0	1334.3	1586.8
7127	1067.5	1064.5	1550.0
8395	1058.4	1054.6	1503.9
2186	1064.5	1270.0	1514.7
4865	1063.5	1305.4	1541.0
1952	1074.3	1319.5	1602.2
8399	1070.0	1072.7	1561.8
2164	1076.0	1320.5	1577.4
8130	1069.9	1065.6	1655.0
5090	1071.1	1071.6	1569.3
7635	1060.9	1063.8	1553.3
499	1069.3	1314.8	1584.2
9643	1073.6	1070.6	1600.2
3356	1070.4	1301.6	1568.1
2846	1081.4	1404.4	1750.3
2954	1074.8	1317.3	1607.0
8108	1071.0	1066.9	1567.3
4201	1064.6	1293.6	1541.5
4604	1072.4	1304.5	1568.2
7197	1076.4	1073.5	1609.8
1015	1065.4	1273.8	1525.1
7902	1067.1	1066.2	1567.2
2826	1064.8	1322.4	1569.5
2051	1066.2	1320.8	1555.3
8621	1075.5	1070.0	1589.5
8226	1065.6	1069.9	1639.5
8662	1076.5	1077.7	1645.0
8515	1071.2	1073.2	1571.0
8786	1067.9	1062.0	1572.1
7660	1069.6	1074.2	1554.9
7417	1068.7	1067.9	1626.4
8109	1074.6	1074.1	1568.7
1094	1069.5	1377.5	1621.9
4238	1076.6	1358.7	1588.7
8524	1076.9	1073.4	1592.7
2446	1058.8	1290.0	1510.9
2062	1063.3	1291.3	1571.0
2116	1058.0	1303.1	1581.5
4460	1065.3	1342.2	1545.1
5045	1058.6	1054.8	1470.2
4292	1063.1	1317.6	1567.6
2248	1069.0	1299.5	1559.2
3742	1070.4	1319.2	1598.0
8023	1070.8	1070.8	1579.3
8334	1072.6	1075.0	1656.1
3875	1063.1	1269.7	1498.1
2587	1067.3	1304.8	1643.3
5050	1077.1	1075.2	1666.6
6965	1069.9	1070.1	1611.4
9601	1078.8	1081.0	1589.7
1859	1075.4	1308.0	1594.4
7359	1071.8	1067.9	1594.0
7409	1067.4	1072.6	1531.6
2498	1065.1	1260.7	1534.7
7461	1068.6	1071.9	1582.6
7121	1067.2	1069.0	1523.2
9600	1078.6	1073.4	1610.2
5149	1062.8	1058.4	1508.1
1773	1064.9	1321.0	1531.0
516	1068.0	1354.0	1623.7
8163	1077.4	1080.6	1597.0
9089	1059.7	1058.8	1551.4
496	1068.5	1305.3	1569.8
4594	1065.9	1293.8	1516.8
5641	1065.7	1067.3	1651.8
7416	1085.0	1085.2	1617.1
7342	1070.7	1069.1	1587.1
7731	1062.4	1062.9	1485.8
4885	1068.1	1309.5	1567.4
8840	1072.1	1073.7	1564.0
4095	1068.6	1299.7	1546.0
9295	1072.3	1076.0	1531.9
6318	1058.2	1053.0	1493.7
609	1062.2	1259.8	1530.1
2291	1070.3	1317.1	1566.0
369	1065.6	1276.2	1533.5
9758	1068.0	1078.1	1553.5
2844	1058.2	1249.2	1499.5
2098	1063.8	1299.5	1525.4
1505	1076.9	1347.2	1645.1
948	1065.3	1292.7	1547.6
5793	1076.7	1071.9	1593.0
51	1070.2	1352.7	1583.8
136	1075.5	1344.1	1594.9
9893	1073.5	1073.6	1650.6
2460	1069.2	1303.1	1545.5
9733	1069.8	1070.0	1581.1
9454	1076.1	1070.6	1612.0
7406	1068.7	1065.7	1557.9
4896	1068.9	1320.9	1590.0
2428	1065.9	1331.1	1583.8
9583	1065.6	1073.4	1532.7
2788	1058.6	1238.8	1521.1
4918	1072.0	1326.1	1607.9
1339	1069.6	1338.3	1574.7
3041	1073.2	1306.3	1569.2
8945	1069.8	1064.2	1578.1
5914	1069.0	1059.8	1531.9
7335	1059.2	1055.0	1530.7
4006	1056.7	1283.9	1517.0
1140	1067.7	1345.0	1573.4
203	1085.5	1403.2	1969.4
1835	1068.3	1288.4	1559.4
2499	1076.8	1368.0	1625.9
9964	1072.5	1077.6	1581.0
1182	1080.0	1373.5	1593.8
4978	1065.9	1247.9	1529.1
9188	1068.4	1075.0	1564.1
5032	1068.3	1065.7	1542.7
4517	1073.5	1390.4	1640.0
716	1073.1	1315.2	1536.0
1164	1063.0	1303.9	1546.0
1705	1069.8	1363.2	1625.4
1940	1074.0	1310.6	1558.0
7180	1064.7	1069.8	1575.2
7088	1073.3	1068.2	1650.0
1931	1067.9	1277.4	1546.7
3986	1074.5	1391.0	1615.7
620	1072.8	1337.3	1597.6
9490	1063.7	1060.6	1542.7
2739	1067.6	1314.3	1563.6
5052	1061.3	1058.9	1506.2
6874	1073.9	1076.0	1676.5
3667	1062.6	1294.6	1542.7
3502	1071.8	1347.7	1568.6
8804	1063.0	1062.7	1543.0
3740	1074.4	1326.2	1575.0
1515	1079.5	1322.2	1643.4
3067	1069.1	1318.8	1583.7
2772	1066.1	1316.5	1606.0
8168	1065.4	1068.2	1536.5
4320	1070.0	1360.0	1650.6
2581	1064.2	1268.7	1534.4
7703	1073.0	1073.9	1585.0
5416	1075.9	1082.0	1602.6
6482	1059.8	1056.3	1542.1
4939	1051.9	1241.0	1492.7
2336	1072.7	1342.4	1571.7
7118	1072.8	1064.8	1598.0
936	1079.1	1317.1	1599.5
9978	1072.5	1073.4	1559.2
3725	1069.9	1327.4	1610.6
6635	1069.3	1071.6	1593.2
7511	1068.7	1076.3	1566.7
1334	1083.6	1358.7	1636.7
1917	1064.6	1262.3	1532.2
4692	1060.0	1244.1	1485.7
5233	1069.9	1067.9	1580.1
3472	1072.1	1369.9	1692.5
7031	1067.3	1068.8	1582.2
4734	1075.5	1359.7	1623.8
9764	1082.3	1075.9	1546.5
4407	1079.8	1382.2	1631.3
8364	1066.1	1063.0	1602.9
6642	1065.2	1060.9	1579.2
7822	1073.9	1075.6	1610.6
6777	1073.1	1078.1	1597.6
310	1070.1	1342.8	1567.3
7553	1078.6	1072.6	1649.0
2256	1069.0	1288.9	1535.3
765	1064.3	1316.9	1566.4
8504	1083.5	1075.5	1659.4
9225	1070.4	1067.4	1610.1
1417	1068.3	1293.4	1609.9
1290	1065.3	1298.9	1699.6
8633	1069.3	1074.3	1572.4
9451	1070.5	1068.4	1565.0
2535	1064.8	1293.0	1514.9
2131	1062.6	1306.2	1531.2
9532	1065.7	1064.2	1603.6
5238	1061.1	1065.2	1547.3
9525	1069.4	1074.1	1604.8
1148	1069.7	1344.9	1601.1
4337	1067.4	1290.1	1532.5
9695	1065.9	1057.5	1677.9
8807	1071.3	1078.7	1568.9
482	1065.5	1330.6	1592.4
885	1066.1	1280.0	1531.7
4808	1070.7	1344.5	1642.1
9258	1074.3	1074.9	1642.0
389	1081.1	1350.0	1611.1
5037	1065.2	1069.7	1564.2
9565	1066.5	1061.9	1549.1
7735	1073.1	1071.9	1643.5
645	1079.7	1347.6	1605.4
8268	1068.8	1068.5	1570.5
1546	1070.4	1320.8	1637.0
5943	1060.9	1066.7	1494.8
1026	1073.6	1363.8	1673.3
9458	1075.0	1075.5	1671.3
3997	1073.8	1418.9	1648.7
9364	1078.2	1073.7	1608.8
1707	1065.3	1284.2	1543.9
7966	1068.8	1075.1	1546.3
5330	1069.5	1070.9	1613.2
9097	1069.4	1078.2	1650.1
3682	1080.8	1325.5	1600.2
6220	1064.1	1064.3	1566.5
1277	1071.8	1293.2	1642.6
8905	1064.0	1060.6	1514.2
2963	1064.1	1288.4	1535.3
7802	1078.3	1081.6	1569.1
3766	1076.8	1371.1	1591.9
840	1076.7	1355.1	1600.5
9557	1063.7	1063.7	1557.7
9923	1068.4	1073.8	1605.6
7795	1063.2	1059.7	1545.6
5364	1069.4	1066.5	1551.0
1263	1071.4	1281.8	1552.6
7519	1075.3	1075.4	1639.3
6620	1082.5	1077.8	1642.7
1665	1077.4	1344.9	1593.2
2745	1069.4	1305.5	1583.7
8740	1078.0	1074.6	1596.3
6588	1076.6	1077.1	1632.0
8136	1072.7	1076.2	1571.2
5297	1069.0	1069.0	1554.4
7933	1069.2	1066.1	1561.2
4140	1067.9	1302.5	1560.3
3926	1066.7	1291.5	1522.0
7413	1066.9	1073.0	1570.5
5280	1083.2	1082.2	1629.7
9352	1073.7	1074.5	1602.3
5536	1064.1	1069.9	1603.5
3393	1060.3	1254.6	1498.2
2202	1059.7	1279.1	1517.6
6268	1069.5	1072.2	1571.5
8212	1068.7	1076.7	1615.0
4101	1066.6	1292.3	1576.2
7107	1073.3	1075.3	1567.3
7756	1060.3	1071.1	1499.7
6969	1064.3	1063.9	1544.4
2658	1077.3	1362.0	1649.8
9803	1079.4	1078.2	1608.2
9518	1063.0	1063.6	1532.8
3600	1067.5	1306.7	1586.2
9610	1069.4	1067.1	1551.9
6857	1071.8	1072.6	1600.6
8762	1070.2	1068.2	1554.5
2278	1073.6	1310.7	1627.9
6848	1066.0	1072.7	1577.4
4362	1069.3	1322.1	1535.7
5839	1065.1	1061.9	1549.8
6920	1064.1	1063.5	1559.9
416	1068.6	1312.5	1564.6
9106	1074.4	1076.0	1590.3
776	1061.6	1258.0	1535.2
8393	1070.3	1072.0	1589.7
939	1068.4	1291.9	1549.0
6604	1074.1	1072.1	1595.3
9682	1078.4	1083.8	1636.5
6452	1075.8	1078.1	1603.3
7105	1075.7	1077.1	1589.6
7316	1069.1	1068.3	1606.2
6202	1058.4	1062.9	1523.9
6110	1078.0	1077.4	1628.1
8029	1074.0	1072.0	1596.1
5897	1064.4	1062.7	1566.6
5549	1068.1	1067.9	1576.6
1238	1074.0	1330.8	1722.8
2939	1067.3	1328.5	1574.3
4905	1067.7	1285.8	1535.9
5263	1058.7	1060.1	1528.8
1004	1072.7	1328.7	1549.7
831	1077.2	1397.2	1678.0
9706	1067.6	1067.9	1563.0
1268	1069.5	1298.2	1594.2
4169	1074.0	1324.7	1558.1
4343	1076.6	1336.6	1664.1
7570	1070.3	1076.6	1570.1
9312	1069.1	1070.2	1577.5
1311	1071.6	1307.4	1552.9
714	1076.1	1360.6	1606.5
2323	1072.9	1327.8	1584.6
2205	1066.2	1332.9	1576.6
6543	1064.2	1064.7	1559.6
1995	1072.6	1351.0	1594.0
5534	1072.4	1072.9	1580.1
800	1072.9	1292.0	1568.0
2790	1079.6	1401.0	2136.8
2858	1076.7	1358.1	1595.5
8500	1081.1	1081.7	1666.6
9474	1066.3	1066.7	1569.2
3128	1064.9	1316.3	1577.9
3602	1064.1	1310.0	1560.9
8541	1069.7	1065.8	1780.8
2420	1062.1	1298.3	1530.8
5273	1065.6	1069.8	1517.7
5491	1070.9	1070.0	1624.0
3956	1066.9	1249.9	1512.9
7345	1060.2	1063.5	1524.4
7076	1070.9	1066.7	1542.0
510	1069.9	1296.5	1529.1
58	1071.3	1299.0	1561.1
3342	1067.5	1336.7	1622.9
5894	1071.1	1066.4	1561.6
8235	1075.1	1076.3	1557.4
5523	1070.9	1070.3	1574.9
7516	1063.9	1064.0	1531.6
4967	1075.7	1305.2	1601.2
6445	1074.1	1074.3	1615.2
4552	1067.4	1261.7	1510.7
5766	1069.4	1064.2	1558.7
1032	1061.2	1237.4	1492.6
9841	1062.1	1053.6	1550.0
359	1070.8	1335.3	1576.2
444	1072.5	1322.3	1618.9
7917	1073.7	1080.9	1586.3
9796	1063.7	1063.0	1553.0
7709	1066.7	1063.3	1593.6
2653	1066.4	1298.4	1579.3
5642	1079.2	1079.4	1663.7
2977	1068.5	1307.8	1581.7
5518	1068.0	1075.6	1629.5
522	1066.1	1311.4	1563.9
1589	1072.6	1317.4	1559.3
7292	1070.7	1071.9	1558.2
9372	1076.5	1072.9	1626.9
694	1069.7	1267.8	1525.6
5059	1063.5	1065.8	1587.6
5026	1062.0	1060.6	1508.6
9941	1066.7	1067.8	1553.3
9855	1059.0	1061.5	1497.2
2006	1075.7	1308.8	1571.8
7800	1066.5	1067.0	1562.6
2230	1067.1	1336.9	1560.4
5325	1071.1	1068.5	1559.5
5143	1062.1	1060.6	1561.2
8452	1066.9	1061.8	1542.1
3764	1069.6	1286.6	1508.6
2349	1065.2	1286.3	1533.7
9253	1070.5	1073.3	1712.4
8490	1070.9	1070.5	1576.6
7134	1074.5	1075.9	1669.2
866	1075.3	1311.5	1584.9
838	1065.5	1313.4	1575.0
772	1064.1	1296.9	1531.9
3158	1064.0	1307.4	1532.0
7095	1070.3	1076.7	1584.4
5285	1076.7	1080.7	1594.4
6917	1074.5	1076.0	1681.6
4242	1078.8	1360.5	1613.1
1999	1069.7	1261.2	1544.4
3207	1065.9	1311.7	1578.7
9037	1071.4	1067.8	1558.4
9061	1064.1	1062.7	1555.4
1506	1063.0	1261.3	1513.3
8814	1073.2	1070.0	1604.0
3343	1068.9	1335.1	1575.0
5900	1073.4	1072.1	1594.0
6439	1060.6	1059.0	1520.1
7953	1068.6	1069.6	1555.4
6756	1071.7	1072.9	1606.1
6709	1066.7	1070.1	1562.1
4084	1073.7	1328.2	1678.0
1327	1074.3	1363.0	1627.8
6086	1071.4	1074.2	1537.1
1617	1074.9	1344.0	1598.8
390	1065.7	1269.5	1570.5
3341	1072.9	1300.6	1574.8
2807	1071.7	1288.3	1554.2
5229	1076.2	1077.0	1554.6
1900	1070.2	1285.4	1590.2
7808	1066.4	1067.0	1594.5
3054	1067.9	1318.9	1569.3
5870	1080.2	1077.4	1591.2
7037	1069.7	1068.6	1590.3
5153	1058.2	1061.2	1500.4
7066	1068.6	1071.3	1596.3
2924	1073.6	1314.4	1553.1
447	1077.6	1359.1	1582.5
201	1074.0	1321.4	1601.4
579	1071.2	1332.1	1570.7
6312	1065.2	1066.7	1538.2
332	1067.0	1314.3	1513.9
1291	1070.8	1364.7	1620.8
4246	1075.3	1260.2	1565.4
6624	1073.6	1071.0	1614.8
9362	1072.2	1070.3	1558.3
9311	1070.2	1067.6	1574.6
9955	1079.0	1082.3	1651.9
5988	1076.9	1071.3	1609.5
3453	1078.7	1370.9	1684.7
3570	1067.5	1335.0	1692.4
9761	1067.7	1066.0	1600.9
9684	1079.8	1077.5	1645.7
1118	1065.0	1266.7	1540.7
7436	1069.9	1069.4	1571.3
160	1073.2	1314.1	1549.6
8886	1076.7	1080.3	1615.1
4853	1076.8	1326.5	1657.4
6463	1076.2	1071.1	1560.2
9070	1083.7	1083.9	1628.6
9036	1076.1	1073.2	1597.5
4784	1072.4	1300.1	1566.7
3522	1074.4	1323.9	1591.1
5071	1074.9	1075.1	1634.2
27	1071.9	1281.3	1561.9
4685	1068.5	1302.9	1594.3
5461	1060.4	1070.5	1570.4
2480	1065.0	1282.7	1547.9
6140	1074.9	1074.2	1617.5
7939	1073.7	1071.2	1620.6
355	1076.9	1306.7	1580.5
6313	1064.5	1062.1	1539.0
4999	1074.4	1309.1	1584.5
1457	1082.7	1349.4	1722.5
3312	1067.0	1321.1	1575.9
1590	1066.7	1290.6	1530.2
6161	1065.6	1061.0	1519.7
6350	1078.2	1081.8	1611.2
6650	1070.8	1071.5	1592.4
3064	1071.8	1354.5	1572.2
9473	1071.5	1073.4	1586.1
6154	1067.4	1062.8	1597.3
6686	1071.8	1077.0	1577.5
6633	1069.8	1074.5	1584.0
1634	1066.5	1317.5	1574.9
7640	1073.5	1073.7	1609.2
9805	1071.9	1072.4	1521.3
7557	1060.7	1055.2	1512.3
5281	1076.6	1081.7	1653.3
5734	1074.4	1079.3	1582.9
110	1079.4	1324.3	1571.0
983	1073.1	1365.7	1590.8
4233	1056.7	1277.6	1497.6
8328	1065.5	1064.8	1554.6
8544	1077.8	1084.3	1609.6
5968	1070.3	1074.8	1565.8
300	1074.4	1307.9	1596.2
8275	1066.7	1064.9	1531.2
7274	1061.2	1059.7	1526.9
4249	1073.3	1352.9	1607.4
9369	1066.9	1063.0	1534.3
3780	1072.8	1369.3	1651.2
8428	1068.4	1073.8	1578.1
140	1069.6	1286.5	1598.8
2638	1067.1	1271.5	1524.1
2512	1072.2	1281.8	1534.4
1745	1066.8	1301.4	1550.4
9995	1063.6	1065.8	1564.5
5712	1061.7	1059.6	1520.1
8309	1068.0	1072.4	1547.6
8572	1073.0	1073.1	1601.0
208	1072.1	1318.2	1611.7
8709	1069.8	1070.0	1551.6
8861	1061.1	1061.9	1589.7
6166	1073.3	1068.5	1576.2
8053	1070.1	1069.7	1555.1
2264	1075.9	1365.1	1595.2
3487	1078.2	1346.3	1661.8
6853	1068.9	1064.1	1605.0
7347	1065.5	1067.7	1554.0
3210	1061.3	1310.7	1555.1
5575	1067.9	1070.6	1528.5
7288	1073.3	1073.0	1565.2
6776	1064.0	1057.3	1581.7
7783	1066.2	1063.8	1545.2
7415	1062.1	1062.7	1496.1
1803	1075.9	1350.1	1618.9
6325	1076.6	1076.7	1644.6
9604	1076.4	1074.5	1822.3
4633	1074.6	1324.7	1603.9
5825	1073.2	1073.4	1607.0
473	1079.0	1388.1	1633.6
7305	1066.8	1070.9	1560.5
5194	1078.9	1085.7	1621.0
4256	1072.8	1340.5	1567.3
3241	1072.8	1335.7	1597.0
1728	1065.4	1305.2	1558.1
790	1075.0	1355.0	1621.3
1583	1071.3	1281.3	1568.4
2271	1073.0	1311.2	1553.2
2960	1069.4	1318.7	1553.0
1775	1062.6	1315.0	1560.5
3572	1063.6	1330.4	1566.8
454	1075.9	1310.1	1590.5
7391	1064.8	1065.7	1561.6
5792	1077.7	1068.9	1657.1
9274	1073.8	1081.0	1578.1
1805	1072.3	1313.9	1601.2
6734	1076.5	1076.4	1594.7
2261	1074.5	1326.9	1603.3
9582	1064.0	1065.1	1536.4
3507	1072.0	1324.4	1557.4
7911	1070.7	1071.0	1638.2
502	1071.4	1281.3	1550.8
3452	1065.6	1293.9	1525.4
8178	1062.7	1059.3	1540.1
6486	1059.4	1061.2	1562.9
8440	1058.9	1058.9	1536.4
1184	1064.9	1283.2	1553.8
265	1071.5	1351.9	1604.5
71	1069.8	1323.2	1612.8
902	1062.3	1300.5	1542.9
4538	1061.7	1299.7	1541.7
2392	1067.0	1332.7	1588.8
6109	1070.1	1064.3	1560.3
1766	1064.9	1304.8	1543.2
5569	1071.5	1067.5	1623.4
8198	1068.8	1064.5	1550.6
3541	1070.2	1320.7	1590.3
7120	1084.6	1091.0	1634.7
7114	1071.6	1062.6	1581.5
9239	1065.9	1064.6	1548.3
537	1069.5	1312.7	1535.1
2564	1073.2	1316.7	1572.0
2593	1067.3	1293.4	1542.9
4188	1074.4	1344.4	1631.7
1293	1062.4	1297.2	1567.1
2396	1065.0	1294.8	1557.0
788	1069.9	1344.1	1590.7
1698	1073.9	1371.2	1611.0
5573	1075.4	1071.7	1664.5
3878	1072.0	1334.9	1570.9
7550	1067.9	1067.9	1594.4
5728	1067.3	1064.3	1595.6
4250	1074.3	1325.4	1555.2
9838	1071.4	1068.5	1593.9
3338	1072.5	1363.5	1637.9
7625	1067.6	1067.0	1557.0
5571	1068.2	1065.3	1532.7
7828	1075.4	1070.8	1655.6
29	1061.5	1278.9	1540.6
8040	1073.1	1068.9	1892.3
3821	1074.1	1348.2	1565.8
1918	1075.8	1328.9	1636.9
8742	1063.1	1063.7	1542.2
2047	1080.3	1340.8	1612.0
2491	1073.9	1351.9	1632.8
967	1077.1	1391.7	1645.9
7473	1069.6	1069.3	1593.1
9256	1064.1	1065.5	1576.2
7273	1061.2	1062.8	1564.2
7289	1076.3	1075.6	1624.6
1452	1081.4	1332.0	1585.0
303	1067.5	1332.8	1581.8
3709	1075.0	1365.7	1626.2
5094	1070.6	1064.9	1606.9
6164	1073.5	1073.1	1575.9
2238	1063.5	1325.0	1537.8
5130	1076.2	1080.9	1565.5
186	1067.4	1327.4	1571.7
8236	1066.5	1071.2	1533.2
2111	1071.8	1302.3	1606.3
2980	1063.8	1339.9	1576.9
7155	1073.5	1072.6	1610.8
1484	1082.3	1376.2	1690.1
2602	1073.5	1297.4	1595.9
2026	1068.1	1344.9	1570.9
387	1064.7	1307.5	1539.1
3037	1083.0	1348.6	1630.7
4452	1062.7	1321.5	1575.8
2794	1065.4	1276.2	1542.6
4985	1068.4	1312.5	1570.6
1820	1067.8	1284.8	1551.3
9456	1080.4	1086.3	1581.1
1790	1064.8	1287.5	1565.3
4368	1073.4	1350.9	1595.3
7900	1063.2	1060.2	1507.1
7297	1066.1	1073.7	1540.9
6928	1072.6	1072.5	1609.8
5814	1070.5	1066.4	1555.5
3872	1075.1	1314.5	1588.7
3157	1080.4	1319.6	1627.5
4554	1069.6	1328.9	1591.9
760	1074.7	1348.7	1597.5
9178	1076.6	1077.8	1638.7
9146	1075.2	1076.5	1616.0
7387	1071.1	1071.7	1573.7
6506	1074.3	1076.4	1559.5
7576	1075.5	1077.5	1593.1
9484	1074.2	1064.7	1645.6
5671	1052.9	1057.1	1503.5
1205	1061.7	1251.0	1548.1
4783	1069.1	1270.0	1549.3
8220	1076.8	1074.0	1676.4
9485	1072.7	1072.9	1566.5
96	1078.7	1384.9	1631.3
2134	1067.9	1278.5	1572.9
2221	1071.6	1340.4	1616.2
7889	1070.2	1065.1	1565.3
7784	1083.7	1088.1	1611.6
6379	1068.7	1067.8	1582.7
5283	1074.0	1076.4	1619.9
9132	1061.4	1065.4	1559.3
8070	1069.7	1071.5	1547.8
5621	1064.7	1062.3	1572.2
9563	1068.6	1066.5	1604.1
5864	1071.1	1067.5	1547.6
5343	1060.7	1064.1	1538.0
2824	1074.8	1323.2	1609.6
6924	1065.7	1069.2	1537.9
7820	1081.2	1087.3	1651.9
6687	1072.5	1070.8	1569.7
2689	1063.4	1266.4	1557.6
1220	1069.3	1269.9	1594.0
3045	1076.6	1334.3	1587.9
4163	1077.5	1287.7	1565.5
423	1072.8	1336.5	1594.1
2986	1070.4	1291.2	1567.7
6285	1074.5	1076.0	1608.7
5888	1067.4	1071.1	1572.6
7665	1069.7	1071.7	1588.6
1378	1069.6	1291.9	1544.5
2450	1058.7	1280.1	1503.4
9788	1060.7	1062.5	1553.8
5407	1058.1	1062.4	1491.2
7618	1074.5	1076.5	1636.4
586	1067.6	1324.3	1570.8
8255	1075.1	1072.6	1594.5
2468	1066.7	1340.1	1621.1
5806	1069.3	1069.1	1564.6
875	1078.1	1354.1	1591.2
630	1067.4	1314.0	1560.4
6349	1070.4	1075.0	1609.7
8717	1069.8	1065.4	1556.6
3394	1073.4	1312.0	1558.9
1146	1066.2	1329.7	1576.9
3501	1072.3	1311.9	1563.8
4450	1073.3	1344.2	1566.7
712	1067.8	1293.4	1534.3
2268	1067.4	1299.8	1573.0
1727	1068.4	1348.0	1588.8
7184	1078.4	1084.4	1610.1
9002	1071.6	1073.1	1542.4
1618	1071.3	1298.0	1595.1
2325	1073.8	1328.4	1570.5
2170	1088.6	1400.7	1647.4
5062	1070.3	1066.1	1583.3
1391	1060.0	1287.6	1533.1
1195	1072.2	1333.1	1553.0
6628	1072.6	1074.8	1605.8
4527	1066.4	1279.0	1552.7
1242	1080.8	1359.8	1603.3
3857	1073.0	1305.0	1567.0
6459	1061.8	1059.1	1524.0
8806	1071.7	1068.0	1595.8
490	1071.0	1361.1	1593.2
7885	1068.1	1070.4	1535.7
2786	1073.0	1277.3	1534.6
392	1068.0	1290.7	1560.9
7970	1069.7	1076.0	1560.2
4068	1059.0	1302.0	1553.1
3653	1061.5	1271.4	1530.2
1356	1066.6	1311.3	1571.6
6058	1058.2	1055.6	1525.7
49	1069.3	1310.8	1555.8
3923	1064.6	1270.2	1553.8
5547	1070.5	1075.6	1526.4
7642	1071.6	1071.6	1608.0
1279	1076.3	1351.3	1582.2
9925	1080.8	1083.4	1579.8
6705	1066.2	1068.2	1559.6
6246	1069.9	1068.2	1567.7
337	1072.4	1325.0	1605.5
3679	1068.9	1297.1	1569.9
881	1071.0	1355.6	1620.2
6429	1076.1	1080.0	1573.4
4148	1079.3	1319.2	1630.3
7111	1071.4	1065.4	1578.7
3025	1067.9	1283.9	1544.5
4419	1084.0	1348.3	1661.3
9400	1072.8	1066.1	1569.9
7325	1073.2	1072.8	1577.6
4121	1069.0	1330.7	1579.9
4671	1079.9	1366.3	1605.3
485	1067.9	1282.9	1574.4
5708	1083.3	1084.4	1706.6
868	1068.2	1307.1	1555.4
5906	1074.4	1079.2	1596.7
1904	1067.1	1286.5	1553.5
2224	1060.6	1256.9	1521.8
4612	1075.2	1294.1	1581.4
8448	1077.7	1076.2	1648.7
3479	1064.6	1292.2	1551.2
8601	1073.3	1075.5	1752.7
5859	1075.9	1078.9	1595.3
5689	1069.3	1062.5	1583.0
1353	1070.9	1348.5	1614.1
8823	1064.6	1064.5	1566.3
1244	1072.1	1318.5	1578.6
1096	1078.5	1336.4	1572.7
254	1074.7	1382.0	1657.2
4938	1060.2	1304.1	1517.2
8340	1074.6	1083.1	1596.5
426	1071.3	1363.3	1696.5
6723	1072.9	1072.1	1607.4
8734	1070.5	1067.8	1569.3
2158	1071.7	1315.0	1573.3
6740	1065.6	1066.8	1540.5
5920	1074.6	1076.2	1585.0
8087	1074.6	1080.4	1584.3
1462	1069.1	1261.0	1558.0
6381	1075.9	1070.1	1592.5
1091	1076.1	1343.0	1605.3
6923	1072.7	1072.3	1676.3
8876	1068.5	1069.7	1589.8
8160	1066.3	1065.1	1542.6
6338	1076.0	1078.9	1620.3
9073	1062.7	1064.4	1529.1
8707	1075.2	1074.1	1604.2
569	1082.8	1334.2	1613.6
3728	1074.4	1330.1	1563.6
8944	1073.3	1076.4	1705.4
3090	1061.1	1291.0	1522.6
6419	1075.1	1079.5	1620.7
