57809	1620.4	1873.2	10279.7
42352	1613.0	1836.3	10199.4
42992	1606.5	1848.5	10036.9
13399	1617.7	1824.1	10055.0
59029	1622.5	1949.9	10671.0
28847	1621.6	1903.7	10217.1
55313	1618.2	1863.6	10411.5
47445	1612.0	1853.4	10150.6
59445	1624.5	1901.8	10556.6
9918	1619.3	1902.6	10276.0
58874	1608.0	1842.9	10055.7
58158	1610.3	1804.9	9890.4
60781	1610.3	1820.5	10071.8
39648	1610.2	1833.2	10193.3
47997	1613.1	1859.5	10102.8
13339	1602.4	1826.9	9864.3
41521	1611.5	1830.8	9934.3
28273	1618.7	1858.8	10183.7
44410	1618.1	1846.3	10297.9
8308	1607.2	1811.9	10043.9
10268	1607.2	1862.3	10034.6
19075	1622.5	1866.3	10229.6
49313	1621.7	1846.6	10178.0
52383	1620.1	1848.8	10249.8
50393	1616.3	1842.9	10080.3
56186	1616.3	1900.7	10365.5
15521	1613.2	1806.4	9946.8
28338	1601.8	1829.9	9935.7
1902	1609.8	1826.3	10019.8
51735	1610.5	1817.1	10122.8
25948	1597.4	1866.3	10108.5
56853	1612.7	1858.1	10236.0
32381	1612.4	1877.4	10376.6
63724	1606.5	1819.4	10036.0
28631	1612.5	1815.4	10094.9
798	1607.8	1832.3	10172.8
20618	1621.9	1902.0	10499.1
16445	1613.0	1788.4	9979.4
29309	1628.6	1912.0	10742.9
56580	1627.6	1877.9	10481.9
51097	1626.3	1863.0	10380.2
36209	1599.3	1834.9	9791.2
60014	1619.7	1865.6	10271.8
36176	1613.9	1847.0	10106.4
23442	1598.4	1816.4	9802.7
1313	1601.8	1816.7	9927.0
13417	1618.9	1846.6	10034.9
15063	1611.3	1854.6	10085.1
62038	1598.3	1764.7	9786.5
2078	1615.5	1848.5	10266.6
52884	1598.8	1794.7	9725.7
62758	1619.7	1832.5	10170.2
35296	1595.4	1775.6	9645.5
52319	1601.8	1827.2	10052.1
61225	1621.2	1845.1	10379.2
42677	1601.0	1802.5	9888.3
22464	1603.8	1929.9	10311.8
57101	1610.3	1826.2	10028.8
24735	1605.2	1892.4	10273.3
56467	1607.5	1812.7	10140.7
60357	1605.0	1810.8	9923.5
55380	1612.9	1845.7	10087.7
48761	1618.0	1878.8	10368.7
49957	1598.6	1794.6	9728.2
47354	1622.4	1874.0	10376.1
17403	1616.4	1815.5	9983.0
11960	1625.4	1876.6	10208.3
28073	1621.3	1865.6	10288.5
6806	1606.7	1843.2	10019.7
11667	1613.2	1806.1	9901.1
9543	1611.8	1865.7	10300.0
26524	1615.8	1859.2	10298.5
49775	1590.8	1785.7	9781.1
22866	1615.5	1847.3	10230.9
333	1616.1	1902.9	10206.5
36587	1638.2	1938.5	10733.2
48891	1609.9	1814.1	10054.8
37663	1596.7	1795.1	9698.2
51456	1614.0	1850.9	10177.7
11393	1611.4	1825.4	9918.0
45327	1607.0	1832.7	9873.8
57299	1620.6	1841.6	10417.0
49877	1601.2	1825.3	9971.3
23094	1609.7	1897.5	10409.8
59693	1615.5	1848.0	10115.9
49767	1595.2	1826.7	10009.8
24637	1609.8	1851.7	10160.0
54117	1618.2	1864.3	10244.3
15621	1606.3	1814.5	9877.3
50112	1630.8	1873.6	10455.1
8667	1630.5	1872.8	10682.8
38660	1619.1	1893.6	10159.5
15101	1610.4	1891.3	10464.2
21387	1610.8	1827.9	9917.5
28146	1615.0	1856.1	10130.7
11553	1610.6	1838.3	10086.3
6145	1619.0	1885.2	10200.0
10162	1620.6	1903.6	10523.5
3624	1609.6	1860.5	10088.3
39992	1625.1	1857.8	10295.9
57093	1625.1	1889.0	10459.8
1435	1605.7	1848.6	10128.0
54688	1619.8	1916.9	10656.9
59203	1614.5	1835.0	10119.4
19912	1624.8	1894.7	10418.8
24808	1621.0	1882.3	10354.9
61773	1607.1	1815.1	9972.9
5135	1610.3	1868.8	10063.1
49913	1613.8	1826.5	10091.2
5790	1616.0	1891.7	10387.6
13917	1624.7	1831.6	10275.7
64014	1617.7	1865.0	10314.8
40875	1630.0	1858.6	10398.6
28330	1621.9	1832.3	10094.6
45001	1619.0	1913.5	10308.0
46412	1617.9	1874.7	10186.8
35932	1604.8	1859.6	10047.6
18211	1618.8	1843.2	10180.1
27527	1633.0	1858.1	10660.2
49087	1607.3	1811.0	10033.6
5551	1608.8	1875.0	10042.3
39088	1607.2	1798.2	9960.4
63559	1619.8	1888.1	10249.0
21145	1613.8	1843.9	10229.0
51301	1613.7	1841.6	10150.1
1740	1609.0	1844.4	10134.1
59517	1628.3	1904.9	10415.0
152	1604.7	1826.5	10047.7
46239	1621.8	1858.3	10269.8
9638	1610.5	1858.9	10195.9
9600	1615.5	1864.5	10232.2
31290	1612.3	1838.3	10250.6
23557	1624.7	1893.7	10493.9
2708	1614.6	1874.5	10289.4
46071	1612.7	1866.4	10608.8
23649	1608.0	1842.0	10182.0
35496	1613.6	1851.2	10065.5
14102	1611.9	1827.7	9959.9
36270	1613.6	1888.5	10183.5
59304	1608.6	1838.7	10090.3
14545	1614.6	1861.5	10147.0
9612	1610.9	1866.1	10215.8
38017	1619.0	1904.7	10836.2
60106	1613.7	1866.1	10098.7
57175	1616.9	1823.5	10068.0
33814	1616.0	1868.7	10121.1
23417	1629.1	1905.5	10350.0
42093	1618.4	1854.8	10109.8
25370	1609.7	1840.7	10065.2
26707	1624.0	1903.9	10470.6
38685	1610.7	1840.9	10192.2
46616	1617.8	1892.2	10481.4
31263	1615.6	1847.6	9981.9
40453	1612.6	1902.6	10391.1
63330	1631.0	1868.6	10589.1
35221	1631.9	1965.0	10736.0
33401	1616.0	1812.1	9982.5
2923	1613.6	1864.3	10098.7
53162	1614.6	1816.2	10008.1
55386	1610.9	1857.2	10397.8
32359	1619.4	1889.9	10359.8
44319	1609.1	1817.3	10027.1
57442	1606.8	1876.2	9969.4
50609	1621.9	1935.9	10640.8
30897	1613.0	1862.2	10202.6
1647	1615.9	1862.8	10245.2
16605	1612.9	1834.3	10072.6
57750	1606.0	1834.4	10068.3
52877	1610.7	1859.6	10040.6
63953	1615.7	1849.4	10262.3
41275	1626.7	1902.5	10881.2
59120	1604.3	1814.2	10017.2
28380	1620.6	1919.3	10426.8
38608	1617.5	1862.4	10246.9
44724	1614.7	1840.6	9966.3
13802	1618.2	1808.2	10155.5
19435	1619.0	1847.2	10132.4
2107	1617.1	1900.9	10331.6
62187	1620.9	1851.5	10616.3
49044	1610.8	1868.0	10144.5
38637	1624.2	1891.3	10458.0
4020	1608.5	1838.5	9958.9
21202	1621.1	1874.1	10358.3
43832	1599.6	1852.5	9940.1
22379	1624.2	1877.5	10292.8
22304	1610.0	1841.1	10041.7
14280	1609.9	1844.8	10081.9
12732	1595.8	1774.0	9616.6
42464	1627.3	1896.7	10294.0
41570	1610.3	1809.1	9902.6
64930	1613.2	1875.2	10207.7
36228	1608.1	1868.5	10163.2
45801	1619.1	1875.2	10279.5
52712	1612.5	1883.9	10263.7
9228	1623.7	1875.2	10269.0
11951	1604.9	1839.8	10053.9
19953	1607.2	1860.3	10440.6
12742	1617.5	1832.9	10074.8
6107	1624.8	1916.8	10446.1
55210	1610.2	1849.8	10300.1
29149	1612.5	1860.1	10216.4
51617	1605.0	1815.2	10018.1
41975	1622.5	1839.5	10185.3
38025	1612.6	1861.4	10296.6
38780	1621.8	1903.0	10624.6
34280	1623.8	1887.1	10513.0
22733	1624.4	1878.1	10447.5
30218	1617.0	1855.9	10264.7
29512	1607.4	1850.7	10221.0
47264	1617.8	1902.6	10408.0
9379	1616.1	1906.6	10472.4
41358	1591.2	1776.9	9704.6
50930	1621.7	1895.2	10368.4
2889	1616.2	1870.7	10203.0
35308	1641.8	1921.4	11060.2
22519	1621.5	1889.3	10272.5
29041	1618.0	1881.4	10293.9
54501	1621.8	1849.2	10392.9
7742	1631.5	1960.3	10687.6
59622	1599.8	1781.3	9747.0
29601	1605.7	1826.8	9961.0
11548	1609.1	1855.0	9996.7
62761	1617.6	1831.7	10381.8
45187	1616.7	1842.1	10064.9
34502	1603.9	1807.1	9966.6
11314	1623.5	1882.1	10360.3
62915	1608.8	1842.0	10072.4
4352	1605.4	1843.3	9875.0
21772	1617.3	1849.5	10516.0
54363	1611.5	1801.3	10136.9
61397	1614.0	1873.0	10432.1
48329	1618.0	1874.4	10418.1
18513	1612.7	1868.0	10120.1
42003	1616.1	1835.8	9933.4
64805	1614.6	1857.7	10209.3
12144	1608.0	1778.1	9760.2
45633	1615.3	1843.0	9899.8
23839	1617.8	1829.6	10400.2
11321	1610.5	1884.2	10192.1
35088	1620.7	1886.9	10241.9
61954	1597.0	1798.0	9861.8
45489	1611.6	1825.1	10077.4
64657	1609.5	1850.3	10110.2
49550	1615.3	1804.5	9850.8
64193	1607.9	1809.2	10074.5
25583	1632.4	1962.8	10782.5
52465	1610.9	1876.2	10309.1
15668	1610.8	1811.6	9932.1
10651	1608.2	1774.6	9914.2
53352	1622.5	1840.5	10410.8
35706	1604.5	1835.1	9950.5
59198	1600.5	1789.5	9773.6
54945	1616.3	1854.5	10258.4
63621	1614.4	1844.5	10215.9
56947	1596.8	1777.6	9622.7
49692	1606.1	1838.7	10055.0
48741	1619.3	1858.6	10229.0
6594	1622.1	1889.1	10333.4
13662	1605.2	1832.8	10000.7
26965	1600.2	1806.9	9672.3
54943	1623.7	1836.6	10818.1
30069	1617.3	1867.9	10115.0
53088	1616.1	1869.0	10207.2
49935	1624.4	1894.8	10440.3
22040	1622.5	1882.5	10441.0
39452	1608.9	1837.0	9988.8
42020	1608.7	1850.2	10028.4
45290	1626.2	1909.7	10346.1
62923	1605.6	1786.4	9900.7
14534	1615.1	1884.9	10979.5
1691	1625.2	1828.4	10358.9
60963	1620.2	1874.9	10357.6
11003	1613.0	1845.6	10122.1
21614	1598.8	1863.0	10203.0
29103	1605.5	1815.5	9983.1
49852	1625.9	1840.2	10395.3
38534	1618.8	1896.5	10621.0
21411	1624.3	1900.8	10539.3
25911	1611.2	1828.8	10012.8
47612	1614.6	1858.1	10372.0
42019	1617.7	1822.9	10293.1
48930	1599.1	1853.4	10136.1
36608	1619.6	1871.1	10384.0
60769	1618.8	1864.3	10293.9
8583	1614.1	1846.6	10245.0
38146	1627.3	1840.3	10284.3
61980	1603.6	1842.8	9923.2
25475	1595.1	1787.2	9722.7
43111	1607.2	1855.2	9963.8
45262	1596.2	1828.4	9969.1
9154	1617.0	1842.3	10175.7
60819	1612.9	1823.2	10097.4
6702	1601.1	1830.3	10069.4
11400	1622.3	1912.1	11461.0
22095	1606.1	1852.5	10296.9
62694	1611.6	1827.8	10057.0
53305	1625.9	1871.6	10518.6
30956	1615.7	1887.2	10536.3
31291	1605.4	1771.2	9699.9
33923	1611.3	1884.5	10183.7
19737	1610.0	1808.3	9997.6
46574	1630.7	1874.4	10412.9
36701	1621.7	1905.0	10514.7
11856	1621.5	1883.6	10215.2
50719	1619.4	1863.6	10672.9
1430	1609.9	1842.6	9875.3
53609	1629.5	1865.2	10387.2
59358	1597.0	1801.7	9876.6
10560	1607.4	1877.9	10246.6
6659	1604.1	1848.0	9931.3
49436	1603.6	1838.1	9961.0
53720	1615.3	1827.4	9896.2
62906	1584.8	1757.6	9569.8
31882	1611.1	1880.0	10128.4
16077	1626.1	1869.8	10251.5
50770	1614.0	1830.3	10116.6
48265	1621.6	1834.1	10604.3
14441	1605.4	1747.9	9753.5
21070	1624.1	1890.8	10454.3
63661	1613.5	1797.8	9917.6
34721	1620.5	1835.6	10005.9
51971	1611.8	1851.0	10090.7
25387	1619.0	1873.9	10277.4
2230	1599.0	1779.7	9865.1
19508	1624.5	1935.3	10542.3
51034	1614.8	1865.0	10228.6
775	1629.1	1908.9	10451.3
54737	1618.3	1885.4	10357.4
25819	1613.4	1855.6	10056.8
47450	1611.8	1848.5	10159.4
29160	1607.9	1826.8	10090.4
7534	1630.1	1925.2	10662.1
61409	1602.9	1804.5	9978.2
53423	1600.8	1750.9	9738.6
33718	1613.8	1878.9	10608.8
10913	1610.2	1813.8	9996.3
2430	1614.2	1847.2	10101.1
23546	1620.0	1876.2	10582.1
63221	1619.0	1788.7	10000.5
15272	1607.3	1777.0	9829.0
41813	1623.4	1863.8	10154.1
24043	1610.4	1824.5	9984.3
50451	1610.6	1861.4	10200.7
11152	1617.1	1871.6	10141.7
5933	1626.1	1884.7	10356.6
33424	1602.4	1824.9	9863.4
29317	1609.0	1866.4	10174.4
56740	1615.2	1850.1	10498.1
30161	1605.2	1785.5	9800.5
49547	1602.0	1827.9	9990.8
19652	1620.2	1851.0	10375.4
17107	1620.0	1834.5	10141.1
62101	1600.8	1805.6	9862.0
33813	1620.2	1845.4	10274.8
34644	1619.9	1868.2	10526.5
39198	1613.6	1897.2	10307.4
5378	1623.1	1947.7	10426.6
24029	1628.1	1900.5	10522.3
41446	1612.2	1847.7	10159.0
1038	1597.5	1777.7	9642.8
53620	1605.1	1824.0	10117.1
405	1622.1	1884.4	10629.8
21604	1618.1	1847.0	10121.6
40007	1620.9	1879.2	10322.2
6087	1606.6	1879.9	10308.6
53500	1631.3	1942.9	10607.4
37	1641.2	1934.4	10684.8
59596	1608.6	1847.8	10386.8
5401	1612.6	1855.3	10230.9
51297	1607.6	1852.1	10302.0
34602	1616.5	1824.1	10187.5
30769	1612.1	1848.8	10336.0
40132	1610.5	1816.5	9944.2
25492	1612.3	1848.2	10006.1
31477	1603.2	1845.3	10133.3
56879	1613.5	1831.3	10170.5
46925	1608.8	1812.0	10042.5
64189	1607.9	1817.9	10283.7
57183	1615.6	1910.0	10496.2
21037	1594.8	1823.0	9792.1
59952	1620.4	1887.3	10375.3
64083	1601.9	1791.3	9776.1
14255	1632.8	1954.2	10772.4
1280	1601.7	1826.2	9945.8
4817	1619.4	1866.8	10186.5
24152	1606.5	1879.5	10465.7
37397	1623.7	1832.7	10411.7
25124	1600.8	1799.9	9786.3
12988	1610.1	1821.1	9869.6
16497	1616.0	1815.5	9922.6
15741	1605.0	1835.1	10033.1
23329	1625.7	1932.1	10521.0
22589	1622.2	1874.7	10211.5
9916	1622.7	1911.9	10352.6
18201	1615.0	1871.0	10192.1
26569	1594.8	1791.3	9804.4
6548	1631.0	1937.7	10535.8
26589	1621.0	1845.7	10278.3
1612	1618.2	1880.9	10349.8
16426	1613.8	1864.8	10171.4
43795	1605.9	1769.3	9847.7
4306	1610.5	1873.9	10301.3
38008	1611.1	1835.9	10399.8
16357	1608.5	1838.9	10096.1
20871	1616.4	1873.6	10098.1
8709	1618.0	1849.4	10022.3
29346	1615.1	1868.1	10311.1
16067	1606.5	1864.2	10068.7
15837	1596.3	1821.6	9755.5
1364	1613.0	1883.4	10358.1
55739	1613.4	1850.6	10263.6
4072	1603.3	1855.1	10119.1
60408	1604.4	1803.3	9875.8
30810	1613.5	1842.3	10106.3
37297	1608.5	1851.9	10036.8
37718	1611.6	1837.6	10060.1
48560	1608.2	1834.7	9944.9
60006	1619.5	1859.1	10160.6
42481	1610.8	1845.5	10082.7
37329	1624.7	1868.8	10419.9
5213	1616.4	1845.2	10711.9
16996	1615.0	1824.5	10098.9
15798	1610.5	1881.9	10079.6
38546	1629.2	1927.2	10533.3
510	1625.0	1900.4	10326.4
64937	1626.0	1899.9	10599.4
30654	1619.5	1815.2	10172.9
14090	1619.2	1863.5	10522.0
16886	1600.2	1798.2	9848.2
26776	1613.7	1873.6	10029.9
6473	1623.7	1804.2	10211.0
28246	1602.2	1810.2	10014.6
16854	1614.3	1850.8	10113.1
58435	1604.6	1858.2	10005.1
41666	1633.5	1911.5	10936.4
17890	1606.2	1810.5	9943.6
41443	1616.3	1860.7	10263.5
40936	1615.3	1802.4	9890.3
40191	1614.6	1832.4	10111.4
32063	1615.6	1845.8	10191.8
54122	1623.2	1859.2	10199.4
58953	1608.6	1824.6	10064.1
43707	1618.1	1864.1	10429.1
63496	1615.2	1802.1	10106.2
44946	1620.7	1854.0	10323.5
22010	1604.2	1793.5	9831.8
47704	1625.2	1859.3	10287.3
24447	1620.2	1875.0	10270.7
40805	1612.2	1819.9	10122.1
36354	1625.6	1935.7	10771.1
62760	1611.2	1872.6	10227.6
59618	1621.7	1838.0	10169.3
14358	1604.7	1866.4	9945.1
60719	1605.6	1848.1	10167.4
60518	1630.0	1857.0	10460.7
50825	1608.5	1842.2	10723.3
13960	1613.6	1855.3	10010.0
8503	1613.1	1885.5	10306.7
22828	1615.9	1899.2	10291.4
7327	1614.1	1805.4	9942.9
12555	1608.8	1847.0	9994.6
10127	1615.1	1870.8	9961.6
52446	1618.7	1840.9	10336.0
55083	1611.5	1867.4	10151.3
58476	1609.4	1792.5	9808.8
14650	1618.2	1923.8	10544.7
43192	1599.2	1844.3	9804.9
37833	1619.6	1877.7	11039.5
17635	1618.2	1898.4	10323.0
12929	1614.6	1876.9	10209.4
58363	1611.4	1874.5	10197.2
12872	1604.6	1818.8	9960.0
36429	1623.0	1845.5	10279.5
53454	1625.4	1853.8	10300.4
41215	1621.0	1841.2	10113.2
3190	1616.3	1847.6	10299.0
63134	1611.9	1869.4	10116.9
4511	1610.7	1825.1	10314.9
55659	1614.4	1841.8	10108.8
22194	1622.2	1909.9	10519.2
30459	1620.3	1866.9	10450.1
5767	1630.5	1918.2	10791.4
64443	1613.1	1816.1	10057.9
9173	1630.3	1878.8	10501.2
43462	1607.3	1821.9	10064.2
3438	1626.2	1888.5	10267.1
45878	1615.9	1938.8	10901.2
62287	1622.8	1911.4	10467.0
55159	1615.6	1853.5	10131.5
1986	1612.2	1887.1	10284.5
18570	1618.7	1848.9	10481.9
17258	1627.5	1895.1	10349.9
22659	1605.7	1850.3	10201.6
16603	1619.1	1883.0	10278.1
41409	1606.2	1880.3	10152.4
41116	1609.5	1824.8	10040.3
36159	1605.7	1805.8	9862.3
14482	1603.8	1808.3	10097.2
43990	1605.3	1803.2	9757.3
48267	1619.3	1831.3	10154.9
37350	1609.9	1821.8	10042.2
17111	1620.6	1903.8	10315.4
23003	1604.8	1921.1	10065.5
23349	1628.5	1941.0	10591.0
21161	1593.6	1781.1	9759.6
58495	1599.6	1784.8	9775.5
19282	1613.9	1864.7	10157.0
60223	1628.3	1891.0	10700.7
33819	1618.0	1891.0	10458.1
57959	1616.2	1906.1	10301.1
51747	1608.0	1852.1	9995.4
31149	1618.9	1878.2	10134.7
48524	1607.1	1842.0	10060.7
4613	1594.2	1807.3	9763.0
21888	1618.4	1841.6	10253.5
31897	1612.9	1828.6	9903.0
44939	1613.9	1847.8	10329.5
4587	1600.9	1835.9	9990.1
35220	1626.6	1962.4	10720.6
13533	1621.7	1885.7	10300.2
2717	1627.0	1922.5	10898.8
53277	1611.0	1783.8	9961.1
27574	1622.0	1892.8	10320.4
14203	1602.7	1837.3	9944.3
46581	1637.5	1915.5	10400.3
26019	1626.0	1890.8	10392.2
13245	1620.9	1865.9	10225.3
8344	1632.9	1872.9	10498.7
2624	1611.0	1866.6	10223.5
19761	1608.0	1823.6	9858.4
9058	1609.0	1884.5	10067.1
19620	1616.7	1854.4	10026.4
58535	1615.0	1861.4	10169.5
63439	1613.0	1866.6	10192.7
34160	1624.8	1886.0	10445.5
50081	1615.0	1903.7	10387.6
63413	1615.1	1912.4	10570.9
52228	1599.4	1836.0	10035.7
53194	1617.0	1881.3	10346.3
63764	1609.9	1791.4	9894.7
55347	1620.4	1840.9	10209.5
35165	1616.1	1825.1	10385.3
19494	1629.0	1867.1	10428.0
48212	1605.0	1805.6	9946.8
62740	1618.9	1841.9	10208.6
29475	1613.7	1877.0	10195.9
30199	1606.9	1831.1	9963.1
63146	1617.0	1803.0	10096.5
50671	1620.7	1900.4	10520.5
49365	1618.4	1898.9	10486.9
18696	1611.9	1834.1	9998.9
52028	1614.6	1835.3	10137.0
63760	1627.9	1863.8	10424.6
19696	1632.3	1944.7	10586.1
36415	1618.4	1850.9	10202.1
17631	1608.1	1792.0	9885.7
9218	1604.6	1878.2	9979.9
25061	1620.1	1813.0	10197.5
64036	1619.4	1843.9	10373.7
8880	1597.9	1862.6	9954.3
12868	1614.6	1908.9	10326.9
60794	1629.1	1956.7	10932.0
42220	1612.4	1896.6	10097.8
19168	1626.5	1911.8	10769.8
29222	1605.3	1882.5	10231.1
62045	1612.7	1847.9	10120.1
6392	1621.4	1873.8	10300.1
17899	1616.1	1827.8	10030.2
39747	1614.2	1873.4	10098.3
44927	1603.2	1797.9	9994.4
18838	1616.4	1895.2	10207.9
1834	1622.6	1930.8	10419.7
56704	1611.5	1841.5	9986.2
47255	1626.0	1869.0	10328.8
33471	1615.7	1919.6	10616.8
47862	1616.7	1902.0	10382.9
1031	1630.5	1903.1	10578.1
45919	1615.7	1841.9	10079.6
43600	1605.3	1778.8	9738.8
36618	1617.0	1878.2	10199.8
23841	1625.4	1905.1	10376.5
34861	1624.9	1961.4	10637.9
22186	1616.3	1858.4	10141.8
49093	1610.5	1838.8	9933.3
4277	1610.9	1830.9	10077.4
21662	1617.5	1843.5	10661.8
44674	1610.2	1836.5	9949.9
59711	1609.0	1894.1	10728.2
26525	1612.2	1833.7	10119.5
14589	1611.9	1869.1	10205.7
42255	1602.7	1862.1	10238.0
16244	1611.5	1850.8	10110.4
6672	1606.6	1844.5	10184.5
8303	1607.4	1841.8	9853.3
3830	1608.6	1830.4	9982.9
20130	1616.5	1840.1	10165.7
12636	1618.6	1881.9	10426.6
9108	1612.5	1902.3	10260.9
36477	1608.7	1821.5	10039.3
30271	1612.9	1847.0	10106.1
15931	1631.1	1872.5	10286.5
48272	1617.8	1888.6	10487.1
28720	1617.4	1821.4	10105.2
45711	1595.8	1827.5	9873.4
39056	1612.6	1834.3	9972.6
12042	1608.5	1857.1	10182.9
33065	1600.5	1818.1	9869.6
41334	1630.8	1901.9	10375.3
60008	1606.3	1862.8	10061.7
36748	1608.2	1843.2	10031.2
47059	1611.3	1841.1	10010.5
3599	1607.8	1816.1	10046.6
8522	1620.2	1849.5	10221.5
64518	1607.7	1848.2	10033.9
32785	1613.7	1903.3	10338.6
24268	1602.7	1831.4	9980.6
21089	1618.1	1850.5	10148.4
54664	1616.7	1902.3	10236.1
37791	1612.9	1869.2	10102.4
48489	1615.5	1867.0	10175.0
920	1611.0	1822.8	10068.4
23	1609.4	1839.1	10182.8
6956	1602.6	1885.5	10041.8
19532	1602.9	1767.1	9674.3
23244	1607.8	1826.0	10138.7
56017	1620.2	1864.4	10310.0
9315	1599.8	1809.6	9861.5
63762	1621.9	1863.3	10382.7
28797	1618.9	1872.0	10458.1
43509	1600.5	1801.4	10009.6
39006	1607.0	1858.3	10308.8
35682	1601.1	1850.0	9856.4
48113	1610.6	1816.8	10081.4
41172	1608.0	1890.6	10292.3
11091	1604.4	1825.2	10003.2
63895	1609.1	1817.3	10171.7
3093	1614.0	1859.7	10118.4
64943	1608.4	1787.8	9927.2
37749	1602.5	1802.0	9955.9
14430	1623.1	1874.2	10578.8
40295	1627.5	1912.1	10592.6
54702	1618.5	1868.8	10198.0
31273	1618.6	1906.6	10348.6
63676	1627.9	1870.9	10347.7
1961	1610.8	1837.7	10210.2
1520	1626.9	1890.0	10280.3
34405	1612.7	1851.5	10188.7
10681	1599.5	1844.0	10044.6
24136	1609.4	1805.5	10008.7
55238	1626.6	1904.3	10591.7
211	1606.8	1856.3	10245.0
32232	1610.3	1851.8	10002.2
56264	1611.0	1844.8	10174.7
57623	1618.0	1826.8	10084.3
49338	1614.3	1865.5	10108.9
9002	1605.0	1841.2	10017.5
23815	1612.2	1847.8	10369.9
58079	1616.6	1835.6	10304.8
19774	1626.1	1903.8	10512.8
59971	1613.0	1808.6	10155.2
39258	1619.4	1860.9	10381.3
36475	1616.9	1870.1	10267.7
3339	1616.5	1841.1	10194.9
16167	1616.3	1893.2	10510.8
21163	1617.9	1911.0	10342.4
49388	1625.5	1911.0	10373.5
40580	1617.9	1861.0	10204.2
58863	1602.3	1833.9	9783.6
63699	1625.8	1900.4	10549.1
16827	1601.9	1791.0	9737.5
50392	1601.3	1870.3	10058.6
7228	1615.3	1914.5	10698.8
3977	1617.2	1868.5	10257.2
10098	1614.3	1878.9	10128.2
14034	1618.6	1848.2	10091.6
12355	1601.7	1791.0	9833.1
43868	1616.9	1826.8	9943.7
6411	1615.8	1859.9	10275.8
30663	1621.0	1903.7	10297.3
42133	1617.6	1817.2	10103.2
40342	1598.1	1776.5	10006.8
51504	1617.9	1898.8	10185.8
22393	1607.8	1809.1	9863.0
47796	1614.8	1869.1	10242.7
29817	1609.3	1814.1	9968.5
64769	1602.2	1836.0	9866.5
31494	1611.4	1786.0	9963.1
46998	1618.8	1842.0	10152.8
16236	1606.3	1781.0	9906.6
28372	1605.5	1789.1	10144.1
50337	1616.8	1844.3	10350.1
44271	1614.7	1849.9	10226.7
23070	1617.8	1852.2	10268.0
21090	1608.7	1839.2	10124.7
10543	1614.9	1892.0	10337.6
30947	1620.3	1856.1	9956.8
17941	1607.3	1858.2	10306.8
45789	1633.5	1885.0	10491.9
37821	1612.9	1876.7	10161.5
31980	1612.6	1876.4	10235.5
26925	1610.9	1864.1	10044.1
63257	1603.5	1799.1	9876.8
52726	1613.7	1817.0	10048.4
23061	1618.0	1873.8	10339.8
33744	1613.9	1873.0	10055.5
50217	1603.0	1782.6	9743.8
24407	1603.1	1887.0	9945.0
16411	1622.8	1970.6	10732.9
4134	1608.9	1849.2	10045.4
55299	1620.9	1905.2	10343.4
47680	1610.8	1873.1	10069.0
29707	1607.1	1836.2	9987.4
1745	1599.3	1862.2	10020.2
40121	1594.3	1766.3	9755.4
63945	1618.7	1863.8	10433.6
59393	1609.4	1821.8	9997.5
33444	1604.2	1795.9	9770.4
64734	1593.4	1814.2	9708.2
5539	1614.2	1867.4	10115.3
47668	1608.6	1842.2	10015.2
30470	1612.0	1821.1	10092.4
33817	1607.0	1843.3	9882.1
44345	1614.4	1847.4	10317.0
38090	1608.7	1850.2	10033.7
61953	1619.1	1917.8	10434.1
27720	1621.0	1881.1	10298.0
64374	1620.8	1866.1	10351.9
63910	1620.2	1874.6	10653.3
42728	1627.2	1907.7	10758.8
31813	1609.2	1798.4	9865.5
35300	1625.3	1871.6	10444.2
55887	1606.9	1813.5	9900.5
49887	1615.6	1863.4	10276.9
48440	1628.0	1872.8	10563.6
43459	1609.9	1894.6	10215.4
17590	1625.5	1875.3	10382.6
32717	1601.6	1852.2	9918.5
58391	1616.7	1824.3	10599.2
7722	1609.2	1895.6	10295.5
4361	1615.9	1887.7	10101.1
8066	1607.9	1894.8	9963.9
39346	1611.4	1848.8	10166.9
21247	1608.8	1847.0	10258.5
57647	1612.0	1897.2	10440.5
44422	1622.5	1838.0	10127.8
16041	1624.0	1939.7	10591.6
13044	1608.7	1853.4	10219.5
691	1622.6	1899.2	10396.4
2551	1607.4	1829.8	9947.3
49778	1607.8	1868.0	10080.7
15838	1615.9	1838.1	10022.2
48514	1598.0	1808.0	9641.1
8863	1628.1	1934.4	10428.4
47822	1616.8	1894.1	10725.7
56165	1596.9	1810.3	9777.4
35257	1624.0	1901.0	10997.7
63035	1624.6	1910.1	10218.6
16933	1614.5	1846.3	10340.1
19276	1605.3	1886.0	10332.9
58929	1611.0	1845.9	10487.0
42720	1597.1	1819.6	9820.3
58401	1606.3	1898.4	10215.3
58375	1624.0	1877.9	10701.4
17344	1614.3	1899.4	10246.3
36328	1607.9	1837.3	10126.1
41581	1596.2	1855.7	9899.4
5962	1613.0	1872.7	10014.5
24470	1609.2	1850.3	10151.5
38367	1602.4	1780.1	9765.3
36084	1610.1	1846.2	10097.2
47841	1614.9	1812.8	10122.4
29697	1608.0	1840.0	10080.7
55770	1615.5	1846.6	10256.6
15951	1627.1	1934.9	10674.3
55061	1614.7	1793.3	10045.4
18792	1621.7	1876.7	10197.2
34674	1609.9	1855.3	10308.7
58326	1613.0	1845.8	10291.5
35207	1615.1	1831.1	10235.8
59492	1598.7	1822.7	9882.5
3083	1622.5	1882.2	10449.6
52727	1611.5	1836.1	10019.3
40520	1621.1	1892.8	10316.5
5742	1619.4	1886.1	10292.7
31653	1600.1	1868.7	10149.0
36799	1603.9	1845.3	10052.2
61573	1611.4	1880.6	10232.5
15448	1613.4	1821.1	10155.6
16299	1609.9	1841.1	10221.7
35438	1607.6	1854.1	10261.1
7267	1609.0	1828.2	9994.4
61596	1607.6	1868.9	10131.6
26006	1605.5	1847.9	10142.4
49253	1610.1	1848.5	10051.8
13515	1626.6	1907.7	10436.9
13325	1614.4	1809.0	9911.6
60116	1607.9	1856.0	10131.6
24142	1612.0	1864.6	10114.3
19189	1615.1	1876.9	10203.3
50291	1606.9	1810.2	10085.1
40242	1615.5	1852.8	10110.6
13855	1626.8	1922.7	10461.0
35585	1610.0	1858.9	9969.1
36206	1615.1	1850.2	10048.0
62384	1609.9	1817.5	9926.8
35868	1606.0	1831.1	10323.6
12808	1595.8	1807.1	9611.0
12546	1603.3	1847.2	10110.5
44614	1609.8	1811.0	10191.0
56960	1612.0	1884.3	10141.4
51526	1621.1	1844.0	10352.1
32082	1619.4	1887.6	10435.8
61506	1606.4	1831.3	9874.1
12520	1611.2	1855.0	10295.1
59639	1614.6	1841.5	10094.2
10512	1618.6	1839.2	10137.5
3990	1617.1	1839.3	10142.4
16183	1615.2	1834.3	10214.9
29186	1606.7	1815.6	10048.2
26529	1616.8	1901.3	10281.0
60738	1612.8	1836.1	10150.7
47395	1624.3	1872.2	10273.7
56749	1603.8	1850.4	10102.8
11876	1629.2	1899.6	10545.6
42850	1618.7	1859.2	10380.8
27306	1603.5	1822.3	9985.7
1994	1615.9	1878.2	10108.2
56824	1620.5	1855.0	10485.8
46018	1606.3	1806.2	9978.8
55229	1612.0	1831.6	10248.6
35170	1613.7	1912.4	10321.8
17214	1607.7	1821.3	9922.8
5148	1618.7	1903.7	10613.8
23240	1614.9	1847.6	10058.2
14952	1610.5	1833.4	10085.0
27494	1610.5	1847.0	10473.4
19618	1625.5	1871.9	10080.8
12030	1613.1	1781.3	10008.4
25335	1609.8	1879.4	10236.0
38980	1615.0	1821.3	10087.6
21257	1611.3	1851.3	10188.1
37453	1615.2	1867.4	10525.0
50483	1626.4	1840.8	10238.4
6099	1621.2	1828.4	10120.6
35144	1615.0	1843.9	9983.6
48723	1626.5	1858.2	10282.0
49816	1600.5	1812.7	9930.7
59755	1614.4	1854.6	10166.9
24676	1614.6	1892.1	10330.2
7456	1606.2	1791.0	9861.1
36562	1611.2	1869.9	10107.7
17721	1613.2	1865.7	10208.6
9964	1618.1	1932.8	10379.6
307	1604.0	1871.1	10138.5
40982	1622.3	1928.5	10640.6
55224	1613.3	1891.2	10476.9
27097	1637.1	1886.9	10667.0
57370	1603.0	1799.5	10110.7
14460	1618.9	1905.3	10392.3
54203	1617.3	1860.8	10319.0
30558	1590.6	1779.6	9756.5
39479	1624.8	1859.4	10376.2
62414	1628.8	1946.5	10965.0
42110	1616.0	1855.4	10346.7
62607	1603.6	1863.6	10263.5
42988	1626.5	1907.8	10481.5
50054	1625.9	1873.7	10405.0
48262	1629.3	1911.3	10365.1
61747	1618.3	1813.4	10140.9
10858	1606.8	1829.8	9983.4
21952	1628.3	1918.5	10480.1
60520	1602.8	1850.7	10127.5
40830	1608.7	1863.1	10246.8
3784	1614.5	1912.9	10298.6
26853	1617.9	1901.5	10142.6
48868	1616.1	1852.1	10194.2
16223	1618.1	1936.5	10370.4
53864	1619.0	1844.4	10162.0
33745	1610.7	1831.4	9918.7
2158	1612.7	1828.1	9994.9
27731	1626.0	1923.0	10550.0
26009	1617.5	1884.5	10264.5
62945	1620.7	1815.4	10160.5
54034	1615.2	1856.6	10293.9
51616	1602.5	1858.9	9954.7
21626	1603.2	1833.1	10003.0
30367	1622.2	1887.5	10376.7
57680	1593.6	1750.0	9631.7
59306	1605.9	1877.9	10145.2
37456	1613.6	1844.9	10138.7
25265	1597.6	1823.8	9952.9
341	1621.8	1871.1	10328.9
23827	1606.1	1844.9	9946.1
51726	1585.6	1763.1	9757.0
9708	1615.5	1883.3	10222.9
32274	1613.1	1857.5	10207.9
18429	1633.8	1924.7	10570.1
27786	1608.3	1825.3	10145.6
62862	1623.5	1869.3	10309.9
1427	1613.8	1927.9	10356.5
33016	1613.0	1806.1	9987.4
6583	1600.8	1800.0	9898.5
62079	1614.4	1885.7	10042.7
32863	1613.3	1846.5	10153.0
4957	1605.0	1887.6	10203.7
9215	1610.5	1852.3	9926.5
6765	1604.4	1844.0	9981.0
61891	1609.0	1870.4	10073.0
35595	1608.3	1873.0	10200.9
28750	1617.0	1838.4	10226.3
7681	1612.0	1838.3	10151.5
56002	1609.1	1838.8	9975.4
21560	1599.7	1829.3	9908.6
10332	1606.5	1878.6	10116.6
52102	1614.3	1821.2	10254.9
10053	1613.4	1855.9	10045.5
60716	1613.7	1882.8	10452.8
4818	1616.4	1854.3	10110.4
55271	1599.4	1786.2	9717.8
52238	1628.8	1912.4	10522.7
36947	1619.9	1854.3	10086.1
64169	1614.9	1865.5	10189.0
26844	1613.3	1855.0	10114.2
34514	1615.9	1873.8	10372.6
33009	1632.3	1858.1	10485.9
38527	1615.0	1874.9	10257.5
43617	1623.1	1835.6	10348.4
9976	1616.1	1866.1	10003.1
60909	1625.4	1867.7	10726.2
28613	1612.6	1809.3	9973.9
42538	1628.8	1884.7	10574.4
45888	1621.9	1876.2	10307.1
3712	1618.2	1880.0	10465.9
56368	1599.2	1826.2	9867.0
34158	1603.4	1797.4	9740.7
19401	1611.4	1838.8	10127.6
26108	1626.3	1861.7	10510.4
509	1602.5	1837.2	9872.9
50440	1606.2	1864.7	10184.0
10606	1621.3	1880.8	10326.4
31954	1604.8	1828.8	9974.8
16458	1611.9	1821.5	9941.5
39756	1615.4	1835.5	10056.9
45164	1616.1	1842.5	10193.4
34859	1615.5	1861.8	10232.3
29140	1599.7	1818.1	10052.7
17508	1616.3	1879.8	10069.2
18866	1612.8	1826.5	10056.6
28161	1616.5	1869.0	10262.9
50439	1612.5	1870.6	10000.4
10358	1617.3	1922.6	10620.7
48334	1616.0	1890.0	10235.8
19987	1595.1	1850.1	9835.5
45595	1610.1	1834.3	10002.7
63003	1620.2	1899.5	10266.3
30365	1619.4	1891.3	10324.9
47615	1612.4	1850.7	10003.7
18467	1605.9	1858.2	10706.6
48522	1602.8	1794.7	10127.7
64947	1626.5	1837.6	10286.9
24319	1610.7	1848.8	10105.6
19232	1617.3	1893.6	10313.9
28550	1613.3	1879.1	10336.7
58749	1621.0	1865.4	10339.5
36871	1614.0	1840.4	10141.3
25802	1617.2	1869.3	10133.3
43732	1618.4	1903.5	10251.0
33044	1599.7	1828.1	9893.0
36666	1599.4	1876.3	10023.0
42132	1616.3	1864.4	10285.3
508	1615.6	1835.2	10017.2
33243	1618.4	1901.9	10328.0
55185	1599.3	1799.1	9762.9
7096	1613.0	1842.5	10170.7
17521	1612.0	1915.9	10906.6
45263	1616.7	1841.2	10256.5
28665	1617.7	1898.9	10345.3
7198	1610.8	1836.0	10034.0
59600	1628.0	1899.7	10314.9
60466	1627.2	1874.0	10465.4
47631	1617.0	1895.1	10335.5
8954	1610.3	1855.4	10114.3
41523	1606.4	1812.9	10132.9
51822	1610.1	1812.0	9909.0
56216	1617.4	1860.7	10336.3
19418	1622.4	1893.0	10447.1
20062	1618.0	1859.9	10108.8
8155	1630.7	1887.5	10305.1
19951	1613.4	1926.5	10304.5
1534	1608.0	1822.0	9832.4
37296	1614.3	1832.6	10121.8
37886	1613.1	1886.9	10416.4
12225	1615.9	1820.3	9968.0
12185	1607.6	1828.0	9970.4
33740	1610.6	1824.5	10077.5
8448	1606.5	1843.2	9961.8
45002	1609.6	1869.0	10140.8
15875	1624.4	1893.3	10467.5
45985	1611.8	1887.0	10251.3
61130	1618.2	1835.3	10394.2
