2077	1612.0	1859.6	10227.0
9141	1616.1	1841.5	10183.6
16137	1599.0	1855.6	9860.7
29683	1619.4	1829.7	10089.0
57486	1611.6	1836.3	10047.1
104	1609.4	1868.7	10372.5
39358	1626.3	1844.4	10364.2
11957	1616.8	1874.9	10331.1
43735	1617.1	1877.3	10110.5
3456	1615.0	1877.5	10339.0
34783	1617.7	1794.6	10176.6
36834	1616.8	1856.3	10263.5
9014	1606.2	1841.8	10226.3
34486	1609.6	1830.6	10047.7
55875	1615.7	1833.1	10380.7
35693	1617.3	1891.9	10442.2
14386	1623.3	1875.5	10239.7
29836	1614.8	1772.1	10195.1
59801	1622.0	1877.8	10241.8
13485	1609.3	1875.9	10231.0
55477	1621.6	1897.5	10533.2
17535	1611.8	1819.9	10271.2
7538	1620.8	1883.4	11209.8
23251	1608.3	1839.6	10340.4
56271	1599.8	1743.5	9679.0
43241	1615.8	1857.2	10190.2
2933	1612.7	1895.6	10133.5
42756	1603.1	1842.7	10085.8
11488	1612.5	1858.3	10135.5
39672	1632.2	1945.5	10985.3
41426	1612.2	1844.1	10157.2
5256	1608.2	1841.2	10043.9
20466	1600.5	1836.3	9924.8
5647	1617.5	1852.4	10242.5
7235	1626.9	1878.2	10306.6
59253	1610.3	1858.2	10070.6
53983	1625.6	1876.0	10332.4
17764	1606.1	1812.3	9891.0
27282	1616.6	1890.4	10095.7
63574	1600.1	1814.6	9854.4
26918	1621.9	1917.2	10302.7
53090	1614.0	1859.8	10431.5
14027	1605.8	1825.0	9946.4
31545	1612.2	1827.0	9890.7
35579	1611.0	1864.1	10033.7
10730	1615.5	1869.6	10048.2
34539	1616.1	1837.2	10291.3
31999	1600.8	1796.2	9880.5
39537	1612.7	1794.3	10002.4
9288	1619.2	1930.6	10410.5
3667	1602.3	1823.6	9952.8
53691	1626.6	1902.1	10427.8
31234	1611.1	1849.0	10312.2
43349	1611.6	1860.2	10051.3
47499	1611.4	1894.1	10247.9
22158	1612.6	1852.7	10346.8
33516	1615.8	1888.2	10383.4
42247	1610.2	1837.6	10098.3
5248	1616.7	1867.2	10176.5
33906	1618.5	1851.6	10244.5
42540	1604.8	1834.1	10076.5
490	1611.6	1900.1	10254.9
56493	1616.7	1906.6	10302.7
2278	1619.9	1849.6	10376.0
753	1616.0	1882.3	10212.3
7975	1608.6	1825.1	10024.3
57862	1624.1	1848.0	10322.9
60006	1625.1	1878.2	10592.3
43617	1609.8	1814.5	10293.6
16145	1626.9	1893.2	10250.1
21293	1618.0	1919.0	10494.8
23066	1611.5	1829.0	10166.4
3711	1604.3	1848.5	10095.1
42748	1604.2	1791.7	10025.9
62909	1609.7	1841.7	9990.6
56440	1608.4	1796.0	9859.5
16002	1624.7	1909.1	10406.5
46733	1603.8	1812.7	9910.8
59804	1617.1	1824.5	10029.9
5972	1611.7	1854.3	10073.9
33469	1601.4	1857.3	10020.8
34634	1604.5	1779.3	9920.7
35334	1611.0	1805.4	9941.8
12732	1612.7	1936.3	10396.9
44895	1598.8	1830.1	9845.9
1341	1604.9	1867.5	10058.7
24134	1612.3	1865.0	10123.5
39363	1605.9	1816.6	9840.8
8245	1609.3	1830.8	10063.2
17312	1621.9	1897.4	10435.8
14869	1615.4	1863.3	10240.9
14849	1610.4	1829.2	10156.1
15547	1621.7	1909.7	10264.8
7984	1609.3	1851.6	10215.9
63114	1609.8	1822.4	10096.4
37354	1624.3	1906.0	10465.9
24220	1612.8	1826.3	10279.4
25093	1614.9	1851.3	10231.0
61242	1622.7	1862.7	10403.0
3946	1615.0	1845.9	9929.0
55133	1602.6	1821.4	9970.6
6176	1614.6	1905.7	10558.9
2553	1612.2	1863.7	10300.9
38435	1623.4	1876.9	10918.0
32476	1618.8	1828.7	10036.1
50639	1599.3	1820.5	9791.3
48151	1613.5	1883.5	10229.1
48290	1605.0	1832.9	9824.3
6705	1606.4	1850.1	10110.3
36388	1607.0	1798.9	9796.7
53784	1614.9	1864.7	10031.2
16266	1617.4	1866.8	10102.7
23567	1605.1	1799.4	9783.3
23202	1618.9	1863.5	10292.5
12010	1623.0	1896.3	10633.4
1942	1602.6	1817.3	10007.0
52874	1597.2	1850.7	9869.3
45935	1613.9	1849.4	10071.5
6580	1624.2	1895.7	10436.5
18689	1615.5	1869.4	10188.5
3677	1617.9	1852.8	10323.8
36999	1626.1	1911.2	10461.5
46513	1607.3	1826.1	10161.4
61008	1608.1	1837.9	10099.1
3793	1609.3	1834.2	9953.3
53629	1628.0	1886.7	10636.8
46773	1623.0	1914.7	10816.6
46000	1612.8	1866.0	10062.5
34197	1614.5	1910.7	10361.7
3233	1598.1	1847.5	9941.5
60660	1622.4	1882.2	10372.9
5596	1616.1	1858.3	10326.1
41819	1630.0	1889.0	10329.2
12914	1623.6	1938.2	10577.3
35168	1605.1	1909.1	10129.6
983	1617.5	1917.8	10401.8
52635	1624.5	1861.5	10313.9
39600	1606.2	1839.0	10200.0
3260	1624.9	1879.9	10212.4
34585	1633.8	1947.7	10767.7
13519	1619.7	1825.0	10121.1
57655	1608.2	1831.0	10083.1
17388	1614.3	1867.2	10161.2
55379	1622.3	1830.5	10259.5
28030	1606.5	1851.8	10044.0
50552	1605.1	1830.9	9997.9
35009	1616.5	1837.7	10551.1
5426	1610.7	1839.2	10047.6
20416	1608.7	1835.9	10199.4
47730	1613.2	1870.2	10246.7
9055	1615.8	1884.0	10429.3
2249	1607.2	1851.4	10028.0
19077	1612.1	1827.3	9956.1
45663	1621.5	1876.0	10749.6
24422	1618.5	1897.7	10271.0
36397	1605.2	1785.7	9895.0
20980	1613.2	1857.8	10351.7
51228	1610.1	1790.1	9981.1
6769	1614.4	1844.3	10257.6
25677	1610.6	1865.3	10121.5
19805	1611.8	1864.4	10182.6
51250	1605.1	1808.0	10005.0
38104	1627.3	1899.4	10521.0
15844	1614.6	1895.1	10256.8
6126	1614.3	1852.3	10058.5
53049	1620.3	1874.1	10398.9
49111	1616.7	1858.7	10223.1
52631	1611.8	1875.6	10356.8
47455	1618.2	1831.1	10341.5
51339	1618.2	1869.8	10186.6
25416	1623.8	1851.0	10274.0
52994	1611.5	1866.2	10370.5
46940	1625.3	1895.7	10468.6
3297	1612.5	1855.1	10069.6
19216	1604.3	1789.1	9932.8
7566	1600.6	1832.5	9936.1
5138	1619.4	1892.8	10245.6
37621	1599.5	1856.1	10037.1
42675	1625.0	1850.2	10336.5
34753	1623.7	1915.4	10550.0
47539	1611.0	1834.6	9887.5
11516	1601.9	1835.3	9953.2
23124	1601.0	1833.9	10062.6
26111	1603.8	1861.0	10145.1
60980	1607.7	1838.8	9926.9
31003	1614.5	1874.9	10181.1
25152	1628.2	1971.1	11266.4
20385	1634.8	1905.8	10560.4
40527	1605.4	1834.2	10063.8
8730	1619.5	1850.4	10223.2
9095	1618.4	1854.8	10321.3
44727	1612.7	1844.9	10133.8
47256	1615.7	1824.4	10113.3
9330	1616.3	1897.1	10314.8
5538	1611.3	1904.2	10325.4
21243	1626.9	1855.7	10370.9
61434	1613.3	1787.6	9976.9
13998	1615.5	1861.1	10220.9
30383	1606.4	1801.9	9976.7
44941	1618.1	1851.4	10226.7
38958	1610.6	1795.5	10017.9
6129	1614.7	1812.1	9985.1
37421	1606.8	1853.1	10146.7
23466	1619.1	1840.5	10271.6
14086	1604.8	1802.6	9942.5
27118	1622.0	1936.7	10386.3
14545	1622.3	1921.7	10663.6
22234	1618.7	1949.1	10700.0
29131	1616.7	1840.5	10141.2
62279	1612.9	1851.3	10150.5
5482	1612.5	1834.4	10230.0
14459	1603.6	1820.2	9899.7
46812	1606.6	1822.8	10036.7
46996	1619.7	1890.0	10444.1
54498	1607.1	1831.4	10049.2
58090	1608.6	1856.6	10085.2
7933	1615.3	1870.5	10108.7
60220	1604.9	1839.9	10159.4
414	1612.3	1895.5	10382.4
50560	1608.9	1831.7	10109.3
6194	1618.2	1914.2	10342.3
22873	1608.0	1886.4	10166.1
54644	1613.6	1841.4	10101.6
63243	1616.1	1854.3	10094.4
48492	1606.5	1825.4	9931.4
6771	1628.7	1888.6	10464.6
24371	1626.1	1883.9	10446.5
19907	1621.8	1908.1	10448.4
48454	1604.7	1805.4	9797.6
26402	1614.4	1844.1	10226.0
30863	1607.1	1865.6	10042.9
2402	1623.2	1876.6	10523.2
37762	1604.6	1840.9	9997.0
38310	1620.3	1898.3	10561.2
8176	1610.0	1854.8	10271.5
44948	1607.1	1816.2	9944.4
13392	1623.8	1877.3	10385.5
28946	1622.6	1820.7	10384.0
11842	1622.9	1900.0	10289.9
20259	1614.1	1875.1	10521.0
28343	1616.3	1862.7	10279.3
37858	1621.8	1871.4	10343.7
18528	1622.8	1834.8	10272.6
19429	1618.6	1848.2	10200.8
45044	1617.8	1866.7	10191.9
16978	1621.2	1869.5	10438.2
13332	1615.5	1851.1	10080.3
46162	1612.4	1827.1	10056.1
45685	1636.3	1933.8	10812.0
3165	1621.4	1871.2	10392.9
9627	1609.6	1866.9	10066.6
26287	1622.9	1853.6	10515.3
49879	1618.1	1867.5	10658.2
43224	1622.4	1902.9	12807.2
46464	1609.5	1838.9	10073.0
7076	1617.3	1820.7	10135.3
39339	1615.0	1849.9	10176.6
6119	1612.4	1873.5	10063.6
46798	1615.2	1801.3	10067.4
63325	1627.8	1861.5	10527.2
2490	1607.2	1827.9	10024.4
16037	1612.7	1850.0	9990.4
7438	1610.9	1875.9	10298.5
13434	1627.8	1919.3	10641.3
13574	1611.2	1840.9	10162.1
53599	1602.6	1837.1	10060.0
8622	1621.1	1866.0	10272.2
35074	1626.6	1944.7	10757.5
50084	1614.6	1812.6	10073.1
28768	1618.9	1825.2	10303.2
20965	1615.5	1886.3	10267.9
44886	1623.1	1865.2	10316.0
53619	1622.0	1884.2	10431.9
7353	1614.1	1833.9	10010.6
55461	1612.4	1858.0	10171.2
59453	1600.7	1834.1	9881.8
58907	1627.0	1879.6	10363.7
51174	1620.1	1873.4	10494.7
3306	1608.6	1851.1	10298.8
33144	1598.7	1823.3	9912.9
20042	1612.0	1868.4	9928.5
64848	1616.6	1903.5	10553.9
3035	1620.8	1872.9	10356.0
30492	1605.6	1849.4	9898.5
38554	1619.2	1837.2	10125.7
23873	1621.0	1886.6	10250.6
646	1620.0	1876.4	10218.6
37331	1627.9	1904.1	10666.6
8617	1620.5	1884.5	10425.0
44418	1619.1	1813.4	10208.6
48650	1612.1	1856.8	10092.6
2866	1611.2	1840.3	10086.6
23085	1623.4	1914.4	10399.0
242	1611.2	1796.0	10091.0
45850	1606.7	1914.3	10298.8
54305	1619.3	1862.4	10109.0
12904	1608.0	1876.2	10206.1
30758	1613.3	1878.8	10282.4
11334	1613.2	1835.2	10328.5
54327	1612.0	1837.0	10007.3
12738	1611.2	1860.4	9982.3
52530	1624.6	1898.7	10496.4
32245	1621.0	1875.4	10518.5
49221	1609.3	1892.0	10169.5
1610	1601.1	1813.7	9802.4
62618	1598.4	1774.7	9892.7
20664	1614.2	1904.9	10289.2
17255	1615.2	1853.6	10176.7
17972	1612.2	1854.4	9954.9
52375	1618.8	1839.1	10184.9
26291	1618.2	1946.8	10388.3
28978	1613.7	1871.0	10455.8
46284	1616.6	1876.9	10209.0
5007	1605.1	1848.4	9898.4
50995	1608.7	1820.1	10009.4
17087	1618.6	1858.9	10248.7
11908	1603.9	1872.5	10256.8
55793	1611.1	1857.8	10087.5
53152	1603.8	1816.8	9985.7
56066	1612.0	1856.2	10076.2
55082	1629.9	1947.6	10758.6
56894	1623.3	1866.7	10387.4
49363	1605.1	1829.6	10111.3
47736	1615.6	1882.5	10495.6
52365	1599.6	1844.4	9902.8
5468	1617.6	1895.8	10443.9
26481	1617.4	1884.8	10421.0
100	1624.2	1867.5	10556.5
14490	1621.8	1867.0	10421.0
11919	1618.9	1864.3	10281.3
12278	1612.8	1796.2	9955.8
27950	1628.2	1914.0	10841.8
31862	1615.0	1867.8	10576.8
26822	1605.2	1833.9	9856.3
13139	1610.0	1859.4	10114.0
23132	1607.3	1823.3	10140.8
51773	1609.5	1814.3	10091.8
53857	1619.9	1874.6	10435.1
24013	1613.0	1859.9	10294.5
15390	1615.1	1825.9	10024.4
31870	1617.1	1959.6	10698.0
44689	1617.7	1835.9	10357.9
62331	1596.4	1834.1	9968.6
10495	1612.7	1861.4	10167.7
47317	1609.8	1832.7	10089.9
47653	1619.8	1854.5	10150.0
14762	1606.7	1842.2	10064.8
47999	1624.0	1863.5	10388.6
45721	1601.3	1876.9	10167.0
62322	1618.4	1852.0	10156.0
32503	1613.6	1912.2	10170.7
9880	1617.0	1916.6	10315.9
1456	1614.0	1826.3	10054.5
52691	1615.2	1848.6	10120.1
58895	1601.4	1856.8	9988.8
1300	1624.1	1917.2	10448.0
28764	1631.2	1917.0	10787.5
35779	1612.4	1897.4	10242.8
47681	1615.4	1821.2	10191.2
47184	1616.7	1856.1	10257.3
49789	1596.7	1859.8	9834.9
30699	1608.9	1781.7	9915.3
57226	1606.8	1833.9	10131.2
25398	1622.2	1859.2	10314.3
60273	1628.4	1880.8	10309.9
40304	1607.5	1827.6	10025.5
1999	1613.9	1816.6	10015.8
13277	1609.9	1832.7	10075.4
374	1607.5	1877.5	10060.9
63377	1607.8	1867.4	9853.3
16974	1626.3	1909.5	10565.9
11966	1603.2	1817.0	9908.5
7979	1609.8	1846.9	10044.1
4233	1599.3	1834.1	9811.1
36759	1614.1	1852.4	10087.5
53367	1623.2	1910.3	10479.3
52371	1617.1	1872.6	10353.7
64281	1606.7	1834.2	10126.3
14363	1611.3	1891.4	10122.1
63211	1602.5	1797.9	9807.7
61334	1607.1	1853.2	10090.4
47578	1603.1	1812.9	9935.7
30715	1613.2	1873.2	10240.6
14127	1609.4	1853.1	10084.0
62197	1627.1	1898.0	10614.2
16534	1611.6	1900.3	10256.0
30850	1611.6	1872.7	9980.6
6787	1614.9	1885.9	10135.4
18226	1629.5	1956.2	10708.5
57908	1609.2	1852.7	9977.0
37533	1594.3	1790.5	9795.0
47085	1616.3	1874.5	10546.1
24698	1612.2	1809.6	9943.5
5419	1614.7	1871.7	10329.8
22764	1618.7	1890.2	10307.3
10085	1625.7	1856.7	10813.5
14546	1609.0	1868.0	10016.5
64761	1605.8	1851.0	10174.7
5673	1624.0	1860.3	10366.8
31213	1619.5	1907.0	10595.0
59537	1613.3	1837.6	10195.3
31568	1612.8	1852.0	10329.4
28102	1619.4	1869.0	10277.4
2513	1623.1	1887.1	10346.0
5524	1617.4	1858.7	10223.8
9157	1619.3	1864.8	10380.7
10735	1613.5	1846.3	10108.7
46018	1608.6	1811.6	10058.9
45394	1605.5	1840.2	10146.7
10662	1613.7	1873.9	10093.8
24499	1620.4	1861.2	10347.4
1822	1606.7	1825.7	9974.5
61568	1607.1	1863.1	10430.2
16084	1617.0	1832.2	10234.8
31668	1610.5	1812.3	10231.3
43937	1610.5	1826.3	10112.4
22329	1620.4	1925.1	10922.7
21212	1619.2	1867.8	10307.9
56943	1624.2	1891.2	10299.9
22810	1623.1	1875.8	10523.1
7804	1621.1	1845.4	10166.8
18261	1613.1	1848.6	10028.8
16267	1621.7	1970.5	10740.4
52649	1609.5	1874.1	10112.2
26703	1608.3	1880.2	10109.7
14965	1615.0	1863.6	10262.1
49508	1620.5	1865.0	10378.5
34085	1618.7	1864.7	10197.6
41271	1622.1	1868.7	10267.5
30857	1616.1	1803.1	10185.0
13294	1610.1	1838.8	10032.8
45556	1614.3	1890.7	10260.8
3838	1627.6	1957.0	10786.4
64851	1610.3	1855.6	10128.3
22648	1629.1	1901.1	11009.1
42286	1625.9	1846.4	10277.4
48203	1607.4	1784.9	9839.2
6497	1636.9	1869.2	10758.9
10427	1618.7	1929.1	10591.7
29162	1609.1	1839.6	10198.1
32808	1608.5	1848.5	10013.5
20915	1624.6	1871.8	10298.8
44951	1609.1	1794.4	9990.1
29434	1610.9	1811.7	9947.5
63408	1618.3	1838.3	10404.2
27217	1603.7	1868.7	10068.9
53949	1621.0	1823.3	10241.3
42309	1607.4	1806.8	9873.1
50286	1622.2	1900.0	10435.8
43217	1615.2	1852.1	10059.7
25806	1616.2	1829.6	10176.5
48465	1597.7	1786.4	9733.9
12650	1610.7	1870.5	10110.9
2568	1591.8	1802.0	9758.2
54888	1615.2	1809.5	10108.7
59760	1615.0	1812.1	10014.5
6960	1622.0	1907.2	10353.1
6091	1601.5	1865.8	9823.6
55756	1610.7	1862.5	10157.0
61291	1611.6	1867.4	10246.2
14504	1610.5	1863.5	10216.5
11765	1601.0	1834.4	10070.8
61837	1617.8	1884.9	10425.5
32782	1632.3	1925.0	10822.1
61785	1605.8	1831.5	10109.2
5092	1602.2	1839.0	9908.1
26674	1622.6	1884.3	10521.7
62939	1618.5	1822.2	10147.4
56925	1616.7	1867.8	10414.8
561	1624.5	1893.5	10337.9
3286	1618.7	1899.9	10297.8
29846	1622.3	1888.9	10430.7
59977	1615.1	1840.9	10163.1
57858	1612.7	1815.3	10214.7
31385	1613.0	1823.6	10161.8
62058	1614.7	1857.2	10185.4
49660	1616.6	1867.1	10434.0
1616	1619.2	1873.8	10271.6
53270	1621.9	1820.4	10295.5
7714	1597.7	1825.0	9944.9
37507	1607.9	1794.6	9856.2
4180	1608.5	1849.7	10092.6
61326	1608.9	1847.5	10219.1
24310	1601.3	1825.7	9745.0
60692	1620.9	1856.0	10398.2
8772	1620.1	1833.8	10132.1
51209	1613.4	1838.6	10359.1
33334	1616.6	1876.0	10244.1
58879	1613.5	1818.0	9972.7
22152	1613.7	1867.5	10067.2
39362	1612.2	1823.6	10251.0
5827	1621.6	1858.1	10474.2
57574	1612.3	1797.9	9888.1
17253	1627.0	1905.5	10473.7
50085	1616.4	1849.2	10204.0
22696	1627.6	1887.0	10401.9
2836	1620.2	1870.3	10455.9
61994	1621.1	1878.8	10378.3
64478	1623.2	1829.6	10191.9
50036	1637.6	1903.9	10422.9
33527	1627.2	1923.3	10538.1
5679	1616.8	1865.8	10280.2
48158	1611.6	1856.8	10279.7
42050	1622.2	1840.7	10487.0
8394	1622.9	1928.5	10861.1
15722	1617.7	1878.4	10392.2
56445	1612.2	1794.7	9899.7
41820	1612.4	1844.7	10167.6
52337	1620.1	1841.4	10200.7
33043	1615.9	1825.5	10196.7
50959	1617.1	1849.0	10258.7
25176	1610.5	1842.5	10146.6
23720	1620.0	1920.8	10503.8
47419	1612.7	1834.5	10635.3
32919	1622.2	1884.4	10374.6
60598	1604.3	1835.2	9916.1
34651	1621.8	1828.3	10171.7
20078	1605.9	1830.4	10008.5
11976	1616.3	1917.5	10520.2
39621	1614.8	1892.3	10091.5
52839	1606.8	1813.1	10127.9
24879	1624.5	1897.9	10706.1
45320	1613.4	1887.9	10329.0
49734	1601.5	1804.7	9950.5
44377	1621.3	1909.1	10403.4
15044	1618.4	1841.1	10265.1
63660	1619.6	1817.3	10116.9
61724	1625.0	1901.9	10581.0
21442	1611.4	1863.8	10133.2
62349	1606.4	1813.6	10077.5
43605	1612.0	1783.9	9963.4
56576	1607.0	1836.1	9970.2
12421	1615.5	1876.1	10346.6
43537	1627.2	1813.7	10246.2
26605	1604.7	1845.0	9951.1
36661	1593.8	1795.3	9742.0
44025	1612.3	1789.2	10054.4
21863	1611.7	1851.8	10212.6
58912	1605.0	1791.9	9870.2
2155	1619.0	1852.3	10232.5
54053	1613.4	1841.4	10327.2
3255	1630.3	1875.0	10776.9
41859	1615.8	1842.8	10183.4
62838	1612.3	1895.8	10369.8
40821	1621.7	1846.8	10228.4
45265	1606.2	1842.4	10102.4
46702	1598.5	1864.5	10043.7
39105	1596.6	1779.3	9680.6
38476	1602.5	1822.2	9858.5
51561	1626.9	1906.4	10809.5
37023	1614.9	1850.0	10073.8
34641	1618.2	1856.6	10451.4
5231	1631.6	1971.8	10681.7
16832	1600.4	1839.1	10224.4
30242	1614.7	1879.1	10429.8
32682	1611.4	1801.8	10018.2
3618	1609.2	1827.5	10134.0
2429	1629.2	1964.6	11375.4
63000	1622.2	1921.0	11040.9
5404	1623.7	1881.7	10263.7
25202	1618.0	1868.8	10156.5
26381	1612.3	1860.2	10042.5
48413	1617.4	1879.0	10303.1
60307	1605.6	1787.1	9961.0
5671	1586.7	1778.5	9633.5
1586	1605.5	1841.0	10040.2
12568	1601.0	1809.0	9890.3
11761	1623.7	1859.4	10267.0
41389	1625.1	1909.7	10540.3
10314	1609.5	1843.4	10072.5
34492	1624.1	1924.8	10501.1
2138	1623.5	1909.5	10618.1
15732	1628.1	1970.5	10801.1
16192	1617.3	1887.4	10340.9
54751	1619.1	1876.3	10480.1
61410	1616.3	1909.5	10384.4
18028	1628.5	1883.5	10379.1
21262	1614.3	1876.6	10889.5
55027	1612.0	1849.0	10138.1
13168	1620.9	1876.5	10500.2
32677	1616.9	1868.7	10171.3
34166	1608.5	1865.8	10433.1
23661	1608.7	1839.6	10203.3
46843	1622.4	1884.0	11206.1
44999	1616.0	1872.1	10392.5
50861	1608.8	1791.1	9964.3
2409	1618.3	1905.1	10320.1
19443	1618.6	1848.2	10326.4
36901	1604.5	1813.8	10098.9
52924	1612.6	1838.8	10608.5
34359	1612.5	1853.3	10113.8
47998	1612.9	1838.5	10050.1
30545	1611.9	1840.6	10158.6
40660	1599.2	1793.8	9799.9
27698	1596.7	1797.9	9720.4
36009	1628.9	1886.0	10414.5
3587	1617.9	1883.1	10253.0
63913	1621.0	1852.2	10222.5
46799	1611.6	1859.1	10143.4
63389	1619.0	1820.9	10233.1
50735	1622.6	1900.9	10440.1
63604	1618.9	1867.0	10375.4
49306	1620.6	1885.8	10389.4
14656	1617.9	1917.5	10511.4
35138	1617.0	1884.2	10104.2
16863	1611.3	1810.6	9847.8
34283	1601.1	1795.5	9936.6
45169	1627.0	1920.2	10660.8
7338	1620.3	1852.2	10378.4
46438	1603.5	1793.8	9921.0
60694	1627.1	1873.1	10403.1
1186	1621.6	1926.3	10514.0
31117	1606.2	1835.0	9949.7
30884	1610.6	1861.8	10021.9
64601	1620.6	1870.2	10299.8
64009	1598.8	1765.6	9805.8
10157	1608.9	1859.6	10254.2
49905	1616.3	1875.8	10264.5
11681	1602.5	1835.9	9865.5
514	1624.0	1874.7	10610.8
31670	1618.5	1823.6	10163.5
54377	1616.6	1872.6	10483.3
22196	1610.4	1848.5	10148.3
12474	1609.4	1817.6	10007.9
59871	1612.0	1824.3	10036.9
54634	1606.9	1795.9	9875.7
45319	1608.3	1818.4	10059.7
2271	1618.1	1857.8	10102.3
2076	1610.7	1866.7	9922.3
1611	1622.4	1914.5	10211.1
18000	1617.7	1878.2	10310.9
244	1622.7	1885.9	10497.8
32607	1608.3	1841.8	10127.1
43821	1613.2	1847.7	10124.6
25431	1622.8	1872.4	10194.9
10015	1616.3	1853.7	10044.9
18314	1603.9	1779.1	9862.7
58384	1607.1	1846.2	10394.2
58546	1618.5	1838.1	10297.2
6605	1604.6	1844.2	10077.8
56846	1623.0	1832.9	10225.5
19224	1602.3	1814.8	9797.5
36804	1605.1	1842.9	10047.6
40512	1606.0	1857.7	10216.4
50922	1607.6	1834.0	10028.8
42688	1617.9	1861.5	10235.3
42358	1621.6	1871.2	10276.5
24301	1616.9	1833.8	10045.1
5327	1622.8	1870.0	10517.0
38069	1614.4	1866.0	10485.5
7306	1624.0	1865.2	10170.6
36876	1605.8	1881.1	10202.5
19162	1627.1	1941.3	10693.8
15484	1615.0	1837.2	10145.6
32156	1600.8	1819.8	9995.2
9233	1627.7	1902.1	10458.9
49910	1616.6	1878.6	10291.3
17169	1623.2	1896.2	10502.8
36556	1610.0	1868.7	10076.5
44591	1598.6	1835.2	9779.6
31612	1600.1	1820.1	9913.6
44789	1615.7	1861.9	10049.9
16253	1621.4	1845.5	10367.5
41861	1623.5	1877.7	10486.7
3654	1622.2	1862.6	10214.4
12760	1638.8	1894.2	10532.4
39585	1614.5	1881.7	10484.7
30851	1614.3	1850.9	10286.7
4967	1621.5	1896.7	10280.6
25331	1622.0	1912.6	10507.3
41724	1608.2	1851.6	10078.8
60601	1629.9	1856.9	10360.6
60253	1612.5	1838.2	10030.1
64696	1603.1	1807.0	9988.7
37329	1623.3	1874.0	10332.0
19840	1613.8	1884.3	10152.3
20647	1620.8	1849.7	10258.4
63354	1615.9	1783.8	9963.8
62820	1619.6	1863.0	10310.8
3715	1621.3	1856.7	10490.8
47306	1613.8	1810.5	9903.6
17663	1612.4	1891.4	10571.1
57317	1607.7	1845.3	10093.3
29469	1614.6	1864.7	10229.6
40581	1611.9	1825.3	9939.8
58584	1616.2	1827.5	10194.0
58345	1629.1	1893.1	10795.1
28982	1609.8	1824.9	10377.4
20260	1617.1	1865.7	10179.3
30958	1628.7	1909.4	10351.0
41413	1617.3	1809.8	9996.2
28285	1608.2	1845.3	10214.4
33643	1617.3	1850.9	10276.2
13043	1623.0	1820.8	10120.3
38327	1603.8	1819.7	10018.6
50760	1616.7	1867.6	10281.5
1694	1607.8	1860.3	10035.2
39518	1602.6	1821.7	9886.6
30430	1621.6	1874.1	10475.6
5942	1617.3	1845.9	10135.4
18763	1600.0	1835.3	10064.3
6854	1622.0	1896.5	10209.1
38456	1609.3	1821.1	9992.5
39760	1627.7	1899.6	11218.0
41833	1611.9	1882.0	10384.7
17026	1622.0	1880.6	10113.9
61360	1618.8	1834.3	10180.0
38396	1615.5	1841.0	10151.0
42073	1616.0	1834.2	10275.8
41701	1612.0	1855.3	10049.7
7108	1605.1	1823.0	10064.8
48667	1621.5	1862.8	10387.8
63651	1621.8	1903.4	10930.7
48091	1608.7	1842.3	10208.2
32331	1604.9	1830.6	10112.8
35467	1622.4	1887.8	10434.7
53164	1610.3	1822.9	9989.9
2562	1620.1	1888.2	10354.8
25067	1628.6	1885.6	10359.7
53423	1622.8	1905.1	10290.6
54916	1618.6	1880.9	10341.9
37075	1610.8	1895.3	10299.9
10712	1630.8	1913.1	10672.0
165	1621.1	1911.1	10555.0
46110	1614.0	1806.1	9997.1
25150	1621.4	1860.4	10216.3
60627	1622.2	1890.2	10106.3
21892	1616.4	1937.9	10469.5
54104	1610.7	1816.8	10208.6
10744	1614.8	1834.0	10069.8
13959	1620.5	1926.8	10338.3
13080	1620.8	1905.0	10507.8
7759	1604.9	1806.5	10121.7
64970	1602.1	1816.0	9895.0
35262	1610.5	1844.2	10149.7
53275	1621.7	1838.0	10806.3
55097	1614.7	1835.9	10170.4
27392	1627.7	1873.3	10465.0
56047	1611.6	1823.0	10070.5
57099	1611.7	1877.6	10202.6
707	1615.3	1924.4	10294.4
51488	1615.1	1859.4	10131.4
11311	1619.3	1857.2	10229.9
19793	1622.1	1865.5	10222.3
43159	1614.8	1877.0	10207.0
46581	1607.4	1829.6	10201.5
17859	1600.3	1798.7	9989.7
34274	1624.4	1871.3	10463.3
46171	1613.7	1850.4	10248.1
42609	1617.9	1848.1	10592.7
49606	1618.1	1873.0	10358.8
47047	1610.9	1841.8	10068.5
8054	1606.9	1827.1	10166.4
39469	1603.5	1885.8	10193.1
62249	1620.1	1913.2	10338.3
27706	1613.9	1856.0	10058.2
35986	1607.3	1866.8	10307.6
57669	1628.9	1839.6	10300.6
46267	1608.7	1888.5	10190.1
31596	1597.0	1841.4	9870.6
25071	1615.0	1836.3	10108.5
18005	1630.7	1881.1	10659.3
7482	1606.5	1858.2	10106.4
953	1628.7	1852.7	10473.9
6460	1611.6	1823.0	10083.1
11241	1614.8	1922.4	10323.4
16028	1607.0	1824.8	10006.3
7785	1609.8	1844.1	10180.4
20280	1619.7	1851.4	10195.9
54596	1616.6	1831.0	10161.0
46844	1614.9	1900.2	10256.0
35719	1610.3	1820.6	10112.3
59950	1615.7	1866.2	10233.5
7956	1605.3	1843.1	10251.0
42266	1636.5	1949.8	10951.6
11127	1595.8	1866.5	9889.5
62095	1601.3	1838.4	9834.6
19791	1614.1	1908.5	10302.5
50456	1620.0	1839.8	10214.9
47727	1612.3	1794.1	10061.6
19397	1594.5	1797.2	9863.5
52313	1600.8	1840.2	10047.8
40524	1624.4	1880.2	10370.5
54136	1598.7	1820.7	10028.8
3576	1615.5	1930.7	10306.2
53054	1601.6	1801.8	9959.6
20308	1616.0	1892.3	10223.2
1592	1602.9	1833.1	10276.5
26932	1624.5	1893.9	10401.7
11964	1612.5	1819.4	10003.3
37875	1608.2	1850.0	10022.7
7594	1614.7	1839.8	10058.2
34103	1609.6	1822.3	10002.5
52438	1611.3	1853.7	10250.3
19955	1620.2	1869.7	10321.1
44915	1604.1	1829.4	9913.2
44872	1614.4	1850.7	10407.1
59694	1612.6	1855.3	10143.7
20821	1616.8	1868.4	10313.9
13120	1617.2	1903.1	10515.3
13317	1611.9	1850.5	10327.4
24443	1634.7	1948.4	10729.0
4234	1603.4	1807.1	9884.9
11925	1617.0	1855.2	10183.6
26870	1618.1	1822.3	10246.8
7040	1603.5	1865.5	10009.9
34096	1606.3	1829.2	9933.0
22255	1619.1	1839.7	10332.4
47896	1609.2	1788.2	9902.4
35164	1612.2	1897.3	10252.7
24839	1609.7	1876.7	10058.2
63870	1615.4	1858.7	10334.1
18463	1614.0	1868.6	10350.3
48411	1600.6	1801.2	9945.4
34058	1615.2	1866.5	10300.2
49824	1603.3	1827.3	9849.3
37841	1608.2	1833.8	10226.5
51306	1617.1	1862.6	10291.4
21813	1622.9	1864.4	10383.5
8507	1617.5	1898.9	10266.0
56208	1612.8	1845.7	10082.2
9397	1627.5	1916.0	10686.9
12496	1627.4	1886.2	10774.0
1834	1610.4	1933.5	10398.1
47329	1607.7	1816.2	10202.3
18	1617.6	1857.9	10392.3
45929	1619.2	1847.2	10316.7
46038	1606.1	1870.5	10201.8
5194	1629.3	1908.5	10496.9
48453	1603.5	1830.8	10043.4
20979	1617.0	1856.4	10341.1
30670	1608.9	1844.0	10103.1
38157	1592.3	1765.7	9625.7
10668	1595.0	1792.4	9777.6
30909	1610.2	1840.2	10314.4
22756	1612.6	1821.0	10213.3
423	1613.3	1844.8	10168.2
9762	1600.2	1820.6	9843.9
15843	1632.8	1896.9	10513.1
45075	1606.1	1810.8	9962.5
5356	1608.8	1851.7	10195.6
13181	1603.2	1845.4	10069.8
9139	1616.4	1813.2	9985.6
4321	1609.7	1860.1	10034.4
16216	1613.7	1852.3	10329.7
26125	1604.9	1899.5	10154.4
14503	1626.5	1869.8	10425.7
29857	1605.6	1851.3	10087.8
7664	1622.3	1863.4	10219.8
61193	1615.9	1838.9	10102.8
7446	1604.5	1844.0	9853.5
25511	1611.4	1835.2	10068.7
50278	1614.6	1870.4	10285.3
46044	1620.1	1872.4	10240.3
43460	1606.4	1855.0	10109.4
35639	1621.1	1861.3	10435.3
22014	1611.7	1872.1	10508.5
16994	1608.0	1891.4	10090.8
26796	1610.7	1828.6	10120.0
24695	1592.5	1795.8	9767.9
59238	1624.3	1856.1	10443.7
59011	1610.9	1883.7	10347.7
46661	1607.5	1807.6	9922.4
40476	1627.2	1929.1	10885.9
47988	1619.5	1841.4	10296.0
61379	1613.7	1874.3	10055.7
34610	1624.2	1904.1	10543.7
3247	1614.4	1823.8	10255.4
28368	1620.3	1880.0	10296.5
52500	1616.3	1822.8	10265.9
61387	1615.6	1880.2	10321.5
21288	1611.5	1855.1	10269.0
9739	1605.4	1871.8	10120.4
10348	1610.5	1859.7	9980.3
50171	1608.7	1836.0	10015.9
49430	1603.7	1845.4	9928.5
39555	1618.4	1842.1	10307.5
31848	1622.5	1863.7	10283.7
58901	1598.7	1807.1	9865.8
51436	1623.0	1879.8	10348.8
34214	1599.1	1814.3	9848.1
61933	1604.7	1814.8	10126.5
35920	1630.1	1892.1	10447.9
32249	1614.1	1836.4	10414.7
14532	1611.8	1882.2	10043.6
43366	1618.0	1821.2	10085.9
49664	1608.6	1796.2	10115.8
41698	1612.8	1859.8	10168.2
13561	1608.7	1852.2	10064.7
3221	1595.6	1828.9	9617.9
16056	1622.5	1854.8	10378.0
23925	1625.9	1867.8	10509.6
52106	1625.0	1895.5	10678.6
15628	1612.5	1848.7	10809.3
38847	1606.6	1825.4	10018.4
36050	1613.6	1839.0	10248.6
48561	1619.7	1880.6	10436.8
4290	1621.9	1867.5	10366.3
11829	1613.7	1856.5	10562.3
63511	1626.2	1917.4	10421.5
32649	1602.7	1834.9	10159.2
48223	1612.4	1848.3	10069.9
50211	1603.1	1812.8	9730.1
52708	1616.1	1836.7	10026.4
11931	1615.4	1876.5	10218.7
35448	1613.4	1887.2	10353.6
49385	1620.1	1862.2	10208.5
16774	1609.4	1845.5	10076.6
39266	1598.3	1836.5	9997.1
55957	1618.7	1856.9	10335.3
18429	1611.5	1823.4	10068.7
2569	1637.9	1885.9	10427.9
19174	1623.4	1918.0	10489.5
25865	1613.3	1823.6	10192.1
63629	1626.9	1873.9	10264.0
10460	1608.6	1845.0	10143.4
6642	1611.2	1835.1	10273.3
45134	1607.3	1803.7	9967.3
57962	1613.0	1839.3	10163.5
5853	1605.9	1873.5	10164.3
10839	1616.6	1839.2	10194.0
9742	1612.4	1870.8	10170.9
30150	1609.0	1785.2	9793.6
4232	1621.0	1901.6	11110.1
2842	1617.2	1863.9	10199.1
41191	1614.5	1855.7	10112.0
26356	1617.7	1856.3	10287.7
3156	1607.6	1876.2	10060.0
21620	1605.6	1844.6	10015.5
39989	1613.4	1887.9	10605.7
56568	1605.6	1796.3	9865.2
38300	1609.2	1854.5	10128.6
50058	1619.0	1865.6	10144.5
14032	1614.8	1852.9	10174.9
22644	1604.4	1822.3	9917.8
50658	1599.3	1805.0	9834.6
23078	1607.5	1896.4	10238.8
20135	1622.2	1850.6	10216.7
3897	1603.2	1820.3	9886.7
37134	1612.3	1854.6	10158.1
4645	1625.2	1867.7	10252.0
22031	1599.4	1830.2	9856.2
33513	1616.7	1816.4	10236.8
48323	1616.5	1873.6	10409.1
3314	1609.9	1805.1	10110.2
64470	1615.2	1854.4	10195.6
41694	1619.6	1876.2	10467.9
38445	1612.5	1848.3	10154.9
53211	1611.2	1854.4	10178.8
20273	1622.2	1859.9	10394.1
61910	1611.1	1876.1	10570.1
39729	1604.5	1825.1	10120.2
23578	1620.0	1884.7	10534.9
44552	1606.3	1845.7	10017.3
15618	1620.9	1870.1	10308.8
25484	1620.4	1859.3	10267.2
60753	1610.7	1849.2	10418.8
46061	1614.1	1864.0	10284.9
23365	1611.4	1859.6	10348.8
27258	1620.7	1904.3	10407.5
6257	1621.8	1908.8	10361.2
34593	1617.8	1890.7	10483.1
28040	1614.1	1855.0	10082.1
35992	1606.1	1893.8	10150.7
7626	1620.3	1862.6	10290.3
9890	1624.0	1889.7	10443.7
26810	1618.8	1863.1	10326.3
53999	1608.2	1795.8	10000.5
18775	1613.0	1817.8	10223.7
55086	1610.5	1826.4	10038.0
35642	1607.4	1820.0	10049.0
34432	1605.9	1863.7	10141.3
120	1595.6	1842.1	9806.1
56657	1613.4	1821.9	10128.4
2895	1615.5	1904.5	10420.8
1835	1615.1	1831.3	10169.5
45201	1602.2	1860.6	9986.7
29084	1607.4	1837.8	10100.2
53222	1621.5	1905.8	10741.6
48700	1603.9	1831.4	10037.4
41743	1618.5	1855.5	10210.4
56019	1609.7	1820.4	10066.8
9336	1612.1	1888.4	10364.4
41858	1616.3	1875.8	10511.7
36035	1612.6	1830.5	9983.1
51417	1615.4	1861.3	10163.5
4369	1605.7	1865.7	10034.0
39298	1618.2	1863.3	10261.4
1725	1618.7	1883.4	10230.7
43144	1613.3	1840.5	10385.2
57018	1607.4	1856.0	10074.1
51931	1621.7	1873.6	10258.5
38984	1615.2	1867.7	10175.7
58416	1614.1	1880.6	10375.5
55816	1612.9	1837.7	10267.4
8107	1617.0	1864.7	10178.2
20418	1613.0	1866.8	10409.2
57496	1634.3	1930.1	10737.5
15876	1618.3	1861.5	10535.2
39539	1630.0	1911.2	10867.9
