37985	1872.7	2110.8	13944.2
24370	1879.2	2103.4	15253.6
20775	1864.5	2086.2	13743.0
76203	1862.6	2111.3	13783.0
81564	1872.7	2079.9	13712.2
56304	1871.7	2145.8	14108.4
46931	1855.9	2104.3	13808.9
56598	1861.0	2080.2	13884.5
36943	1867.6	2097.4	14067.5
74998	1875.9	2103.3	14323.9
1854	1859.4	2112.8	13569.4
24656	1849.4	2044.1	13164.4
75295	1860.6	2104.5	13713.2
37338	1884.0	2228.1	14491.7
78003	1871.4	2109.6	14567.0
22432	1870.4	2140.2	14116.7
54178	1891.2	2134.3	14086.1
87065	1874.6	2099.6	13864.3
81089	1856.1	2088.9	13715.4
68069	1866.7	2128.2	14724.6
85242	1863.0	2064.3	13575.6
49465	1868.2	2065.4	13769.7
18698	1890.4	2123.3	14242.0
88406	1867.9	2100.7	13806.1
56046	1838.8	2036.0	13138.0
75332	1875.3	2117.3	13922.7
54532	1877.6	2130.3	14160.3
77237	1868.1	2084.9	13962.2
36592	1870.0	2106.6	14001.7
72976	1866.0	2085.2	13821.9
19571	1881.0	2175.7	14289.1
6236	1887.7	2124.1	14130.1
86666	1865.2	2106.3	14184.8
44240	1869.9	2122.5	14129.2
17312	1872.8	2118.1	13879.4
74385	1868.3	2112.6	13932.5
54417	1860.8	2064.1	13717.2
11227	1863.5	2128.1	13832.0
46070	1869.4	2113.2	14341.3
38229	1866.1	2117.7	14380.5
48080	1860.6	2126.8	13774.8
33864	1867.2	2128.2	13969.0
84989	1882.5	2217.5	14571.1
947	1859.5	2064.6	13577.8
68523	1864.7	2144.6	13782.2
60674	1865.0	2066.9	13746.8
34369	1860.4	2074.2	13616.1
18423	1864.0	2093.8	13588.9
29060	1859.1	2060.8	13774.2
63158	1868.6	2092.9	13617.0
9727	1867.5	2188.3	14116.9
58732	1857.1	2128.8	13825.5
65333	1849.4	2022.7	13461.6
47457	1875.2	2150.1	14093.9
15689	1870.2	2151.6	14143.8
80992	1863.5	2092.2	13820.4
23179	1880.1	2123.1	14069.9
61509	1868.9	2088.9	13643.5
82770	1878.6	2094.0	14115.5
31522	1858.6	2070.5	13564.1
82294	1866.9	2089.5	13740.2
3830	1870.9	2096.7	13713.4
80921	1870.3	2123.3	14825.3
65954	1874.3	2090.1	14143.1
51048	1848.9	2023.3	13051.1
78565	1878.5	2128.5	14036.8
47644	1854.8	2062.6	13507.1
29660	1858.6	2079.0	13408.8
68538	1875.6	2128.8	13963.3
64024	1881.6	2169.0	14213.0
79710	1863.4	2106.3	13750.3
17631	1855.3	2128.1	13855.5
66430	1869.1	2088.2	13898.1
60835	1865.3	2126.6	13633.6
46847	1866.9	2111.2	13815.1
83325	1877.6	2089.4	14056.5
81068	1869.6	2118.1	13968.4
39936	1863.2	2067.4	13822.1
33889	1873.0	2135.2	14114.4
45655	1854.9	2047.0	13261.9
19598	1863.5	2129.5	13824.0
28758	1859.7	2034.8	13273.2
86882	1875.4	2105.5	14014.8
57944	1889.2	2131.0	14561.3
12567	1883.8	2136.8	14078.0
9870	1854.3	2082.6	13547.1
56555	1862.1	2087.6	13549.6
49380	1866.9	2100.0	13928.2
19307	1860.0	2072.9	13496.8
64176	1867.8	2117.7	13947.4
39730	1851.9	2119.9	13996.8
41843	1880.8	2113.8	14289.0
16456	1868.3	2125.6	13998.9
49136	1879.3	2092.8	14559.3
7875	1850.2	2070.2	13418.1
43380	1859.2	2080.2	13596.5
16001	1869.1	2138.2	14095.9
40162	1874.6	2092.5	13801.2
62839	1871.7	2071.7	13699.8
63549	1873.4	2124.3	14018.2
78080	1859.3	2066.6	13738.3
68764	1873.1	2124.5	13925.0
4482	1873.2	2107.1	14160.1
66105	1877.1	2125.7	13986.3
50509	1871.2	2182.7	14072.3
76743	1867.8	2102.4	13697.2
79074	1865.6	2109.0	13600.9
48681	1858.9	2093.7	13617.9
86125	1854.2	2027.2	13390.5
74223	1864.5	2059.1	13687.3
41528	1867.6	2074.5	13642.3
20067	1859.4	2085.3	13463.3
44805	1870.3	2118.1	14176.1
27286	1853.8	2051.8	13352.4
39538	1863.5	2080.8	14179.2
1512	1882.4	2153.6	14252.2
67853	1863.0	2084.1	13692.4
85343	1875.7	2138.7	14314.1
64475	1870.2	2138.8	13757.3
25829	1856.0	2053.1	13425.4
27233	1882.4	2178.4	14132.0
58961	1878.8	2147.7	14205.2
57078	1865.1	2053.4	13612.2
29492	1861.8	2063.9	13482.8
3197	1872.7	2134.4	14262.0
43378	1866.8	2114.3	14128.2
37310	1880.3	2145.9	14167.3
32303	1878.7	2152.2	13943.4
52664	1870.7	2120.1	13807.3
83430	1854.5	2095.5	13524.8
57304	1857.5	2083.8	13510.3
20909	1864.2	2117.1	13704.0
74234	1866.3	2120.0	13750.6
25517	1871.7	2179.3	15338.1
70794	1867.0	2110.3	13606.3
35968	1863.2	2087.6	13699.6
74337	1869.7	2074.3	13553.4
57375	1871.3	2173.0	13960.0
8157	1875.2	2178.4	14033.2
78741	1869.9	2136.1	14108.7
16676	1870.5	2125.6	13910.5
53460	1864.6	2101.1	13902.2
48146	1845.9	2016.6	13329.7
1903	1874.8	2136.4	14432.6
52098	1865.9	2111.6	13810.9
6770	1859.1	2111.8	13775.2
85798	1875.0	2145.7	14149.5
3671	1880.4	2138.9	13866.9
83964	1861.8	2075.6	13661.9
7784	1883.1	2139.6	14140.1
87778	1847.3	2037.6	13466.9
67726	1864.6	2106.2	13527.6
48196	1878.2	2116.8	13945.3
62694	1880.7	2110.1	14140.9
58293	1856.9	2022.3	13516.1
18398	1869.7	2111.9	13946.0
11906	1873.7	2095.2	13870.1
77278	1859.4	2065.6	13564.0
84522	1855.7	2075.3	13435.9
39496	1867.0	2141.2	13858.5
65310	1865.7	2085.1	13759.5
67923	1873.1	2124.8	14063.3
23671	1861.3	2069.7	13497.2
35417	1874.3	2117.2	13988.4
84059	1868.2	2150.4	14231.2
8385	1854.0	2060.0	13497.3
39448	1857.3	2103.9	13465.7
81259	1860.4	2060.6	13606.3
72911	1863.5	2096.1	13863.6
48042	1873.1	2120.6	14494.4
46009	1865.2	2117.0	13711.0
24574	1866.8	2152.3	14103.0
19085	1835.0	2061.4	13292.8
47445	1873.3	2142.6	13839.7
3809	1880.8	2145.4	14167.0
43734	1871.1	2074.9	13861.2
7342	1868.5	2092.7	13810.6
61444	1850.4	2038.1	13446.6
50175	1851.4	2086.7	13607.7
3933	1854.6	2093.5	13450.1
59219	1877.5	2091.5	13733.6
58741	1874.1	2143.7	14005.0
21669	1864.3	2149.3	13895.7
26898	1866.1	2115.6	13792.3
58650	1867.0	2142.9	13866.7
11106	1872.9	2141.1	13623.8
83487	1869.2	2099.5	13806.8
9360	1887.5	2133.6	14122.6
1773	1864.6	2083.3	13488.2
16275	1849.4	2059.7	13210.6
45654	1874.7	2105.7	14061.2
84930	1875.7	2102.3	14022.7
17209	1870.0	2116.4	14015.9
17471	1859.9	2105.6	13457.0
17088	1867.9	2129.6	13940.1
248	1844.4	2001.7	13061.8
30830	1867.9	2147.1	14078.3
82163	1855.0	2029.1	13367.4
19345	1872.6	2143.3	13878.7
8498	1865.3	2100.0	13633.6
21984	1866.5	2080.1	13669.7
71507	1851.2	2084.5	13712.9
83496	1862.1	2130.2	13902.8
30847	1855.3	2064.8	13663.2
67293	1874.4	2114.9	13950.9
14473	1869.0	2133.4	13732.7
79795	1879.1	2104.9	13875.6
66843	1867.3	2110.4	13996.1
10664	1873.6	2135.1	13899.2
45099	1847.4	2059.8	13327.9
56866	1880.8	2120.7	14033.6
63342	1874.7	2172.0	14097.2
19963	1863.0	2125.0	14009.9
837	1872.3	2133.5	13869.7
26172	1870.1	2106.0	14239.3
35963	1875.8	2112.5	14012.3
71527	1870.0	2116.2	13922.1
31211	1881.3	2133.8	13884.8
50895	1850.8	2059.9	13293.7
18924	1855.0	2057.2	13356.1
23003	1856.7	2102.6	13457.2
66882	1876.0	2116.4	14095.1
75881	1883.6	2138.4	14510.8
69935	1869.7	2126.4	13785.7
45695	1860.8	2057.8	13599.5
26305	1858.8	2099.7	13621.9
23061	1863.3	2082.5	13736.7
42980	1887.7	2231.5	14676.1
28920	1844.7	2083.7	13363.1
72618	1868.2	2171.5	13872.1
15090	1879.6	2160.8	14580.9
6793	1876.2	2115.2	14025.2
41056	1867.5	2120.5	13865.7
10693	1871.8	2120.4	13886.3
74387	1873.1	2062.2	13733.6
52191	1871.8	2043.6	13672.1
2461	1878.7	2171.4	14335.1
66320	1875.2	2113.2	13812.7
87883	1879.2	2121.0	14119.6
75759	1860.3	2097.1	13708.1
46972	1877.3	2104.2	13965.6
56356	1861.6	2079.9	13690.0
88107	1873.7	2104.4	14515.4
66355	1871.4	2118.3	14053.5
32411	1872.1	2136.3	13967.6
78840	1872.4	2159.8	14474.2
34929	1869.2	2105.3	13693.6
76723	1863.3	2073.1	13474.7
48187	1848.7	2071.6	13395.9
86347	1876.8	2170.6	14516.6
1521	1863.5	2089.0	13608.5
84191	1874.6	2177.3	14823.4
4490	1877.7	2108.1	14042.1
42132	1872.5	2086.8	13746.8
75001	1863.9	2158.1	14139.0
54698	1867.5	2129.1	14596.1
80253	1867.9	2095.6	13745.9
40984	1863.2	2094.1	13647.5
24605	1878.3	2119.1	14141.0
71384	1879.5	2096.1	13860.9
70245	1854.6	2119.1	13525.5
24302	1880.7	2109.1	14065.0
77592	1878.5	2159.4	14179.2
59105	1856.4	2086.0	13430.1
57909	1855.6	2017.5	13388.5
45866	1871.5	2129.1	14095.2
26896	1864.2	2138.4	14120.5
8349	1870.2	2138.4	13785.1
14930	1859.8	2084.4	14089.9
54658	1863.5	2087.6	14106.4
8182	1861.3	2110.7	13544.8
72906	1870.3	2110.6	13988.5
5247	1875.6	2171.2	14017.7
80639	1889.3	2183.2	14928.0
62490	1860.7	2065.5	13472.5
66082	1863.5	2103.3	13898.6
68259	1865.8	2124.0	13796.5
52436	1873.7	2137.5	14072.5
64619	1847.7	2060.1	13110.4
29638	1855.3	2060.1	13570.0
48130	1868.6	2117.8	13820.1
45530	1876.3	2100.8	14209.7
14151	1861.0	2098.8	13762.9
62373	1870.1	2070.1	13850.1
55985	1863.8	2105.7	13703.6
57670	1862.7	2091.4	13739.3
39235	1867.8	2125.6	13769.3
17547	1856.7	2022.3	13298.1
86519	1867.4	2093.0	13824.4
55466	1863.4	2111.1	13921.9
4184	1860.7	2049.2	13550.3
7816	1860.6	2089.1	13533.1
38164	1869.2	2087.7	13614.0
20686	1867.0	2090.7	13845.1
17596	1854.5	2127.7	13498.1
76171	1864.4	2050.4	13745.7
41280	1879.8	2103.4	13948.4
63325	1876.3	2113.3	13837.8
3000	1874.2	2141.7	14141.0
78579	1875.8	2110.3	14089.3
8624	1858.7	2057.8	13508.4
3252	1868.0	2135.5	13848.6
57466	1866.7	2106.4	13949.9
78963	1876.1	2082.2	13823.9
25910	1862.4	2104.6	13651.9
57848	1881.3	2152.2	14381.2
75734	1860.9	2089.2	13673.4
24842	1842.7	2009.3	13294.8
11759	1870.8	2162.6	14244.5
45848	1861.0	2126.7	14634.1
50055	1869.6	2098.9	13782.4
70248	1860.1	2105.7	13744.2
64062	1877.0	2109.7	13954.4
59636	1868.8	2116.0	13820.3
69487	1860.3	2058.8	13532.8
15838	1863.4	2105.9	13672.0
67209	1879.3	2145.8	14800.9
35454	1853.9	2116.4	13491.1
64132	1866.9	2115.9	14038.4
52952	1866.9	2161.3	13966.0
85281	1860.3	2078.6	13736.3
12633	1858.3	2101.2	13695.3
69555	1885.8	2129.7	14646.5
24519	1844.9	2049.2	13372.6
59132	1870.3	2108.1	13832.0
69449	1865.7	2058.8	13731.6
81836	1873.8	2119.5	13928.4
54806	1856.1	2069.0	13658.1
28199	1860.8	2060.7	13251.2
2904	1852.0	2076.2	13758.4
16226	1871.6	2112.0	14983.4
43750	1869.3	2124.2	13941.8
19263	1883.0	2202.7	14109.2
23	1866.9	2101.3	13944.9
6614	1882.1	2137.6	14293.9
16972	1861.7	2085.7	13566.2
13725	1856.8	2110.6	14214.0
17879	1851.8	2082.3	13404.1
30695	1855.6	2032.6	13438.4
35229	1877.1	2139.5	14170.0
23232	1847.6	2063.2	13644.2
51734	1859.7	2045.1	13608.8
22702	1875.3	2130.6	13936.7
55961	1869.7	2149.5	14176.4
89784	1854.7	2073.4	13389.2
87020	1862.1	2077.8	13493.0
76262	1868.3	2102.1	13745.9
83082	1862.9	2078.3	13521.3
69336	1874.1	2084.3	13869.6
83550	1882.0	2161.7	14462.4
77509	1856.6	2059.3	13521.2
52316	1869.0	2071.9	13771.3
83173	1863.4	2062.0	13694.5
69539	1870.1	2130.2	14061.7
54919	1860.6	2054.8	13773.4
33146	1858.4	2084.6	13563.0
28435	1862.3	2041.8	13607.6
14575	1859.4	2133.6	13650.8
51883	1891.3	2148.8	14330.9
87096	1881.4	2110.3	14366.8
63807	1863.1	2062.5	13408.1
62186	1877.0	2100.0	14133.9
47249	1856.8	2086.3	13415.9
60372	1868.0	2105.6	13887.8
10378	1861.7	2038.7	13486.5
56581	1857.4	2069.4	13419.2
69442	1867.3	2089.9	13692.6
65947	1862.6	2102.8	13572.5
44414	1865.6	2114.5	13739.3
29567	1857.3	2106.7	13679.9
7921	1869.2	2154.6	13912.1
72030	1858.0	2071.0	13509.5
30738	1851.2	2091.2	13604.9
23385	1857.3	2087.9	13821.1
46820	1863.4	2079.2	14362.4
38958	1877.8	2092.4	13875.6
66085	1868.4	2054.3	13712.8
61690	1858.4	2104.7	13665.1
43800	1864.0	2050.1	13588.7
48619	1848.9	2068.8	13466.3
15833	1861.5	2111.8	13713.4
69063	1849.3	2045.3	13259.4
24127	1861.3	2045.6	13452.4
78057	1854.8	2049.6	13523.0
69062	1872.5	2146.7	14017.6
15905	1871.7	2167.2	14272.0
26868	1852.4	2037.4	13460.1
75624	1869.8	2086.2	13541.9
65812	1880.0	2114.5	13753.4
35301	1868.5	2125.9	13930.3
79132	1843.5	2043.0	13339.0
79060	1857.9	2119.0	14017.7
5058	1870.0	2091.6	13833.4
9311	1873.7	2133.4	13961.4
79160	1861.0	2114.8	13987.4
25270	1857.6	2099.4	13636.0
83492	1863.8	2094.1	13648.6
39208	1882.6	2141.9	14113.4
41656	1862.9	2063.3	13589.5
56948	1874.3	2138.8	13911.9
66446	1874.5	2095.5	13990.4
73338	1873.3	2120.9	14071.7
16691	1852.2	2072.5	13486.5
60619	1853.3	2099.6	13637.8
14489	1872.6	2110.8	14033.2
36132	1863.6	2138.8	13840.3
18960	1866.4	2107.2	13997.1
3399	1871.8	2115.1	13837.1
55023	1852.0	2039.0	13553.7
61030	1858.6	2072.2	13819.3
67493	1858.0	2069.2	13457.8
2609	1852.7	2084.9	13502.9
74757	1870.9	2081.3	14316.6
84137	1861.8	2137.3	13765.7
89855	1860.5	2008.0	13385.3
20494	1856.3	2051.5	13424.4
60603	1857.5	2077.7	13379.3
59793	1862.9	2089.0	14031.0
22481	1852.2	2068.1	13661.8
25822	1860.7	2082.4	13680.7
41395	1869.7	2089.3	13598.8
57272	1870.3	2147.6	13946.7
54905	1863.2	2108.4	13770.6
80737	1870.0	2103.4	13936.9
40188	1853.5	2086.3	13480.6
73371	1848.5	2058.3	13285.8
89850	1866.9	2129.2	13804.9
45083	1858.7	2126.1	13863.5
55151	1874.4	2124.4	13844.4
79251	1859.4	2054.6	13488.1
73659	1864.8	2058.5	13510.0
72070	1902.3	2183.6	14848.4
46541	1856.6	2067.2	13413.8
29310	1877.3	2074.6	13703.8
75975	1870.2	2131.4	14364.6
22965	1873.4	2156.0	14188.1
83486	1871.5	2160.1	14622.1
17512	1871.1	2117.5	13919.4
20374	1880.4	2114.8	14386.8
85311	1848.9	2068.7	13484.2
24840	1862.8	2144.3	14051.6
60920	1881.1	2092.7	13816.3
69299	1865.6	2122.3	13681.9
36163	1867.2	2163.8	14090.8
16604	1866.9	2124.2	13621.0
78188	1874.7	2165.7	14220.4
26587	1855.6	2129.6	13753.0
69463	1869.4	2131.2	14039.8
9432	1855.0	2043.5	13641.7
70128	1873.5	2122.3	14030.0
3038	1872.3	2102.0	14086.8
65379	1879.4	2156.9	14017.1
69204	1849.8	2031.8	13305.2
33191	1864.9	2114.8	13882.2
16973	1869.3	2130.7	14039.5
43859	1859.5	2089.7	13582.4
54989	1865.3	2127.1	13887.1
51916	1865.6	2116.4	13920.1
65910	1862.3	2079.2	13731.6
52647	1868.7	2136.8	13740.6
81223	1880.1	2100.2	14082.3
1620	1851.6	2086.6	13356.4
64838	1872.4	2103.0	13868.9
46900	1858.2	2077.1	13522.2
80245	1865.4	2050.8	13523.8
32825	1853.4	2025.4	13372.8
15424	1868.7	2133.6	13868.8
82054	1865.8	2103.4	13691.4
58728	1874.5	2092.4	13812.0
39432	1861.9	2025.4	14064.4
23491	1865.6	2110.5	13676.8
46875	1861.3	2049.0	13449.8
14567	1871.2	2156.5	14623.6
82300	1864.4	2071.6	13647.4
73637	1865.0	2082.3	13641.8
30699	1858.9	2083.3	13611.4
59857	1864.5	2138.5	14337.7
73303	1864.7	2054.3	13500.5
76935	1854.2	2076.6	13662.9
54598	1876.8	2122.0	13931.9
37670	1862.0	2049.6	13530.6
80566	1872.8	2131.8	13881.3
61164	1896.4	2150.0	14267.8
28143	1842.4	2051.7	13052.9
18851	1870.0	2078.1	14490.7
47335	1871.7	2103.0	13955.1
58757	1864.3	2159.6	14068.3
77038	1869.3	2125.3	13743.2
4498	1856.0	2063.5	13569.8
43149	1864.7	2145.2	13876.3
83497	1863.1	2074.1	13707.6
62520	1875.1	2101.4	13948.2
65690	1871.6	2102.7	13834.5
49507	1869.9	2130.5	13861.3
36834	1858.2	2062.8	13428.6
81488	1863.5	2088.8	13704.7
82372	1864.9	2091.1	13633.2
68502	1872.7	2077.5	13633.0
72790	1859.2	2080.5	13730.2
57319	1859.1	2087.0	13671.3
73505	1867.4	2066.4	13787.4
2197	1879.4	2118.2	14028.8
11579	1861.3	2082.3	13646.0
61446	1873.5	2113.4	13706.5
64814	1865.2	2122.7	13829.0
36998	1868.0	2103.2	13820.0
77892	1864.7	2090.2	13683.8
60038	1880.4	2116.1	14111.8
56726	1872.9	2119.6	13915.0
87951	1867.3	2118.5	13740.7
32357	1865.8	2086.6	13589.5
78871	1859.3	2039.2	13446.0
13894	1864.3	2089.8	13431.7
57340	1851.7	2053.4	13279.9
45164	1881.3	2118.9	13941.5
62968	1865.3	2072.3	13890.9
46226	1850.6	2010.4	13256.4
50431	1870.3	2139.6	13760.1
5702	1863.1	2145.6	14113.4
73106	1851.3	2051.7	13486.1
15760	1877.4	2137.1	14127.4
64032	1864.5	2123.6	13814.6
5669	1868.1	2150.9	13872.7
12783	1858.7	2104.7	13711.6
68419	1871.0	2099.6	13697.7
78787	1864.4	2048.2	13569.2
36850	1857.1	2083.8	13521.8
72654	1875.9	2121.5	14099.6
77118	1857.5	2108.4	13516.1
20090	1862.0	2114.3	13626.2
32493	1875.5	2088.3	14086.6
68874	1872.2	2108.6	13880.4
68072	1863.0	2060.8	13813.5
27981	1863.1	2134.7	13618.8
9323	1875.9	2162.1	14121.9
29314	1875.8	2085.2	13793.8
63483	1870.2	2151.2	13752.6
22450	1861.9	2128.6	13624.8
46688	1861.0	2091.6	13722.2
37157	1880.0	2140.8	14145.6
87185	1878.2	2183.9	13911.9
4227	1857.7	2073.1	13657.9
60851	1872.3	2123.3	14281.5
24612	1869.7	2104.4	13825.7
76706	1849.4	2090.7	14039.8
62514	1865.5	2059.8	13620.6
26915	1871.0	2093.1	13902.2
6076	1877.6	2128.3	13878.3
4953	1869.9	2122.6	13639.3
46336	1879.0	2103.6	13919.5
59744	1863.2	2083.7	13543.6
17953	1840.6	2062.8	13127.7
67236	1857.6	2066.8	13763.6
3004	1861.2	2015.5	13394.3
84711	1882.0	2141.3	14458.5
16150	1882.6	2125.7	13916.2
68708	1877.0	2121.2	14074.0
30167	1864.2	2079.1	13653.2
13185	1873.8	2090.8	14061.1
33918	1866.2	2049.4	13639.0
34118	1850.2	2012.0	13322.5
5108	1846.2	2044.7	13368.6
840	1872.5	2193.0	14365.0
46938	1865.5	2135.4	14191.6
41959	1856.9	2075.9	13516.6
87221	1876.9	2154.5	14600.1
84507	1878.8	2155.2	13848.4
87450	1853.4	2085.5	13584.8
27028	1859.2	2068.9	13590.2
41016	1849.5	2049.9	13532.3
60189	1862.9	2070.3	13483.1
25446	1875.2	2089.4	13951.0
50223	1867.8	2104.8	13619.9
78306	1886.3	2153.3	14292.5
83982	1853.7	2080.9	13404.4
26214	1882.4	2152.2	15135.4
62942	1858.8	2062.3	13477.3
16805	1873.9	2124.0	14042.4
55276	1875.3	2162.4	13957.5
6139	1869.0	2075.6	13588.8
17378	1869.6	2139.3	13705.6
29607	1856.5	2042.2	13743.0
28749	1869.1	2101.7	13839.1
89383	1870.0	2055.7	13577.5
75336	1860.8	2128.7	13785.5
55073	1841.5	2038.6	13236.0
34994	1857.0	2109.9	13608.5
41952	1868.9	2108.1	13503.1
35754	1874.2	2159.0	13837.5
7381	1875.5	2157.8	14087.4
12177	1868.6	2091.8	13618.5
82331	1868.6	2055.0	13631.1
7150	1861.8	2132.5	13906.6
87789	1860.8	2117.2	13540.9
83918	1858.9	2069.7	13437.7
68891	1878.0	2152.0	14329.7
15817	1848.3	2070.4	13661.3
79283	1871.6	2129.5	14017.1
168	1858.6	2080.5	13376.6
67486	1858.5	2092.3	13643.4
76847	1864.5	2109.1	13992.1
36882	1858.8	2086.8	13734.4
84582	1870.3	2073.3	13470.0
61196	1866.5	2124.3	14153.7
38143	1871.0	2117.1	14268.8
4246	1874.4	2110.3	13986.7
52583	1867.2	2084.8	13619.0
89093	1880.9	2110.9	14084.2
376	1884.1	2200.0	14286.8
59684	1868.8	2104.7	13744.9
8957	1857.6	2077.5	13543.3
23161	1859.2	2101.6	13471.5
15757	1877.6	2119.3	13938.0
68740	1845.3	2062.8	13443.9
14128	1868.2	2126.3	13852.2
61011	1847.5	2027.1	13205.0
24399	1874.7	2163.8	14083.3
61063	1870.6	2149.4	15316.2
49513	1876.3	2116.0	13965.5
5356	1863.6	2172.2	14511.3
58969	1870.1	2084.7	13929.9
6430	1886.0	2203.8	14384.6
48300	1868.5	2116.1	13887.6
83917	1877.5	2100.5	13757.7
78447	1883.0	2138.4	13981.6
39358	1870.3	2103.1	13943.0
15945	1859.1	2034.6	13239.0
4460	1869.3	2111.4	14072.9
56843	1873.7	2180.3	14169.5
78160	1850.9	2051.4	13633.1
68742	1860.5	2062.8	13501.0
28220	1851.2	2086.2	13481.9
33360	1863.5	2107.4	13749.1
25039	1875.6	2082.3	13940.9
32259	1874.6	2185.9	14490.8
33562	1867.7	2107.9	13603.5
4218	1879.4	2154.5	13961.7
45508	1864.6	2120.2	13992.9
45407	1871.4	2125.1	13988.4
6011	1861.1	2103.6	13573.8
77368	1857.6	2088.1	13596.3
21555	1874.1	2154.1	13716.4
46969	1866.6	2098.7	14100.1
21044	1872.7	2135.2	14125.5
83405	1862.0	2088.4	13657.9
79755	1858.9	2078.4	13864.8
53377	1880.5	2146.6	13924.5
21971	1861.6	2114.1	13663.2
31345	1847.1	2019.5	13158.8
83008	1860.5	2084.7	13720.1
24472	1880.6	2119.8	13854.6
21288	1864.3	2119.3	13854.3
70318	1857.0	2108.8	13830.2
54194	1848.5	2067.5	13353.0
60132	1878.2	2107.3	13916.6
85219	1861.6	2055.6	13441.4
37600	1885.7	2221.8	14443.1
20943	1859.6	2066.4	13560.9
26304	1858.4	2083.3	13632.3
2341	1868.3	2125.2	13623.2
29774	1880.6	2145.3	14056.0
65242	1868.9	2083.2	13698.7
24411	1864.2	2113.3	13784.3
10528	1868.9	2124.9	13961.7
81607	1865.2	2105.7	13720.4
51005	1877.7	2129.8	13886.2
17013	1857.2	2092.4	13869.3
55802	1873.0	2089.5	13853.9
89457	1873.8	2115.5	13952.8
55366	1872.2	2127.0	13886.9
74464	1880.0	2120.4	14290.9
1355	1876.1	2086.0	13768.6
19191	1863.8	2080.2	13499.7
29928	1860.5	2110.3	13654.3
77415	1869.8	2095.3	13797.0
72230	1877.1	2110.0	13948.2
68509	1866.3	2052.5	13670.7
74968	1875.1	2133.7	13871.1
88520	1871.3	2137.8	14079.6
64186	1839.8	2033.1	13307.6
24629	1866.2	2095.7	13643.5
112	1872.1	2048.1	13598.0
76473	1863.5	2073.1	13582.6
59591	1873.1	2075.6	13700.6
85603	1866.7	2106.1	13811.0
65433	1867.7	2088.7	14111.5
19778	1843.4	2079.1	13263.0
22834	1860.5	2130.2	13967.4
72623	1871.4	2070.4	13656.9
15042	1868.6	2110.5	13735.3
3436	1875.2	2137.9	14277.2
77056	1872.3	2120.6	14032.7
79071	1873.2	2134.6	14262.1
46335	1859.3	2063.0	13533.5
15227	1878.4	2131.9	13923.4
61757	1864.6	2081.4	13564.1
64485	1870.9	2119.6	13976.1
9917	1872.4	2134.2	13984.5
50508	1879.7	2168.0	13981.8
62528	1865.2	2130.5	13741.7
739	1869.8	2081.7	13618.6
4864	1862.7	2096.2	13701.0
11050	1861.1	2122.1	13822.6
57217	1849.6	2034.5	13246.2
78177	1876.9	2171.7	14162.0
36314	1863.5	2071.9	13508.2
17060	1864.5	2118.7	13937.7
72683	1884.6	2190.8	14274.9
24509	1865.9	2144.2	13787.2
46880	1861.3	2127.2	14001.4
2290	1874.1	2079.5	14173.3
25725	1877.0	2123.9	13873.5
58106	1859.3	2072.2	13409.2
34016	1869.4	2119.4	13872.4
38156	1869.6	2136.0	14035.3
51722	1866.5	2071.2	13584.0
85607	1869.5	2056.7	13517.9
88771	1865.5	2128.6	13846.5
82906	1870.3	2111.8	13819.7
71906	1875.7	2130.5	13957.5
62201	1860.9	2084.1	13579.0
5679	1859.0	2090.9	13578.3
1142	1861.0	2125.2	14061.8
32162	1861.5	2028.0	13717.8
13525	1892.0	2165.1	14636.1
1104	1863.2	2080.9	13414.3
47502	1865.0	2100.8	13787.2
7610	1852.0	2124.7	13678.5
57156	1871.5	2131.4	13983.3
44339	1867.4	2058.9	13581.7
58851	1858.6	2118.5	13516.7
78286	1853.3	2080.9	13698.8
1875	1864.8	2145.7	13734.6
7668	1867.5	2090.1	13782.0
22438	1855.9	2073.4	13375.1
84307	1873.4	2129.8	13921.1
26053	1861.1	2079.8	13639.3
22461	1862.3	2110.3	13925.7
41413	1851.3	2022.9	13185.1
14979	1870.9	2086.9	13676.4
17717	1861.2	2108.1	13892.2
76224	1863.8	2096.6	14027.3
10481	1866.3	2093.5	13615.6
80233	1859.6	2054.2	13421.4
33431	1868.8	2116.1	13843.9
75560	1873.2	2125.5	13757.2
64239	1869.9	2088.3	13875.8
15880	1863.5	2095.1	13794.9
62184	1856.8	2078.4	13667.7
17103	1874.6	2162.2	13975.7
13809	1863.6	2067.6	13640.2
86751	1856.4	2086.9	13714.9
5933	1876.7	2066.3	13922.6
39322	1865.1	2052.9	13613.2
56823	1872.1	2126.0	14201.5
40690	1863.2	2092.4	13663.0
30805	1863.4	2125.3	13819.7
2761	1856.9	2097.0	13560.2
75470	1864.3	2066.5	13350.8
14393	1852.4	2075.9	13582.3
7977	1873.8	2133.3	14025.5
7721	1859.7	2121.8	13960.7
32682	1871.9	2078.6	13889.0
9074	1882.4	2160.8	14164.4
22697	1868.7	2114.3	13867.3
40257	1861.2	2099.9	13483.9
71018	1870.8	2085.5	13650.5
51479	1866.0	2072.3	13578.1
66331	1859.1	2098.9	13851.9
60695	1857.6	2105.9	13598.6
89313	1853.9	2067.3	13525.5
36172	1865.1	2072.2	13544.6
65039	1857.0	2136.5	13668.7
83471	1862.9	2084.6	13622.8
87762	1859.7	2068.7	13589.2
53213	1859.9	2092.8	13520.8
85961	1849.0	2043.8	13360.0
85536	1868.8	2145.1	14029.1
22446	1870.7	2110.4	13754.0
49820	1876.5	2125.5	14023.8
64880	1873.4	2097.6	14187.0
52860	1864.6	2090.3	13834.9
26404	1875.4	2115.4	13987.7
35804	1864.9	2099.7	13800.6
8219	1873.0	2164.8	13950.7
71984	1873.1	2118.2	14099.4
61611	1857.0	2059.0	13431.9
47894	1863.7	2060.2	13729.5
81109	1862.2	2080.0	13523.4
6071	1869.0	2092.9	13709.2
15596	1861.9	2066.4	13642.3
48280	1872.4	2122.8	13811.2
75306	1863.9	2070.1	13852.2
64074	1875.0	2164.9	14037.9
80078	1851.9	2075.5	13546.9
982	1856.2	2090.4	13835.0
44675	1879.6	2160.0	14199.1
52497	1870.6	2065.0	13642.3
77783	1854.6	2059.5	13867.4
36248	1866.9	2126.2	13910.4
15546	1863.2	2044.5	13432.7
8887	1869.6	2137.0	13782.7
77555	1856.6	2079.1	13818.7
31863	1856.4	2046.5	13478.5
17261	1872.1	2127.2	14255.5
68757	1853.4	2053.3	13311.6
75601	1866.9	2072.9	13851.8
44673	1860.1	2064.1	13578.7
58241	1859.6	2098.0	13699.9
80401	1842.2	2013.8	12939.0
60491	1875.9	2105.1	14050.2
22430	1856.1	2066.4	13316.3
65294	1858.8	2095.4	13611.1
25502	1853.2	2030.6	13186.4
50775	1855.3	2125.6	14112.4
16751	1873.2	2137.1	14006.3
27377	1873.9	2155.7	13863.8
80867	1865.5	2074.1	13545.6
48450	1871.2	2071.8	13868.5
16624	1865.5	2078.9	13604.6
18618	1865.8	2084.3	13628.3
56534	1863.7	2143.0	13898.4
24478	1874.9	2169.5	14323.6
8997	1841.7	2087.2	13256.9
7883	1876.7	2155.5	14147.3
32873	1866.7	2140.8	13980.0
74985	1861.2	2129.7	13917.5
51931	1880.5	2138.8	13842.8
63706	1872.6	2110.2	13897.0
24917	1875.7	2155.5	14328.1
32993	1863.5	2093.4	13856.9
71299	1866.3	2087.8	13831.5
15795	1852.4	2067.5	13386.1
10784	1858.8	2094.8	13652.7
57756	1864.8	2071.7	13570.6
61546	1856.8	2089.2	13639.4
78391	1863.8	2097.9	14002.1
38656	1859.3	2079.0	13413.1
82031	1862.1	2044.7	13675.2
37519	1876.4	2116.3	13807.8
70694	1878.5	2130.0	14099.7
31605	1874.8	2097.8	13756.8
12767	1876.9	2152.9	14371.7
71546	1857.3	2116.5	13691.1
39342	1863.2	2137.5	13694.1
37592	1876.7	2162.3	13897.0
4499	1857.3	2090.3	13406.2
29071	1866.4	2118.2	13707.8
87677	1864.1	2062.6	13693.4
44603	1858.7	2083.3	13598.7
83413	1842.9	2046.8	13436.5
50322	1878.4	2106.4	13736.3
40077	1869.0	2136.7	14515.7
23670	1868.7	2155.7	14071.1
53419	1871.1	2076.3	13774.5
43830	1859.4	2051.1	13485.6
14063	1859.6	2121.5	13732.8
56817	1869.6	2176.1	14039.2
75051	1862.1	2095.9	13850.2
39211	1856.6	2049.8	13426.3
46452	1872.1	2180.9	14405.8
12614	1884.6	2114.0	14038.4
11809	1858.9	2111.6	13573.1
6804	1846.2	2042.2	13173.7
77810	1876.4	2073.4	13942.1
30252	1873.5	2048.2	13721.0
17564	1864.2	2104.7	13779.3
37317	1862.0	2116.8	13736.0
71957	1868.1	2077.6	13590.6
84329	1868.0	2131.9	14048.7
6584	1857.0	2079.7	13496.1
27376	1867.3	2107.8	13837.2
15635	1865.1	2142.5	13938.0
56478	1869.1	2124.3	13757.3
17556	1863.7	2075.9	13770.6
35795	1866.4	2082.3	13861.4
52772	1874.4	2113.0	13935.6
4325	1866.2	2156.0	14154.6
76479	1868.2	2064.8	13459.6
78488	1875.4	2146.7	13785.0
83616	1860.5	2068.0	13643.9
56878	1865.2	2077.0	13773.8
74526	1857.3	2076.7	13657.4
79050	1854.6	2125.4	13474.7
23981	1870.5	2127.4	13846.1
35369	1875.8	2088.1	13780.0
17659	1870.0	2111.8	14052.5
30100	1866.3	2127.4	13593.2
24897	1859.7	2067.5	13376.9
19514	1876.0	2145.4	14003.1
15428	1878.3	2175.0	14484.5
69855	1869.6	2105.1	13941.0
4377	1859.6	2133.4	13857.3
50232	1883.3	2130.6	14218.8
17199	1855.1	2081.2	13593.4
67446	1865.8	2116.6	13859.7
85659	1863.1	2048.1	13437.0
35246	1869.2	2111.0	13983.5
38886	1857.9	2097.7	13607.7
40005	1866.4	2094.3	14013.1
19236	1873.5	2161.7	14170.2
5638	1872.6	2131.7	13919.7
7683	1867.3	2083.0	13914.3
68030	1861.7	2144.9	14055.3
44868	1879.8	2137.3	14052.3
47504	1865.4	2120.8	13805.2
26961	1873.3	2155.4	14058.9
47662	1869.3	2092.7	13655.8
6534	1864.9	2097.7	13753.4
59420	1873.4	2050.3	13662.9
24136	1866.7	2086.3	13606.9
72159	1863.8	2113.3	13794.3
41203	1862.6	2087.6	13575.3
42378	1883.8	2140.3	14195.5
44026	1874.4	2153.5	13890.2
50793	1875.6	2091.9	14004.6
58847	1868.9	2104.7	13628.5
55825	1878.6	2121.3	14487.9
25981	1861.1	2126.5	13987.7
79852	1855.5	2032.2	13434.3
15933	1856.3	2111.6	13956.1
23280	1881.5	2144.9	13947.7
13296	1848.8	2061.1	13167.6
20953	1859.3	2083.4	13537.2
28490	1883.8	2154.7	14085.1
15372	1866.4	2123.9	14137.4
45306	1870.7	2123.5	13934.0
33592	1864.7	2091.6	13563.2
76866	1866.8	2086.0	13961.3
35603	1863.3	2092.7	13734.7
37433	1880.7	2110.0	13876.5
51928	1885.3	2165.4	14208.0
12757	1876.9	2097.2	14017.6
60377	1864.9	2121.6	14391.6
52800	1853.1	2153.6	13661.0
76459	1870.2	2052.3	13859.0
55208	1853.2	2034.9	13415.8
37399	1878.3	2103.4	14000.9
31883	1880.9	2079.9	14019.5
44483	1853.9	2083.5	13392.3
57666	1858.1	2075.5	13657.6
72880	1872.0	2074.6	13671.4
6902	1881.1	2136.2	14069.5
72431	1866.7	2139.1	13894.6
5287	1890.7	2153.7	14266.6
31880	1863.3	2109.0	13867.4
79484	1860.1	2097.8	13578.3
65818	1866.6	2044.8	13867.2
14294	1880.3	2124.1	14231.0
47854	1869.7	2100.6	13822.4
14875	1850.9	2098.9	13550.2
60922	1858.4	2093.5	13563.3
41677	1861.1	2077.4	13418.9
21826	1866.5	2141.9	13815.7
11329	1881.3	2178.2	14525.0
45608	1869.0	2151.7	14813.3
645	1855.0	2055.5	13467.7
6494	1866.8	2082.5	13782.4
39443	1870.4	2116.0	13896.4
29231	1873.7	2139.5	13989.6
30919	1863.7	2084.4	13838.2
1766	1863.9	2113.3	13660.4
86695	1877.0	2102.6	14121.4
82344	1880.1	2143.6	14037.7
60180	1877.5	2148.3	14082.8
37441	1869.3	2104.3	13626.1
37904	1854.8	2121.3	13466.4
79938	1856.4	2143.7	13935.4
17066	1886.3	2205.7	14688.7
66159	1864.8	2059.3	13478.6
67899	1858.9	2048.2	13377.4
57760	1863.3	2078.5	13583.0
88011	1882.5	2097.4	13953.9
53356	1865.5	2117.9	13563.7
12220	1855.1	2078.0	13477.7
71185	1877.9	2113.8	14199.5
16440	1883.4	2121.6	14330.8
29038	1876.0	2141.9	14481.0
34823	1858.6	2085.3	13675.9
6599	1859.2	2086.1	13576.5
16416	1862.1	2089.8	13493.5
42322	1850.0	2026.4	13333.8
75196	1858.3	2031.1	13626.1
18522	1859.1	2083.9	13418.3
77883	1840.1	2029.3	13072.7
69820	1884.9	2172.4	14807.1
31378	1862.5	2106.9	13895.3
22179	1850.3	2080.5	13333.6
79420	1858.2	2123.7	13944.4
57775	1856.7	2079.3	13564.2
71440	1848.8	2027.6	13183.2
39147	1870.9	2122.4	14366.5
1188	1859.2	2074.8	13369.6
67511	1871.9	2152.6	15179.5
54848	1864.7	2157.4	14186.6
59328	1877.2	2121.9	13977.7
83669	1875.8	2107.4	14421.5
21031	1887.2	2192.0	14328.9
61324	1863.3	2048.9	13388.7
89906	1851.0	2069.6	13413.5
