2876	1861.4	2105.0	13535.4
12656	1869.9	2126.8	13902.8
22344	1863.2	2089.5	13656.1
41099	1866.4	2103.7	13682.3
79596	1886.8	2137.5	14079.8
142	1878.0	2174.7	14480.3
54496	1871.4	2104.6	13869.3
16553	1854.4	2078.7	13338.5
60556	1853.9	2077.2	13615.3
4782	1876.9	2147.3	13998.2
48159	1859.0	2084.3	13357.3
50999	1861.4	2129.4	13775.3
12477	1862.0	2048.4	13459.1
47747	1852.8	2081.8	13591.2
77365	1866.3	2106.2	13722.3
49418	1880.6	2144.6	14137.7
19915	1854.1	2067.0	13529.6
41309	1876.9	2158.8	14318.9
82802	1854.6	2085.4	13615.3
18665	1860.7	2151.4	13944.7
76813	1870.1	2114.3	13828.9
24273	1881.6	2149.9	14192.2
10430	1863.4	2141.6	13680.8
32189	1868.4	2063.0	13487.7
77913	1869.8	2142.0	14387.5
59869	1852.2	2039.9	13459.5
4052	1863.3	2121.6	13597.0
59197	1863.0	2092.1	13768.8
15898	1854.7	2091.7	13467.2
54927	1852.8	2018.9	13216.5
57355	1869.8	2100.8	13953.1
7266	1872.4	2139.6	13686.2
28330	1882.1	2090.5	14162.5
7808	1856.9	2088.0	13857.4
10006	1862.6	2118.5	13697.6
82041	1885.1	2142.6	14095.2
74744	1861.7	2047.3	13363.7
24586	1863.0	2056.3	13679.9
37767	1873.5	2131.7	13918.1
88026	1871.4	2129.1	13891.1
37262	1863.2	2073.3	13705.9
73507	1850.0	2062.1	13466.9
19409	1872.8	2062.8	13841.4
43670	1861.8	2096.7	13558.9
49255	1869.4	2080.9	13618.5
14843	1867.1	2109.4	13724.3
47815	1866.9	2069.6	13885.3
44298	1848.5	2083.3	13459.8
54736	1863.2	2129.8	13648.6
12844	1859.6	2129.6	14196.4
5059	1857.2	2100.1	13747.9
74338	1856.1	2092.3	13639.8
43236	1872.5	2122.4	13747.6
60015	1869.6	2123.6	13927.5
65763	1861.8	2095.1	13558.8
30666	1881.3	2146.1	14226.7
46396	1858.0	2097.3	13897.0
58489	1854.3	2023.2	13301.6
7247	1870.1	2108.9	13689.3
46936	1878.2	2118.3	13918.8
58894	1855.8	2058.2	13427.1
656	1853.9	2092.4	13452.4
78219	1850.1	2044.9	13451.2
3130	1871.3	2136.8	14092.8
1018	1860.9	2075.4	13657.0
11021	1856.5	2077.0	13263.1
80114	1862.3	2089.8	13679.2
83083	1865.2	2056.2	13897.2
60384	1867.6	2101.8	13841.1
22335	1863.9	2100.1	14717.9
29464	1870.5	2159.2	14286.8
31920	1863.6	2064.0	13357.7
5112	1869.0	2088.4	13688.7
59180	1856.9	2108.2	13830.2
87103	1889.2	2145.0	14359.3
78145	1871.4	2077.2	13864.1
22135	1884.3	2071.0	14089.6
64699	1866.9	2155.0	14787.8
82803	1855.5	2046.0	13579.5
8241	1876.2	2176.4	13948.7
46327	1876.9	2128.0	13779.7
47941	1863.4	2065.3	13851.5
48910	1876.4	2137.8	14089.3
17603	1829.1	1976.1	12690.4
62153	1880.9	2189.3	14325.7
1825	1851.4	2056.9	13312.8
33396	1885.0	2142.6	14443.0
54490	1853.8	2067.7	13477.2
11387	1862.0	2085.9	13460.4
23945	1862.9	2099.6	13867.4
20562	1869.3	2134.2	13933.1
20533	1853.4	2074.2	13716.2
21500	1881.5	2187.4	14422.2
11024	1859.5	2069.4	13357.9
87388	1867.4	2072.4	13616.3
51706	1865.4	2097.7	13609.3
33512	1863.1	2057.3	13493.4
34721	1862.5	2150.2	13876.6
84794	1856.9	2022.8	13749.2
5428	1849.6	2088.4	13241.4
76332	1890.2	2157.1	14176.3
8516	1871.1	2086.2	13824.5
3497	1861.3	2095.4	13885.7
53201	1851.2	2085.5	13503.2
44947	1878.5	2189.8	14204.7
70107	1861.8	2076.6	13580.1
66660	1878.6	2149.1	14170.8
66853	1866.9	2124.5	13805.6
9247	1858.4	2091.4	13506.2
50365	1853.8	2078.2	13699.1
74463	1866.8	2102.4	13775.5
22490	1863.2	2079.9	13530.4
32605	1882.0	2157.5	14441.2
32098	1861.9	2120.6	13811.2
16593	1858.6	2094.8	13768.7
2647	1855.8	2070.7	13607.2
73202	1857.3	2086.7	13641.4
63589	1885.2	2168.0	14541.5
9070	1888.6	2165.0	14199.8
25845	1858.3	2110.8	13512.0
5048	1871.4	2139.8	13795.5
51210	1868.4	2113.4	13690.0
64389	1879.1	2161.9	14664.4
84470	1875.0	2117.3	14025.2
5207	1872.0	2103.4	14453.3
74248	1859.5	2067.1	13764.6
64749	1866.5	2093.2	13573.1
63679	1879.6	2161.8	14234.2
47327	1861.0	2074.4	14152.8
4429	1875.8	2186.5	13982.2
83987	1865.7	2066.3	13589.3
7702	1865.9	2151.6	13704.8
57885	1870.5	2123.0	13859.7
17840	1851.7	2029.8	13493.4
48671	1865.4	2133.6	14234.8
1310	1864.4	2141.6	13779.7
72869	1878.8	2170.1	14269.6
54811	1865.0	2097.3	13588.5
4464	1868.6	2100.0	13593.4
47862	1877.5	2085.0	13772.2
18677	1875.2	2160.1	14323.5
79825	1864.1	2068.7	13404.7
24036	1869.5	2076.7	13682.1
76671	1854.3	2072.4	13551.1
38779	1866.8	2127.1	14106.2
69983	1870.1	2090.9	13612.8
48448	1875.1	2148.4	13996.3
7461	1865.3	2121.9	13954.0
28229	1858.1	2107.1	13891.2
66073	1864.3	2132.7	13656.6
12489	1871.0	2151.3	14029.7
3058	1852.4	2087.0	13377.4
26374	1865.2	2107.0	13674.4
63209	1865.0	2123.2	13846.7
33778	1868.0	2147.9	14079.7
50370	1874.8	2120.4	13909.4
29008	1863.7	2123.4	13777.2
70918	1883.0	2179.4	14618.6
9318	1873.6	2161.2	14067.9
35516	1858.6	2094.6	13518.0
27380	1888.6	2188.3	14350.5
70949	1867.0	2144.2	14153.5
52733	1856.0	2040.3	13438.5
21891	1864.8	2085.5	13536.4
8424	1882.3	2168.0	14505.3
73441	1865.8	2115.0	13775.6
67985	1860.7	2080.3	13501.0
72862	1857.2	2086.8	13623.7
65689	1867.7	2111.1	14056.0
71071	1871.7	2087.0	13474.3
35151	1874.6	2071.1	13560.0
73364	1870.5	2077.0	14022.7
64976	1885.0	2152.7	14317.3
4502	1883.2	2150.0	14254.4
26560	1877.1	2127.0	14264.0
10417	1869.7	2134.5	13849.3
7051	1878.2	2127.2	14223.7
52062	1859.2	2117.0	13698.1
59066	1869.5	2108.5	13705.3
48088	1858.8	2085.2	13572.3
65805	1868.7	2072.2	13547.4
15887	1851.9	2085.7	13526.7
31972	1856.5	2069.9	14140.4
36112	1886.2	2172.7	14505.5
84430	1877.0	2147.6	14213.3
42890	1864.3	2126.1	13650.5
34782	1877.2	2181.0	14194.0
28176	1869.4	2116.5	13905.5
56087	1851.3	2053.5	13256.8
12025	1860.6	2101.3	13555.0
12531	1868.9	2109.8	13713.8
61907	1861.3	2090.2	14058.2
65411	1868.8	2041.4	13508.6
12855	1863.3	2071.9	13695.1
7599	1875.4	2105.3	13975.3
29363	1864.8	2134.0	13845.9
85058	1865.7	2083.0	13641.5
19322	1868.9	2119.6	13600.5
42028	1875.3	2152.5	14337.3
62202	1860.6	2077.4	13375.6
53911	1882.2	2100.2	14095.9
8416	1864.2	2127.4	14202.6
51781	1863.6	2099.8	13734.9
32442	1876.0	2136.8	14176.1
19442	1860.1	2064.8	13324.4
37502	1857.6	2087.2	13571.3
20078	1858.7	2082.2	13629.4
30733	1848.9	2082.8	13645.6
40291	1878.9	2179.8	14523.7
86229	1886.4	2107.9	14232.6
7517	1861.2	2104.3	13605.5
19957	1862.3	2093.6	13814.8
64794	1877.6	2127.6	13967.5
65049	1862.3	2093.4	13620.1
75445	1860.0	2082.4	13638.4
80424	1869.9	2131.7	14347.9
10911	1866.2	2094.3	13557.7
83376	1870.9	2077.9	13949.9
491	1874.8	2099.7	14092.6
69988	1885.6	2165.1	14183.3
8500	1881.3	2143.2	14429.1
31615	1871.2	2105.9	13581.9
75648	1878.7	2205.7	14372.3
87565	1871.4	2047.2	13805.3
67121	1868.1	2068.2	14826.6
9297	1868.1	2151.1	13989.3
33690	1873.1	2129.0	13783.3
27503	1881.8	2153.2	14069.6
67068	1852.5	2060.7	13537.1
36505	1880.2	2155.0	14206.3
42687	1867.2	2100.7	13842.2
3241	1868.7	2178.9	13866.0
52249	1851.3	2053.9	13414.7
53007	1882.5	2164.3	14284.0
11242	1859.1	2155.6	13932.1
62207	1863.3	2070.1	13458.0
18471	1863.4	2071.0	13649.7
40029	1873.9	2139.5	13871.4
16321	1861.0	2086.3	13772.2
27987	1872.1	2103.3	13747.3
39192	1869.2	2115.4	13982.5
52379	1868.8	2104.7	13743.9
25587	1864.2	2096.6	13896.7
26836	1853.9	2048.5	13377.0
62339	1872.9	2081.5	13914.1
23439	1866.9	2122.5	13518.4
18384	1865.8	2098.6	13523.9
63889	1864.0	2082.3	13662.2
63228	1866.3	2063.5	13577.6
4292	1854.6	2109.3	13807.5
13247	1855.1	2106.3	13678.9
36339	1864.6	2103.4	13896.4
69041	1852.6	2058.0	13327.2
59815	1865.1	2060.8	13520.0
64307	1877.1	2103.0	13861.6
9710	1861.1	2128.2	13972.3
54430	1877.4	2113.7	14328.6
8382	1880.8	2128.4	14016.1
64770	1868.4	2091.3	13565.1
87678	1860.3	2098.6	13276.4
3351	1860.3	2053.5	13281.4
22130	1855.1	2081.3	13476.1
10209	1881.5	2165.3	14334.8
18521	1876.2	2093.0	13648.2
18714	1873.7	2100.7	13564.8
74196	1852.2	2138.7	13580.9
11849	1866.2	2073.2	13587.9
48516	1854.1	2072.4	13702.0
69324	1856.9	2085.5	13550.9
39775	1869.8	2110.2	13756.8
28958	1886.4	2140.7	14564.5
62117	1867.7	2063.5	13710.6
74224	1856.5	2108.5	13746.3
10088	1874.3	2110.9	13949.8
76777	1868.6	2103.3	14071.5
82311	1841.4	2000.2	12862.5
81554	1862.3	2049.3	13617.5
70834	1847.9	2038.8	13225.5
4475	1871.1	2152.9	14022.0
45839	1858.4	2087.3	13417.6
27676	1869.8	2130.0	13941.0
89790	1871.5	2087.0	13903.0
4099	1865.2	2098.2	13887.9
42161	1860.9	2140.1	14073.6
53337	1889.5	2094.4	14257.6
32985	1856.5	2035.4	13149.5
786	1873.5	2145.3	14061.4
51643	1860.1	2079.9	13672.6
11834	1858.6	2104.4	13466.6
61466	1872.1	2115.8	13913.6
67333	1865.3	2055.9	13477.5
3861	1874.7	2149.1	14171.0
31892	1850.1	2066.3	13511.5
25574	1852.9	2085.0	13606.2
63451	1865.9	2106.6	13748.9
75173	1877.2	2156.6	14598.3
17775	1864.2	2151.5	13709.4
42527	1874.2	2111.0	13789.1
15599	1844.3	2072.0	13091.0
75204	1865.7	2096.0	13575.4
17544	1861.9	2093.0	13551.0
72712	1863.0	2068.0	13640.7
44588	1863.6	2085.2	13537.7
68125	1869.8	2098.3	13714.0
2114	1854.4	2038.8	13315.5
86698	1859.1	2064.9	13464.3
28531	1875.1	2150.0	14070.2
23804	1872.0	2109.9	13800.9
24799	1866.7	2157.2	13812.2
72496	1853.6	2087.0	13444.1
36331	1867.6	2100.8	14232.9
40057	1879.4	2131.1	13985.8
64052	1856.3	2054.1	13303.6
6821	1865.0	2094.5	13615.3
70582	1881.1	2137.8	14330.7
23569	1855.2	2035.8	13386.8
16388	1864.7	2113.9	13849.4
77235	1853.9	2055.7	13552.6
73573	1858.1	2093.2	13533.9
77614	1856.6	2094.2	13515.3
76249	1882.7	2154.1	14233.5
78760	1864.6	2089.5	13619.6
68319	1868.1	2067.3	13586.0
66063	1874.3	2158.0	14283.3
72482	1845.1	2080.7	13357.7
7456	1868.3	2092.3	13851.8
36591	1870.8	2137.1	13927.7
76319	1865.5	2046.0	13391.7
19965	1856.6	2092.5	13555.3
16399	1886.1	2175.0	14458.8
16897	1857.7	2151.6	13697.7
38627	1863.2	2063.9	13593.9
44051	1894.1	2146.7	14738.6
37063	1884.4	2173.0	14332.7
18089	1862.0	2037.8	13375.5
31946	1854.7	2097.5	13383.1
71659	1866.5	2135.1	13746.0
74550	1874.7	2146.3	13961.3
33167	1853.7	2064.3	13384.5
21209	1863.9	2154.2	14141.1
44060	1870.6	2069.3	13937.9
61836	1861.0	2113.1	13688.3
86299	1864.7	2126.7	13990.2
14421	1853.3	2052.5	13396.4
65480	1861.9	2090.2	14152.0
65946	1856.6	2060.8	13382.3
20337	1858.1	2072.6	13387.9
66425	1866.9	2128.1	13914.8
63266	1861.0	2063.2	13590.9
86286	1864.1	2105.1	13832.3
44937	1861.5	2084.5	13534.9
13564	1869.8	2118.2	13748.9
1884	1865.6	2117.0	13755.8
72931	1863.1	2094.1	13959.5
81535	1874.5	2086.8	13957.4
1666	1866.3	2116.2	13791.0
39750	1870.3	2114.7	13601.0
49478	1867.2	2094.7	13834.5
65984	1864.2	2105.6	13654.7
65294	1862.3	2127.0	13770.0
68907	1861.1	2068.6	13732.8
42432	1862.0	2115.8	13999.8
79220	1868.0	2073.7	13611.8
35081	1862.5	2103.3	13732.9
83446	1852.5	2125.5	14116.7
55752	1872.9	2127.0	13942.4
2631	1868.8	2108.6	13857.3
18271	1871.7	2090.5	14118.7
377	1858.6	2098.6	13447.0
87749	1865.9	2073.5	13652.4
23397	1869.1	2113.4	13717.8
16452	1865.2	2079.9	13548.1
10922	1866.5	2085.7	13590.9
5727	1862.4	2095.7	13540.5
50834	1872.5	2071.3	13656.8
73867	1853.5	2036.7	13350.7
72485	1864.5	2082.7	13844.7
89003	1871.4	2111.0	13936.3
19774	1865.7	2094.2	13600.3
87519	1847.3	2118.0	13428.8
84917	1860.4	2059.0	13564.1
65838	1863.8	2165.3	14293.1
42451	1868.1	2067.9	13642.3
19445	1861.5	2163.7	13778.7
86113	1878.8	2151.6	14407.2
22783	1861.1	2176.8	14011.9
42637	1872.9	2050.1	13590.3
9264	1854.0	2077.9	13523.8
25128	1871.6	2111.2	13916.2
80165	1869.8	2125.4	14038.4
51905	1873.6	2136.7	14140.4
65154	1868.5	2117.6	13999.7
34104	1860.9	2055.9	13637.7
7363	1870.3	2129.1	13880.7
31421	1859.6	2124.0	13899.4
13834	1860.3	2105.6	13771.3
20022	1873.3	2117.8	13669.3
89668	1862.5	2092.5	13799.9
7714	1849.8	2089.2	13472.6
43138	1868.4	2107.8	13701.9
82423	1869.3	2101.0	14011.7
43630	1856.1	2051.1	13991.9
38822	1848.1	2087.9	13439.3
3329	1866.7	2108.1	13777.0
7506	1863.3	2106.2	14072.0
12544	1865.8	2130.8	14004.3
14733	1855.5	2056.3	13445.1
63671	1859.9	2047.4	13546.9
62806	1869.7	2112.6	13719.8
14631	1869.3	2159.4	13935.2
33822	1856.8	2092.2	13659.3
2369	1865.1	2133.8	13660.4
85240	1859.9	2055.0	13587.4
22149	1866.9	2132.5	14252.5
43766	1843.4	1999.3	13129.6
60784	1863.3	2091.2	13575.6
30812	1876.4	2101.1	13871.2
29262	1869.7	2144.1	14093.0
78825	1856.3	2052.9	13392.8
31478	1844.4	2047.9	13213.3
10662	1867.3	2132.1	13628.6
25168	1871.2	2097.1	13834.1
22401	1865.9	2095.2	13655.7
72868	1866.4	2110.2	13909.1
36876	1857.1	2126.0	13827.7
20595	1868.1	2103.7	13801.8
68510	1876.1	2147.2	14200.3
47116	1846.9	2089.1	13408.1
57084	1889.4	2183.1	14910.5
42638	1862.1	2111.0	13758.6
18275	1859.2	2121.0	13675.6
63027	1860.9	2107.5	13898.5
5157	1877.5	2094.6	13830.8
89794	1874.9	2105.6	13667.5
31250	1877.4	2121.6	14263.8
58491	1891.9	2185.4	14634.0
66700	1856.3	2084.1	13629.1
8844	1861.2	2082.7	13384.4
14296	1859.3	2069.5	13514.9
40285	1874.6	2112.7	13896.3
45343	1858.0	2074.7	13479.8
28843	1863.3	2071.1	13537.4
62187	1877.5	2094.9	13889.8
40661	1866.4	2072.6	13595.9
87792	1877.5	2095.1	13834.2
37584	1867.2	2095.8	13585.3
74670	1867.6	2140.6	14237.0
58522	1853.0	2081.1	13616.1
69588	1873.5	2076.6	13661.7
59781	1871.1	2089.5	13971.9
35627	1857.3	2078.2	13728.0
67061	1872.1	2143.7	13955.0
17374	1869.0	2112.2	14002.1
3387	1870.0	2143.9	13972.0
75972	1875.7	2131.3	14294.8
82730	1860.3	2090.4	13583.6
9479	1875.5	2137.3	13872.2
8274	1881.2	2145.8	14010.7
77176	1850.0	2046.5	13267.6
84854	1873.9	2118.3	13928.0
19944	1864.1	2165.6	13934.1
16145	1879.6	2135.3	13786.7
85612	1854.1	2062.3	13602.9
45301	1867.1	2108.3	13817.8
85540	1872.8	2167.9	14037.9
6885	1868.3	2113.5	13829.5
36827	1865.1	2136.8	14522.9
87140	1875.0	2070.6	13879.0
78797	1889.2	2173.8	14716.8
597	1869.8	2159.7	14156.0
4377	1867.2	2126.9	13745.4
41227	1877.4	2168.3	14368.3
83031	1865.3	2098.9	13637.0
80091	1876.0	2087.6	13998.3
43362	1868.5	2178.0	14187.1
85919	1873.6	2132.8	13990.1
68716	1867.7	2125.5	13767.9
2057	1862.9	2146.6	14101.5
73725	1872.0	2114.4	14092.9
10518	1867.6	2099.6	13870.0
51855	1873.3	2077.1	13575.0
5613	1860.9	2058.6	13454.6
84903	1863.2	2106.9	13683.4
33543	1868.3	2163.9	14197.2
84023	1883.5	2120.4	14379.6
11983	1853.8	2046.9	13512.8
70864	1872.5	2107.3	13818.8
46063	1868.5	2073.5	14989.0
81507	1865.8	2123.8	14104.9
30548	1852.4	2051.6	13410.8
54426	1856.5	2091.1	13557.3
7895	1860.2	2086.0	13632.9
79696	1861.5	2058.7	13530.6
23749	1877.3	2175.8	14286.6
69304	1877.8	2089.0	14152.1
31300	1880.8	2150.4	14224.5
3743	1880.3	2116.6	14058.6
85829	1862.4	2094.5	13735.3
89277	1874.2	2115.6	13784.9
69237	1863.3	2083.0	13778.8
46329	1876.0	2154.1	14296.2
7686	1879.7	2162.4	14241.4
66630	1853.0	2093.6	13412.0
58155	1857.5	2073.3	13863.8
11452	1855.0	2084.8	13494.7
21620	1859.1	2115.2	13611.2
78128	1865.5	2038.4	13607.2
57834	1864.8	2110.6	13864.4
72429	1861.9	2072.0	13728.8
45655	1847.4	2060.4	13322.4
70517	1859.7	2036.0	13543.2
34739	1882.0	2185.8	14211.2
32718	1848.0	2029.6	13384.2
65604	1862.6	2097.4	13925.3
45482	1879.0	2092.2	13592.6
83892	1855.4	2090.0	13421.3
47885	1875.4	2159.7	14042.9
27662	1850.4	2088.3	13292.8
16419	1874.9	2118.6	14049.3
54781	1872.6	2075.6	13734.6
73125	1851.1	2064.9	13317.2
34323	1872.2	2103.2	13967.6
62689	1881.2	2127.3	14117.4
68816	1868.5	2112.4	13620.7
61381	1882.3	2158.3	14374.8
20673	1870.5	2096.7	13884.7
88141	1857.6	2035.5	13447.4
85454	1872.3	2131.2	14099.4
29552	1879.5	2172.0	14512.7
86321	1869.5	2061.1	13705.2
60308	1859.9	2134.1	13765.0
78310	1879.7	2110.1	13996.5
17032	1862.9	2077.1	13764.1
60215	1859.8	2084.0	13663.8
36715	1859.6	2111.3	13755.9
50670	1867.6	2132.3	14057.1
60891	1875.1	2111.8	13723.2
30134	1860.8	2089.5	13614.6
81551	1868.4	2090.5	13790.7
2782	1868.4	2117.4	13867.8
74808	1868.0	2081.6	13617.6
4307	1882.0	2166.7	14218.8
57884	1862.6	2121.4	13953.2
86999	1868.8	2077.7	13709.7
56443	1872.8	2127.3	14089.5
62610	1860.3	2040.9	13709.1
64605	1857.8	2050.4	13795.4
54060	1870.3	2112.4	13752.9
53187	1855.7	2083.6	13538.2
71349	1852.4	2056.3	13334.6
51172	1864.1	2088.5	13451.9
47864	1864.4	2115.0	13939.5
7047	1880.0	2151.3	14543.5
23147	1855.7	2060.0	13473.3
41759	1868.3	2118.7	13621.1
45146	1865.4	2114.8	13837.4
4806	1855.8	2068.7	13350.5
3156	1861.5	2128.1	13617.9
87224	1874.6	2126.6	13731.2
7283	1870.8	2080.3	13833.1
34763	1864.6	2126.9	13615.9
36398	1860.7	2084.5	13652.1
66978	1862.0	2061.3	13383.1
83486	1859.1	2052.3	13779.2
7653	1874.3	2110.8	13918.1
1982	1860.4	2128.7	13843.5
17224	1881.6	2136.8	14014.0
16104	1866.6	2127.0	13678.8
57228	1866.4	2145.7	13796.3
14095	1866.7	2107.3	13732.3
47655	1871.3	2050.7	13563.2
2746	1859.4	2100.0	13751.6
21615	1853.6	2087.7	13708.9
22253	1892.7	2161.7	14196.6
75774	1878.0	2107.2	14277.6
85017	1856.7	2025.7	13418.2
24800	1870.2	2120.4	13950.6
29289	1862.1	2124.2	13604.2
76157	1877.6	2148.2	14050.5
18054	1868.2	2146.8	13744.6
45134	1857.2	2048.3	13474.7
47201	1855.3	2081.8	13584.4
32618	1865.9	2068.8	13582.4
64796	1887.8	2217.7	14574.6
62237	1877.0	2099.1	14010.9
70374	1870.3	2098.4	13987.3
3117	1875.6	2100.5	13736.6
26761	1869.1	2088.3	13578.9
50996	1869.4	2082.8	13740.3
73237	1863.5	2081.5	14081.2
47466	1859.9	2030.6	13573.0
66400	1873.4	2150.1	14863.0
42171	1875.8	2160.8	15015.3
56212	1843.2	2088.1	13367.5
38219	1858.9	2107.1	13586.6
49756	1874.5	2062.4	13657.6
4748	1859.4	2094.3	13680.1
88491	1871.8	2107.1	14441.6
64734	1882.0	2124.9	14101.6
87763	1866.7	2105.0	13734.4
70197	1861.9	2059.3	13653.9
88062	1870.8	2079.6	13795.6
68214	1857.4	2067.5	13545.0
20112	1880.7	2215.0	14798.9
48545	1878.8	2144.6	14325.8
23176	1857.7	2108.8	13641.9
47358	1863.2	2127.7	13847.1
62470	1874.7	2114.4	14153.9
9951	1871.1	2187.7	13986.4
64232	1860.1	2035.9	13380.4
484	1871.7	2149.5	13944.6
1409	1871.5	2175.5	14217.7
42961	1844.4	2051.7	13254.9
429	1860.9	2084.7	13440.6
89447	1857.5	2025.2	13328.5
88625	1867.9	2077.2	14189.7
13862	1883.9	2146.6	14311.1
69044	1883.0	2141.7	14113.9
15977	1865.1	2102.9	13625.8
45461	1870.3	2118.4	14269.5
43728	1859.5	2117.2	13769.9
75252	1861.7	2078.6	13775.9
30574	1863.1	2089.9	13654.6
17077	1853.7	2049.7	13482.9
82879	1883.9	2170.8	14000.0
75609	1863.7	2050.2	13681.3
62676	1863.3	2084.7	13731.0
2910	1866.9	2084.1	13722.5
2639	1870.5	2106.2	13805.2
1993	1855.8	2073.8	13501.0
24746	1866.8	2082.0	13519.9
62293	1854.5	2059.5	13302.7
45026	1856.3	2081.5	13571.6
60595	1876.3	2149.9	14130.1
35063	1868.0	2070.2	13694.6
13659	1880.2	2173.6	14078.4
25181	1863.7	2078.3	13683.7
80814	1873.6	2120.5	13971.6
81039	1859.7	2133.1	14028.4
8922	1859.2	2100.2	13666.0
78679	1873.9	2068.5	13767.0
26442	1867.1	2090.9	13864.0
50851	1870.8	2102.1	13816.8
55999	1862.2	2049.4	13716.7
70454	1875.0	2122.4	13952.4
59021	1875.8	2127.1	13992.7
58563	1866.8	2139.0	13859.9
33491	1881.3	2109.1	13921.2
7144	1848.9	2057.1	13492.7
52607	1870.0	2115.0	14032.6
9892	1879.9	2124.4	14034.7
50950	1868.0	2097.2	14088.4
26353	1872.3	2091.0	13645.9
21246	1861.8	2075.5	14036.5
44395	1859.0	2074.1	13496.5
12566	1860.2	2085.7	13962.2
69047	1877.1	2093.5	14232.1
23585	1864.4	2065.0	13512.0
50504	1873.3	2189.9	14050.3
61661	1867.8	2085.9	13642.3
43639	1867.2	2142.1	13991.5
61936	1857.5	2092.7	13678.1
22311	1871.3	2147.7	14003.9
57871	1858.9	2058.4	13516.0
4816	1864.6	2068.2	13527.9
17460	1870.3	2084.3	13748.4
54709	1868.4	2100.8	13746.5
42581	1880.4	2137.3	14152.4
6637	1859.7	2085.1	13499.5
34915	1853.7	2064.3	13421.9
57679	1881.5	2146.6	14196.7
515	1853.3	2043.1	13626.1
83408	1842.6	2073.8	13444.3
89578	1882.1	2086.2	14246.9
51575	1872.6	2115.0	13966.8
27289	1884.9	2151.9	14206.9
28409	1863.0	2155.5	13904.7
87715	1861.9	2091.9	13729.5
86973	1883.8	2116.8	14106.1
4895	1872.1	2078.4	14067.9
65429	1870.2	2136.6	13957.0
24264	1868.3	2054.2	13647.2
79331	1860.4	2109.9	13780.2
40658	1870.7	2116.3	13663.0
56090	1870.7	2151.6	14078.6
81091	1885.3	2128.1	13927.8
80758	1881.5	2124.7	14270.1
39981	1872.7	2112.1	13968.6
27869	1878.4	2115.2	13924.9
42725	1872.6	2076.9	13979.6
57244	1863.8	2076.5	13525.2
39012	1858.7	2125.2	13451.0
46454	1862.0	2095.4	13527.9
17844	1876.2	2127.4	13897.9
52958	1867.2	2108.3	13752.1
70224	1872.4	2116.5	13768.0
2082	1865.3	2097.6	13910.4
54611	1869.8	2091.7	13805.6
41990	1856.7	2094.7	13654.0
7981	1853.8	2045.5	13215.2
25787	1850.0	2030.9	13403.9
108	1856.0	2113.9	13742.8
53136	1873.6	2181.9	14385.7
54947	1868.8	2081.7	13812.5
57825	1874.3	2140.9	14117.8
23373	1873.5	2119.4	14080.6
84945	1874.1	2134.5	14093.1
53051	1867.8	2171.7	14287.2
58159	1852.8	2045.7	13439.4
57641	1865.3	2127.8	14152.0
9597	1866.0	2110.8	13532.5
67315	1880.6	2149.6	14259.5
88126	1870.7	2088.8	13540.1
66515	1880.4	2127.7	14036.1
44627	1855.4	2066.9	13868.6
48982	1873.2	2123.1	14064.5
73561	1872.2	2090.8	13877.1
3280	1852.1	2067.9	13412.6
34536	1853.8	2087.3	13495.4
73920	1875.1	2080.5	13761.7
75994	1859.3	2070.5	13588.2
51214	1870.7	2120.5	14074.4
14598	1871.1	2098.9	13918.8
73401	1874.2	2108.5	13785.2
63763	1874.0	2118.1	13791.9
34650	1860.4	2141.4	14171.0
83926	1875.9	2116.0	14095.0
30124	1861.7	2038.7	13563.9
74866	1856.4	2067.5	13680.3
14640	1870.4	2138.9	13926.2
19105	1873.5	2116.9	13761.0
17884	1858.7	2072.9	13574.4
10493	1854.2	2086.5	13539.4
89958	1868.6	2131.7	13918.7
48693	1869.6	2120.9	13861.0
73714	1877.8	2074.0	14095.8
76245	1852.7	2105.1	13562.8
37762	1855.8	2087.3	13618.2
77564	1854.6	2056.2	13367.5
79026	1869.3	2069.2	13826.3
53047	1856.8	2089.0	13640.7
71232	1863.1	2111.1	13940.4
15423	1880.4	2164.7	14463.2
27205	1864.9	2105.2	13858.4
59662	1867.2	2105.8	13988.7
64414	1859.6	2117.8	13585.3
24518	1872.4	2122.8	14077.7
47320	1872.9	2131.1	14067.8
63844	1880.3	2166.4	14402.9
58897	1859.4	2062.4	13477.6
68617	1851.7	2059.9	13479.2
65062	1876.8	2177.4	14238.6
10895	1878.2	2135.9	13949.4
54534	1878.8	2092.4	13805.3
86178	1856.6	2089.1	13563.3
38194	1873.3	2075.6	13688.4
49696	1873.8	2106.4	14126.9
79816	1864.0	2074.4	13624.6
63977	1861.8	2084.7	13547.0
43597	1842.3	2048.4	13140.3
34532	1853.8	2092.5	13499.1
24716	1865.7	2089.7	13874.9
10098	1871.3	2156.2	13901.0
1027	1867.9	2052.4	13553.0
8677	1865.2	2124.3	13848.3
15318	1870.0	2086.3	13736.5
21969	1850.2	2109.8	13774.8
10516	1864.3	2103.7	13749.2
27875	1853.3	2101.5	13600.8
75546	1852.0	2124.5	13716.5
64778	1864.9	2087.3	13649.2
49321	1879.4	2116.3	14026.5
82985	1856.8	2090.1	13522.7
10752	1865.7	2065.2	13695.3
58417	1855.1	2062.3	13336.6
15157	1875.0	2152.0	14151.4
85965	1868.7	2093.2	13600.7
27193	1875.6	2142.4	14092.7
69794	1866.1	2145.6	13845.3
66003	1858.4	2086.3	13535.3
26645	1874.0	2196.4	14073.1
72375	1858.2	2105.2	13639.6
55996	1861.0	2104.0	13520.4
74907	1856.3	2027.8	13609.3
4663	1864.8	2107.6	14089.0
73403	1868.0	2089.3	13892.5
27909	1868.3	2127.3	13683.1
1906	1856.8	2065.3	13497.4
37110	1865.7	2087.9	13608.7
16315	1862.5	2077.0	13473.5
52314	1857.0	2021.6	13407.4
10242	1873.5	2119.1	13907.4
47073	1886.8	2163.8	14414.5
72547	1882.3	2199.0	14234.1
27415	1887.0	2173.5	14192.3
62095	1854.8	2101.4	13331.2
62034	1864.6	2127.5	13791.7
82629	1867.1	2086.0	14226.7
28618	1871.6	2124.4	13760.1
17918	1851.5	2032.8	13141.9
18191	1861.5	2080.4	13595.8
33650	1869.7	2122.3	13756.2
5571	1868.1	2095.3	13514.3
16257	1881.4	2134.8	13990.9
37022	1868.6	2063.2	13751.7
9469	1868.2	2157.0	13704.7
47060	1864.7	2077.1	13521.7
30608	1865.9	2110.6	13672.8
66235	1877.7	2091.4	13872.4
48544	1867.1	2132.0	13696.3
34198	1867.8	2108.0	13689.7
88430	1865.0	2036.2	13566.9
25337	1850.7	2099.6	13539.7
66950	1867.9	2100.1	13599.1
47006	1859.6	2079.5	13446.4
68912	1867.8	2106.0	13588.7
52262	1855.8	2081.4	13584.2
70972	1864.5	2095.8	13636.9
29992	1870.7	2060.1	13871.5
11502	1868.7	2113.6	13931.5
77783	1851.3	2035.2	13254.8
12738	1864.0	2117.2	13563.0
17044	1860.8	2096.3	13564.0
2229	1866.1	2118.4	13794.2
65445	1856.2	2078.2	13482.9
82776	1866.9	2049.0	13639.6
63500	1868.9	2118.8	14113.6
63651	1873.6	2152.8	14735.9
6895	1863.9	2061.2	13482.5
67006	1857.2	2041.5	13432.9
28830	1873.0	2143.6	13822.3
42295	1851.8	2028.6	13300.2
52698	1870.1	2089.9	13649.0
14500	1847.8	2081.7	13415.2
42627	1872.7	2122.3	13914.9
31297	1870.3	2110.8	13881.2
72837	1876.6	2097.7	13722.3
13239	1872.1	2101.0	13860.0
21690	1859.2	2136.3	13472.9
62311	1853.0	2097.2	13600.4
7116	1865.6	2065.3	13463.2
17990	1856.1	2131.2	13653.7
12372	1867.6	2085.2	13624.4
5677	1856.3	2088.3	13648.9
22206	1868.3	2100.7	13862.6
35976	1868.4	2130.9	13949.6
19825	1869.7	2077.4	13953.9
41162	1871.7	2171.1	14003.7
10321	1889.5	2173.5	14451.8
84709	1876.7	2156.8	14250.7
10017	1876.9	2123.8	14032.2
35121	1852.6	2058.6	13388.5
69540	1865.7	2119.9	13722.8
63656	1853.6	2067.5	13492.2
60065	1854.6	2086.7	13501.2
49196	1881.0	2114.7	14380.3
30260	1878.9	2151.1	13790.5
23284	1884.2	2195.9	14336.3
36905	1874.2	2149.3	14372.3
33986	1879.1	2136.4	14020.9
81992	1866.4	2118.0	14307.9
81676	1864.6	2140.6	13855.6
64512	1860.8	2072.4	13665.5
55917	1873.3	2142.8	14134.3
66357	1885.7	2114.1	14236.2
84968	1866.1	2077.9	13760.2
47763	1869.4	2107.4	14036.4
4175	1871.0	2123.4	13944.2
39088	1854.3	2038.4	13135.1
72627	1866.4	2072.5	13717.4
84979	1866.0	2107.9	13678.1
29248	1857.8	2014.0	13368.2
13195	1868.1	2192.5	14335.1
14042	1866.6	2144.6	13935.5
69389	1864.1	2101.9	13700.6
68360	1863.8	2056.7	13672.9
54635	1860.7	2118.7	14008.3
43923	1864.9	2104.6	13791.0
81523	1859.6	2069.8	13965.0
71148	1849.3	2063.4	13567.7
47211	1867.9	2095.2	13783.9
85738	1876.1	2135.6	14163.2
49582	1868.5	2088.2	13701.7
44479	1874.9	2171.9	16416.1
19853	1862.7	2111.9	13557.8
59931	1873.1	2113.0	14015.0
68685	1858.4	2056.5	13649.7
57612	1860.2	2109.7	13704.1
18503	1839.6	2028.3	12847.1
4131	1866.8	2172.3	14073.5
21970	1855.8	2099.4	13919.7
32907	1867.9	2150.2	14002.7
72078	1869.3	2096.2	13555.5
21374	1854.6	2111.6	13641.4
53649	1866.0	2077.1	13620.4
49760	1855.2	2130.3	13677.9
67150	1863.1	2102.5	13642.2
481	1865.1	2089.9	13938.6
16092	1855.4	2080.0	13641.8
87931	1866.3	2066.5	13881.1
45032	1856.9	2076.7	13541.3
66679	1864.1	2071.7	13603.1
69443	1852.6	2073.0	13389.1
72913	1856.1	2059.0	13535.1
16233	1858.6	2065.0	13415.1
48921	1868.1	2088.6	13726.1
68295	1868.3	2065.1	13639.9
22964	1876.8	2181.9	14400.1
54228	1841.5	2097.6	13583.7
77430	1860.6	2059.5	13529.9
25262	1871.0	2132.4	13928.2
3216	1873.0	2133.0	13906.7
26299	1860.3	2089.9	13526.5
35598	1862.5	2071.5	13737.7
88095	1847.9	2070.7	13419.5
14183	1872.4	2083.4	13638.9
8876	1869.6	2133.0	13789.7
62384	1869.8	2065.8	13755.2
80216	1855.4	2057.4	13658.1
7778	1861.3	2108.4	13693.5
14709	1847.4	2071.0	13308.6
13184	1867.0	2125.7	13636.1
41553	1859.4	2104.8	13650.6
5523	1868.0	2094.5	13647.9
3591	1876.3	2133.0	13917.5
56902	1871.2	2097.1	13865.5
36278	1859.4	2113.7	13566.6
4026	1858.8	2106.0	13798.5
29694	1874.3	2115.1	13901.5
55230	1865.8	2117.9	14040.2
78278	1868.4	2071.0	13747.4
52881	1877.5	2078.9	13714.6
69227	1874.3	2108.5	13662.0
19143	1875.0	2143.1	13784.8
31116	1874.4	2154.1	13962.3
70061	1859.1	2099.0	13692.9
31719	1878.3	2164.7	14355.6
27627	1862.1	2099.0	13851.2
5052	1858.6	2062.7	13294.3
51259	1873.5	2133.3	14369.6
6091	1855.8	2106.2	13416.6
30261	1872.2	2095.1	13912.6
46224	1867.7	2091.4	13968.6
66814	1866.4	2113.2	13717.6
4239	1850.8	2116.5	13556.1
89263	1871.8	2094.8	13695.6
57598	1883.4	2127.7	14028.8
53080	1870.5	2108.7	14211.5
73610	1879.0	2132.4	14260.4
27815	1869.1	2114.8	13947.3
85704	1870.1	2159.0	14048.7
54865	1869.4	2031.6	13416.6
32410	1870.9	2111.9	13657.1
61570	1876.7	2134.8	14411.3
21343	1866.5	2144.7	13705.1
35060	1879.3	2082.5	13892.0
84096	1864.8	2130.1	13811.0
63668	1868.0	2141.5	13995.4
32112	1888.2	2176.3	14345.1
37525	1858.4	2119.7	13704.9
8326	1866.0	2173.1	14477.3
47723	1865.0	2079.1	13599.6
38612	1864.8	2115.0	13834.9
49668	1864.4	2059.2	13570.5
10227	1867.1	2179.1	14020.3
13375	1863.0	2108.5	13789.9
36900	1881.8	2106.6	14118.1
74705	1858.2	2061.9	13495.0
25728	1859.0	2089.7	13632.0
76215	1886.8	2195.6	14624.6
49179	1873.9	2137.3	14198.9
47496	1877.0	2176.1	14259.2
4734	1873.2	2133.0	14052.1
78400	1864.7	2136.3	13859.3
3645	1866.7	2116.5	14018.1
2170	1902.4	2182.5	14477.7
607	1861.0	2062.8	13537.1
40060	1873.0	2104.8	13796.7
73623	1862.4	2108.5	14225.9
67334	1864.7	2071.7	14109.4
57662	1880.2	2080.0	13935.0
77511	1875.0	2139.6	14077.0
12599	1866.5	2132.8	14203.0
57820	1870.4	2025.8	13630.3
49724	1860.4	2157.7	13887.0
71113	1852.7	2071.6	13410.9
5690	1864.5	2090.8	13737.4
54260	1860.6	2066.9	13480.0
2013	1859.9	2070.1	13499.9
59609	1860.7	2125.4	13798.0
78901	1877.3	2153.9	14780.2
71826	1876.2	2197.8	14668.3
53822	1878.9	2104.6	13912.4
80844	1868.5	2083.2	13762.0
77229	1873.3	2078.0	13995.6
10886	1865.5	2148.1	13867.7
28005	1867.3	2093.8	13831.9
79566	1865.6	2135.7	14386.5
21688	1869.3	2103.6	13966.4
54594	1859.5	2080.5	14245.5
