2077	1602.2	1850.3	10141.3
9141	1607.5	1833.6	10105.8
16137	1590.3	1846.4	9779.7
29683	1609.3	1820.1	9995.4
57486	1601.2	1826.4	9953.8
104	1600.2	1859.5	10283.5
39358	1616.0	1834.7	10265.7
11957	1608.0	1865.6	10243.0
43735	1607.0	1867.4	10016.1
3456	1604.9	1867.4	10246.9
34783	1608.4	1785.1	10089.4
36834	1607.3	1846.4	10173.5
9014	1596.9	1832.4	10139.6
34486	1599.9	1820.8	9961.2
55875	1606.3	1823.3	10297.6
35693	1607.7	1882.4	10353.6
14386	1613.8	1865.8	10153.2
29836	1606.0	1763.6	10113.8
59801	1613.0	1869.2	10159.9
13485	1600.2	1867.3	10147.4
55477	1611.9	1887.5	10444.5
17535	1602.4	1810.0	10187.6
7538	1611.8	1874.4	11129.6
23251	1599.3	1831.1	10258.8
56271	1591.2	1734.8	9600.5
43241	1606.6	1847.7	10106.9
2933	1603.7	1886.9	10052.0
42756	1594.8	1833.9	10007.6
11488	1602.8	1849.1	10047.0
39672	1622.2	1935.3	10891.1
41426	1602.6	1834.2	10069.8
5256	1598.5	1831.3	9953.7
20466	1590.6	1826.6	9832.7
5647	1608.0	1843.4	10154.8
7235	1617.6	1869.0	10221.0
59253	1600.8	1848.3	9979.7
53983	1616.2	1866.2	10245.2
17764	1597.0	1803.1	9810.6
27282	1607.6	1880.8	10009.5
63574	1590.7	1805.7	9771.4
26918	1612.2	1907.6	10212.7
53090	1604.2	1850.7	10347.6
14027	1596.4	1815.5	9861.7
31545	1604.1	1818.9	9814.3
35579	1601.5	1854.7	9945.0
10730	1606.5	1860.9	9963.8
34539	1607.3	1828.4	10207.8
31999	1591.6	1787.1	9795.1
39537	1602.7	1784.7	9912.5
9288	1609.9	1920.9	10325.3
3667	1593.5	1815.2	9875.4
53691	1617.4	1893.2	10341.2
31234	1601.2	1838.6	10217.6
43349	1602.4	1851.4	9965.1
47499	1602.4	1885.0	10165.3
22158	1603.3	1843.9	10263.6
33516	1606.4	1878.8	10295.6
42247	1600.4	1828.2	10009.4
5248	1607.0	1857.8	10086.5
33906	1608.0	1840.8	10147.1
42540	1595.5	1824.9	9997.8
490	1603.0	1891.4	10179.1
56493	1607.4	1896.9	10214.1
2278	1610.3	1840.4	10288.7
753	1606.0	1872.2	10119.1
7975	1599.4	1815.9	9941.0
57862	1615.1	1839.7	10239.7
60006	1615.5	1868.9	10502.1
43617	1600.7	1805.3	10210.1
16145	1617.5	1884.2	10164.0
21293	1608.6	1909.7	10409.2
23066	1602.1	1819.3	10078.9
3711	1595.2	1839.5	10008.4
42748	1595.0	1782.2	9936.3
62909	1600.4	1832.1	9908.9
56440	1599.1	1785.9	9775.4
16002	1614.9	1899.5	10315.8
46733	1594.9	1803.9	9825.7
59804	1607.8	1815.2	9941.8
5972	1603.0	1845.4	9995.5
33469	1592.1	1847.6	9932.4
34634	1595.6	1770.0	9841.9
35334	1601.5	1796.0	9852.7
12732	1603.8	1927.4	10311.6
44895	1589.7	1821.3	9762.6
1341	1596.2	1858.2	9975.9
24134	1602.8	1855.2	10035.7
39363	1597.0	1807.7	9760.6
8245	1600.3	1821.7	9973.8
17312	1613.1	1888.9	10355.5
14869	1606.9	1854.7	10156.7
14849	1600.9	1819.9	10068.6
15547	1612.1	1899.3	10173.0
7984	1599.9	1841.8	10125.7
63114	1599.6	1812.4	10001.8
37354	1614.9	1896.1	10378.2
24220	1602.8	1816.3	10189.4
25093	1605.6	1842.0	10145.6
61242	1613.6	1854.2	10319.0
3946	1606.2	1837.2	9848.4
55133	1592.9	1811.6	9883.7
6176	1605.9	1896.7	10476.7
2553	1603.2	1854.9	10212.7
38435	1613.9	1867.7	10830.8
32476	1609.0	1818.7	9945.1
50639	1589.9	1810.7	9703.7
48151	1604.5	1875.1	10147.1
48290	1595.3	1823.6	9731.2
6705	1597.6	1841.1	10027.8
36388	1598.1	1790.4	9712.1
53784	1605.4	1855.1	9943.4
16266	1607.7	1857.4	10015.1
23567	1595.4	1790.0	9696.3
23202	1610.3	1854.6	10213.3
12010	1613.7	1887.3	10547.3
1942	1594.5	1809.2	9929.4
52874	1588.3	1841.4	9783.5
45935	1604.7	1839.8	9987.8
6580	1614.6	1886.4	10349.6
18689	1606.3	1860.8	10101.1
3677	1608.3	1843.1	10238.6
36999	1615.8	1900.6	10367.9
46513	1597.6	1816.7	10069.2
61008	1598.6	1828.2	10009.6
3793	1599.5	1824.3	9865.0
53629	1618.5	1877.2	10550.0
46773	1613.9	1905.7	10730.9
46000	1603.5	1856.6	9975.5
34197	1605.7	1900.9	10277.5
3233	1588.2	1837.7	9845.7
60660	1613.7	1874.2	10292.5
5596	1606.4	1848.8	10239.9
41819	1619.8	1879.2	10232.1
12914	1614.4	1928.8	10493.0
35168	1596.5	1900.5	10052.5
983	1607.4	1907.6	10311.4
52635	1614.8	1851.5	10227.0
39600	1596.8	1829.2	10112.6
3260	1615.1	1869.7	10121.1
34585	1624.5	1938.3	10684.8
13519	1610.7	1815.8	10038.0
57655	1598.8	1821.5	9992.9
17388	1605.2	1858.0	10072.7
55379	1613.0	1821.5	10172.4
28030	1596.7	1842.1	9953.9
50552	1595.3	1820.9	9907.5
35009	1606.1	1827.5	10461.1
5426	1601.3	1829.7	9959.4
20416	1599.2	1826.6	10111.1
47730	1603.8	1860.7	10160.3
9055	1605.6	1874.0	10336.0
2249	1598.3	1842.8	9946.4
19077	1603.2	1818.1	9873.4
45663	1611.9	1866.9	10662.5
24422	1609.7	1888.9	10188.2
36397	1595.7	1776.4	9807.6
20980	1603.9	1848.5	10262.6
51228	1600.2	1779.9	9890.1
6769	1605.2	1835.6	10174.8
25677	1601.9	1856.5	10038.4
19805	1602.2	1854.9	10094.3
51250	1595.5	1798.5	9914.5
38104	1616.8	1888.3	10420.8
15844	1605.3	1885.4	10167.4
6126	1604.4	1842.3	9968.1
53049	1611.0	1864.4	10309.0
49111	1607.4	1849.2	10131.8
52631	1602.7	1866.8	10275.0
47455	1609.4	1822.5	10259.4
51339	1608.3	1859.9	10092.4
25416	1614.2	1841.2	10182.0
52994	1602.3	1857.3	10284.8
46940	1615.5	1886.1	10377.4
3297	1603.2	1845.4	9985.1
19216	1593.7	1778.5	9836.4
7566	1590.9	1822.7	9853.4
5138	1610.2	1883.3	10161.0
37621	1590.0	1846.8	9946.4
42675	1615.9	1841.0	10251.2
34753	1613.7	1904.9	10464.4
47539	1601.2	1825.0	9802.9
11516	1591.8	1825.6	9858.7
23124	1591.3	1824.3	9970.0
26111	1593.8	1851.1	10054.5
60980	1598.0	1829.3	9836.2
31003	1605.3	1865.6	10094.0
25152	1619.4	1961.8	11183.8
20385	1624.3	1895.3	10461.2
40527	1595.7	1824.9	9974.9
8730	1609.5	1840.2	10129.4
9095	1609.1	1845.3	10234.2
44727	1603.2	1835.1	10046.4
47256	1606.5	1815.7	10029.9
9330	1607.3	1888.3	10232.6
5538	1602.0	1894.9	10235.9
21243	1616.9	1845.9	10276.6
61434	1604.1	1778.0	9893.1
13998	1606.3	1852.0	10134.3
30383	1597.6	1793.5	9894.1
44941	1608.5	1842.0	10136.1
38958	1601.3	1785.5	9932.1
6129	1604.5	1802.2	9895.7
37421	1597.7	1844.3	10062.8
23466	1609.5	1830.9	10180.4
14086	1596.0	1793.9	9863.5
27118	1612.8	1927.9	10301.2
14545	1613.0	1912.3	10575.3
22234	1609.7	1940.1	10616.9
29131	1607.5	1831.5	10060.8
62279	1603.4	1842.1	10062.3
5482	1603.8	1826.0	10149.9
14459	1594.3	1811.0	9812.8
46812	1596.3	1812.5	9946.1
46996	1609.8	1880.3	10351.0
54498	1597.7	1821.7	9959.1
58090	1599.9	1847.8	10005.8
7933	1605.8	1861.0	10019.8
60220	1596.0	1832.0	10077.2
414	1602.5	1886.2	10291.8
50560	1599.5	1822.3	10022.4
6194	1608.8	1904.8	10254.2
22873	1598.7	1877.5	10081.4
54644	1604.8	1833.2	10019.8
63243	1606.9	1845.9	10010.6
48492	1597.8	1816.3	9849.7
6771	1619.4	1880.1	10377.7
24371	1616.9	1874.9	10360.4
19907	1612.1	1898.6	10354.5
48454	1595.6	1796.2	9715.2
26402	1604.4	1834.3	10139.6
30863	1598.4	1857.8	9961.6
2402	1613.5	1866.7	10437.9
37762	1595.4	1831.5	9918.2
38310	1610.6	1888.8	10475.0
8176	1600.5	1844.9	10184.4
44948	1598.0	1807.3	9856.2
13392	1614.6	1867.9	10297.5
28946	1612.7	1811.0	10290.6
11842	1613.7	1890.1	10204.7
20259	1605.0	1866.3	10432.5
28343	1606.0	1852.3	10181.1
37858	1612.7	1862.0	10257.2
18528	1613.5	1826.1	10185.3
19429	1609.6	1839.2	10116.6
45044	1609.0	1858.0	10110.4
16978	1611.7	1860.2	10348.4
13332	1606.1	1841.5	9989.4
46162	1602.6	1817.4	9964.3
45685	1626.9	1924.9	10730.2
3165	1612.1	1861.9	10302.9
9627	1600.3	1857.5	9973.6
26287	1614.2	1845.2	10431.8
49879	1608.7	1858.2	10569.6
43224	1612.9	1893.5	12720.1
46464	1599.9	1829.2	9982.2
7076	1607.8	1811.3	10044.6
39339	1605.5	1839.6	10087.9
6119	1603.5	1864.0	9977.3
46798	1605.8	1791.5	9977.4
63325	1618.7	1852.3	10439.2
2490	1598.2	1818.7	9945.0
16037	1603.2	1841.1	9906.1
7438	1601.4	1866.2	10207.1
13434	1617.7	1908.9	10549.2
13574	1602.2	1832.0	10076.7
53599	1593.4	1828.1	9971.3
8622	1612.2	1857.5	10187.4
35074	1617.4	1935.5	10668.7
50084	1605.6	1804.0	9990.2
28768	1609.0	1815.6	10207.3
20965	1605.6	1876.7	10178.3
44886	1613.9	1856.3	10229.9
53619	1613.0	1875.2	10352.4
7353	1604.6	1824.2	9921.9
55461	1603.1	1848.7	10086.2
59453	1591.1	1824.3	9800.7
58907	1616.9	1869.7	10267.6
51174	1610.7	1864.4	10403.6
3306	1599.2	1841.3	10209.7
33144	1589.0	1814.0	9823.5
20042	1602.4	1859.3	9844.7
64848	1606.6	1893.1	10460.4
3035	1611.8	1863.6	10267.5
30492	1596.2	1839.9	9809.4
38554	1610.2	1828.5	10044.5
23873	1611.3	1876.1	10158.5
646	1610.1	1866.4	10127.7
37331	1618.4	1894.9	10580.3
8617	1611.5	1875.8	10342.2
44418	1608.8	1803.0	10111.6
48650	1602.5	1847.3	10001.3
2866	1601.8	1831.1	9997.3
23085	1614.4	1906.3	10315.1
242	1602.2	1787.2	10007.1
45850	1597.5	1904.7	10212.2
54305	1609.2	1852.8	10018.0
12904	1598.4	1866.0	10116.1
30758	1604.3	1870.0	10197.3
11334	1603.6	1826.0	10242.7
54327	1602.7	1827.4	9921.0
12738	1601.8	1851.0	9895.3
52530	1614.9	1888.7	10408.1
32245	1611.7	1866.5	10432.2
49221	1599.9	1882.5	10083.1
1610	1592.0	1804.6	9716.9
62618	1589.1	1765.5	9809.8
20664	1604.4	1895.1	10196.6
17255	1606.1	1844.5	10095.5
17972	1602.4	1844.0	9861.7
52375	1610.0	1830.4	10103.3
26291	1608.9	1937.6	10302.4
28978	1604.0	1861.4	10368.1
46284	1607.2	1867.1	10122.4
5007	1596.5	1839.3	9815.4
50995	1599.2	1810.3	9918.9
17087	1609.4	1849.7	10162.3
11908	1594.7	1863.5	10174.5
55793	1601.4	1847.9	9996.0
53152	1594.8	1807.2	9902.5
56066	1602.0	1846.7	9986.1
55082	1621.2	1938.8	10679.3
56894	1613.3	1857.0	10295.1
49363	1595.5	1819.5	10022.9
47736	1606.5	1873.3	10408.2
52365	1589.6	1833.5	9812.1
5468	1608.2	1886.9	10354.8
26481	1608.3	1875.0	10337.1
100	1614.7	1858.1	10466.2
14490	1613.2	1858.1	10337.8
11919	1609.3	1854.8	10194.7
12278	1604.1	1787.5	9875.7
27950	1619.0	1904.8	10753.5
31862	1605.5	1858.0	10484.8
26822	1595.9	1824.4	9773.2
13139	1600.3	1849.6	10025.1
23132	1598.4	1814.1	10060.2
51773	1600.4	1805.0	10007.7
53857	1610.6	1865.2	10346.8
24013	1604.4	1851.1	10213.1
15390	1606.5	1817.7	9940.3
31870	1607.4	1949.0	10609.7
44689	1608.6	1826.5	10274.3
62331	1586.7	1824.5	9882.0
10495	1603.6	1853.1	10084.9
47317	1600.4	1823.3	10005.3
47653	1610.8	1845.6	10064.9
14762	1597.0	1832.4	9976.8
47999	1615.0	1855.3	10303.2
45721	1592.5	1868.5	10088.5
62322	1609.2	1843.1	10065.5
32503	1604.1	1902.4	10082.4
9880	1608.0	1907.3	10231.6
1456	1604.3	1816.3	9960.9
52691	1605.8	1839.2	10031.3
58895	1592.4	1847.0	9904.3
1300	1614.2	1906.9	10358.6
28764	1621.5	1907.0	10700.4
35779	1603.0	1888.1	10158.3
47681	1605.4	1811.2	10095.1
47184	1606.5	1845.3	10160.4
49789	1587.2	1849.9	9745.4
30699	1598.9	1771.1	9824.4
57226	1597.2	1823.8	10042.6
25398	1612.6	1850.0	10227.4
60273	1618.7	1871.0	10220.0
40304	1597.1	1817.1	9934.1
1999	1604.2	1806.8	9928.9
13277	1601.3	1824.5	9996.7
374	1598.3	1867.9	9977.4
63377	1598.3	1858.0	9763.6
16974	1617.2	1899.8	10477.5
11966	1593.9	1808.1	9818.8
7979	1600.2	1836.7	9952.3
4233	1589.4	1824.2	9716.0
36759	1604.5	1843.1	9997.7
53367	1613.7	1901.1	10390.8
52371	1608.0	1863.5	10266.5
64281	1597.6	1825.0	10043.5
14363	1602.1	1882.4	10036.9
63211	1593.0	1788.4	9719.3
61334	1597.0	1843.3	9998.1
47578	1593.6	1804.0	9848.2
30715	1603.6	1864.0	10154.0
14127	1600.5	1844.6	10000.0
62197	1617.0	1888.1	10519.9
16534	1603.1	1891.3	10174.0
30850	1602.3	1864.0	9898.8
6787	1605.5	1876.4	10046.5
18226	1620.2	1947.2	10620.8
57908	1600.0	1843.8	9896.8
37533	1584.5	1780.9	9705.1
47085	1607.0	1865.2	10460.7
24698	1603.5	1801.2	9861.9
5419	1605.0	1861.2	10237.8
22764	1609.5	1881.3	10219.1
10085	1616.6	1848.1	10724.2
14546	1599.6	1859.4	9934.2
64761	1595.8	1840.8	10079.5
5673	1614.4	1850.0	10277.1
31213	1609.4	1897.3	10504.9
59537	1603.9	1828.4	10105.0
31568	1604.0	1843.2	10245.6
28102	1609.9	1859.5	10184.7
2513	1613.8	1877.6	10254.3
5524	1608.9	1850.1	10143.0
9157	1610.2	1856.5	10298.8
10735	1604.1	1836.7	10019.3
46018	1598.9	1801.9	9974.8
45394	1595.8	1829.8	10057.3
10662	1604.1	1864.1	10000.6
24499	1611.0	1851.9	10259.2
1822	1596.6	1815.7	9882.8
61568	1597.3	1852.6	10339.2
16084	1608.0	1823.7	10148.6
31668	1601.6	1803.1	10150.1
43937	1601.2	1816.5	10026.7
22329	1611.1	1915.4	10835.4
21212	1609.7	1858.2	10221.7
56943	1614.2	1880.7	10208.1
22810	1613.3	1866.0	10429.4
7804	1611.6	1836.2	10078.2
18261	1604.0	1839.0	9941.4
16267	1612.2	1960.0	10654.8
52649	1600.4	1865.0	10028.1
26703	1598.6	1869.9	10019.6
14965	1606.1	1854.6	10179.8
49508	1611.5	1856.3	10293.9
34085	1609.8	1855.5	10114.9
41271	1613.0	1859.2	10179.7
30857	1607.8	1795.0	10102.9
13294	1600.3	1829.2	9943.3
45556	1605.1	1881.6	10177.7
3838	1617.4	1947.0	10695.6
64851	1600.5	1846.2	10038.9
22648	1619.7	1891.6	10921.7
42286	1616.1	1836.1	10188.5
48203	1598.2	1775.5	9754.4
6497	1627.2	1859.1	10665.4
10427	1609.3	1919.7	10501.6
29162	1599.8	1830.2	10114.1
32808	1600.1	1840.1	9933.6
20915	1615.3	1862.1	10214.7
44951	1599.8	1785.4	9904.9
29434	1601.3	1801.9	9859.2
63408	1607.5	1828.2	10305.2
27217	1593.9	1858.5	9978.9
53949	1611.5	1813.9	10148.2
42309	1598.5	1797.7	9786.5
50286	1612.0	1889.6	10342.4
43217	1605.1	1841.9	9963.0
25806	1607.3	1820.9	10093.9
48465	1588.3	1776.9	9651.2
12650	1601.1	1860.9	10017.1
2568	1583.0	1792.2	9681.3
54888	1605.4	1800.0	10020.4
59760	1605.8	1803.3	9930.7
6960	1612.3	1897.8	10267.3
6091	1592.1	1856.2	9740.9
55756	1600.8	1852.7	10066.6
61291	1601.9	1857.8	10156.1
14504	1601.4	1854.6	10131.2
11765	1592.1	1825.4	9984.5
61837	1608.3	1876.1	10341.4
32782	1623.4	1915.6	10740.4
61785	1596.7	1822.0	10023.7
5092	1592.5	1829.8	9821.9
26674	1612.7	1874.3	10432.8
62939	1609.6	1813.8	10065.3
56925	1607.2	1858.3	10329.5
561	1614.9	1883.5	10247.4
3286	1609.3	1890.5	10209.2
29846	1612.5	1879.4	10341.0
59977	1605.5	1831.0	10070.4
57858	1602.6	1805.0	10121.5
31385	1603.7	1814.8	10074.9
62058	1605.1	1847.8	10093.8
49660	1607.7	1858.3	10355.0
1616	1609.3	1864.1	10178.1
53270	1612.5	1811.1	10207.8
7714	1588.6	1815.4	9857.5
37507	1598.8	1786.0	9767.6
4180	1598.9	1839.7	10006.0
61326	1600.4	1838.9	10136.0
24310	1591.7	1816.2	9662.3
60692	1611.5	1847.0	10311.8
8772	1611.0	1824.7	10044.8
51209	1604.4	1829.7	10274.8
33334	1606.6	1866.1	10152.4
58879	1604.4	1809.1	9888.0
22152	1604.3	1858.0	9978.7
39362	1603.4	1814.9	10169.6
5827	1612.3	1848.8	10386.5
57574	1603.1	1788.8	9799.8
17253	1617.7	1896.7	10386.0
50085	1607.2	1840.4	10121.2
22696	1618.5	1877.8	10315.8
2836	1610.2	1860.4	10359.0
61994	1612.2	1869.8	10298.0
64478	1614.0	1820.3	10105.1
50036	1628.2	1894.4	10335.2
33527	1618.0	1914.2	10449.4
5679	1606.8	1855.8	10188.4
48158	1602.7	1847.9	10194.2
42050	1612.7	1831.5	10398.2
8394	1613.6	1919.2	10774.0
15722	1607.4	1868.1	10296.2
56445	1602.3	1784.6	9806.8
41820	1603.0	1835.7	10086.4
52337	1610.6	1831.5	10113.3
33043	1607.1	1816.7	10114.4
50959	1608.0	1839.3	10174.2
25176	1600.7	1833.0	10058.9
23720	1610.5	1911.1	10415.0
47419	1603.7	1825.7	10554.2
32919	1612.4	1875.0	10281.8
60598	1594.8	1825.4	9827.6
34651	1611.9	1818.5	10077.9
20078	1596.9	1821.3	9929.5
11976	1607.3	1908.4	10433.8
39621	1605.0	1881.9	10002.3
52839	1597.3	1803.6	10036.0
24879	1614.8	1887.8	10616.1
45320	1603.8	1877.6	10236.3
49734	1592.3	1795.0	9864.1
44377	1610.7	1898.9	10309.8
15044	1609.1	1831.8	10178.2
63660	1610.3	1808.0	10029.9
61724	1616.1	1892.9	10498.1
21442	1601.5	1854.3	10041.4
62349	1596.6	1804.0	9986.9
43605	1602.6	1774.3	9875.2
56576	1597.2	1826.7	9878.4
12421	1606.5	1867.2	10262.5
43537	1618.1	1804.7	10165.7
26605	1595.7	1835.9	9865.4
36661	1585.1	1786.4	9658.0
44025	1602.5	1779.4	9965.7
21863	1602.2	1842.1	10123.0
58912	1595.2	1782.1	9780.0
2155	1609.1	1842.3	10139.1
54053	1604.1	1832.5	10241.1
3255	1620.9	1865.2	10689.7
41859	1606.9	1833.9	10106.1
62838	1603.0	1886.5	10277.7
40821	1612.2	1837.9	10139.6
45265	1596.9	1833.0	10016.6
46702	1589.5	1855.4	9960.7
39105	1587.3	1769.2	9595.6
38476	1592.7	1811.7	9766.4
51561	1617.2	1896.5	10720.7
37023	1605.8	1840.7	9992.3
34641	1609.1	1847.4	10368.0
5231	1621.8	1962.3	10590.1
16832	1591.0	1829.3	10138.7
30242	1605.1	1869.7	10346.7
32682	1602.2	1792.9	9932.0
3618	1599.8	1818.6	10044.0
2429	1619.6	1955.4	11284.3
63000	1612.3	1911.2	10950.1
5404	1613.6	1871.5	10171.1
25202	1608.7	1859.9	10069.8
26381	1602.7	1849.9	9950.0
48413	1607.7	1869.5	10211.2
60307	1596.1	1777.3	9873.3
5671	1577.0	1769.0	9545.7
1586	1596.0	1830.8	9950.8
12568	1591.5	1799.3	9803.6
11761	1613.8	1849.3	10179.0
41389	1615.7	1900.0	10455.8
10314	1600.0	1833.9	9987.6
34492	1614.2	1915.2	10408.4
2138	1613.8	1899.4	10527.2
15732	1619.6	1961.8	10723.6
16192	1608.3	1878.7	10256.0
54751	1609.5	1867.2	10385.8
61410	1607.1	1900.2	10296.7
18028	1619.9	1875.0	10301.8
21262	1605.3	1868.0	10808.3
55027	1603.3	1839.9	10049.9
13168	1611.3	1866.7	10409.7
32677	1607.7	1860.2	10083.4
34166	1599.3	1857.0	10342.3
23661	1599.0	1830.2	10117.7
46843	1612.9	1874.9	11121.1
44999	1606.9	1863.1	10304.6
50861	1599.4	1781.6	9877.9
2409	1608.8	1896.3	10235.8
19443	1608.5	1837.9	10236.1
36901	1595.1	1804.6	10010.6
52924	1603.4	1829.6	10524.5
34359	1602.9	1843.5	10023.7
47998	1604.0	1830.0	9964.8
30545	1602.7	1831.3	10069.7
40660	1589.7	1784.5	9712.6
27698	1587.1	1788.3	9629.7
36009	1619.0	1875.9	10321.7
3587	1608.3	1872.4	10164.9
63913	1611.3	1842.8	10133.9
46799	1602.4	1850.0	10054.2
63389	1609.8	1811.8	10143.7
50735	1613.5	1891.3	10355.2
63604	1609.8	1857.4	10291.9
49306	1611.1	1876.9	10307.6
14656	1608.4	1907.7	10424.8
35138	1607.1	1873.9	10009.7
16863	1601.5	1800.7	9755.3
34283	1591.6	1785.4	9844.0
45169	1617.9	1910.9	10575.1
7338	1610.8	1842.5	10288.7
46438	1594.0	1784.1	9830.9
60694	1617.4	1863.6	10312.9
1186	1612.0	1916.9	10419.3
31117	1597.4	1826.3	9862.6
30884	1601.4	1852.5	9933.8
64601	1611.4	1861.0	10208.5
64009	1589.6	1756.1	9721.5
10157	1599.3	1850.3	10168.0
49905	1607.1	1865.9	10170.3
11681	1593.7	1827.0	9781.9
514	1615.2	1866.1	10529.1
31670	1609.1	1814.5	10076.6
54377	1607.6	1863.5	10399.0
22196	1600.0	1838.1	10052.9
12474	1600.3	1808.6	9924.1
59871	1603.4	1815.2	9952.7
54634	1597.1	1786.5	9788.4
45319	1598.9	1809.2	9970.2
2271	1608.3	1848.0	10008.5
2076	1601.1	1857.3	9838.1
1611	1613.1	1904.9	10127.0
18000	1609.0	1869.7	10227.8
244	1612.9	1876.4	10404.0
32607	1599.0	1833.0	10042.0
43821	1604.2	1838.1	10043.5
25431	1613.4	1863.3	10108.7
10015	1606.8	1844.4	9953.4
18314	1595.3	1770.5	9784.1
58384	1597.5	1837.1	10305.2
58546	1609.2	1828.7	10210.9
6605	1595.0	1834.1	9983.8
56846	1613.4	1823.4	10134.9
19224	1592.6	1804.7	9707.2
36804	1594.7	1832.5	9949.7
40512	1595.8	1847.9	10119.6
50922	1598.5	1824.3	9945.5
42688	1608.8	1852.6	10148.4
42358	1612.2	1861.7	10189.8
24301	1606.8	1823.4	9950.7
5327	1613.9	1861.6	10428.9
38069	1604.6	1856.9	10398.3
7306	1614.3	1855.3	10079.4
36876	1596.2	1872.0	10111.4
19162	1617.5	1931.7	10603.3
15484	1605.5	1828.5	10056.2
32156	1591.6	1811.2	9910.2
9233	1618.6	1892.8	10371.4
49910	1606.7	1868.5	10196.7
17169	1613.6	1886.4	10413.3
36556	1600.4	1859.0	9985.9
44591	1589.1	1825.7	9691.4
31612	1591.0	1811.3	9833.1
44789	1605.9	1851.4	9962.7
16253	1612.1	1835.8	10279.1
41861	1614.0	1868.2	10391.4
3654	1612.7	1853.0	10128.3
12760	1628.9	1884.2	10436.6
39585	1605.2	1872.4	10399.6
30851	1604.6	1841.1	10196.0
4967	1612.6	1887.5	10198.1
25331	1612.4	1903.1	10416.6
41724	1598.6	1841.2	9995.9
60601	1620.4	1847.9	10273.3
60253	1603.4	1829.0	9939.0
64696	1593.8	1798.1	9905.5
37329	1614.6	1864.9	10255.2
19840	1604.6	1875.3	10068.1
20647	1611.6	1840.6	10173.7
63354	1606.2	1774.1	9877.0
62820	1610.4	1854.0	10224.5
3715	1612.3	1847.7	10404.9
47306	1604.0	1800.8	9815.0
17663	1602.1	1881.1	10477.6
57317	1598.5	1835.8	10003.8
29469	1604.6	1854.9	10137.9
40581	1602.3	1815.3	9850.7
58584	1606.5	1818.1	10103.2
58345	1619.0	1882.7	10701.7
28982	1600.0	1815.0	10289.7
20260	1607.9	1856.9	10096.1
30958	1618.8	1899.6	10254.0
41413	1607.9	1800.0	9908.9
28285	1598.4	1835.1	10125.7
33643	1608.2	1841.8	10193.9
13043	1614.0	1811.3	10037.2
38327	1593.7	1808.9	9922.4
50760	1607.4	1858.2	10192.6
1694	1597.5	1849.8	9942.3
39518	1594.2	1813.7	9808.3
30430	1612.5	1864.9	10392.0
5942	1607.9	1836.7	10050.5
18763	1590.4	1825.6	9976.6
6854	1612.0	1886.1	10119.2
38456	1600.1	1812.4	9905.9
39760	1618.4	1889.6	11130.3
41833	1602.4	1873.3	10296.2
17026	1613.1	1871.7	10026.6
61360	1609.0	1823.9	10085.5
38396	1605.7	1831.2	10057.1
42073	1606.3	1824.7	10187.9
41701	1602.8	1845.9	9963.7
7108	1595.7	1813.2	9979.1
48667	1612.0	1853.5	10297.8
63651	1611.5	1893.2	10833.2
48091	1599.1	1831.9	10118.9
32331	1595.6	1820.9	10027.5
35467	1612.0	1877.2	10332.5
53164	1600.1	1813.3	9891.6
2562	1610.4	1878.1	10265.6
25067	1620.1	1877.1	10278.6
53423	1613.1	1895.2	10201.1
54916	1609.0	1871.0	10250.3
37075	1600.6	1885.3	10209.8
10712	1621.7	1904.6	10583.8
165	1612.0	1900.9	10468.8
46110	1604.6	1796.7	9913.7
25150	1611.8	1851.2	10128.2
60627	1612.5	1879.9	10014.2
21892	1606.8	1928.5	10380.3
54104	1601.6	1808.0	10125.9
10744	1605.8	1824.5	9984.4
13959	1611.2	1917.0	10252.7
13080	1611.4	1895.4	10421.0
7759	1595.2	1797.0	10030.2
64970	1592.8	1806.7	9811.6
35262	1601.2	1834.5	10065.7
53275	1612.4	1828.6	10718.0
55097	1605.6	1826.6	10085.7
27392	1618.4	1864.2	10381.5
56047	1601.8	1813.8	9978.2
57099	1602.5	1868.6	10112.3
707	1605.7	1915.0	10200.2
51488	1605.3	1849.7	10039.3
11311	1609.4	1847.3	10137.3
19793	1612.4	1856.2	10132.3
43159	1606.0	1868.0	10119.8
46581	1597.1	1819.0	10109.0
17859	1591.5	1790.5	9912.8
34274	1615.3	1862.0	10380.8
46171	1603.8	1841.3	10157.1
42609	1608.7	1838.7	10514.2
49606	1608.8	1863.6	10266.1
47047	1601.6	1832.1	9981.0
8054	1597.9	1818.3	10081.3
39469	1594.1	1876.7	10108.1
62249	1611.2	1903.7	10255.2
27706	1604.4	1846.6	9969.8
35986	1597.5	1857.2	10219.9
57669	1619.3	1829.6	10210.7
46267	1598.7	1877.9	10102.5
31596	1587.9	1832.1	9785.8
25071	1606.0	1827.0	10025.0
18005	1621.3	1871.4	10571.3
7482	1597.7	1849.0	10025.6
953	1618.9	1842.7	10380.1
6460	1601.9	1813.9	9996.5
11241	1605.1	1912.4	10235.4
16028	1598.1	1816.3	9924.5
7785	1601.3	1835.6	10099.7
20280	1610.4	1842.6	10107.9
54596	1607.1	1821.6	10070.0
46844	1605.9	1891.2	10172.9
35719	1600.4	1810.4	10021.2
59950	1606.1	1856.4	10141.1
7956	1595.3	1833.3	10163.6
42266	1626.9	1940.1	10860.5
11127	1586.7	1858.3	9812.3
62095	1591.7	1829.1	9745.8
19791	1604.2	1898.6	10211.9
50456	1610.5	1830.9	10123.6
47727	1603.2	1784.8	9977.8
19397	1585.6	1788.4	9774.7
52313	1591.5	1830.8	9958.8
40524	1614.6	1871.0	10281.8
54136	1589.7	1811.5	9944.1
3576	1606.9	1922.0	10228.5
53054	1592.0	1792.6	9875.4
20308	1606.5	1883.1	10133.7
1592	1593.4	1823.8	10186.2
26932	1614.9	1884.3	10309.1
11964	1602.6	1809.2	9915.1
37875	1598.7	1840.3	9938.0
7594	1605.5	1830.3	9972.5
34103	1600.4	1813.5	9916.3
52438	1601.6	1844.0	10160.9
19955	1610.5	1860.1	10232.3
44915	1594.3	1820.1	9822.7
44872	1605.4	1841.6	10322.5
59694	1603.0	1845.6	10053.6
20821	1607.6	1859.3	10229.5
13120	1608.5	1894.7	10433.7
13317	1603.1	1841.5	10243.0
24443	1625.0	1938.3	10636.8
4234	1593.8	1797.3	9799.9
11925	1607.0	1845.0	10095.0
26870	1607.6	1811.9	10151.8
7040	1594.0	1856.3	9921.9
34096	1597.4	1820.0	9848.5
22255	1609.3	1830.4	10246.0
47896	1600.0	1779.6	9816.2
35164	1603.3	1888.8	10171.3
24839	1600.1	1867.3	9966.6
63870	1606.3	1849.6	10248.8
18463	1604.8	1859.0	10268.5
48411	1591.2	1792.2	9858.0
34058	1606.3	1856.7	10214.0
49824	1593.6	1817.7	9762.3
37841	1599.3	1824.9	10142.1
51306	1608.4	1853.5	10205.5
21813	1613.0	1854.9	10291.6
8507	1608.2	1891.0	10181.5
56208	1604.1	1837.6	10000.1
9397	1618.0	1906.5	10604.5
12496	1618.5	1877.1	10691.1
1834	1601.3	1924.2	10309.1
47329	1598.9	1807.5	10117.0
18	1608.7	1849.7	10307.6
45929	1610.0	1838.3	10231.1
46038	1596.7	1861.8	10116.4
5194	1619.8	1898.1	10406.1
48453	1594.0	1821.2	9952.8
20979	1606.7	1846.7	10241.2
30670	1599.4	1834.4	10015.5
38157	1582.3	1756.2	9538.0
10668	1585.8	1783.1	9693.0
30909	1600.9	1830.8	10227.2
22756	1603.0	1811.6	10124.7
423	1604.0	1835.7	10082.1
9762	1591.2	1811.5	9756.3
15843	1623.2	1887.2	10429.3
45075	1596.9	1801.7	9872.4
5356	1599.2	1842.3	10107.9
13181	1594.1	1836.3	9984.5
9139	1606.6	1803.0	9895.1
4321	1601.1	1851.3	9953.3
16216	1604.5	1843.0	10242.3
26125	1595.9	1890.5	10070.3
14503	1617.3	1861.0	10339.1
29857	1595.6	1841.3	9998.8
7664	1612.7	1853.6	10127.7
61193	1606.1	1829.4	10012.3
7446	1595.2	1834.7	9769.5
25511	1601.7	1825.8	9976.0
50278	1604.4	1860.4	10191.7
46044	1610.6	1862.7	10152.7
43460	1597.5	1846.0	10030.1
35639	1611.5	1851.9	10345.6
22014	1602.7	1863.2	10422.2
16994	1599.0	1882.1	10003.6
26796	1602.0	1819.5	10038.6
24695	1582.2	1784.8	9670.2
59238	1614.3	1846.2	10349.0
59011	1601.4	1873.8	10259.8
46661	1598.0	1798.2	9830.0
40476	1617.5	1919.8	10802.5
47988	1610.1	1832.2	10209.8
61379	1604.2	1865.0	9963.8
34610	1614.3	1894.4	10452.8
3247	1605.1	1814.5	10165.1
28368	1611.3	1871.2	10216.1
52500	1606.9	1813.9	10175.1
61387	1606.6	1871.0	10238.6
21288	1601.7	1845.3	10178.6
9739	1596.4	1862.6	10038.3
10348	1601.5	1850.5	9900.0
50171	1599.1	1826.9	9927.3
49430	1594.3	1836.2	9843.9
39555	1609.4	1833.2	10221.2
31848	1613.1	1854.7	10196.4
58901	1589.4	1798.0	9782.1
51436	1613.7	1870.3	10261.9
34214	1590.2	1805.4	9766.0
61933	1594.8	1803.9	10034.3
35920	1620.7	1882.4	10356.9
32249	1605.3	1827.0	10329.5
14532	1602.1	1872.7	9955.0
43366	1608.7	1811.7	9993.9
49664	1599.5	1786.6	10032.4
41698	1603.8	1850.6	10080.7
13561	1599.1	1842.1	9972.0
3221	1586.5	1819.4	9536.9
16056	1613.1	1845.2	10291.7
23925	1615.4	1856.9	10411.1
52106	1615.0	1885.5	10584.9
15628	1603.6	1839.6	10725.8
38847	1597.6	1816.3	9933.5
36050	1604.6	1831.0	10162.3
48561	1610.4	1871.3	10351.4
4290	1612.0	1857.9	10274.9
11829	1604.3	1847.4	10474.0
63511	1617.2	1908.7	10338.4
32649	1592.8	1825.0	10067.2
48223	1602.8	1838.6	9983.0
50211	1593.9	1803.8	9645.4
52708	1606.7	1828.0	9943.0
11931	1606.4	1867.1	10138.7
35448	1603.9	1877.5	10263.6
49385	1610.4	1852.9	10120.3
16774	1599.9	1835.9	9985.8
39266	1589.7	1827.5	9914.7
55957	1609.5	1848.0	10249.5
18429	1601.7	1813.8	9974.5
2569	1628.9	1877.0	10346.7
19174	1614.1	1908.8	10408.8
25865	1603.7	1814.1	10101.2
63629	1617.5	1863.8	10174.5
10460	1598.3	1834.2	10052.0
6642	1601.2	1825.1	10184.8
45134	1597.3	1793.2	9873.7
57962	1603.2	1829.7	10074.1
5853	1596.0	1863.4	10072.1
10839	1606.8	1830.2	10100.1
9742	1602.9	1860.9	10084.5
30150	1599.9	1776.4	9710.0
4232	1611.5	1892.0	11022.9
2842	1608.1	1854.5	10115.3
41191	1605.3	1845.8	10028.4
26356	1608.6	1847.0	10205.3
3156	1598.0	1866.7	9974.1
21620	1595.5	1834.9	9921.0
39989	1604.7	1878.8	10526.0
56568	1596.6	1787.3	9782.6
38300	1599.2	1844.2	10034.4
50058	1609.0	1855.6	10047.8
14032	1604.4	1842.2	10079.7
22644	1594.7	1812.8	9829.3
50658	1590.3	1795.5	9753.7
23078	1598.1	1886.0	10151.9
20135	1612.6	1841.0	10125.2
3897	1593.3	1811.0	9802.3
37134	1602.9	1844.9	10073.0
4645	1615.1	1857.4	10158.7
22031	1590.3	1821.1	9772.7
33513	1607.2	1807.3	10151.3
48323	1607.4	1864.4	10328.3
3314	1600.0	1795.4	10021.0
64470	1605.4	1844.2	10106.0
41694	1610.0	1866.5	10375.3
38445	1602.9	1838.3	10067.4
53211	1601.9	1845.0	10092.3
20273	1613.2	1851.2	10305.6
61910	1601.9	1866.9	10483.0
39729	1594.8	1815.4	10032.2
23578	1610.8	1875.7	10448.0
44552	1596.3	1835.7	9922.2
15618	1611.5	1860.6	10222.6
25484	1610.9	1850.3	10179.7
60753	1600.8	1839.2	10326.0
46061	1605.0	1855.0	10200.9
23365	1602.6	1850.6	10262.6
27258	1611.2	1894.8	10322.8
6257	1612.3	1899.6	10270.6
34593	1607.7	1880.4	10392.3
28040	1605.1	1846.0	9996.0
35992	1596.4	1884.4	10064.3
7626	1611.5	1853.7	10207.6
9890	1614.6	1879.7	10353.1
26810	1609.4	1853.6	10237.2
53999	1598.3	1786.2	9904.9
18775	1603.7	1808.1	10138.3
55086	1600.4	1816.4	9943.2
35642	1598.4	1810.8	9967.2
34432	1595.5	1853.0	10041.3
120	1585.9	1832.1	9718.4
56657	1604.7	1812.5	10049.1
2895	1606.4	1895.6	10338.5
1835	1604.4	1820.6	10069.3
45201	1593.3	1851.0	9901.8
29084	1598.6	1829.2	10017.5
53222	1612.3	1896.1	10659.4
48700	1594.3	1821.9	9951.7
41743	1609.5	1845.9	10127.7
56019	1600.6	1811.0	9980.5
9336	1602.4	1878.7	10273.2
41858	1606.9	1866.8	10428.8
36035	1603.7	1821.6	9904.1
51417	1606.3	1852.1	10075.2
4369	1596.8	1857.2	9953.0
39298	1608.4	1853.5	10172.2
1725	1608.6	1873.2	10138.8
43144	1603.6	1831.3	10294.0
57018	1598.4	1846.4	9990.3
51931	1612.6	1864.0	10176.1
38984	1605.9	1858.9	10091.3
58416	1605.2	1871.4	10291.0
55816	1603.4	1828.8	10181.7
8107	1607.3	1855.4	10085.7
20418	1603.1	1857.1	10321.2
57496	1624.2	1919.7	10639.6
15876	1609.0	1852.2	10449.7
39539	1620.6	1901.2	10774.4
