3108	1069.6	1340.1	1515.7
1576	1076.8	1365.2	1564.0
2912	1073.2	1317.1	1530.3
461	1075.7	1353.0	1555.4
848	1075.3	1372.7	1540.6
1471	1076.2	1313.8	1504.2
1534	1075.9	1298.9	1525.3
4171	1073.8	1275.3	1492.7
1752	1072.6	1306.4	1510.3
3792	1083.0	1364.6	1606.7
2954	1079.3	1323.6	1529.4
942	1071.2	1343.8	1509.8
4809	1070.2	1319.9	1507.5
216	1073.4	1325.7	1540.3
2168	1070.7	1346.8	1513.1
2093	1077.7	1356.3	1555.9
3311	1068.2	1299.6	1498.6
1964	1065.6	1277.5	1488.3
3172	1066.7	1307.0	1535.5
3412	1069.8	1333.4	1583.9
1118	1068.1	1293.3	1483.7
3166	1067.7	1331.2	1476.3
125	1070.4	1305.9	1511.2
3011	1070.6	1302.4	1481.8
4464	1068.7	1309.6	1616.4
3184	1076.6	1344.6	1588.3
628	1071.6	1322.7	1534.9
1718	1072.6	1309.8	1497.2
4241	1060.6	1261.4	1449.1
2081	1071.2	1345.5	1574.3
4707	1066.6	1284.0	1508.9
4446	1074.1	1327.5	1560.1
944	1078.0	1336.2	1541.4
3429	1069.1	1321.3	1513.4
4022	1068.4	1302.9	1477.4
4001	1058.7	1276.9	1479.2
3237	1074.2	1266.7	1488.4
627	1079.1	1323.1	1544.2
3094	1064.2	1279.3	1513.6
1022	1065.6	1304.8	1500.9
3430	1071.3	1289.9	1499.9
3965	1074.4	1319.3	1543.3
3718	1069.0	1380.4	1584.0
4380	1067.5	1331.6	1523.0
1046	1062.1	1280.2	1465.9
307	1073.9	1320.6	1552.9
4722	1074.2	1320.6	1505.2
108	1077.6	1337.9	1585.4
1895	1069.3	1271.3	1485.6
3584	1073.3	1377.2	1540.2
1095	1084.1	1332.6	1577.2
1103	1078.3	1331.0	1515.4
2559	1074.1	1340.1	1586.5
2046	1084.9	1369.7	1605.7
4091	1063.4	1280.0	1469.0
1683	1065.0	1278.2	1485.0
2023	1067.0	1251.1	1572.6
597	1074.0	1358.7	1536.8
4994	1066.9	1288.5	1465.5
724	1073.7	1314.4	1489.1
1201	1065.4	1256.7	1471.6
2444	1065.4	1306.3	1478.0
796	1067.7	1339.6	1537.7
940	1073.5	1352.7	1537.8
3753	1065.9	1294.6	1510.2
4029	1074.0	1318.6	1516.6
4539	1062.2	1230.8	1439.6
4841	1070.5	1296.5	1493.4
4991	1082.0	1369.1	1577.0
2947	1068.2	1336.9	1509.1
3608	1067.9	1322.2	1516.2
2637	1063.1	1319.7	1497.6
3777	1063.2	1301.3	1459.1
1555	1066.1	1287.0	1478.9
4078	1064.0	1292.1	1481.3
2248	1072.2	1387.6	1604.4
4816	1070.0	1365.0	1581.5
2518	1067.3	1266.7	1466.9
1460	1082.1	1349.6	1536.8
4737	1071.6	1246.5	1476.5
353	1077.1	1383.6	1598.4
4837	1071.8	1309.5	1514.5
834	1060.8	1284.9	1523.1
3644	1072.7	1305.9	1505.8
1314	1072.2	1361.8	1551.9
3059	1066.6	1285.7	1492.0
4568	1061.8	1337.0	1469.2
1737	1069.5	1351.6	1515.5
3112	1058.7	1340.9	1510.8
3939	1071.7	1274.3	1489.9
4451	1063.1	1268.7	1459.8
370	1071.7	1348.6	1524.3
3248	1072.6	1292.2	1529.2
1623	1061.8	1281.8	1461.6
2263	1080.5	1348.0	1535.4
2709	1073.5	1372.6	1557.8
300	1075.3	1335.4	1547.4
3615	1071.7	1331.5	1535.0
1558	1068.9	1358.7	1552.1
4642	1066.8	1300.4	1493.5
191	1083.3	1363.5	1563.6
4626	1069.3	1337.7	1518.7
1356	1073.4	1321.1	1523.2
2733	1066.0	1324.3	1482.7
1813	1070.3	1321.2	1540.3
3826	1066.0	1314.5	1514.4
1915	1066.2	1329.4	1542.4
4505	1067.8	1318.8	1480.8
2376	1069.2	1295.9	1456.7
246	1060.7	1270.2	1444.8
3746	1064.8	1302.6	1467.2
3211	1079.1	1353.0	1533.2
4936	1068.6	1351.8	1532.0
1969	1071.9	1345.9	1505.0
2696	1074.5	1308.3	1513.3
861	1070.2	1313.2	1547.2
4779	1075.7	1328.8	1519.2
1644	1074.7	1300.2	1504.1
3557	1074.7	1300.7	1525.9
62	1066.2	1288.5	1490.8
2680	1072.6	1313.9	1530.3
2029	1072.2	1336.2	1573.6
2260	1061.3	1254.1	1434.6
4227	1075.0	1313.1	1524.4
496	1071.0	1297.3	1528.5
3045	1084.8	1345.7	1574.9
2206	1079.3	1397.5	1584.3
4065	1069.9	1232.8	1462.2
1357	1064.2	1310.4	1487.0
1026	1065.5	1308.6	1510.5
2674	1070.9	1319.6	1512.2
4651	1075.0	1324.5	1485.7
3696	1070.6	1290.1	1503.8
3627	1066.3	1287.8	1455.8
350	1073.6	1358.7	1554.7
2688	1062.5	1323.4	1463.5
3444	1060.3	1274.3	1446.8
3381	1073.0	1325.1	1519.4
1982	1073.2	1303.6	1474.6
2973	1061.7	1293.0	1481.5
4978	1067.4	1296.7	1521.2
1894	1071.9	1316.2	1518.9
1569	1069.9	1299.6	1494.0
16	1067.5	1267.7	1485.9
548	1068.8	1334.8	1496.0
2281	1070.2	1252.6	1474.9
1253	1067.8	1304.3	1489.9
2196	1070.1	1384.9	1532.0
3246	1075.8	1374.2	1592.3
4180	1070.0	1351.6	1524.7
3334	1071.0	1310.1	1535.3
1596	1066.9	1312.3	1496.0
2746	1067.9	1282.5	1508.6
4811	1079.3	1318.2	1602.5
1143	1076.5	1346.4	1582.5
1552	1071.4	1256.4	1474.1
4033	1068.0	1368.5	1562.9
55	1069.1	1349.2	1535.6
1469	1073.2	1342.4	1551.4
4845	1072.8	1308.9	1497.4
453	1075.2	1307.7	1550.9
2304	1066.7	1320.0	1548.0
1776	1070.7	1267.6	1469.3
3299	1074.1	1307.4	1515.6
4068	1073.5	1335.0	1565.3
3152	1071.4	1316.0	1558.4
2675	1062.8	1316.0	1513.6
2907	1063.6	1296.2	1514.2
4012	1067.9	1352.3	1505.6
1689	1063.3	1311.4	1466.0
1834	1068.0	1304.1	1477.6
574	1071.4	1351.2	1555.5
4962	1073.8	1302.9	1540.9
4574	1068.6	1344.4	1529.8
2613	1074.4	1309.1	1506.7
3084	1083.4	1349.8	1564.6
3897	1072.8	1342.6	1562.3
3683	1072.7	1326.0	1527.4
1265	1079.4	1315.9	1668.0
202	1061.0	1297.7	1465.2
3633	1067.2	1268.5	1456.4
40	1070.2	1307.2	1533.5
3860	1071.9	1329.4	1505.7
1781	1067.4	1335.4	1473.2
4243	1075.5	1281.5	1503.5
891	1062.6	1332.3	1496.2
912	1075.7	1327.4	1565.0
1901	1071.0	1298.9	1518.0
3553	1077.8	1378.4	1593.0
2431	1064.0	1356.3	1521.3
2371	1072.4	1311.2	1510.7
2043	1064.8	1280.0	1462.1
4050	1067.4	1361.2	1634.9
4673	1071.0	1307.5	1521.4
2635	1067.8	1277.5	1486.4
2840	1075.9	1354.4	1538.4
4002	1073.0	1277.4	1468.5
3470	1069.4	1327.4	1512.4
1701	1069.6	1336.0	1515.4
1630	1067.8	1303.3	1517.7
4589	1062.5	1274.4	1481.4
1407	1067.9	1305.7	1510.1
452	1074.8	1313.0	1553.8
4368	1066.9	1294.8	1533.8
4979	1074.9	1316.3	1528.7
3489	1067.1	1301.0	1504.9
2874	1068.5	1281.2	1506.4
4170	1080.9	1368.6	1592.8
2163	1073.7	1300.7	1507.4
226	1068.9	1308.6	1500.4
4393	1064.6	1373.7	1493.4
144	1078.2	1345.9	1534.7
1801	1071.8	1288.6	1510.2
2582	1068.5	1335.9	1505.8
286	1063.5	1333.1	1551.0
2707	1058.4	1289.3	1473.3
3233	1069.0	1334.4	1528.6
4231	1071.3	1289.5	1484.7
1661	1075.9	1377.4	1588.8
386	1072.0	1294.2	1489.9
4215	1071.9	1299.4	1495.4
3361	1062.4	1330.3	1480.5
2429	1067.6	1278.9	1443.6
3165	1082.4	1328.2	1557.9
1583	1078.7	1328.6	1536.4
3243	1078.0	1322.5	1548.0
4351	1075.6	1321.9	1580.9
1655	1071.5	1303.1	1522.4
3460	1068.7	1302.3	1478.2
2308	1060.7	1316.4	1489.0
177	1069.0	1318.0	1516.4
442	1067.9	1283.0	1538.4
878	1069.3	1265.0	1542.6
3219	1068.2	1281.0	1502.0
1034	1074.7	1384.7	1598.4
1372	1072.6	1326.4	1514.3
2690	1068.9	1295.2	1471.1
3522	1078.9	1356.8	1567.3
2395	1064.1	1287.5	1467.2
4542	1072.5	1355.7	1532.0
1973	1066.4	1300.3	1490.2
429	1070.4	1277.2	1495.8
4005	1074.2	1386.3	1606.7
457	1066.8	1280.7	1472.6
2137	1069.2	1289.9	1473.5
3232	1071.4	1333.0	1531.7
384	1077.0	1346.6	1559.0
3662	1076.7	1322.2	1524.0
648	1064.7	1282.4	1463.3
646	1065.5	1289.5	1472.2
716	1070.3	1344.9	1521.9
4410	1072.0	1342.8	1562.5
4853	1074.9	1364.0	1623.7
1700	1076.6	1321.0	1516.6
2058	1068.3	1333.8	1496.2
1279	1074.8	1295.5	1618.2
3504	1065.5	1309.1	1482.4
2985	1068.3	1318.6	1528.9
1131	1064.1	1302.7	1476.9
2367	1078.6	1362.5	1607.2
1844	1061.0	1275.7	1452.2
1991	1061.7	1328.2	1495.3
1725	1070.8	1296.9	1493.1
1187	1073.6	1272.4	1474.3
4998	1082.4	1380.6	1631.5
2897	1075.1	1368.5	1526.1
4937	1058.4	1247.7	1432.7
1884	1065.0	1292.4	1449.1
635	1062.7	1314.9	1498.5
1563	1072.9	1294.6	1545.8
440	1074.2	1330.6	1554.8
1188	1070.4	1353.5	1531.1
712	1072.7	1368.0	1599.0
4112	1075.7	1396.7	1549.4
545	1071.1	1302.6	1496.2
327	1063.5	1307.5	1469.0
3665	1062.1	1251.0	1474.7
2956	1065.4	1315.2	1493.8
4046	1064.6	1230.3	1420.6
3423	1069.5	1330.0	1520.9
1190	1079.5	1371.0	1542.2
1378	1057.4	1239.7	1463.0
3053	1076.9	1328.1	1547.4
1268	1073.7	1292.1	1514.2
3229	1059.6	1281.8	1452.1
2914	1075.0	1360.0	1572.3
4743	1066.6	1289.9	1471.8
4576	1065.8	1301.7	1454.1
1908	1072.8	1287.5	1521.2
4878	1083.6	1327.7	1548.1
1004	1062.9	1281.9	1464.9
1075	1075.7	1316.8	1532.7
2522	1064.7	1291.3	1533.7
3499	1070.9	1303.8	1490.2
2798	1082.9	1353.6	2037.2
158	1076.7	1350.5	1535.7
1395	1073.2	1347.1	1526.0
2301	1073.6	1355.0	1536.6
2234	1085.8	1382.2	1609.9
1553	1066.0	1306.4	1508.6
4246	1078.3	1341.0	1539.0
3811	1076.7	1335.7	1565.0
924	1072.4	1291.8	1495.7
3870	1073.0	1332.5	1539.2
2309	1081.1	1405.2	1578.5
984	1070.4	1347.0	1518.6
507	1072.9	1328.2	1541.3
1726	1076.8	1343.3	1543.0
4935	1067.7	1332.6	1550.1
3703	1074.0	1327.4	1537.6
885	1068.9	1333.5	1503.3
4863	1069.1	1281.0	1447.2
2499	1075.3	1348.5	1574.3
974	1069.3	1332.0	1622.7
4733	1067.6	1293.7	1468.4
2929	1072.0	1350.4	1521.9
1716	1069.6	1309.9	1490.2
1274	1066.1	1287.6	1468.1
3036	1074.6	1334.8	1536.5
2421	1071.2	1323.6	1490.6
1068	1074.6	1349.7	1558.8
4190	1067.7	1312.1	1553.9
3222	1071.2	1279.9	1473.2
4428	1070.5	1266.5	1475.7
3042	1065.7	1327.2	1517.4
3842	1077.1	1337.8	1604.0
4313	1069.1	1345.3	1512.3
3488	1077.6	1341.6	1538.7
2459	1072.6	1326.8	1512.7
2885	1072.5	1335.6	1552.8
2873	1071.0	1371.4	1568.1
2495	1077.9	1382.4	1601.7
4333	1072.1	1335.4	1476.9
4624	1065.0	1262.7	1468.0
3372	1068.7	1330.3	1506.6
2626	1070.7	1326.5	1521.1
582	1075.1	1349.9	1573.2
3875	1074.7	1315.9	1572.7
3970	1077.9	1351.8	1527.4
1137	1072.8	1344.8	1531.4
3044	1080.7	1294.4	1543.4
4869	1065.7	1290.9	1521.1
4074	1064.9	1325.6	1531.6
2969	1068.1	1328.3	1492.8
3642	1068.2	1344.1	1582.5
907	1077.0	1386.9	1557.8
3941	1068.4	1277.1	1491.0
3583	1074.3	1314.8	1538.9
3796	1073.0	1311.3	1508.3
583	1076.4	1366.9	1616.8
3623	1068.6	1313.1	1507.7
3080	1076.5	1406.0	1710.5
2311	1078.4	1390.6	1576.1
2259	1077.5	1361.5	1569.0
1922	1063.9	1317.7	1505.4
2275	1074.7	1291.0	1521.0
4244	1076.6	1322.0	1581.9
2366	1083.2	1360.7	1585.3
1218	1064.4	1268.9	1463.5
2036	1072.5	1310.3	1562.8
4095	1077.8	1328.2	1568.3
2372	1074.0	1291.3	1482.5
2887	1059.2	1337.0	1516.3
2879	1074.7	1315.5	1529.7
1671	1070.1	1344.0	1519.1
1058	1066.0	1315.0	1481.1
2453	1064.0	1304.3	1503.6
4685	1078.1	1325.5	1562.4
1840	1058.1	1281.6	1455.0
4336	1065.1	1328.8	1503.6
4713	1071.7	1381.3	1736.7
2286	1075.4	1330.9	1565.4
1662	1074.3	1335.0	1542.4
2535	1065.9	1308.9	1480.8
3700	1072.7	1353.6	1531.5
3116	1068.2	1308.4	1543.1
1227	1081.3	1389.2	1602.2
262	1077.7	1398.3	1604.2
823	1070.7	1286.3	1493.7
374	1065.9	1278.5	1490.5
4951	1055.5	1301.2	1498.3
2001	1065.7	1278.2	1478.5
1970	1072.8	1363.1	1573.5
1344	1068.2	1328.0	1517.8
4860	1063.1	1289.5	1471.1
2198	1065.8	1319.6	1524.4
3196	1077.6	1362.2	1568.6
4000	1072.1	1294.2	1501.3
4122	1083.3	1407.6	1614.3
514	1073.9	1337.4	1541.7
2375	1075.4	1384.9	1579.5
1773	1071.8	1360.0	1594.4
2325	1071.6	1337.5	1534.2
175	1072.1	1366.0	1556.2
221	1071.1	1273.6	1493.1
4997	1066.5	1283.4	1471.9
212	1077.2	1351.1	1544.3
1212	1077.5	1358.2	1547.0
3069	1070.1	1327.3	1521.2
4404	1070.6	1310.2	1631.0
4566	1070.7	1360.8	1532.6
705	1077.2	1344.0	1566.5
4296	1071.6	1318.0	1471.3
2930	1061.3	1309.1	1469.8
905	1061.7	1315.5	1533.8
2038	1059.8	1310.7	1512.1
2047	1068.0	1289.2	1520.5
1797	1074.1	1328.8	1524.9
1164	1073.8	1336.8	1519.0
149	1073.4	1344.0	1579.3
188	1073.3	1357.3	1563.7
846	1066.2	1298.2	1518.4
667	1066.4	1327.1	1525.1
4222	1077.7	1364.1	1610.4
414	1065.3	1301.5	1489.0
1284	1075.7	1354.6	1549.8
614	1076.3	1364.9	1600.9
1561	1065.5	1274.2	1462.0
403	1070.1	1335.9	1512.8
1627	1072.9	1314.2	1490.4
427	1072.3	1356.3	1523.7
2966	1063.5	1320.3	1441.3
1548	1072.3	1322.3	1537.8
4727	1073.0	1328.5	1532.0
935	1070.9	1281.1	1494.3
3909	1057.2	1281.3	1439.6
2155	1071.5	1302.2	1555.1
4861	1075.1	1355.1	1581.7
4433	1068.5	1280.5	1484.7
1120	1082.9	1349.5	1568.7
1673	1078.8	1358.4	1525.2
1814	1057.3	1222.4	1447.7
2307	1075.8	1337.3	1561.1
3908	1073.6	1308.2	1534.8
1207	1069.2	1316.5	1521.1
3256	1066.9	1319.2	1489.8
2731	1078.5	1329.4	1546.7
397	1079.8	1348.4	1551.9
4952	1067.4	1329.8	1492.6
4158	1061.8	1249.0	1460.1
4984	1068.7	1289.8	1484.4
4137	1077.3	1346.8	1537.4
1906	1074.3	1365.4	1605.3
727	1078.9	1312.8	1534.3
4772	1081.9	1346.6	1570.4
1035	1070.6	1299.3	1499.6
2424	1074.9	1353.7	1571.3
3367	1067.2	1275.1	1505.1
4928	1075.5	1320.7	1550.4
3317	1070.7	1334.4	1578.3
2913	1066.0	1300.8	1568.4
4955	1071.5	1315.5	1498.2
4485	1075.8	1322.3	1579.2
1410	1068.6	1340.8	1504.1
4904	1069.5	1329.5	1550.4
2976	1066.6	1285.7	1496.8
3845	1065.6	1348.9	1523.8
3925	1066.6	1333.3	1541.0
4910	1061.6	1247.8	1452.8
855	1068.1	1320.1	1529.8
2849	1073.7	1331.6	1508.6
4857	1072.8	1287.4	1484.3
1278	1074.4	1406.7	1558.0
4126	1071.5	1310.3	1496.3
1205	1081.7	1374.7	1579.3
932	1068.1	1314.8	1486.1
1880	1072.6	1334.6	1511.8
4731	1064.0	1255.4	1483.5
3413	1065.9	1282.9	1490.4
1059	1068.4	1291.4	1504.1
2756	1073.6	1295.7	1507.6
4712	1075.9	1339.1	1532.1
3419	1076.3	1309.6	1568.2
2505	1069.9	1310.8	1504.0
2106	1064.5	1295.4	1471.7
1745	1064.6	1287.9	1497.0
2060	1063.9	1275.4	1490.3
4812	1072.3	1316.6	1546.8
1633	1079.2	1347.0	1515.7
4740	1064.1	1287.3	1509.7
1481	1066.3	1266.7	1469.5
4238	1067.2	1340.3	1492.7
2599	1063.9	1304.5	1491.7
2955	1075.9	1335.4	1545.1
3114	1074.7	1295.5	1528.3
1799	1075.3	1368.7	1553.1
4031	1062.9	1315.7	1475.9
3353	1074.0	1342.2	1529.9
4127	1063.0	1312.6	1485.1
2668	1076.3	1323.3	1513.8
1636	1068.2	1352.7	1552.6
1490	1067.7	1308.1	1488.7
418	1073.5	1313.5	1528.2
4049	1065.0	1299.4	1535.9
4381	1068.6	1281.9	1482.2
2189	1066.4	1298.3	1517.7
671	1077.2	1355.7	1586.1
3901	1068.5	1303.1	1514.2
2764	1064.9	1312.4	1476.4
2823	1072.8	1327.7	1516.8
4966	1065.1	1275.1	1479.1
1154	1069.2	1348.4	1521.9
4148	1067.2	1298.3	1492.4
416	1061.1	1296.0	1446.3
662	1062.0	1273.0	1457.9
1092	1069.9	1306.1	1512.1
3857	1064.8	1311.1	1515.5
3874	1067.3	1318.8	1573.9
1850	1072.7	1323.3	1517.0
400	1068.6	1314.8	1501.6
4303	1070.8	1262.7	1470.5
520	1075.9	1347.7	1536.5
3576	1072.5	1331.3	1541.2
1741	1064.5	1273.0	1477.4
822	1074.6	1332.1	1536.7
470	1066.7	1298.2	1475.5
3831	1077.2	1353.4	1564.9
2597	1069.9	1317.6	1504.7
4239	1071.7	1320.9	1493.0
2319	1065.7	1274.1	1503.7
3580	1066.6	1306.6	1513.8
4008	1076.3	1368.9	1573.6
1944	1068.1	1307.2	1506.5
1467	1086.0	1370.6	1674.8
2392	1075.4	1329.5	1527.1
2882	1075.8	1341.4	1565.0
2490	1069.2	1311.6	1564.6
1209	1067.9	1314.4	1501.8
4646	1075.6	1323.3	1565.3
587	1069.9	1326.7	1507.5
639	1067.9	1338.7	1619.5
2097	1064.6	1315.9	1531.8
3505	1068.8	1322.3	1532.6
1226	1060.5	1272.6	1464.6
967	1066.8	1286.2	1465.3
3514	1064.5	1295.7	1535.3
24	1073.9	1366.6	1585.2
2184	1067.9	1316.3	1509.8
1204	1073.0	1305.8	1527.2
1528	1075.4	1317.1	1500.9
3179	1072.5	1316.6	1506.1
4194	1074.2	1347.8	1515.6
1243	1074.7	1297.5	1534.2
4101	1066.3	1318.2	1495.6
4159	1073.7	1356.4	1586.2
2435	1072.4	1302.3	1515.0
4146	1071.9	1312.4	1560.2
3923	1068.3	1348.0	1507.6
271	1069.9	1324.6	1489.8
4	1059.2	1276.5	1455.0
4271	1070.3	1286.3	1497.5
4501	1062.7	1267.5	1472.6
2527	1074.7	1383.7	1626.5
739	1080.0	1289.9	1531.8
2065	1067.7	1358.1	1597.9
1842	1069.4	1353.2	1565.5
1162	1080.5	1356.6	1570.4
87	1070.0	1332.4	1539.7
3573	1070.4	1327.8	1549.7
2738	1069.9	1329.6	1507.5
4395	1078.4	1302.8	1517.0
3902	1072.9	1299.0	1516.6
2302	1080.3	1398.3	1571.8
1047	1059.4	1248.3	1453.3
1923	1080.0	1322.3	1536.6
2216	1079.2	1328.8	1552.0
3783	1073.8	1342.9	1505.5
339	1073.7	1318.3	1534.2
1160	1072.1	1352.5	1563.8
524	1068.3	1366.3	1575.2
2793	1065.6	1280.0	1485.0
4414	1071.3	1311.7	1510.2
3936	1065.0	1293.3	1464.1
2333	1073.7	1312.7	1524.2
2477	1075.0	1329.8	1600.8
4383	1071.3	1355.6	1526.9
2313	1066.0	1286.7	1478.0
71	1076.0	1328.1	1562.0
1435	1075.2	1346.9	1567.6
3359	1067.5	1240.4	1443.0
3657	1075.1	1369.1	1523.3
3075	1071.1	1329.2	1519.1
2980	1080.7	1362.8	1565.7
2965	1068.1	1339.0	1555.2
2186	1072.3	1322.9	1519.7
3725	1069.3	1287.4	1514.5
4261	1070.1	1300.8	1509.7
550	1064.3	1313.9	1489.1
3569	1084.4	1377.8	2028.5
1466	1073.0	1326.6	1539.1
2517	1062.0	1252.9	1431.9
1150	1076.3	1327.7	1533.5
3516	1061.3	1306.9	1453.0
3156	1071.3	1318.8	1497.1
2732	1064.0	1276.6	1454.0
4070	1064.6	1284.2	1479.4
1524	1069.3	1310.1	1482.5
2971	1064.6	1325.4	1476.2
4789	1076.1	1326.3	1518.9
3401	1061.7	1269.7	1440.0
1111	1061.1	1265.3	1450.5
3790	1067.1	1294.7	1504.4
4275	1063.3	1272.1	1462.1
3705	1067.5	1335.0	1512.1
4825	1067.2	1293.8	1520.7
4480	1079.8	1362.7	1563.8
4696	1075.7	1360.9	1550.8
3181	1079.0	1311.5	1511.9
4996	1070.3	1328.5	1493.2
4117	1075.4	1345.7	1542.3
3946	1076.4	1307.0	1501.6
3920	1080.4	1358.3	1564.2
3528	1072.3	1328.1	1505.6
312	1069.1	1303.1	1502.3
2898	1070.8	1293.8	1499.0
3379	1064.4	1375.2	1566.6
2562	1082.4	1385.5	1617.6
1358	1074.7	1309.5	1502.6
3592	1066.6	1298.7	1493.2
1682	1066.1	1339.8	1493.5
1851	1068.8	1305.8	1490.3
1828	1067.7	1268.8	1498.9
963	1059.2	1278.4	1467.3
3776	1069.5	1357.8	1532.5
1742	1069.2	1322.6	1498.4
2719	1080.1	1362.0	1658.1
2039	1073.6	1270.8	1495.5
3917	1074.6	1307.7	1563.5
850	1067.1	1295.4	1532.8
3682	1075.1	1312.5	1574.7
2931	1069.9	1277.9	1505.9
118	1078.4	1301.9	1506.3
3520	1074.3	1347.4	1615.7
4945	1067.5	1281.0	1452.3
455	1077.9	1347.5	1524.1
2952	1065.3	1312.1	1483.6
2660	1074.7	1314.6	1523.8
4147	1059.1	1267.3	1455.0
2768	1071.3	1361.4	1587.5
1582	1074.5	1362.9	1614.5
56	1080.6	1332.0	1577.0
3215	1070.4	1316.7	1537.3
508	1077.8	1293.6	1538.9
4960	1072.4	1383.9	1584.2
2988	1063.4	1343.2	1527.6
567	1084.9	1424.6	1628.4
4093	1062.9	1327.3	1483.7
4600	1069.2	1299.4	1523.3
1494	1074.5	1349.1	1543.8
3881	1056.4	1254.6	1425.0
2678	1070.9	1358.2	1568.9
1516	1073.1	1315.4	1530.7
3355	1064.6	1290.9	1530.6
1101	1064.2	1291.7	1471.5
3912	1074.5	1293.7	1508.9
2504	1066.5	1322.7	1499.3
1182	1070.3	1293.1	1505.6
3072	1073.9	1329.4	1527.1
3720	1067.7	1332.5	1502.2
1933	1083.3	1339.2	1566.1
1363	1069.8	1293.4	1512.6
18	1067.0	1277.5	1484.0
637	1077.7	1352.3	1565.5
2427	1073.8	1347.0	1540.2
2337	1077.2	1363.7	1551.3
4196	1075.2	1337.9	1574.8
4284	1081.9	1366.5	1592.3
4314	1072.5	1311.8	1501.8
2710	1071.4	1347.7	1544.3
730	1076.8	1356.1	1548.6
2729	1071.1	1285.8	1488.1
3734	1078.4	1307.9	1531.8
961	1080.1	1321.6	1563.7
129	1071.3	1354.6	1515.7
4593	1078.1	1320.4	1527.6
4388	1073.3	1365.7	1539.4
4270	1062.0	1293.1	1521.3
998	1073.4	1358.5	1553.4
2188	1069.0	1295.1	1472.0
2519	1070.1	1279.5	1487.1
2742	1076.5	1321.0	1529.7
4072	1078.4	1345.1	1545.5
1734	1064.3	1312.6	1480.1
3343	1074.2	1329.0	1543.3
921	1072.5	1317.8	1519.1
3454	1068.6	1302.9	1639.2
2703	1077.8	1373.2	1579.4
4679	1081.1	1358.1	1558.3
4544	1057.5	1345.1	1593.4
4385	1071.4	1316.7	1492.7
1730	1072.5	1320.2	1500.9
3142	1064.7	1316.9	1463.1
4981	1071.7	1325.5	1504.3
4459	1073.6	1306.0	1507.9
3503	1079.8	1308.4	1533.2
3567	1070.8	1338.4	1558.4
413	1070.8	1304.4	1524.7
2268	1068.6	1293.0	1483.0
908	1080.2	1329.9	1571.1
4311	1066.3	1304.2	1460.4
950	1066.0	1302.2	1472.6
4063	1075.4	1334.2	1597.7
1979	1064.9	1304.9	1499.5
3422	1071.2	1337.0	1557.9
1338	1080.0	1393.8	1640.6
4424	1067.6	1295.9	1469.9
4498	1065.4	1292.0	1498.8
3862	1066.8	1288.6	1510.6
3989	1067.4	1281.1	1513.1
179	1070.0	1319.5	1594.7
4324	1068.9	1316.7	1471.4
4349	1065.5	1287.5	1480.6
4618	1074.8	1305.4	1535.7
364	1075.6	1308.8	1506.6
521	1070.8	1312.9	1503.8
3292	1075.9	1361.8	1713.4
4292	1072.3	1316.5	1545.2
4473	1072.7	1330.2	1547.0
4060	1068.7	1352.0	1499.6
1330	1069.7	1377.0	1535.8
934	1073.6	1295.2	1476.7
351	1071.6	1317.7	1486.3
589	1063.3	1285.0	1481.9
4490	1078.1	1372.4	1559.9
931	1078.1	1357.3	1539.4
3025	1072.5	1385.1	1641.5
79	1069.6	1303.1	1545.7
352	1065.4	1303.0	1505.6
938	1072.1	1327.0	1515.9
3537	1071.8	1330.3	1533.4
2179	1074.2	1363.1	1555.0
292	1070.2	1305.1	1519.9
3366	1071.8	1327.2	1541.6
2420	1062.6	1309.5	1525.5
1914	1065.4	1271.8	1478.5
65	1079.9	1337.9	1589.3
1929	1064.9	1348.9	1499.6
3021	1070.7	1314.5	1469.4
757	1077.5	1308.0	1512.5
2114	1064.3	1266.0	1491.7
933	1081.1	1289.3	1586.9
919	1070.5	1360.9	1555.4
1695	1065.1	1280.5	1484.5
3111	1068.7	1336.7	1527.2
3885	1068.4	1349.7	1514.2
1800	1063.8	1277.8	1479.9
820	1067.9	1266.8	1480.2
654	1074.5	1336.7	1514.7
4665	1076.2	1314.9	1526.7
2880	1084.8	1413.8	1607.1
1613	1072.8	1314.5	1532.3
1603	1071.6	1301.7	1495.4
1698	1070.7	1285.0	1525.1
4893	1067.8	1304.3	1503.2
799	1071.2	1333.1	1534.6
1849	1082.6	1326.3	1557.1
3333	1068.6	1313.9	1485.1
3153	1070.3	1242.7	1473.6
2478	1065.1	1315.7	1497.3
3173	1076.1	1348.6	1593.3
4293	1068.7	1293.7	1468.8
2894	1068.1	1296.5	1502.6
4750	1079.9	1369.1	1597.3
3656	1068.8	1273.8	1487.3
3438	1073.2	1306.0	1501.0
588	1071.3	1314.5	1527.0
3176	1070.2	1317.4	1502.5
2473	1072.8	1320.8	1518.7
4611	1066.4	1304.6	1497.9
51	1070.0	1293.4	1521.7
4150	1075.9	1291.4	1550.8
874	1075.0	1316.4	1508.2
4316	1060.9	1296.3	1463.4
893	1066.5	1261.8	1456.5
91	1076.2	1329.6	1502.0
4470	1073.9	1313.5	1521.7
3128	1060.6	1251.2	1485.7
39	1090.7	1376.2	1601.3
1335	1078.2	1355.2	1574.5
975	1078.7	1420.8	1573.3
566	1072.5	1326.1	1536.1
3018	1075.3	1337.3	1540.2
3945	1077.4	1372.8	1561.0
2716	1080.3	1327.4	1579.7
3921	1070.6	1321.9	1535.8
1136	1070.5	1310.2	1489.8
4040	1067.7	1355.6	1527.1
2142	1070.5	1283.2	1513.5
2612	1061.4	1307.6	1470.8
3217	1080.2	1356.1	1625.1
3016	1073.7	1297.9	1498.9
3049	1074.3	1336.6	1514.3
2796	1062.6	1245.4	1469.1
1722	1080.0	1358.8	1534.3
3911	1075.5	1307.3	1518.2
2774	1081.4	1315.3	1558.2
265	1069.4	1320.1	1530.0
1617	1076.8	1304.3	1530.2
1688	1065.8	1306.5	1780.6
3493	1068.9	1303.5	1508.4
2902	1071.2	1283.4	1492.0
2133	1072.3	1341.4	1531.0
4866	1076.5	1359.4	1524.9
4703	1073.2	1322.0	1510.5
1241	1070.9	1343.4	1543.7
741	1070.1	1320.7	1505.9
3630	1077.6	1354.7	1567.9
214	1071.8	1355.2	1500.6
1998	1066.1	1380.3	1542.9
2789	1066.4	1323.5	1490.0
4627	1075.3	1324.8	1566.2
4708	1071.7	1290.8	1520.6
4818	1072.3	1305.2	1558.8
1568	1070.4	1290.6	1515.4
1270	1081.4	1310.6	1550.3
4232	1077.3	1386.6	1565.4
3907	1066.2	1337.7	1502.9
2132	1072.8	1320.5	1589.8
4402	1062.1	1302.7	1455.0
3668	1066.4	1309.1	1497.0
4602	1066.5	1280.5	1450.9
674	1069.2	1335.4	1534.0
1336	1073.4	1297.4	1539.4
3732	1069.9	1288.2	1488.1
4977	1072.5	1352.1	1533.8
2921	1069.5	1296.0	1500.3
3508	1062.3	1295.6	1503.7
394	1077.1	1350.3	1567.9
4217	1068.4	1324.3	1517.1
1501	1067.6	1333.6	1514.0
3312	1072.4	1335.4	1531.8
954	1062.1	1307.4	1524.2
3903	1074.6	1317.1	1590.4
3863	1072.2	1325.2	1502.4
3151	1065.9	1288.6	1480.6
2157	1071.9	1356.2	1547.3
1968	1083.5	1433.9	1786.5
142	1066.0	1254.0	1452.9
795	1073.4	1311.9	1547.6
3947	1073.5	1359.9	1569.7
3770	1065.6	1287.5	1505.7
2715	1074.8	1282.8	1555.1
366	1069.2	1280.0	1475.0
2449	1079.7	1390.8	1585.1
3582	1065.9	1329.5	1484.3
2908	1074.0	1356.7	1523.8
412	1067.0	1287.8	1490.0
456	1071.8	1327.5	1550.8
1140	1076.6	1324.2	1531.9
198	1069.7	1313.9	1496.4
4116	1072.3	1314.6	1543.5
3694	1077.1	1318.9	1527.3
2974	1069.4	1277.7	1469.1
1859	1069.8	1294.6	1513.2
1172	1067.3	1340.3	1502.8
4267	1067.1	1299.3	1495.8
2583	1072.1	1354.4	1557.8
2240	1082.6	1352.1	1606.9
3206	1063.0	1289.7	1482.2
3052	1065.4	1340.3	1517.6
4578	1069.0	1359.9	1611.3
3962	1074.0	1306.2	1498.0
2244	1070.6	1315.3	1542.6
819	1068.3	1285.5	1491.8
2648	1067.0	1299.2	1478.3
4397	1071.7	1349.4	1552.6
0	1072.1	1314.4	1505.7
1972	1079.2	1328.2	1566.2
4781	1073.9	1361.3	1545.4
3027	1082.0	1366.1	1576.3
109	1066.6	1275.0	1494.7
4776	1073.9	1333.5	1535.6
2750	1074.3	1314.9	1529.1
2636	1066.5	1280.0	1475.9
3230	1076.1	1289.6	1514.2
3272	1066.1	1302.0	1506.3
3421	1068.9	1330.6	1536.8
1989	1068.1	1361.5	1516.2
1589	1079.4	1323.6	1556.1
264	1071.4	1320.5	1519.0
2503	1073.4	1342.5	1558.3
2099	1068.3	1246.2	1439.8
1720	1062.5	1283.2	1463.7
1831	1065.5	1251.0	1482.2
1305	1073.1	1327.3	1593.7
980	1070.5	1280.8	1486.6
4564	1078.5	1313.2	1579.0
945	1073.1	1257.6	1490.6
4119	1073.8	1323.4	1534.3
1038	1076.9	1301.8	1526.1
4322	1065.8	1310.8	1502.4
172	1073.2	1328.2	1540.8
4524	1068.2	1292.0	1489.7
1258	1077.5	1362.8	1586.1
901	1064.9	1321.1	1461.2
869	1068.4	1275.5	1486.9
1871	1075.0	1331.7	1536.9
2611	1077.3	1334.2	1559.8
289	1063.7	1314.4	1529.4
1978	1073.9	1321.5	1551.5
3765	1068.6	1332.2	1499.4
1259	1072.7	1356.9	1673.9
3760	1067.3	1353.5	1552.4
2575	1069.2	1279.4	1451.2
2403	1080.6	1352.1	1526.5
3457	1075.3	1356.5	1522.8
1362	1065.6	1312.7	1490.3
3066	1063.7	1308.4	1472.7
3741	1073.2	1334.8	1556.2
3324	1074.0	1315.6	1514.3
2458	1059.9	1288.4	1467.6
1280	1073.3	1307.5	1520.8
2953	1066.3	1335.4	1505.1
4823	1072.5	1311.7	1499.8
4034	1066.3	1311.9	1528.2
2343	1071.6	1346.4	1518.4
3977	1071.1	1351.6	1496.7
1275	1072.6	1303.2	1534.1
2528	1080.8	1376.4	1610.1
3278	1066.6	1293.2	1529.9
3012	1078.0	1335.5	1560.2
3604	1067.5	1294.4	1486.5
482	1062.9	1316.6	1470.4
4199	1072.2	1355.4	1504.6
2335	1062.5	1270.9	1488.7
3300	1063.6	1288.6	1476.0
669	1066.9	1308.0	1519.6
194	1068.4	1290.4	1539.7
3524	1075.8	1307.2	1536.7
4447	1071.9	1296.2	1490.5
1992	1061.0	1253.9	1464.3
1385	1067.1	1314.4	1503.0
330	1071.3	1310.9	1502.9
2452	1072.9	1324.0	1520.9
358	1073.9	1354.5	1530.5
4802	1070.8	1336.5	1529.4
4851	1081.6	1354.4	1631.6
3008	1066.6	1299.6	1495.4
3345	1075.1	1337.9	1523.5
4528	1066.3	1267.2	1477.5
3351	1068.7	1318.8	1516.9
3509	1073.8	1312.7	1507.4
491	1065.3	1300.9	1488.4
4209	1066.3	1307.4	1485.4
641	1069.4	1324.4	1519.6
4778	1082.6	1369.5	1580.0
989	1072.2	1297.6	1534.9
2105	1071.8	1320.2	1508.6
1525	1067.1	1299.4	1474.1
802	1064.7	1330.2	1494.9
3185	1072.3	1297.3	1474.7
2628	1065.5	1332.9	1510.4
3730	1075.5	1315.6	1511.4
1370	1077.1	1308.9	1493.9
1954	1066.9	1305.9	1495.3
2228	1074.2	1326.6	1505.5
3678	1068.7	1310.8	1507.7
4547	1077.3	1369.0	1566.7
2283	1064.9	1327.6	1514.7
2401	1066.0	1273.9	1496.8
3709	1068.4	1283.0	1464.1
1952	1084.1	1341.6	1581.7
1934	1070.9	1281.0	1481.8
2432	1072.0	1311.2	1486.9
2051	1070.1	1322.2	1557.5
2806	1071.6	1318.4	1526.1
4629	1063.7	1299.5	1514.6
4260	1066.4	1318.1	1510.4
3205	1062.0	1274.7	1471.1
4341	1071.3	1298.5	1485.1
4511	1063.9	1319.5	1495.6
4676	1062.8	1269.5	1444.8
4041	1075.9	1374.5	1592.2
1750	1073.3	1353.7	1541.8
1242	1080.5	1362.7	1551.8
1287	1076.3	1332.8	1519.9
4887	1071.1	1326.9	1521.3
782	1075.5	1338.8	1563.2
1610	1071.4	1280.8	1493.2
2267	1074.1	1336.1	1525.1
859	1075.9	1334.2	1520.8
4416	1069.5	1328.1	1549.5
4096	1066.6	1267.5	1466.8
1297	1073.9	1354.8	1580.3
3905	1063.2	1291.1	1458.8
1941	1074.0	1299.0	1520.9
2096	1083.1	1368.0	1564.5
1939	1067.7	1267.8	1502.2
3023	1070.4	1373.2	1560.8
4018	1078.9	1318.2	1521.1
1109	1081.9	1341.9	1570.6
3943	1072.9	1349.3	1529.4
3620	1073.3	1322.1	1484.4
1875	1072.9	1306.0	1526.9
4255	1078.3	1337.1	1571.8
2266	1064.5	1252.7	1453.5
4105	1067.7	1276.9	1471.2
535	1068.4	1270.4	1486.1
2513	1073.6	1268.0	1507.8
3305	1070.2	1307.1	1495.4
