74798	1685.0	1870.6	11527.5
34411	1696.9	1911.8	11658.9
55586	1689.7	1929.5	11854.3
65262	1687.7	1870.1	11622.6
47603	1695.4	1901.8	11630.1
35440	1693.9	1921.9	11812.1
24225	1696.1	1920.0	11818.3
40653	1694.2	1906.5	11669.6
51357	1684.5	1875.1	11574.5
47791	1689.0	1918.3	11549.4
53389	1703.0	1925.0	11948.2
11262	1689.4	1890.7	11429.8
28922	1684.9	1891.0	11598.2
70293	1699.7	1901.6	11693.5
60473	1682.9	1900.1	11648.7
19375	1684.7	1871.8	11398.7
60058	1684.8	1829.4	11238.9
34522	1693.9	1901.0	11482.1
26400	1690.8	1905.4	11727.2
12484	1699.7	1914.5	12151.0
59606	1683.9	1862.5	11509.7
46756	1703.9	1893.1	11943.2
58483	1702.5	1928.4	12037.7
56342	1694.3	1880.6	11668.6
40433	1679.5	1885.0	11416.1
57026	1682.1	1870.4	11483.2
3439	1690.5	1884.5	11959.9
55227	1687.8	1890.4	11735.6
45986	1692.5	1884.4	11557.7
18291	1704.7	1930.9	11875.7
14879	1680.6	1853.7	11464.4
54376	1689.9	1908.2	11695.3
74263	1687.5	1933.8	11642.7
37144	1690.3	1903.5	11557.0
30834	1679.9	1853.6	11290.9
59928	1669.7	1843.1	11245.3
38014	1692.1	1920.0	11893.6
56854	1685.1	1878.3	11832.5
39754	1692.0	1897.6	11495.3
72500	1680.7	1881.8	11338.1
57468	1672.1	1909.9	11451.7
72546	1685.0	1875.5	11555.9
64876	1688.4	1874.0	11581.3
41111	1689.3	1884.7	11551.3
62639	1698.3	1914.9	11858.7
18125	1683.6	1893.0	11710.8
69654	1683.4	1879.3	11511.9
28849	1696.2	1910.7	11766.2
41659	1688.4	1895.5	11572.8
19712	1688.9	1878.0	11595.8
50912	1692.9	1900.4	11634.9
48259	1692.3	1894.2	11658.5
64715	1686.7	1877.7	11615.1
22199	1682.6	1892.7	11595.0
39001	1703.1	1940.2	11951.7
63907	1692.0	1895.6	11529.1
73904	1688.8	1898.4	11755.9
36076	1689.8	1892.9	11610.7
52572	1689.9	1908.4	11681.7
74737	1699.0	1947.5	12253.4
325	1683.1	1887.2	11442.7
69417	1686.5	1893.9	11731.6
65683	1686.5	1895.1	11404.8
61715	1683.6	1856.3	11827.9
2816	1685.5	1871.8	11555.6
32618	1699.3	1915.3	11958.2
60266	1681.9	1887.5	11553.2
51783	1686.9	1873.2	11609.3
35840	1677.4	1887.6	11371.3
6666	1673.3	1874.2	11375.2
27728	1681.8	1869.7	11561.7
28997	1698.5	1887.1	12111.2
22927	1680.4	1845.2	11242.7
30636	1689.2	1906.0	11574.1
66582	1697.7	1964.4	11996.7
50944	1698.2	1878.4	11714.7
59498	1677.7	1923.9	11551.1
43684	1696.1	1901.5	11746.3
8695	1689.7	1878.0	11339.1
48128	1704.3	1961.9	11979.7
36428	1683.3	1877.6	11422.4
29642	1686.5	1875.6	11482.5
5427	1700.5	1954.6	12438.3
17456	1672.4	1879.6	11357.3
43837	1690.9	1927.7	11669.3
65133	1705.4	1959.8	12033.0
74150	1695.1	1885.7	11532.1
19948	1688.8	1935.2	11815.9
3375	1679.8	1919.1	11928.3
21155	1686.0	1905.1	11752.9
67375	1691.0	1900.0	11551.4
58818	1702.8	1955.8	12350.3
55445	1699.0	1923.8	11858.2
47494	1697.8	1946.7	12053.8
11088	1689.5	1906.1	11605.2
30534	1687.6	1913.2	11533.0
60692	1699.4	1891.7	11743.9
35182	1687.4	1902.4	11537.8
53413	1676.6	1868.8	11332.8
47978	1675.0	1868.6	11311.5
46922	1692.5	1862.0	11580.4
67130	1689.6	1893.0	11588.7
34001	1682.9	1861.2	11627.3
11910	1688.9	1908.3	11929.0
2788	1698.2	1931.6	11773.5
59640	1697.8	1899.7	11704.0
56131	1696.0	1864.4	11565.0
53199	1693.1	1905.5	11792.0
38005	1681.7	1873.8	11379.3
16193	1680.9	1879.3	11672.6
69395	1695.0	1936.6	12133.9
65897	1684.4	1908.6	11577.4
58167	1682.2	1875.0	11793.7
2715	1703.5	1966.7	12540.1
4288	1691.2	1919.6	11816.1
45900	1699.4	1907.5	11993.8
25151	1691.7	1905.9	11703.5
8387	1700.5	1935.1	12141.5
10136	1694.3	1874.5	11631.2
39589	1690.5	1919.5	11940.6
40199	1684.8	1844.0	11410.9
64193	1683.5	1893.6	11527.3
67017	1676.7	1877.6	11518.5
49338	1699.8	1908.6	11894.8
38724	1695.2	1935.3	12135.5
12957	1684.7	1893.8	11690.3
55551	1702.4	1962.9	12362.4
44971	1694.2	1937.6	11774.9
66660	1692.2	1921.4	11912.4
15628	1677.8	1893.4	11475.4
50937	1689.5	1888.8	11754.1
206	1696.1	1899.6	11685.5
44478	1676.1	1825.7	11174.5
71734	1703.6	1914.4	11902.9
26224	1678.8	1841.9	11609.2
55631	1698.4	1953.5	12099.3
68849	1709.8	1913.4	11987.5
65348	1691.9	1881.1	11778.6
18265	1690.1	1879.2	11415.3
38991	1675.4	1845.5	11215.7
57006	1694.8	1895.2	11639.9
29409	1687.3	1880.6	11967.3
57107	1684.4	1915.8	11744.6
29766	1693.4	1930.4	11781.7
27211	1695.5	1895.4	11631.2
30404	1692.3	1868.6	11652.2
10438	1684.9	1915.1	11670.7
59049	1690.7	1872.8	11651.5
17968	1689.4	1853.6	11522.1
14883	1683.9	1866.2	11517.7
63651	1704.1	1953.8	12350.2
29504	1699.0	1970.6	12101.5
55282	1687.7	1920.4	11886.1
8225	1696.8	1931.4	12014.4
17393	1693.8	1945.2	11765.5
54167	1696.2	1887.7	11963.7
4932	1686.4	1916.6	11768.4
8478	1695.1	1914.2	11842.9
16988	1684.7	1891.9	11671.1
72875	1691.9	1896.6	11694.3
16812	1684.4	1886.1	11416.7
11225	1691.7	1901.8	11663.2
65112	1689.5	1893.8	11630.9
71943	1685.7	1882.9	12114.3
26053	1692.9	1938.3	12098.3
25637	1684.4	1902.6	11544.1
16084	1689.9	1902.9	11736.2
19234	1685.9	1902.2	11589.2
56197	1676.9	1878.5	11580.5
43237	1697.3	1934.3	11963.6
46560	1698.3	1931.8	12056.0
46855	1697.7	1904.7	11653.0
8242	1676.0	1889.6	11361.1
67160	1698.7	1947.2	11813.7
31795	1686.4	1891.1	11640.8
13139	1702.2	1972.4	12417.5
994	1692.5	1890.7	11857.0
5310	1688.1	1901.0	11803.4
21540	1704.3	1955.5	12191.8
12964	1704.0	1936.2	12580.8
63087	1694.4	1924.4	11683.5
2906	1690.5	1916.5	11681.7
33654	1692.1	1915.8	11706.7
21658	1698.8	1935.7	11841.5
43182	1679.9	1870.9	11726.5
7654	1688.6	1889.4	11553.4
5620	1687.3	1923.3	11758.4
59941	1702.2	1917.8	12009.9
48215	1689.6	1917.6	11492.8
34410	1684.9	1924.9	11772.5
28436	1680.5	1886.2	11403.9
58330	1711.0	1972.9	11986.9
60652	1683.7	1872.9	11649.5
61349	1699.7	1917.5	12061.3
43714	1678.6	1847.6	11380.3
47453	1680.6	1905.8	11742.8
34384	1690.8	1899.8	11731.6
36050	1681.9	1874.3	11543.7
47104	1687.8	1843.4	11394.5
71142	1682.5	1894.1	11611.1
16289	1692.8	1887.9	11704.6
11983	1682.5	1872.7	11376.1
15309	1668.7	1879.1	11341.4
4303	1694.2	1876.9	11885.3
55914	1695.9	1933.5	12218.7
547	1689.2	1885.5	11647.7
8252	1697.5	1914.7	11793.8
8206	1683.4	1854.9	11407.0
43036	1679.7	1850.4	11677.7
15115	1687.0	1877.4	11417.2
19863	1696.3	1909.5	11844.6
5826	1684.3	1937.9	11608.7
52719	1691.5	1898.1	11596.5
74028	1695.1	1895.3	11739.6
53988	1706.0	1915.1	12163.9
40419	1705.1	1931.6	12356.0
67804	1674.4	1874.2	11495.3
74420	1686.8	1878.2	11467.8
52054	1703.8	1943.7	12074.6
35278	1697.2	1943.3	11947.7
8368	1683.5	1901.5	11807.0
20697	1695.5	1907.5	11981.9
44445	1689.9	1899.8	11866.8
74334	1674.2	1858.9	11405.5
64314	1685.3	1857.2	11441.8
61462	1695.5	1911.6	11913.6
68328	1687.2	1874.1	11887.8
31580	1698.7	1901.7	11788.1
155	1703.9	1865.9	11690.9
24316	1685.0	1887.4	11359.4
35039	1688.5	1916.1	11812.3
17882	1689.8	1871.4	11542.1
9573	1689.8	1892.4	11684.8
42060	1679.8	1901.0	11730.9
39107	1684.7	1841.5	11460.8
34958	1682.1	1897.0	11463.5
32683	1697.6	1885.5	11780.0
29221	1695.9	1895.0	11627.3
63256	1692.0	1907.1	11674.7
66518	1693.8	1874.2	11349.8
3042	1687.2	1868.8	11662.2
46789	1693.0	1932.5	11599.9
35888	1695.8	1849.4	11531.8
49975	1692.8	1899.2	11825.6
47717	1691.8	1877.5	11812.6
49013	1681.9	1863.7	11460.6
47975	1690.6	1871.5	11710.0
12598	1674.8	1860.1	11331.6
47935	1669.7	1893.0	11291.4
45209	1682.2	1903.9	11740.2
29004	1692.8	1944.7	11740.5
73704	1690.3	1893.7	11496.6
43132	1698.4	1891.2	11744.4
5979	1685.2	1864.4	11523.3
61976	1687.2	1868.3	11395.2
74130	1694.2	1931.3	12391.8
31876	1693.4	1941.4	11817.1
21863	1689.7	1900.6	11595.4
51480	1688.4	1862.0	11430.3
6046	1711.8	1940.2	12065.1
61144	1700.3	1947.8	12168.3
66729	1709.5	1992.2	12600.8
49287	1691.3	1916.7	11766.0
65554	1682.4	1871.2	11546.1
13735	1694.6	1901.2	11693.0
32650	1687.1	1876.9	11754.8
52112	1694.8	1946.9	11878.9
48629	1692.7	1897.8	11864.7
9650	1678.3	1885.6	11429.6
51236	1695.2	1894.1	11755.3
37504	1691.6	1902.5	11775.1
14160	1690.1	1886.3	11932.6
74612	1703.6	1943.3	12269.3
74628	1701.9	1934.9	11922.9
238	1696.1	1930.6	11963.8
12453	1693.9	1897.6	11809.7
23518	1700.4	1933.3	11942.2
553	1703.0	1916.8	11895.9
7587	1706.4	1907.4	12147.1
71139	1689.3	1877.9	11596.3
11488	1678.0	1883.0	11350.8
61559	1695.0	1939.6	11849.3
43342	1692.8	1836.3	11456.5
32905	1688.5	1887.9	11583.0
69802	1684.1	1885.3	11516.4
16904	1707.5	1946.2	12440.1
22480	1679.3	1844.2	11659.9
71742	1691.5	1945.6	11905.4
46009	1692.7	1973.7	11991.6
64995	1701.4	1933.9	12067.9
11646	1685.3	1900.4	11717.9
20953	1669.3	1855.7	11472.9
14690	1680.3	1886.5	11275.1
30721	1695.9	1944.8	12038.9
6421	1679.7	1840.8	11214.6
48126	1697.7	1910.4	11895.4
36019	1691.6	1910.7	11803.9
35985	1679.7	1870.3	11293.7
12636	1699.4	1920.0	11724.5
73154	1667.4	1851.1	11271.2
65575	1686.3	1902.1	11594.8
12998	1679.4	1881.7	11481.7
5809	1700.9	1957.1	11908.8
31059	1695.2	1911.3	11821.8
42235	1684.0	1852.9	11328.2
11567	1683.1	1841.7	11642.7
43650	1700.1	1896.7	11697.5
68997	1691.5	1910.7	12212.0
7067	1684.1	1863.3	11273.9
52488	1683.8	1860.4	11424.9
61608	1698.6	1927.8	11999.5
20934	1690.3	1855.3	11374.1
11840	1698.4	1861.2	11886.1
45202	1699.9	1917.2	11860.5
10532	1687.0	1866.0	11500.0
34176	1687.6	1879.1	11559.5
17763	1703.2	1915.8	11833.2
43146	1691.7	1893.9	11682.1
55016	1689.1	1868.7	11561.0
70818	1688.1	1893.1	11681.2
67268	1689.3	1850.9	11463.5
59418	1678.2	1880.3	11421.7
52215	1687.5	1905.9	11530.5
41532	1675.3	1826.8	11141.0
6202	1678.1	1833.2	11367.7
19919	1678.1	1866.8	11553.6
40796	1707.7	1891.6	11930.9
25509	1695.8	1927.6	11767.6
29723	1692.6	1893.7	11560.5
28319	1681.4	1900.2	11753.2
948	1682.6	1886.4	11570.9
6369	1678.1	1856.5	11430.8
10754	1679.9	1856.5	11383.9
60045	1691.3	1895.6	11708.0
40747	1679.3	1837.8	11494.0
61823	1694.9	1896.9	11805.7
53832	1689.9	1894.2	11605.6
42871	1686.9	1898.2	11635.7
12081	1684.7	1871.1	11424.2
33329	1689.8	1907.0	11747.4
65029	1696.2	1924.5	11967.4
28888	1680.0	1862.1	11328.5
24537	1683.2	1845.2	11358.1
1824	1685.1	1847.4	11504.9
21072	1696.7	1920.7	11673.1
34206	1696.3	1924.8	11637.1
37926	1680.1	1881.5	11454.4
17281	1687.6	1850.8	11397.3
20945	1679.9	1869.3	11364.4
63310	1680.3	1848.1	11406.7
56972	1679.4	1851.6	11375.5
4317	1693.3	1925.2	11891.2
72525	1690.0	1892.7	11663.5
241	1694.6	1901.6	11582.8
32394	1695.0	1908.5	11630.0
62123	1679.1	1895.1	11365.5
24920	1696.3	1937.4	11796.8
61944	1688.0	1862.8	11486.9
26468	1680.1	1850.1	11418.4
22377	1700.3	1913.1	11800.6
2745	1683.0	1864.3	11461.2
70783	1694.1	1912.6	11832.4
3621	1689.3	1880.7	11660.1
62294	1679.8	1875.3	11578.7
60609	1691.7	1913.3	11513.6
38857	1696.5	1927.8	11942.0
64623	1689.3	1937.7	11798.0
49818	1681.5	1875.7	11522.6
5544	1694.1	1935.8	11931.5
17151	1701.7	1926.4	12423.5
73442	1688.2	1884.1	11578.5
21831	1678.7	1901.4	11883.1
26514	1669.8	1835.9	11250.3
56361	1680.9	1857.5	11499.7
22474	1705.0	1952.6	11914.9
5673	1694.5	1920.0	11700.8
56783	1691.3	1897.9	11613.0
47841	1699.9	1946.3	12479.9
74726	1679.5	1874.0	11249.6
73506	1697.7	1913.9	11708.6
73940	1687.5	1893.5	11526.5
23705	1704.1	1889.4	11949.5
30574	1690.8	1931.0	11974.0
54206	1690.7	1869.5	11564.8
60897	1692.6	1906.2	11710.7
67790	1694.7	1913.7	11700.6
31830	1686.2	1884.4	11471.6
34756	1696.5	1906.7	11922.2
57997	1706.5	1972.3	12464.2
51416	1686.1	1878.3	11568.5
59612	1687.8	1886.2	11641.1
6740	1674.6	1816.2	11445.9
69401	1681.0	1925.7	11614.5
44128	1688.8	1877.3	11541.0
9170	1689.1	1875.8	11458.5
18382	1697.4	1889.0	11648.4
69130	1694.1	1907.2	11782.5
30783	1686.7	1854.8	11427.1
49453	1690.5	1931.8	11788.1
11136	1695.7	1893.5	11803.1
6189	1687.8	1885.4	11493.6
35370	1686.5	1903.4	12149.3
27132	1700.9	1944.1	12096.5
55302	1702.9	1959.2	11889.1
54508	1684.2	1901.7	11696.5
23549	1702.1	1900.0	12135.6
30822	1703.9	1963.9	12127.8
73550	1703.4	1932.6	11938.9
2690	1684.2	1917.1	11772.0
72364	1696.1	1907.9	11819.3
55201	1708.5	1949.0	12077.9
9643	1685.7	1896.9	11717.7
58031	1695.5	1856.9	11920.2
8966	1692.4	1863.5	11905.0
37818	1683.2	1870.7	11323.0
52809	1688.9	1891.0	11540.9
2065	1691.1	1923.6	11593.0
16453	1693.3	1884.6	11810.7
11819	1687.4	1892.4	11601.3
32751	1680.4	1906.1	11529.1
42502	1695.3	1923.5	11994.6
20365	1688.2	1919.0	12296.4
54640	1677.9	1851.1	11456.5
32985	1691.8	1944.4	11887.9
64170	1691.0	1903.1	11653.2
255	1685.8	1893.9	11458.1
47828	1691.0	1847.0	11688.9
24995	1681.7	1913.1	11482.9
54145	1696.7	1908.6	11630.2
7336	1698.5	1913.5	12053.2
40548	1720.7	1955.9	12391.1
74832	1679.4	1892.9	11939.0
54804	1705.7	1918.6	11923.5
65072	1695.8	1895.2	11657.4
34602	1681.1	1899.7	11461.0
72449	1679.1	1863.8	11292.0
11211	1690.3	1886.3	11561.8
14884	1694.6	1885.1	11684.2
57739	1686.4	1931.1	11560.9
71212	1685.4	1869.3	11399.7
66268	1681.1	1905.9	11576.7
26678	1698.9	1917.5	12155.0
36542	1686.4	1854.2	11424.5
4733	1691.0	1860.2	11560.4
70368	1694.3	1944.9	11758.4
68648	1693.4	1927.1	11805.4
8708	1672.0	1867.8	11350.3
52476	1688.6	1879.9	11647.3
4254	1695.6	1902.6	11437.3
49131	1696.9	1950.5	11880.4
17003	1698.5	1929.4	11995.0
2981	1685.6	1901.8	11703.0
38777	1705.6	1983.3	12333.2
69764	1702.7	1956.8	12092.6
71175	1683.9	1896.4	11395.8
28265	1702.9	1907.7	11947.5
1588	1688.1	1877.1	11538.9
3435	1699.0	1937.7	12205.3
73045	1667.9	1867.0	11260.8
54004	1705.4	1952.1	12140.5
14715	1687.4	1911.4	13079.9
68987	1702.1	1914.9	11833.4
23321	1675.6	1855.4	11199.7
19295	1694.9	1933.3	11643.6
49014	1681.8	1860.2	11425.9
56305	1703.9	1894.0	11847.1
27428	1670.5	1854.5	11387.6
46294	1701.5	1913.4	11999.8
21457	1700.9	1936.4	11936.5
70498	1709.3	1888.2	12082.2
11479	1679.5	1837.5	11300.3
42566	1682.5	1812.9	11332.0
45468	1682.8	1900.6	11564.7
53369	1691.6	1881.5	11874.8
53810	1689.8	1898.0	11695.1
11499	1679.6	1877.6	11366.1
3022	1696.8	1895.0	11736.0
60100	1699.4	1906.1	12315.4
5772	1692.7	1928.8	11665.5
57858	1693.9	1923.7	11844.3
66427	1698.4	1908.1	11769.5
9254	1688.7	1886.6	11653.3
2531	1681.7	1851.5	11491.8
26068	1671.6	1891.9	11700.3
29629	1696.4	1924.2	11959.6
19342	1695.2	1926.1	11744.9
4162	1709.6	1960.2	12117.1
25643	1697.6	1974.0	12398.8
26464	1693.0	1896.2	11736.3
17700	1681.2	1867.3	11395.4
30056	1683.4	1924.3	11548.2
55554	1685.3	1847.4	11444.5
42770	1700.0	1938.0	12011.9
20942	1682.0	1924.9	11538.3
11723	1681.7	1895.7	11501.7
7253	1703.4	1939.2	12091.7
37241	1676.1	1834.4	11504.2
5027	1688.8	1861.9	11748.6
1640	1696.8	1880.9	11548.1
42856	1701.0	1933.9	12019.2
23502	1694.1	1901.1	11901.7
65878	1697.1	1917.8	11659.4
20973	1701.2	1910.2	11883.3
54484	1691.0	1902.5	11683.8
3470	1694.3	1864.4	11688.2
55596	1682.8	1926.8	11669.3
16534	1703.7	1959.2	12220.3
50740	1688.1	1875.3	11544.2
1770	1683.5	1872.8	11517.9
45210	1692.9	1907.4	11738.4
36373	1706.1	1944.1	12301.5
34648	1688.4	1861.7	11431.2
24161	1698.4	1922.4	11894.1
66790	1695.0	1918.3	11618.4
28425	1695.1	1937.8	12499.7
58635	1682.4	1893.5	11712.4
50665	1692.1	1869.6	11555.8
28477	1689.9	1880.9	11703.3
49492	1691.4	1927.5	12179.5
7302	1692.4	1888.4	11610.4
7170	1678.9	1881.8	11344.6
10153	1677.6	1847.6	11362.1
18935	1700.2	1890.8	11976.6
63056	1696.9	1892.2	11548.8
30873	1693.0	1919.4	11642.8
47479	1690.2	1924.1	12967.8
2168	1698.4	1866.2	11700.9
64201	1681.7	1880.4	11986.2
9375	1689.8	1888.0	11755.0
63575	1688.5	1904.3	11912.1
10319	1681.3	1845.3	11319.4
10266	1683.6	1913.1	11602.2
11143	1691.2	1898.8	11729.8
60831	1707.7	1970.1	12436.4
3491	1700.7	1939.1	12098.2
27671	1678.7	1904.1	11686.2
15278	1679.2	1869.2	11500.2
40793	1703.4	1953.3	12236.5
10582	1690.1	1945.5	11854.2
42910	1679.1	1865.3	11490.6
69989	1708.2	1913.6	12070.4
11764	1695.9	1881.0	11869.9
18816	1668.1	1840.0	11314.8
73447	1691.2	1927.4	11602.0
17140	1685.9	1879.7	11468.9
50505	1691.2	1903.6	11828.9
60170	1691.5	1895.4	11955.3
25797	1696.4	1898.6	11702.8
67383	1705.6	1934.5	12170.5
58948	1688.1	1887.9	11458.5
63503	1680.6	1859.4	11317.7
33204	1679.8	1851.0	11389.5
27328	1701.3	1914.9	11639.8
46367	1694.5	1905.9	11576.1
36829	1690.4	1937.4	11641.6
635	1684.7	1959.5	12231.9
28401	1702.6	1937.3	12310.6
4140	1706.3	1932.2	12137.6
31728	1689.1	1886.5	11580.2
56168	1694.3	1905.0	11771.1
17118	1696.3	1924.9	11769.0
19866	1678.4	1869.3	11410.9
26173	1691.3	1915.4	11754.1
65083	1692.0	1889.5	11646.4
64934	1705.6	1960.6	11820.7
11704	1689.3	1928.2	11806.3
5469	1686.5	1862.4	11537.9
73267	1691.8	1855.6	11423.6
12474	1699.1	1951.6	12183.1
18463	1685.6	1918.4	11885.5
50048	1695.6	1914.1	12182.2
4129	1704.5	1979.4	12360.6
48905	1689.5	1927.3	12072.3
61883	1686.1	1883.0	11525.9
71543	1677.7	1859.7	11255.6
25654	1695.0	1947.6	11880.2
62978	1679.9	1855.1	11326.0
71833	1686.3	1874.8	11525.8
9618	1680.9	1872.8	11297.3
58891	1694.8	1935.7	12029.9
73427	1698.5	1898.6	11648.5
25036	1693.5	1885.8	11814.0
16230	1672.9	1825.5	11093.3
34073	1687.2	1917.5	11979.8
28439	1694.8	1894.0	11713.4
18150	1690.9	1873.8	11703.3
3125	1693.6	1903.0	11730.5
54060	1686.9	1896.6	11693.5
63777	1680.9	1850.2	11505.2
22085	1694.6	1885.1	11833.7
60035	1705.4	1946.9	11987.8
66773	1703.2	1920.3	12033.4
55920	1699.0	1898.6	12117.6
55568	1687.3	1876.2	11455.2
16652	1694.0	1953.2	11932.1
49460	1682.8	1863.5	11398.3
65851	1701.6	1941.4	11878.4
40652	1688.9	1856.4	11534.0
12614	1698.8	1944.3	11977.3
62259	1681.0	1903.1	11604.4
49465	1679.3	1833.6	11546.5
28094	1676.4	1883.3	11354.8
52639	1700.5	1940.9	11839.8
62124	1691.8	1910.0	11771.0
4255	1689.2	1901.5	11639.1
61570	1686.8	1873.9	11531.1
68310	1709.7	1945.9	11930.2
28405	1684.4	1889.3	11538.7
73858	1673.8	1877.5	11391.1
10571	1688.8	1899.1	11749.4
30186	1696.8	1919.9	11965.7
8106	1677.4	1872.7	11481.5
41476	1697.8	1926.7	11967.6
67832	1697.4	1942.2	12043.0
3036	1704.5	1919.3	11888.3
20183	1699.2	1904.8	12142.3
67211	1685.5	1878.0	11678.7
9697	1687.9	1844.4	11533.5
33838	1703.7	1932.2	12065.4
44390	1675.5	1835.6	11529.3
62307	1680.1	1867.3	11313.4
69668	1685.2	1890.2	11658.3
46142	1700.3	1905.3	11734.4
41140	1688.8	1864.5	11545.7
51734	1684.1	1875.4	11475.9
12640	1695.2	1939.8	11839.8
16465	1692.7	1924.3	11791.6
24533	1689.4	1946.5	11640.2
66659	1682.9	1896.2	11510.6
60850	1694.8	1936.7	12152.4
40019	1683.7	1894.4	11553.6
37011	1687.0	1906.7	11670.0
21007	1692.5	1870.6	11810.1
50220	1692.7	1889.7	11722.8
52376	1699.5	1966.6	12141.2
31815	1684.5	1888.3	11919.6
22942	1669.5	1855.7	11301.7
22208	1698.1	1902.8	11730.2
43751	1667.3	1828.1	11124.9
25695	1686.0	1883.7	11462.0
67622	1704.9	1997.2	12152.7
70753	1688.4	1893.4	11687.1
35329	1686.0	1869.0	11426.4
36552	1691.8	1904.8	11636.1
10034	1688.3	1885.4	11873.8
57117	1708.4	2000.4	12130.3
52120	1694.1	1893.5	11678.2
62923	1690.7	1902.2	11440.9
3105	1694.0	1944.4	11810.3
33170	1692.4	1886.0	11662.2
30207	1688.1	1892.4	11665.7
15279	1694.7	1919.3	12021.7
13075	1681.6	1860.6	11389.2
8214	1663.3	1829.5	11296.2
49895	1687.3	1861.8	11247.6
27670	1694.9	1888.4	11714.6
47271	1680.0	1887.1	11476.9
35194	1682.0	1859.7	11473.8
46266	1689.2	1899.8	11957.6
30203	1690.3	1894.8	12076.3
57706	1682.7	1896.0	11752.4
52248	1695.4	1887.1	11720.0
67030	1679.8	1869.3	11410.4
73735	1699.6	1961.4	11907.8
56792	1661.4	1822.2	11018.3
54905	1676.6	1824.4	11228.2
38829	1686.6	1873.8	11529.3
37236	1705.9	1938.4	11886.4
17020	1690.7	1931.4	11969.5
20191	1693.8	1892.4	11708.4
7248	1683.7	1895.3	11474.0
54698	1703.9	1919.8	11900.9
25879	1694.2	1917.9	11853.6
35805	1695.1	1922.8	12056.3
9552	1700.7	1905.1	11843.7
16879	1710.9	1914.0	11939.4
16114	1685.1	1895.8	11449.8
33167	1680.2	1855.8	11443.0
42830	1684.1	1882.2	11429.0
36623	1687.6	1883.7	11520.4
46484	1690.5	1914.6	11688.7
39853	1711.7	1917.4	11856.8
44261	1696.3	1927.1	11842.1
72611	1698.4	1914.9	12003.5
35047	1704.6	1931.0	11834.3
44514	1687.3	1860.5	11682.1
31833	1686.5	1972.5	12004.4
69877	1700.7	1961.0	12186.7
71351	1684.7	1919.8	11744.9
36035	1694.8	1945.4	11896.3
59531	1685.3	1923.6	11747.4
18148	1690.7	1866.8	11426.5
52214	1685.1	1844.2	11351.8
9948	1703.6	1953.2	12131.6
20715	1691.0	1900.5	11482.8
46019	1685.0	1895.1	11277.1
29438	1686.5	1865.1	11384.1
31263	1713.8	1949.5	12188.6
39766	1682.8	1888.3	11716.0
46808	1691.4	1904.3	11635.3
46603	1698.7	1901.6	11626.4
17721	1675.9	1881.1	11638.8
60067	1680.7	1852.9	11491.0
46859	1680.4	1867.0	11493.0
8772	1682.5	1835.8	11280.0
55643	1686.5	1914.8	12299.7
44250	1685.2	1905.1	11688.5
14467	1691.6	1914.5	11654.7
45524	1678.3	1839.3	11591.8
25918	1696.8	1922.4	12003.8
37130	1681.6	1828.4	11248.4
25442	1690.6	1897.0	11613.8
43605	1690.5	1855.3	11641.3
31727	1687.9	1904.5	11622.0
13664	1701.1	1916.5	11983.2
71693	1677.7	1907.0	11495.3
72727	1683.1	1975.5	11834.0
47736	1697.6	1927.8	12033.7
33006	1698.3	1906.6	11812.1
73487	1682.3	1912.6	11322.6
35826	1701.7	1936.0	11909.4
67296	1694.8	1893.5	11718.3
49955	1674.4	1843.9	11210.6
24070	1700.6	1928.4	12078.0
29701	1689.4	1911.4	11558.7
74437	1673.1	1867.2	11353.1
20186	1697.0	1950.7	12262.7
65425	1686.2	1875.8	11411.1
7588	1698.2	1879.0	11696.5
38819	1696.6	1875.9	11469.7
60261	1699.9	1958.3	12061.3
1577	1698.3	1916.4	11791.9
69445	1695.1	1901.8	11568.0
51303	1689.9	1897.6	11781.2
21469	1674.7	1873.3	11379.8
36861	1682.3	1846.8	11468.7
36965	1679.9	1861.5	11470.7
1865	1686.3	1883.0	11781.6
19247	1690.8	1893.9	11873.1
44479	1698.4	1929.9	11755.4
23550	1697.9	1846.1	11641.0
24505	1696.4	1933.9	12098.1
30125	1698.5	1914.2	11711.1
16648	1697.6	1911.2	11987.4
23644	1692.6	1900.7	11586.0
18970	1703.6	1952.0	12136.0
62592	1697.0	1897.4	11762.3
26114	1692.9	1887.3	11643.7
5360	1684.6	1897.8	11703.2
47792	1683.8	1915.1	11509.8
57567	1700.3	1908.4	11887.6
11612	1688.1	1877.2	11561.7
38683	1688.6	1897.7	11669.5
55481	1697.4	1947.4	12154.4
38809	1691.2	1924.8	11868.8
62933	1700.7	1903.4	11704.4
53561	1687.1	1912.7	11743.8
6161	1687.6	1856.8	11384.5
66834	1693.1	1887.2	11735.6
70789	1684.1	1884.8	11650.6
42862	1687.8	1921.4	11719.5
37947	1680.1	1827.5	11466.5
29592	1699.0	1914.9	11800.2
41826	1689.6	1941.1	11957.0
69852	1695.8	2019.1	12220.4
56219	1698.6	1902.4	11839.8
7164	1705.3	1930.2	12243.1
63104	1685.2	1905.0	11367.0
39417	1710.1	1935.5	12101.9
58414	1705.9	1895.3	11887.3
27865	1683.4	1898.1	11694.0
25390	1665.6	1879.2	11068.1
46919	1702.7	1914.2	12120.5
8006	1692.1	1900.8	11687.5
18402	1669.8	1817.7	11129.7
27597	1679.1	1888.1	11516.6
4295	1686.5	1902.7	11651.8
56025	1688.5	1887.2	11604.2
24403	1679.7	1892.3	11609.3
49308	1687.1	1879.7	11807.2
13328	1699.3	1912.0	11790.8
19992	1696.2	1894.0	12724.7
51604	1681.4	1859.0	11261.5
57257	1691.9	1844.6	11549.1
23913	1688.6	1914.9	11811.8
2119	1700.3	1895.7	11775.8
22701	1697.0	1914.3	11902.7
38659	1693.7	1923.0	11597.3
29968	1679.1	1861.9	11463.9
31033	1684.4	1866.0	11524.6
9711	1685.5	1888.1	11477.8
71237	1695.0	1917.4	11736.9
51195	1679.9	1841.1	11464.5
37264	1685.0	1875.9	11569.5
29058	1687.6	1864.8	11705.4
49870	1683.2	1909.7	11522.2
59186	1681.2	1900.2	11831.5
840	1687.5	1960.2	11947.8
51913	1692.4	1888.1	11680.4
74010	1711.0	1937.7	12239.5
31029	1702.1	1940.1	12198.0
46528	1694.0	1934.6	11906.2
70421	1685.5	1875.5	11583.0
67780	1694.5	1897.3	11745.4
5491	1691.7	1908.3	11847.0
25282	1681.3	1903.6	11726.4
59363	1690.9	1929.3	11634.5
67426	1671.4	1870.2	11507.0
26003	1687.5	1906.1	11712.0
58128	1691.1	1945.8	11982.1
2118	1681.1	1856.7	11396.3
43048	1687.3	1896.5	11690.7
19827	1703.8	1947.5	11979.2
13356	1692.0	1906.1	11780.4
1667	1689.9	1900.2	11755.9
70023	1691.9	1824.9	11416.7
12437	1697.6	1969.6	12121.4
53563	1677.9	1919.7	11725.9
45174	1690.1	1941.4	12013.5
3240	1690.1	1919.5	11735.3
63844	1685.4	1911.8	11506.4
20835	1702.7	1941.7	11997.0
60629	1698.2	1945.0	11763.8
25156	1706.3	1968.2	12825.8
4473	1672.1	1913.5	11504.2
35379	1687.7	1895.1	11688.2
14441	1692.0	1850.3	11316.2
35831	1686.0	1881.4	11392.1
64970	1686.0	1894.0	11497.5
54945	1685.1	1821.8	11260.6
2066	1678.2	1896.9	11564.6
46540	1682.1	1868.1	11386.5
70644	1695.3	1905.2	11836.1
48706	1692.0	1868.1	11509.6
63258	1690.4	1888.8	11688.3
54395	1700.0	1919.6	11909.7
67682	1688.5	1907.1	11654.3
62440	1684.1	1934.2	11716.7
29022	1687.0	1880.2	11466.2
43755	1692.7	1897.6	11664.2
26538	1694.3	1934.6	11974.4
1228	1688.5	1968.2	12015.8
45978	1689.6	1882.0	11557.1
3063	1687.5	1885.0	11827.7
10701	1695.4	1956.0	12236.2
56370	1692.7	1887.7	11655.9
128	1698.7	1903.6	11709.4
12760	1676.8	1947.6	11586.9
62676	1704.6	1947.4	11859.1
66654	1693.4	1917.0	12201.1
14464	1694.1	1906.9	11798.4
37203	1678.5	1915.0	11433.8
58095	1685.2	1904.9	11575.3
13143	1685.4	1892.5	11608.7
20166	1694.8	1912.0	11904.1
52166	1695.3	1905.2	11883.6
16202	1688.5	1900.3	11644.7
56032	1693.8	1939.8	12018.0
24219	1686.5	1842.3	11338.3
45530	1692.1	1874.1	11770.0
31979	1684.8	1855.8	11468.0
30293	1688.8	1907.3	11773.6
31397	1688.0	1934.6	11809.5
27689	1686.9	1872.2	11686.5
6159	1687.4	1873.9	11406.0
65763	1680.4	1937.2	11709.1
34318	1694.0	1869.1	11730.3
31477	1694.8	1918.6	11666.0
19087	1693.9	1929.8	11867.6
20130	1676.6	1871.0	11399.2
42151	1683.5	1867.7	11353.5
9187	1704.1	1888.3	12054.2
54300	1692.5	1883.4	11642.3
18841	1686.5	1862.6	11620.2
23976	1687.9	1877.2	11689.6
60951	1670.6	1821.0	11118.9
1529	1705.2	1930.6	12372.2
741	1686.2	1878.5	11596.8
24479	1690.5	1892.9	11608.8
19670	1677.4	1896.1	11343.3
54823	1689.2	1873.4	11458.0
39038	1693.5	1945.2	11764.1
70992	1707.4	1931.5	12015.2
70275	1690.4	1909.1	11629.6
56020	1687.8	1890.4	11662.5
3795	1680.1	1890.5	11445.9
1025	1693.6	1859.6	11647.5
53717	1699.5	1892.1	11697.6
38343	1690.5	1889.0	12052.9
65679	1685.5	1876.8	11456.8
19871	1704.3	1939.4	11892.5
37913	1695.2	1916.0	11773.7
26027	1690.0	1910.3	11658.4
13905	1685.4	1893.5	11533.0
34719	1697.1	1861.6	11518.4
15318	1683.2	1841.3	11266.7
70614	1686.1	1856.5	11487.7
45948	1696.3	1932.0	11725.1
18700	1684.6	1882.8	11564.3
4367	1683.5	1899.6	11532.5
39659	1697.5	1957.2	12066.0
35430	1688.5	1875.0	11671.5
19961	1686.2	1871.2	11648.2
20799	1676.9	1920.0	11594.0
44191	1671.1	1827.4	11038.5
55200	1691.0	1878.1	12223.0
65625	1694.5	1922.2	12136.4
47098	1686.1	1863.1	11524.7
49610	1695.2	1911.0	11879.3
61329	1688.4	1895.4	11893.0
39050	1701.3	1988.3	12094.4
23548	1706.0	1942.3	12043.1
59320	1696.3	1883.2	11628.7
58878	1692.9	1904.7	11563.3
34767	1688.6	1895.8	11668.0
65503	1688.6	1922.1	12113.0
15642	1680.1	1874.5	11379.7
8983	1694.8	1911.1	11684.2
41248	1699.3	1906.9	11816.4
37334	1679.4	1848.3	11420.9
67142	1691.6	1885.6	11508.8
38739	1698.6	1916.6	11720.2
63170	1702.4	1937.4	11885.1
69926	1686.6	1890.1	11768.6
44221	1694.1	1936.1	11611.0
53390	1677.8	1850.7	11290.4
19121	1702.3	1967.1	12048.9
5103	1665.4	1855.3	11363.9
71491	1707.1	1938.1	12123.0
52920	1689.4	1882.4	11670.8
58133	1695.5	1916.3	11924.9
31791	1684.1	1907.9	11802.9
47891	1673.8	1878.1	11451.8
37389	1698.9	1922.1	11869.9
52312	1687.3	1887.8	11752.2
31779	1704.1	1909.1	11979.9
9222	1696.6	1927.0	11933.3
51619	1703.4	1906.1	11812.3
59919	1679.9	1842.4	11250.5
14734	1686.5	1887.1	11494.5
64549	1690.4	1851.7	11448.3
45720	1677.4	1864.3	11569.9
56418	1681.3	1869.5	11385.4
30354	1691.8	1869.8	11564.4
24785	1688.1	1840.3	11658.5
3299	1697.2	1900.7	11810.7
30133	1684.2	1862.7	11627.7
62415	1685.1	1918.2	11636.7
55001	1682.3	1889.6	11688.9
16614	1689.0	1915.3	11630.9
69340	1697.7	1911.2	11928.0
45457	1679.1	1859.7	11479.7
11153	1681.9	1919.4	11570.3
73490	1683.2	1852.0	11437.5
65540	1700.6	1946.0	13889.0
3702	1687.5	1880.9	11536.4
1548	1691.2	1846.1	11417.6
26223	1688.7	1938.8	11763.1
71430	1689.9	1941.4	11911.5
60744	1694.0	1909.7	11956.8
36679	1696.7	1903.5	11748.3
36531	1676.8	1831.1	11280.6
59057	1699.1	1916.1	11974.3
73129	1675.1	1863.5	11284.0
23582	1697.5	1941.6	12201.7
55919	1679.9	1833.7	11289.3
26145	1687.2	1872.2	11545.6
45523	1688.0	1866.6	11453.4
40487	1686.1	1894.4	11580.4
44306	1694.9	1932.7	11853.3
26595	1694.1	1869.1	11512.0
29427	1705.9	1917.7	11960.5
59963	1698.6	1899.3	11826.2
44947	1681.2	1922.9	11547.2
52148	1687.7	1864.8	11572.3
55167	1681.7	1855.4	11489.2
62247	1684.1	1919.1	11414.8
67753	1706.4	1931.5	12190.7
46578	1686.0	1920.5	11865.5
16328	1691.6	1855.7	11471.4
28841	1697.3	1938.2	12078.9
56152	1683.7	1935.5	12507.4
27541	1684.2	1866.0	11382.6
31680	1698.3	1937.0	12037.2
40408	1708.2	1993.8	12183.8
33615	1693.9	1900.1	11779.7
3595	1699.6	1900.1	11775.8
15342	1691.1	1934.0	11741.0
40686	1705.4	2002.6	12202.8
7698	1689.9	1861.7	11484.8
7430	1685.4	1891.4	11628.0
27110	1691.4	1926.3	11817.2
136	1686.2	1880.0	11622.9
23567	1683.7	1895.4	11694.4
19238	1695.6	1895.6	11982.1
68742	1685.6	1879.5	11309.7
71240	1695.3	1898.4	11779.1
24116	1679.0	1878.0	11429.2
38145	1705.1	1942.4	11774.6
25376	1670.4	1884.0	11390.4
