6421	1570.1	1844.1	12123.5
1361	1575.0	1816.1	12076.4
22895	1557.4	1761.3	11626.7
36466	1554.3	1815.4	11985.2
28274	1560.2	1818.9	11892.5
42665	1572.6	1847.8	12603.4
15098	1559.2	1862.2	11941.2
38253	1557.9	1770.5	11828.9
33546	1545.9	1771.7	11569.3
43192	1556.6	1787.9	11839.7
26581	1556.0	1800.6	12035.0
55965	1561.8	1756.6	11616.6
50444	1566.4	1810.0	12003.9
13277	1557.3	1767.3	11663.5
9818	1576.3	1817.1	12217.4
54196	1569.5	1792.4	11931.3
21048	1567.1	1829.2	12009.8
17890	1539.5	1702.7	11354.0
13841	1568.6	1838.9	11789.9
43589	1553.4	1812.8	12120.8
34242	1547.5	1773.4	11831.5
12995	1559.2	1763.2	11673.2
40154	1555.8	1805.7	11540.4
51977	1556.0	1787.0	11817.6
25718	1560.9	1781.4	12026.3
6187	1567.6	1766.0	11752.8
29947	1543.7	1708.7	11636.0
44747	1568.1	1837.8	12056.8
12731	1554.5	1840.0	12115.4
28622	1560.6	1763.1	11699.0
26267	1570.3	1796.9	11995.1
10879	1548.0	1783.0	11789.1
39284	1555.4	1827.3	11652.8
26214	1565.8	1789.5	11796.9
53023	1574.4	1784.8	11902.9
11375	1564.7	1860.9	12091.3
16357	1557.0	1829.2	11809.4
34256	1558.3	1778.4	11989.0
26059	1555.1	1771.3	11693.7
17435	1557.1	1810.7	11798.7
9437	1561.8	1797.3	11751.2
58258	1578.1	1831.1	12015.1
26302	1560.5	1782.4	12122.6
46043	1544.9	1740.2	11382.8
53605	1571.3	1765.5	11750.6
40213	1583.4	1867.3	12230.4
2208	1568.6	1798.6	12020.5
33489	1565.5	1853.0	12071.9
2104	1559.2	1824.9	11818.3
51648	1557.5	1781.6	11836.3
10461	1563.1	1824.4	11858.8
29882	1551.3	1803.9	11807.0
47105	1560.5	1784.5	11775.6
48173	1552.7	1817.8	12018.9
39612	1556.3	1785.6	11735.8
37603	1562.5	1824.7	12062.6
4574	1562.0	1802.8	11837.7
59627	1570.0	1804.1	11879.3
58619	1562.1	1768.7	11904.4
21313	1550.4	1768.3	11618.2
42683	1573.1	1823.5	11954.2
14423	1565.8	1807.1	11953.5
24565	1567.4	1824.6	12207.7
38303	1546.6	1756.5	11686.1
14606	1567.1	1801.5	12106.2
24114	1557.3	1806.4	11874.4
30243	1555.7	1832.4	12113.4
42843	1572.6	1890.1	12314.9
16252	1564.2	1842.9	12194.7
26531	1568.1	1793.3	11916.9
35331	1559.3	1832.0	11934.4
31611	1568.9	1750.8	11773.4
8617	1564.0	1765.4	11864.5
44163	1560.9	1775.4	11926.9
13878	1544.6	1779.2	11625.2
44366	1554.5	1727.2	11631.9
46888	1583.3	1860.0	12170.4
47253	1562.2	1743.6	11752.7
55880	1557.4	1794.9	11825.5
15335	1554.1	1816.5	12044.9
55585	1570.3	1847.5	12208.9
27151	1550.0	1758.5	11683.1
6629	1575.0	1830.2	11973.3
6486	1559.6	1844.2	11729.2
41128	1557.4	1753.3	11713.4
31998	1571.5	1829.6	12212.0
34519	1559.3	1783.4	11749.5
49360	1569.8	1854.5	12177.6
48237	1573.6	1855.3	11983.3
5167	1561.4	1778.2	11864.7
58034	1570.6	1838.4	12005.4
31035	1559.5	1751.5	11634.5
27130	1547.6	1764.1	11649.3
47018	1555.3	1810.4	11906.3
4131	1561.9	1774.8	11722.1
32540	1555.2	1837.3	11897.2
24631	1559.0	1790.1	12220.7
1284	1550.9	1814.5	11961.7
52198	1556.3	1801.7	12013.8
16559	1557.1	1774.0	11820.4
59298	1577.7	1874.8	12472.0
17831	1568.2	1786.1	11725.9
13372	1581.0	1851.3	12243.5
48636	1551.9	1769.4	11706.9
53894	1548.0	1752.0	11591.0
7434	1562.0	1872.6	11969.4
59884	1560.4	1828.3	11966.5
2954	1568.7	1845.5	12083.8
48530	1571.9	1835.1	12019.0
30132	1565.7	1808.9	12138.5
25316	1556.9	1771.9	11718.8
21427	1557.2	1828.8	11757.6
4270	1571.5	1850.3	12204.2
23725	1568.3	1818.3	11904.8
42539	1543.5	1739.6	11631.4
11609	1562.5	1782.1	11797.2
39814	1556.9	1795.8	11528.6
13501	1552.1	1802.0	11792.1
13542	1552.0	1736.8	11782.7
37773	1561.9	1796.9	11904.5
27001	1563.9	1825.7	11991.6
3939	1566.0	1772.9	11855.9
31018	1561.0	1826.8	11729.4
5227	1544.6	1772.7	11569.4
48384	1572.6	1855.2	12520.0
54785	1567.5	1821.8	11988.4
15230	1567.1	1807.7	11945.9
10886	1557.9	1756.4	11689.0
32236	1556.2	1789.0	11730.5
12292	1562.5	1816.5	12083.5
46179	1565.1	1785.2	11769.1
41040	1560.9	1792.7	11908.9
46859	1566.9	1762.0	12054.5
32559	1544.0	1760.8	11690.3
56965	1583.9	1876.6	12268.5
19404	1557.7	1805.5	11844.4
12367	1568.9	1855.1	11987.4
30468	1557.2	1818.4	11753.7
20545	1547.5	1751.9	11534.4
43013	1563.1	1799.3	12092.0
33761	1550.0	1831.2	11853.9
30394	1554.8	1756.0	11782.3
10936	1562.6	1783.9	11862.2
26915	1540.2	1733.7	11558.5
8720	1563.7	1855.7	11999.7
26523	1547.2	1733.2	11727.1
5500	1563.5	1856.6	12163.0
57746	1571.0	1843.6	11946.8
6796	1570.9	1840.6	12182.2
9711	1556.2	1794.1	11938.3
10451	1559.4	1801.7	12095.5
40362	1564.9	1783.4	11816.2
13249	1555.0	1767.5	11856.1
25438	1564.8	1825.1	12014.9
16959	1577.9	1892.6	12328.9
20394	1556.2	1766.6	11826.8
13701	1557.3	1825.9	11843.8
618	1576.8	1825.6	12065.4
19254	1566.7	1834.9	11903.9
15015	1570.3	1816.0	12376.4
50177	1556.0	1767.6	11688.2
22283	1550.8	1804.3	11834.1
53570	1554.8	1779.1	11869.6
13930	1562.3	1827.3	11962.9
22896	1582.6	1866.5	12256.7
24860	1567.6	1775.6	11744.2
12110	1543.4	1799.9	11700.9
3339	1568.0	1897.3	12164.3
31713	1554.0	1768.4	11650.9
11147	1570.8	1825.9	11890.4
45662	1573.9	1758.5	11895.8
56096	1555.9	1734.2	12106.7
54607	1555.5	1753.5	11731.1
35345	1555.9	1790.7	11902.5
11869	1582.0	1802.9	12008.1
27279	1553.4	1764.8	11711.8
53043	1557.1	1833.3	11925.7
5964	1552.2	1796.5	11730.1
45584	1553.9	1788.8	11742.8
6291	1555.6	1787.0	11760.1
18665	1581.9	1823.3	12264.2
41545	1565.5	1792.9	12044.9
45922	1560.7	1770.8	11642.0
20058	1562.3	1778.1	11720.9
57799	1544.0	1745.3	11645.7
2498	1545.6	1747.2	11667.2
29638	1540.0	1772.0	11720.1
40845	1571.0	1761.2	11848.1
58538	1560.9	1853.6	12443.7
20650	1551.8	1757.1	11592.3
55665	1547.7	1758.8	11645.1
9426	1544.1	1756.2	11560.7
25112	1556.8	1774.1	11592.0
54235	1556.4	1795.0	12007.1
14599	1558.7	1788.9	11899.3
30287	1557.4	1785.4	11871.9
44993	1558.9	1791.1	11616.9
4781	1563.3	1829.3	11939.9
25623	1566.8	1796.7	11821.7
4090	1560.4	1787.8	11841.2
8208	1553.1	1828.6	11971.5
18884	1575.1	1831.6	11976.9
47837	1554.3	1764.6	11718.2
55931	1537.3	1702.4	11387.5
19221	1562.3	1819.7	11931.1
20616	1553.3	1763.2	11524.3
29256	1561.6	1794.8	11904.7
26478	1561.3	1804.1	11797.5
12281	1574.5	1755.2	11824.2
16380	1572.8	1839.3	12046.3
51968	1575.3	1821.6	12040.0
33172	1567.9	1782.0	11904.1
6870	1541.0	1743.8	11445.4
1278	1555.3	1793.6	12090.5
11421	1562.5	1753.0	11666.2
34917	1559.5	1812.3	11851.8
31341	1540.1	1711.7	11367.4
35948	1563.6	1767.6	11797.6
39429	1593.1	1886.9	14220.9
33482	1542.9	1806.1	11735.0
1470	1566.0	1739.4	11639.6
27435	1565.0	1820.7	11881.9
7523	1561.0	1789.6	11814.9
2767	1589.0	1849.7	12211.8
54626	1559.4	1777.8	11826.2
37590	1566.7	1879.4	12326.1
32294	1559.4	1727.4	11790.8
4579	1577.1	1870.7	15368.3
34824	1572.2	1812.6	11839.8
26705	1565.3	1818.2	11790.2
32627	1556.2	1781.4	11686.7
47738	1571.6	1868.1	12128.1
20381	1571.2	1829.9	12010.2
32330	1551.2	1784.8	11659.7
4848	1561.8	1786.5	11909.1
9598	1554.2	1826.3	11695.2
48948	1561.3	1794.1	11650.0
43890	1564.2	1771.9	11769.9
35703	1540.8	1789.2	11684.7
56170	1565.0	1758.9	11896.8
52886	1562.7	1811.6	11993.1
26101	1553.2	1760.0	11534.0
46538	1554.1	1727.5	11518.4
7293	1558.4	1784.7	11790.7
8341	1562.8	1847.8	12013.1
48439	1562.1	1769.0	11790.5
716	1568.8	1768.0	11834.0
3877	1534.8	1723.8	11384.7
53673	1563.5	1826.3	12085.1
44095	1572.8	1805.6	11996.2
12603	1580.1	1819.9	12079.5
50483	1555.2	1778.2	11885.5
4552	1565.7	1747.2	11778.0
35206	1557.8	1765.6	11616.5
29715	1574.0	1839.3	12268.9
38348	1570.1	1744.7	11861.2
31311	1551.2	1764.2	11757.8
42731	1567.3	1853.0	12167.9
30331	1558.5	1826.7	11916.4
20614	1551.5	1781.7	11946.4
59040	1537.3	1712.1	11294.3
53939	1563.9	1795.3	11649.1
21933	1551.7	1825.8	11893.7
49980	1540.5	1760.3	11415.6
47692	1553.7	1772.7	11902.6
1595	1565.8	1822.3	12220.6
41798	1563.1	1834.9	12049.2
55459	1549.6	1752.3	11671.1
33433	1562.3	1810.2	11872.7
37626	1566.8	1818.1	11730.8
47052	1554.7	1818.9	11897.7
36296	1562.6	1821.0	12404.8
42791	1564.7	1745.6	11774.0
28592	1554.1	1813.8	11859.5
25050	1565.7	1767.1	11803.1
30011	1582.3	1880.6	12299.9
56488	1569.1	1838.9	12088.3
43191	1567.2	1790.6	11877.7
18635	1541.0	1717.4	11295.3
12217	1546.4	1763.0	11707.9
30724	1573.4	1853.1	11884.7
38705	1565.7	1846.5	12031.7
50691	1574.1	1855.3	12223.4
45256	1560.5	1752.0	11666.8
10731	1569.8	1821.7	11822.5
50447	1568.8	1870.5	12062.3
51423	1552.5	1761.1	11651.7
933	1565.3	1825.3	12011.0
42426	1561.7	1808.1	11926.0
1988	1557.3	1781.9	11709.6
54515	1559.4	1866.0	12163.3
57194	1557.3	1757.5	11704.3
47073	1568.7	1833.6	12012.3
24589	1546.1	1780.9	11717.4
45356	1559.9	1787.1	11708.1
30176	1571.6	1853.6	11897.4
54667	1534.3	1783.0	11613.4
33226	1552.6	1807.4	11831.7
33035	1557.1	1750.1	11615.3
2262	1565.2	1755.1	12140.8
45494	1548.2	1770.9	11730.8
14587	1554.5	1828.8	11851.3
4347	1551.3	1793.9	11731.5
3937	1584.0	1873.6	12340.5
1803	1564.2	1876.0	12442.1
2069	1553.5	1861.4	12096.3
21702	1560.7	1843.2	12174.5
48061	1557.7	1788.7	11627.4
48527	1562.7	1825.4	12059.5
11594	1576.2	1823.1	12062.6
17126	1560.0	1765.5	11577.4
22704	1574.0	1839.1	12228.1
45064	1554.2	1755.1	11687.8
27372	1560.8	1791.1	11802.4
59588	1561.9	1770.9	11884.0
54892	1552.8	1849.6	11786.2
9544	1551.4	1759.1	11466.0
59479	1583.5	1902.4	12714.0
17924	1590.6	1880.2	12427.8
44947	1574.9	1839.2	12052.9
44675	1555.7	1788.1	11801.1
39386	1562.5	1806.4	11852.2
9345	1558.3	1824.6	11867.1
54748	1535.4	1732.9	11246.3
53389	1572.4	1798.0	11842.9
1446	1564.5	1831.2	11771.6
45098	1560.4	1819.9	12103.8
41624	1562.5	1778.1	11621.1
30792	1570.7	1867.7	12028.7
22548	1575.9	1814.1	11989.1
32075	1565.2	1788.1	11866.8
35915	1557.2	1807.2	11719.5
35254	1556.4	1801.8	11755.3
49412	1558.3	1833.5	12010.8
23582	1559.4	1794.5	11840.7
19456	1576.1	1818.6	12329.9
11585	1551.1	1799.7	11850.1
38211	1550.5	1763.1	11769.6
52454	1567.8	1849.8	12233.9
46539	1553.7	1749.2	11607.7
5405	1567.1	1788.1	11890.4
13014	1570.2	1846.6	11822.0
52166	1586.8	1840.9	12605.4
46187	1563.2	1782.5	11969.0
7527	1557.8	1800.4	11773.7
39328	1552.0	1743.0	11742.2
44451	1580.3	1836.0	12301.0
24026	1546.8	1731.9	11523.1
16163	1566.9	1802.0	11916.8
37336	1573.2	1830.9	11930.1
32731	1558.2	1825.9	12015.2
16157	1542.5	1740.4	11500.3
8613	1550.7	1782.4	11655.9
11713	1558.1	1797.4	11758.8
13240	1564.6	1782.4	11873.9
31779	1564.4	1849.0	12210.3
36514	1557.2	1763.2	11878.5
40536	1569.7	1807.0	11960.1
30160	1560.3	1774.5	11777.8
39397	1550.3	1797.3	11722.1
56435	1544.1	1740.8	11567.9
19381	1573.1	1834.2	12058.5
5118	1566.1	1785.0	11730.2
51650	1579.9	1811.6	11923.4
766	1549.1	1784.9	11853.9
4777	1557.4	1783.9	11825.6
31908	1556.2	1832.2	12029.4
2035	1557.4	1794.7	11775.7
20225	1560.9	1809.1	11747.5
23760	1570.9	1825.8	12133.4
9145	1568.9	1774.5	11760.3
40064	1546.4	1758.6	11658.2
4768	1549.9	1771.8	11681.8
9274	1572.4	1834.0	12340.1
16032	1568.3	1843.1	12085.9
6710	1563.5	1829.5	11910.5
58721	1548.2	1720.9	11614.6
883	1563.9	1808.2	11904.6
7342	1562.7	1778.2	11929.2
1150	1552.6	1807.7	11849.0
44433	1561.2	1802.1	11790.3
53858	1570.0	1830.6	12131.4
24618	1562.9	1763.3	11728.8
34654	1576.6	1865.9	12038.3
32864	1554.5	1735.6	11637.9
15022	1561.8	1821.4	12051.0
45313	1575.2	1835.1	11995.5
55501	1538.4	1738.4	11540.5
31786	1540.7	1752.3	11566.5
20012	1558.9	1784.9	11750.4
15674	1544.3	1797.4	11770.8
7492	1551.5	1793.9	11768.2
6054	1555.0	1743.4	11670.2
41249	1563.4	1807.9	12046.8
23506	1564.8	1837.3	12042.3
27537	1557.9	1780.8	11811.1
30338	1573.1	1797.7	11864.1
58700	1554.9	1778.2	11747.7
54085	1541.5	1785.5	11751.3
22111	1571.0	1810.8	11699.5
16074	1571.5	1808.1	11977.0
16285	1559.6	1781.1	11870.5
44794	1569.4	1808.7	11994.3
38692	1572.5	1863.8	12273.1
2220	1571.9	1811.2	11936.5
12524	1560.9	1814.1	11805.8
27685	1565.0	1821.0	12120.5
5902	1561.5	1781.9	11908.8
19177	1573.9	1840.5	12037.1
20868	1546.2	1768.6	12045.0
3869	1547.1	1777.7	11700.2
41210	1578.3	1822.2	11849.7
18644	1562.4	1819.5	12226.9
46227	1546.9	1738.6	11762.8
39278	1574.0	1873.8	12223.0
8828	1574.8	1887.9	12519.7
51547	1557.1	1860.6	12237.3
12500	1571.8	1795.3	11944.5
26577	1586.8	1860.7	12274.3
41257	1559.4	1817.9	11990.1
51722	1562.0	1788.2	11895.9
34110	1566.4	1816.7	11994.6
56791	1572.2	1850.6	12006.2
48995	1571.4	1781.5	12026.3
23556	1558.1	1781.5	11783.7
45176	1566.2	1762.9	11842.3
46676	1561.1	1754.4	11678.9
33267	1568.0	1842.0	12010.5
1458	1574.2	1857.1	12493.5
39492	1567.7	1827.3	12005.1
50108	1553.7	1805.8	11772.8
3647	1562.3	1857.8	11973.5
8998	1569.3	1776.3	12280.6
42616	1564.9	1823.9	12067.3
1568	1576.5	1824.2	12022.6
41292	1546.0	1751.0	11626.6
4823	1562.1	1833.2	11799.4
59871	1556.3	1755.4	11789.3
49346	1566.5	1781.0	11938.3
36041	1550.2	1773.0	11599.4
18529	1572.4	1806.7	12025.1
32727	1557.5	1784.1	11815.2
42410	1556.3	1785.6	11821.5
53275	1575.4	1843.2	12022.2
49357	1563.2	1771.4	11820.3
12573	1563.4	1796.4	12104.2
49214	1571.1	1822.1	11936.9
935	1564.6	1832.2	11926.5
45763	1564.0	1801.7	11883.2
47744	1563.3	1803.2	11831.5
5198	1563.5	1855.6	11978.2
32291	1569.0	1838.7	12140.6
51287	1575.5	1846.1	12161.2
2833	1575.1	1834.0	12096.9
28837	1536.1	1759.9	11909.7
30475	1576.6	1813.0	12199.8
34342	1565.6	1746.0	11840.7
52025	1561.9	1850.7	11973.3
13692	1567.6	1863.6	12270.1
6327	1570.3	1879.9	12105.6
48711	1551.7	1761.3	11652.7
31731	1556.8	1844.1	11943.5
8818	1554.4	1787.5	11952.2
15893	1563.9	1831.4	12153.8
20446	1574.1	1824.6	12199.8
54469	1563.8	1772.2	11817.8
43419	1548.2	1763.1	11444.1
47255	1558.0	1823.6	11891.5
36730	1574.2	1813.7	12005.9
16115	1570.1	1812.9	12013.7
58846	1565.0	1830.8	12092.8
59882	1556.7	1806.2	11838.4
38270	1553.7	1742.2	11527.5
24676	1555.7	1787.8	11724.5
12475	1561.9	1768.7	11768.5
16147	1556.0	1818.6	11695.2
23924	1575.3	1879.1	12261.8
35215	1568.5	1887.1	12378.2
42161	1553.7	1751.9	11657.4
33241	1574.0	1837.6	12082.7
10020	1560.5	1770.8	11949.8
54792	1547.3	1774.4	11720.3
42211	1567.7	1810.8	12017.6
10941	1549.6	1807.5	11836.6
27162	1551.0	1741.2	11573.7
28896	1558.3	1800.8	11914.6
1524	1554.7	1846.7	11902.0
14351	1574.4	1797.3	11871.3
20506	1556.6	1726.9	11649.8
18405	1558.6	1813.7	11742.1
27297	1546.9	1737.3	11736.7
9630	1568.2	1797.4	11799.8
9444	1557.8	1804.7	11819.0
2489	1575.3	1853.9	12073.4
20588	1550.5	1754.0	11663.3
51940	1557.7	1833.1	12026.8
27208	1553.4	1774.9	11615.7
57313	1539.4	1763.6	11807.2
1185	1563.1	1744.3	11830.3
16738	1557.9	1788.5	11704.1
55360	1549.8	1745.8	11594.6
49403	1559.6	1774.9	11777.8
34113	1567.2	1811.5	12047.8
45400	1561.1	1765.3	11813.0
15382	1549.5	1792.1	11973.1
54276	1542.3	1788.3	11607.4
13635	1553.7	1752.7	11660.7
42489	1554.6	1793.2	11938.4
51	1547.9	1797.0	11505.8
34717	1533.1	1716.7	11363.9
29386	1558.0	1824.9	11886.7
6199	1554.9	1757.6	11590.8
30572	1569.0	1838.0	12027.4
56077	1554.0	1748.5	11637.6
27601	1563.8	1826.5	11724.2
45865	1552.6	1736.6	11498.9
48432	1578.0	1835.1	12536.1
24912	1558.5	1810.6	11906.8
10104	1555.5	1820.5	11954.2
31032	1552.7	1773.3	11823.0
32766	1555.0	1762.1	11740.0
33729	1545.9	1794.0	11498.0
542	1568.7	1807.0	11826.2
38664	1554.5	1821.1	11786.1
29499	1550.8	1801.9	11908.2
37478	1541.3	1772.3	11843.6
15340	1572.9	1833.4	11948.8
31836	1575.1	1841.0	12016.9
25523	1564.9	1848.3	11960.5
7151	1550.0	1765.2	11733.5
846	1553.5	1801.8	11655.3
14611	1557.4	1758.4	12031.4
55129	1560.3	1800.7	11874.0
59543	1547.7	1810.5	11852.3
13668	1570.5	1789.0	11798.2
2520	1558.6	1806.1	12350.6
1213	1563.1	1837.6	12072.5
52119	1561.8	1803.9	11936.2
47138	1554.0	1738.4	11574.1
48990	1552.4	1797.8	11814.3
34014	1574.2	1792.7	11939.3
52015	1559.8	1776.7	11909.9
30195	1568.1	1777.0	11848.7
39669	1558.4	1811.7	11754.1
11918	1568.4	1802.3	11832.5
32988	1579.2	1815.5	12091.8
38344	1559.3	1801.1	11777.0
4157	1558.5	1825.2	11906.8
52744	1550.8	1791.5	11820.3
35230	1570.1	1799.9	11998.1
8738	1552.0	1838.3	11725.1
55718	1572.5	1835.2	12066.4
7137	1558.6	1807.7	11793.9
21959	1550.1	1809.1	11572.3
38160	1557.9	1774.3	11677.6
17290	1559.3	1749.8	11733.0
48451	1558.4	1827.4	12275.8
37346	1566.7	1855.2	12098.6
41539	1551.2	1733.0	11647.4
26197	1562.8	1835.9	12032.0
50114	1538.9	1764.8	11662.2
35725	1561.9	1802.6	11698.2
46667	1557.5	1866.5	11948.5
23368	1549.1	1777.9	11550.6
10681	1564.4	1819.8	11946.0
12516	1559.1	1798.2	11874.5
57108	1579.7	1866.0	12193.1
1823	1544.7	1743.3	11624.4
47968	1574.9	1859.6	12362.5
45969	1552.7	1740.5	11748.1
39072	1562.1	1805.9	12046.6
1234	1554.2	1834.6	12059.0
5159	1556.3	1772.9	11587.0
59327	1548.9	1760.9	11700.1
8780	1551.1	1786.1	11607.9
3268	1552.9	1762.4	11799.8
56358	1557.4	1782.7	11640.1
15210	1555.2	1819.5	11850.7
15053	1566.6	1817.9	11911.7
10745	1554.3	1781.4	11711.5
2975	1571.9	1811.4	11975.4
26851	1560.0	1824.3	11929.8
10122	1553.1	1809.0	11624.3
54594	1577.6	1797.5	11999.8
40517	1551.4	1803.7	11636.7
1179	1566.5	1854.2	12247.4
32107	1561.5	1785.8	11927.5
56691	1561.9	1814.4	11959.6
9642	1554.4	1738.8	11540.1
56186	1552.8	1743.7	11690.5
6865	1578.2	1855.1	12236.9
20936	1559.7	1760.3	11861.9
54827	1563.3	1857.3	12776.9
59610	1548.8	1791.3	11820.0
57039	1546.4	1782.0	11620.1
54716	1568.1	1818.2	12003.9
20595	1554.5	1776.2	11691.1
4944	1537.9	1780.7	11763.5
16602	1570.6	1837.9	11979.8
55194	1553.1	1729.8	11692.0
29410	1547.4	1757.6	12006.8
9461	1558.0	1768.5	11889.1
23849	1559.1	1818.8	11768.3
26541	1545.4	1809.2	11764.2
13751	1568.1	1810.3	11927.5
9769	1542.4	1762.7	11614.2
10141	1554.8	1834.0	12182.1
49716	1555.5	1815.1	11801.6
8767	1558.7	1738.2	11564.7
41340	1588.0	1807.6	12155.8
21298	1558.0	1811.2	12017.6
55206	1558.7	1818.0	11900.9
27757	1573.9	1889.4	12359.5
18693	1555.5	1804.7	11804.3
25399	1566.9	1801.5	12021.1
52455	1562.7	1823.9	11896.1
19101	1569.6	1799.6	11942.2
34168	1568.9	1849.5	12127.3
33251	1564.5	1800.7	12051.5
15998	1559.3	1764.8	11614.2
29747	1555.7	1776.4	11862.6
8575	1563.4	1780.5	11760.6
16580	1562.0	1840.0	12131.4
49334	1559.7	1831.0	11818.9
34714	1566.7	1776.3	11806.8
42462	1553.9	1768.1	11841.7
8651	1570.5	1811.6	11885.2
49949	1545.6	1751.2	11478.5
12747	1571.5	1832.3	12024.9
36985	1563.2	1769.7	11741.2
21148	1550.1	1749.1	11603.8
13168	1567.6	1774.1	11765.6
55348	1555.9	1761.3	11706.5
46661	1562.4	1727.0	11862.8
23645	1557.6	1751.8	11603.7
29770	1568.0	1801.1	12011.2
26266	1552.4	1814.1	11762.8
41581	1565.0	1820.2	11957.3
31373	1555.0	1809.6	11955.5
13664	1557.8	1796.1	11777.5
44560	1574.2	1833.2	12188.6
29683	1578.9	1811.2	12086.1
42481	1557.1	1776.2	11646.2
48375	1556.3	1806.4	11815.7
6453	1568.4	1822.1	11917.7
48918	1558.5	1800.3	12030.5
14868	1558.4	1801.4	11820.1
20044	1570.0	1850.3	12734.3
34229	1553.8	1754.0	11660.6
27787	1556.2	1811.5	11729.2
39756	1546.4	1808.7	11579.7
10489	1567.0	1846.7	12018.2
47576	1562.2	1773.4	11762.7
3408	1552.0	1779.9	11563.6
28501	1542.6	1796.2	11943.4
52882	1572.6	1788.8	11981.8
42725	1533.7	1728.2	11438.9
43341	1561.6	1796.9	11886.2
9748	1576.5	1896.1	12184.0
17893	1554.5	1824.3	11780.8
53603	1559.7	1770.1	12262.4
53175	1554.4	1800.2	11857.5
8260	1557.9	1784.6	11709.9
23933	1553.8	1780.7	11608.4
4355	1559.9	1802.7	11749.0
40705	1547.6	1800.7	11773.5
8671	1545.8	1796.6	11884.4
23093	1582.8	1869.6	12447.3
13556	1557.6	1749.6	11596.2
15766	1571.5	1815.3	12017.7
17779	1554.6	1776.6	11676.8
7537	1547.4	1769.3	11669.3
34689	1560.9	1794.7	11916.3
47236	1576.2	1812.8	11956.7
26621	1561.3	1842.1	11932.8
9768	1555.1	1775.8	11702.1
20093	1560.3	1793.1	11881.3
57755	1544.6	1768.3	11610.1
14732	1560.1	1799.9	11672.1
22719	1565.2	1780.8	12029.5
59116	1570.0	1799.7	11847.9
53154	1565.6	1802.0	11773.4
15159	1550.3	1761.4	11686.7
17971	1563.7	1836.2	11952.1
53550	1542.0	1763.8	11734.8
59721	1582.7	1813.2	12355.0
43164	1560.4	1805.5	11782.8
32344	1549.8	1776.7	11869.1
9790	1568.9	1841.6	12063.1
9719	1564.0	1827.0	11855.9
7110	1557.5	1806.3	11871.5
47320	1558.2	1763.5	11706.8
26405	1561.6	1863.4	11977.0
27485	1556.6	1820.1	11852.9
53055	1560.8	1761.4	11714.6
24344	1557.7	1823.0	11888.9
41364	1571.7	1781.5	11884.7
8215	1573.6	1854.7	12042.8
7263	1566.7	1821.6	11933.7
56641	1565.2	1782.4	12052.9
52709	1563.6	1780.0	11730.5
43787	1568.2	1821.1	11840.6
55201	1575.6	1808.0	11943.0
58377	1579.9	1821.1	12096.2
29736	1566.2	1806.2	11936.8
58480	1580.1	1814.4	12179.1
45503	1555.1	1795.6	11963.5
16633	1544.4	1783.6	11563.9
16281	1558.7	1797.5	12125.3
54038	1556.0	1794.8	11691.3
41266	1543.3	1761.2	11542.0
15966	1549.9	1798.0	11745.7
59806	1570.2	1849.0	12034.6
41699	1558.4	1795.2	11847.0
4047	1559.0	1872.0	11824.6
34052	1563.9	1821.9	12149.1
48007	1573.4	1857.6	12059.3
22630	1542.7	1719.5	11583.2
29363	1561.9	1780.6	11811.2
5444	1552.0	1815.6	11742.9
7469	1569.7	1782.4	11849.9
1164	1564.5	1793.4	12045.8
31507	1550.8	1732.5	11750.6
46286	1559.1	1784.4	11917.3
42271	1569.6	1842.4	12469.7
34778	1556.1	1794.1	11821.9
1671	1570.7	1839.7	12020.8
19019	1558.1	1808.7	12101.1
46658	1571.2	1856.1	12524.8
1110	1564.9	1801.6	11866.2
34613	1562.0	1837.6	11964.2
58318	1566.3	1817.1	11926.7
50326	1573.2	1887.3	12248.7
24720	1565.8	1845.3	12018.9
29967	1554.3	1729.1	11666.8
27668	1544.0	1780.5	11858.4
50949	1555.0	1744.7	11865.9
53133	1557.9	1806.1	11780.2
30046	1573.2	1833.5	12070.4
43578	1562.4	1767.5	11671.9
6468	1566.9	1762.7	11887.8
16625	1561.7	1810.9	11774.8
27553	1554.5	1809.6	12065.6
44289	1557.4	1763.4	11683.5
35253	1565.5	1833.8	11856.9
23362	1566.8	1782.2	11907.7
6845	1562.5	1792.1	11811.6
58978	1570.9	1778.4	11881.8
47703	1553.1	1771.9	11930.6
26654	1548.5	1759.5	11563.7
18791	1564.3	1798.4	11954.0
53593	1560.2	1777.7	11854.4
22828	1562.7	1792.4	11895.0
50777	1573.8	1868.2	12693.6
59382	1574.9	1855.6	12471.9
22173	1552.9	1758.7	11642.9
35019	1564.8	1815.2	11870.7
58957	1575.5	1866.4	12253.3
31357	1570.4	1837.1	12270.4
8593	1565.8	1858.9	12237.7
21404	1551.6	1767.9	11813.8
38837	1566.1	1828.6	11992.2
1373	1570.6	1836.8	11925.4
47360	1559.4	1825.9	11954.5
56575	1580.4	1826.3	12178.6
43514	1564.1	1842.6	12064.9
37792	1577.9	1842.3	12273.3
56087	1567.4	1806.8	12016.3
32624	1554.4	1801.2	11858.9
15299	1553.0	1826.3	11672.9
5950	1558.1	1805.0	11622.5
9837	1554.5	1775.4	11698.1
37253	1548.9	1785.7	11758.3
54284	1568.9	1815.7	12069.1
3905	1553.0	1770.0	11757.5
25896	1554.6	1757.0	11622.1
42601	1555.6	1800.3	11848.3
57986	1570.6	1822.2	12137.5
13765	1565.0	1801.6	11859.5
53080	1564.6	1832.9	12158.4
21101	1568.4	1826.6	12373.1
53512	1561.4	1825.5	11741.2
28323	1567.8	1801.3	11759.2
58136	1557.3	1805.8	12010.1
17479	1530.7	1763.2	11625.9
20845	1556.2	1819.1	11929.2
38258	1554.5	1759.4	11785.6
6789	1569.0	1807.9	12016.0
7417	1585.0	1827.4	12123.7
13078	1562.1	1750.2	11980.3
56676	1556.1	1761.5	11700.9
19537	1558.3	1802.7	11882.4
44290	1554.2	1796.7	11987.8
5556	1567.9	1813.6	11927.3
51229	1562.0	1756.1	11791.5
3928	1571.5	1868.2	14026.1
27294	1560.4	1821.4	11931.2
46800	1555.3	1804.1	11734.7
42711	1545.1	1762.1	11591.7
41676	1547.5	1784.6	11771.6
37635	1560.8	1801.3	11864.8
13202	1575.2	1834.0	12076.4
2391	1567.6	1793.4	12131.7
47720	1574.9	1791.8	11823.3
3134	1553.0	1848.9	11889.6
11177	1564.9	1810.3	12015.6
3180	1569.7	1850.6	12092.6
33134	1564.9	1797.3	11721.2
18703	1548.4	1743.8	11603.5
69	1563.7	1774.1	11940.7
23496	1555.0	1799.3	11772.8
47611	1560.6	1787.7	11798.0
50311	1547.1	1753.0	11517.0
37056	1591.3	1866.4	12494.8
7016	1558.8	1818.7	12323.7
5257	1547.0	1750.5	11719.5
1865	1566.9	1771.9	11706.5
34892	1558.9	1869.3	12137.1
58565	1555.7	1775.9	11866.1
38556	1561.8	1809.4	12036.0
35382	1571.2	1821.0	12135.6
6352	1571.6	1826.6	11884.2
17354	1556.4	1830.5	11932.9
43051	1541.7	1757.5	11535.0
10772	1556.4	1811.6	12179.6
45284	1563.0	1848.4	11908.7
15203	1561.7	1806.9	11772.4
50163	1565.2	1829.7	12107.4
6071	1555.1	1749.9	11870.4
5829	1566.0	1778.1	11780.8
36578	1544.5	1782.2	11489.8
1294	1540.0	1768.3	11633.1
44983	1536.1	1771.1	11626.4
55701	1579.6	1782.0	11909.6
6715	1560.8	1789.6	11782.2
9006	1557.6	1832.5	11859.0
31167	1560.0	1824.9	11891.5
13606	1557.9	1796.9	11947.6
21347	1558.7	1721.5	11535.2
50059	1554.5	1795.7	11835.3
39448	1560.3	1804.0	11852.1
11564	1571.3	1810.9	11943.4
39308	1563.0	1820.2	12054.2
53008	1575.8	1837.0	12258.8
51763	1565.4	1819.6	11870.7
11410	1563.3	1847.3	12104.7
33078	1565.2	1805.3	11997.8
34558	1563.7	1788.3	11852.5
25531	1574.2	1783.8	11815.6
14577	1557.7	1810.3	11916.5
340	1562.7	1811.1	11869.5
41180	1563.2	1800.6	11802.3
47303	1555.4	1789.8	11778.5
55179	1567.7	1803.9	11786.3
39942	1571.2	1760.1	11779.4
50584	1551.8	1792.6	11785.3
58704	1572.2	1865.4	11942.5
42635	1583.4	1872.5	12281.2
35820	1554.2	1778.6	11809.6
46057	1565.5	1748.9	11776.6
3294	1551.3	1804.1	11703.4
27953	1557.8	1799.0	12195.6
30789	1569.9	1855.2	12100.0
54253	1558.6	1777.4	11803.0
51548	1574.0	1807.7	12068.3
7813	1569.6	1788.0	11976.6
56833	1553.0	1794.2	11810.5
15035	1548.4	1749.7	11724.4
15814	1585.9	1853.3	12809.1
50646	1550.3	1834.1	11905.7
44452	1554.3	1800.1	11935.2
48224	1557.4	1824.0	11747.7
1305	1551.6	1818.0	11902.8
39891	1567.2	1821.0	11816.8
38410	1548.3	1775.7	11585.1
57971	1554.8	1769.7	11896.0
39869	1568.5	1817.9	12179.9
37598	1559.0	1832.8	12192.2
31376	1553.2	1811.0	11828.6
35322	1567.2	1749.2	11753.2
18431	1547.3	1768.2	11838.7
46279	1568.7	1831.1	12048.0
13322	1563.0	1852.0	11907.1
22549	1568.7	1822.3	12098.1
6852	1559.5	1773.5	11619.6
1156	1559.8	1839.9	11959.0
2549	1558.3	1833.1	11955.3
55780	1558.5	1793.8	11839.1
12011	1574.4	1827.8	12364.0
24244	1546.6	1725.7	11442.7
37433	1575.9	1811.3	12092.1
7668	1570.6	1810.2	11868.5
48383	1554.5	1812.3	11896.7
58292	1590.2	1822.6	12234.1
30707	1562.9	1789.9	11836.8
26883	1554.0	1792.4	11776.2
36634	1550.7	1805.2	11929.5
31440	1553.4	1859.4	12048.8
14432	1562.8	1792.8	11796.2
51300	1563.2	1790.4	12093.4
43136	1571.6	1811.8	11941.6
31533	1569.1	1819.8	12035.4
25530	1559.5	1794.1	11774.1
45156	1561.3	1838.2	11962.8
24218	1546.9	1745.1	11508.4
57079	1576.6	1804.1	12301.1
48320	1550.1	1812.7	11842.0
54769	1566.1	1821.1	11822.8
39219	1561.1	1799.0	11880.7
77	1576.1	1818.7	11953.2
11056	1568.3	1846.6	12290.6
35354	1578.6	1809.9	12097.2
33613	1568.1	1821.2	11856.9
35807	1568.6	1836.8	12165.6
32705	1548.1	1794.0	11942.4
33633	1553.4	1774.2	11616.0
14645	1569.0	1904.8	12253.0
15761	1570.8	1799.3	11942.6
31658	1548.3	1749.0	11512.6
47714	1565.6	1775.9	12032.9
57258	1565.6	1788.1	12095.9
13979	1576.6	1874.0	12253.2
39583	1563.0	1749.3	11767.9
59442	1566.1	1783.7	11859.8
32104	1560.9	1775.7	11713.1
5784	1564.3	1809.0	11864.5
42030	1576.5	1831.9	12361.1
42471	1573.2	1794.9	12122.8
38528	1578.1	1841.8	12249.3
41916	1555.3	1764.5	11792.5
3888	1558.0	1784.5	11711.4
18867	1550.1	1779.6	11826.5
29565	1543.5	1798.4	11857.4
6757	1574.7	1841.4	12128.4
35682	1564.4	1810.4	12065.6
43909	1565.8	1781.3	11849.5
46492	1545.0	1769.2	11517.6
13794	1560.5	1790.1	11787.1
41260	1548.1	1740.3	11724.9
41718	1541.9	1790.0	11858.0
53728	1566.9	1817.4	12137.9
8586	1561.2	1776.0	11744.3
23152	1568.9	1833.7	11950.1
35776	1573.3	1850.4	12112.0
58562	1563.3	1830.9	12141.3
35821	1572.1	1825.8	11889.1
26530	1577.7	1813.3	12004.5
10270	1570.0	1864.9	12211.6
49958	1569.2	1803.1	12072.4
56215	1565.7	1769.1	11946.7
23430	1556.5	1772.5	11787.3
50497	1574.1	1781.0	11694.4
33780	1554.1	1816.8	11760.3
43075	1575.9	1840.9	12220.8
13906	1560.8	1805.3	11999.5
50614	1563.5	1792.5	11773.0
32030	1571.4	1833.3	11945.1
12410	1567.8	1832.6	12117.6
8928	1553.9	1762.9	11786.4
1225	1553.5	1873.6	12159.5
26024	1559.8	1777.0	11835.2
4264	1558.5	1787.2	11719.2
28356	1551.7	1819.0	11893.6
6024	1547.1	1771.4	11680.0
7998	1576.0	1803.0	11986.7
27395	1563.1	1833.3	11945.5
3360	1555.5	1789.9	11812.7
35149	1554.9	1744.5	11453.7
30305	1560.7	1802.6	11994.6
34178	1563.2	1816.8	11871.1
24231	1564.4	1770.2	11652.7
50060	1555.6	1792.5	11753.8
30265	1557.1	1803.8	11863.5
28255	1552.9	1761.8	11751.1
36375	1568.3	1793.1	11826.3
53395	1558.2	1757.3	11866.6
26148	1545.4	1803.7	11846.0
54252	1558.9	1788.9	12048.1
40015	1555.1	1769.8	11574.3
7334	1558.6	1765.3	11634.6
9678	1573.3	1796.6	12008.9
20042	1570.1	1827.8	11987.0
54401	1570.3	1829.1	12147.7
24587	1562.2	1742.8	11799.0
8321	1571.5	1810.2	12118.2
39465	1578.6	1847.0	12203.4
29744	1570.9	1831.3	11932.4
5532	1576.7	1830.8	12242.7
479	1561.5	1791.7	11674.0
45137	1562.8	1776.7	12342.6
43853	1557.2	1732.6	11779.1
1490	1562.8	1788.2	11799.2
21945	1577.7	1845.6	12077.0
45497	1562.5	1810.4	11880.4
43318	1590.2	1873.6	12394.8
48913	1557.9	1731.0	11489.6
44651	1562.5	1787.8	11849.9
57698	1555.2	1805.7	11897.1
46055	1558.0	1775.9	11962.0
30555	1560.9	1852.4	11945.7
