31969	1630.2	1874.4	10476.6
40774	1642.1	1832.4	10446.3
69747	1643.8	1823.2	10686.0
65349	1648.3	1868.8	10663.5
40178	1662.3	1894.5	10983.9
4612	1653.6	1869.5	11015.9
57079	1668.9	1915.8	11244.8
39098	1652.9	1933.6	11173.2
6349	1637.8	1860.4	10696.3
6333	1644.2	1894.2	10852.6
53437	1663.7	1917.2	11144.9
17350	1658.6	1966.9	10971.3
63623	1658.4	1924.6	11196.5
9094	1652.4	1904.4	10775.7
19966	1648.1	1923.3	10928.3
34737	1639.5	1820.4	10606.3
29088	1656.6	1920.5	10985.5
14618	1641.0	1887.7	10790.6
3658	1654.9	1897.3	10786.6
40079	1650.3	1901.7	11018.5
25308	1646.8	1913.2	10866.7
68925	1653.3	1855.7	10757.7
38171	1646.6	1899.3	10708.1
53104	1636.9	1855.7	10657.9
48466	1649.7	1886.6	10805.2
22171	1635.0	1842.0	10609.3
47434	1645.9	1840.9	10774.5
15178	1659.8	1912.4	11110.2
51009	1639.7	1832.4	10485.9
49187	1650.6	1923.1	10932.6
19718	1648.6	1927.4	10808.9
3515	1644.1	1907.2	10754.8
25434	1653.7	1905.8	10890.7
40504	1655.4	1897.1	11070.0
39062	1646.9	1944.7	10797.6
76	1646.8	1933.3	11753.1
477	1650.7	1891.9	10783.5
33193	1641.7	1860.0	10585.8
20111	1658.6	1900.1	10845.8
20801	1660.8	1909.7	10848.7
38655	1643.3	1843.5	10639.5
30408	1660.7	1958.1	11136.2
25429	1652.0	1893.9	10812.6
50670	1648.9	1885.7	10871.1
23188	1653.8	1888.3	10858.2
62820	1642.2	1857.7	10506.8
49774	1641.8	1891.3	10771.9
49938	1642.3	1866.9	10786.3
60956	1651.9	1856.3	10741.4
42813	1649.8	1880.4	10763.6
43987	1653.0	1877.4	10873.2
64767	1640.1	1847.2	10657.5
59359	1656.5	1903.8	11375.7
53523	1652.0	1927.1	10835.2
69241	1651.5	1877.6	10849.7
15445	1642.4	1889.3	10575.5
37057	1674.9	1970.8	11499.4
69656	1655.0	1923.2	11024.1
42300	1653.0	1923.0	10972.9
67734	1640.3	1889.7	10808.9
62753	1655.9	1956.8	11082.3
66686	1663.3	1942.7	11297.2
46599	1644.3	1893.6	10646.2
4689	1647.4	1850.2	10644.3
26342	1644.3	1836.6	10583.1
33804	1662.2	1950.0	11187.6
59002	1647.0	1849.4	10816.5
36062	1654.0	1887.4	10907.4
17252	1641.1	1827.1	10591.9
67067	1651.2	1872.2	10773.9
5848	1647.3	1916.0	11031.1
59758	1644.0	1848.9	10516.0
9899	1641.0	1918.9	10731.4
18224	1652.9	1897.1	11276.2
63431	1647.9	1857.8	10591.6
35200	1648.4	1881.5	10877.2
49197	1646.4	1850.1	10623.3
59431	1638.1	1862.1	10641.4
50156	1657.7	1902.9	11018.5
16113	1648.7	1883.0	10859.8
1278	1657.2	1925.2	11122.8
12642	1656.3	1904.4	11124.0
7329	1649.8	1907.1	10677.5
26958	1657.3	1903.6	11104.9
53005	1647.9	1849.4	10656.9
68168	1659.1	1905.8	11008.6
43614	1634.4	1857.4	10576.7
574	1638.8	1866.2	10566.3
38694	1642.6	1911.5	10861.9
60809	1661.0	1936.1	11177.7
57716	1669.0	2019.8	11722.2
42083	1630.5	1811.6	10385.3
66574	1642.5	1837.0	10707.5
51344	1653.5	1923.7	10987.7
2793	1637.8	1876.4	10692.6
8426	1658.7	1964.5	11237.5
31399	1649.0	1894.3	11039.1
37855	1655.9	1859.1	10892.8
49501	1663.5	1939.9	11108.0
3022	1648.1	1901.3	10679.5
4808	1636.5	1824.7	10461.9
52131	1642.3	1857.8	10631.5
64170	1646.1	1878.1	10631.1
58723	1643.6	1903.5	10797.9
45915	1649.1	1881.3	10735.3
19695	1655.4	1903.4	10969.4
21983	1646.2	1932.9	11041.2
52499	1647.1	1893.1	10907.2
40312	1646.4	1904.5	11010.0
34308	1645.9	1925.6	10893.1
27660	1645.6	1929.6	10916.0
12026	1647.1	1816.0	10650.5
4899	1649.0	1959.8	10981.7
43620	1635.1	1861.2	10702.6
6860	1647.8	1864.9	10665.9
23643	1661.3	1883.8	11168.1
26266	1646.9	1896.4	10845.4
3648	1648.4	1928.5	11010.3
45112	1652.0	1908.6	10925.0
61238	1635.6	1832.9	10669.8
30862	1659.7	1903.2	11048.8
21651	1636.5	1860.7	10629.0
56053	1642.4	1898.7	11022.7
44829	1669.5	1954.7	11631.3
1149	1645.3	1868.9	10643.1
17428	1652.6	1942.5	11078.3
14326	1647.9	1906.0	10761.4
21099	1646.4	1888.6	10832.2
58128	1659.9	1944.6	11221.2
56799	1645.4	1811.4	10560.9
29116	1648.0	1885.2	11000.3
41593	1649.0	1864.4	10928.4
43695	1660.9	1907.6	11014.9
59259	1646.5	1878.2	11103.3
26097	1639.5	1914.8	10805.4
22211	1650.4	1898.3	10854.1
67238	1653.5	1854.2	10839.9
5962	1651.3	1873.9	10725.5
17343	1648.4	1898.3	10902.9
23879	1646.6	1900.1	10931.9
51372	1651.2	1891.3	11169.4
27297	1644.6	1903.8	10734.1
43185	1651.4	1901.0	10820.1
59476	1638.4	1875.2	10745.5
18098	1664.4	1910.8	11180.1
14993	1662.8	1948.5	11219.4
63747	1652.2	1907.6	10977.5
14004	1636.7	1856.4	10601.3
57574	1663.2	1884.3	11003.3
17291	1640.0	1843.8	10567.4
18076	1640.7	1808.1	10442.7
32885	1653.0	1885.6	10819.9
17336	1650.6	1867.6	10535.6
54200	1641.9	1844.8	10638.2
8090	1631.7	1797.0	10342.5
29244	1656.7	1887.6	10807.1
37426	1645.9	1859.4	10761.1
42325	1641.6	1906.4	11064.4
2915	1646.7	1882.3	10692.3
25848	1637.0	1846.9	10456.6
66749	1641.0	1905.6	10900.8
42005	1649.5	1890.4	10927.1
62264	1655.1	1934.1	11177.6
35463	1636.3	1837.9	10315.0
6861	1639.2	1839.5	10485.0
43149	1644.1	1824.4	10509.4
67135	1637.5	1878.8	10639.1
44286	1660.5	1956.8	11418.8
40115	1638.9	1910.0	10903.3
62311	1626.1	1821.3	10255.1
25375	1649.2	1917.6	10745.4
11383	1645.2	1872.6	10660.2
59289	1667.6	1938.5	12282.0
19011	1641.0	1892.4	10849.7
10859	1641.4	1886.7	10679.7
12727	1641.2	1849.5	10687.4
39782	1642.9	1869.1	10695.9
62794	1645.0	1900.6	11179.5
5113	1643.0	1933.5	11084.6
31259	1651.3	1897.2	10699.0
26485	1650.7	1930.3	11049.0
37097	1652.9	1903.3	11077.6
30065	1649.9	1878.9	10719.2
44897	1633.8	1888.8	10475.7
80	1636.8	1851.1	10590.0
36946	1644.2	1929.0	11059.6
9722	1648.1	1947.5	10800.0
59887	1652.3	1905.1	10965.2
16900	1641.4	1851.3	10843.1
55525	1659.1	1905.2	11011.8
1270	1643.7	1863.4	10823.1
31247	1649.6	1846.5	10695.7
49649	1638.8	1884.5	10662.2
53409	1641.2	1894.8	10961.9
44819	1657.4	1901.9	11038.7
65669	1658.0	1929.3	10936.4
21213	1644.9	1894.6	10835.4
24635	1646.7	1861.7	10740.5
13449	1642.7	1858.1	10514.3
39607	1661.5	1902.7	11019.4
23852	1648.3	1893.0	10952.7
29094	1645.9	1927.0	10715.9
66683	1646.9	1853.1	10500.2
39538	1650.5	1874.8	10646.0
49158	1650.3	1863.6	10826.7
24824	1652.4	1933.1	10981.6
54476	1660.5	1929.8	11090.5
62547	1665.2	1914.8	10823.5
61225	1640.6	1858.8	10750.4
12340	1653.1	1897.7	10929.8
19231	1653.8	1907.4	11025.2
55670	1640.9	1856.1	10602.7
1361	1653.4	1882.6	11108.2
34947	1650.3	1872.6	10832.0
30184	1654.7	1920.0	11081.1
45876	1652.1	1922.0	11032.2
53533	1643.3	1836.2	10687.0
37101	1633.1	1822.6	10416.7
39361	1656.8	1922.9	11136.1
20570	1630.8	1843.3	10313.6
28357	1643.6	1887.7	10992.6
44392	1657.7	1850.0	10872.5
48658	1648.1	1885.7	10682.2
30607	1636.8	1860.9	10478.5
39095	1644.7	1894.7	10694.8
66625	1640.0	1896.0	10831.8
2612	1650.9	1846.7	10746.6
25971	1653.0	1860.7	10934.6
14118	1648.0	1902.2	11087.0
64712	1642.7	1841.3	10603.0
56845	1662.6	1946.8	11290.2
22155	1652.7	1905.5	10810.5
34339	1646.1	1855.9	10663.7
24453	1647.2	1934.0	10923.9
66784	1654.0	1917.6	11140.5
50836	1651.9	1859.5	10747.9
3503	1651.2	1892.9	10638.7
32777	1667.8	1957.8	11303.4
48244	1639.0	1900.8	10715.9
65597	1649.8	1943.2	11163.2
55191	1643.9	1880.5	10823.7
18020	1645.0	1849.3	10765.7
51437	1643.5	1851.0	10584.1
29074	1643.1	1878.7	10836.1
17792	1658.1	1950.0	11615.6
839	1646.1	1859.1	10586.9
52360	1652.7	1913.4	10895.9
58703	1642.0	1828.3	10670.2
7670	1641.1	1857.5	10512.3
45734	1654.0	1905.9	10900.7
66289	1648.1	1896.9	10805.4
29336	1636.2	1827.7	10505.7
29272	1641.2	1884.1	10659.2
33661	1655.4	1904.9	10995.9
5385	1646.5	1913.3	10911.3
4793	1631.3	1851.3	10436.4
14585	1642.9	1892.2	10809.7
66604	1663.7	1981.5	11196.1
43515	1645.8	1905.2	11057.3
36192	1637.8	1851.0	10402.6
8038	1645.1	1957.3	10815.8
7521	1661.1	1901.2	11274.9
19463	1647.3	1917.1	10736.1
29884	1653.1	1894.8	11015.7
69883	1634.2	1869.5	10500.0
27058	1636.7	1920.5	10552.6
12238	1641.3	1887.1	10713.7
18716	1656.2	1877.1	10664.6
33753	1638.7	1862.1	10567.0
57653	1640.7	1865.1	10663.4
36972	1656.6	1913.3	10888.9
65830	1646.1	1837.8	10730.3
5074	1641.3	1884.6	10679.2
66876	1642.7	1856.3	10744.8
18734	1641.3	1892.0	11117.2
65674	1658.9	1933.4	11238.8
14512	1644.8	1901.5	11036.0
58098	1657.2	1898.7	11061.6
8761	1659.2	1905.8	10881.3
40658	1642.0	1878.1	11002.0
41321	1648.6	1935.9	10937.2
39546	1655.5	1900.5	10995.9
51439	1642.1	1894.5	10756.2
36715	1638.9	1857.5	10500.3
59811	1651.2	1858.3	10705.9
51515	1638.2	1894.7	10766.0
41046	1651.3	1875.8	11068.1
8624	1657.1	1883.3	10941.8
49618	1649.2	1886.6	10916.0
60931	1653.9	1909.5	10968.1
3436	1657.0	1916.0	10992.9
38572	1649.8	1893.6	10902.3
20989	1643.0	1860.8	10517.5
32363	1655.9	1928.2	10947.6
23345	1662.1	1946.2	11295.0
44118	1641.0	1907.0	11314.4
40220	1646.9	1882.9	10586.9
30952	1650.3	1950.0	11149.3
116	1631.7	1890.8	10970.3
31859	1641.1	1872.0	10629.7
62699	1633.7	1872.2	10423.8
39983	1648.1	1918.1	10858.9
38357	1636.3	1865.2	10542.4
38109	1648.9	1878.0	10822.5
22564	1651.5	1870.1	10897.5
51023	1648.3	1860.4	10562.9
44200	1655.2	1936.0	11023.3
22873	1652.3	1912.8	11009.1
44562	1653.6	1878.7	10899.3
6886	1652.0	1939.2	11049.6
60002	1655.3	1873.9	10800.1
26069	1644.2	1849.6	10593.7
6320	1624.4	1814.1	10311.3
41018	1646.2	1919.1	11040.0
10301	1637.1	1849.4	10564.0
37648	1656.0	1926.6	10959.2
51015	1647.4	1878.8	10878.9
31964	1637.7	1841.7	10516.3
23472	1647.8	1854.4	10736.8
2204	1634.4	1841.5	10390.5
33017	1652.5	1917.1	10992.2
2585	1658.0	1912.2	10892.3
11518	1634.6	1845.8	10519.7
26094	1642.1	1856.5	10817.7
11711	1648.5	1915.5	10911.1
44545	1643.1	1951.5	11034.9
1131	1651.0	1935.7	10926.2
56003	1649.8	1883.9	11103.1
50910	1648.3	1875.5	10776.8
44110	1636.7	1842.9	11071.4
17877	1639.8	1912.0	10847.1
51701	1637.1	1842.7	10556.1
35917	1658.2	1922.5	11134.5
42901	1655.9	1914.7	11303.0
53215	1640.1	1870.9	10640.2
10431	1638.4	1840.9	10539.7
40673	1653.6	1872.2	10935.3
50859	1643.5	1864.6	10645.9
60927	1645.3	1867.3	10647.9
506	1658.6	1921.4	11072.5
63636	1660.3	1913.1	10907.4
966	1662.8	1927.2	11123.9
60392	1643.3	1903.6	10831.3
38682	1648.5	1845.0	10694.5
52437	1649.0	1890.3	10857.7
10062	1653.4	1922.2	11371.0
63156	1639.3	1866.5	10618.7
41562	1646.3	1869.9	10810.6
29189	1653.6	1937.9	10891.5
58515	1652.6	1936.7	11249.9
48415	1650.8	1908.3	10955.9
54198	1632.5	1821.3	10311.1
29611	1648.5	1873.9	10886.8
54496	1654.4	1934.5	11326.8
55498	1643.9	1948.7	10995.7
30543	1638.8	1897.6	10672.0
63672	1662.0	1915.3	11038.3
63683	1648.5	1934.5	11142.1
16277	1644.8	1887.3	10846.0
38128	1650.3	1895.5	10815.2
23198	1653.8	1915.5	11326.4
22006	1639.4	1838.1	10517.6
63878	1639.3	1889.2	10653.4
49516	1658.0	1938.0	11099.7
34827	1651.3	1887.0	10819.4
1851	1641.7	1882.3	10681.0
24191	1657.5	1935.7	11281.0
36055	1647.3	1879.3	10675.1
30120	1655.7	1935.4	11637.8
15236	1658.0	1917.7	10921.3
17799	1645.1	1897.7	10799.8
59106	1644.2	1845.6	10554.9
60496	1638.6	1859.3	10563.2
63100	1640.2	1848.5	10710.2
14670	1635.2	1868.0	10655.6
14119	1657.6	1963.3	11110.5
45929	1646.8	1908.6	10953.9
65955	1640.9	1868.5	10656.0
56792	1664.9	1909.1	11163.0
55704	1646.5	1871.2	10794.0
60610	1647.1	1850.4	10825.6
913	1643.4	1896.3	10985.7
28757	1639.5	1885.0	10637.4
32832	1652.6	1898.8	10906.5
3011	1645.1	1890.5	10761.5
60985	1646.7	1879.0	10748.4
15535	1642.0	1863.7	10644.3
38427	1633.3	1812.0	10391.7
44104	1646.6	1909.2	10849.6
67141	1646.4	1856.0	10902.0
48382	1652.0	1944.8	11294.6
45882	1658.0	1897.4	11088.5
55043	1651.6	1913.9	10867.7
8709	1654.8	1912.1	10981.7
2923	1648.8	1894.7	10854.0
65383	1647.9	1868.3	10881.0
21236	1648.8	1869.0	10873.6
61947	1639.3	1860.5	10862.8
31904	1645.8	1913.0	10983.2
51854	1650.5	1897.5	11035.3
52293	1643.2	1866.0	10884.1
11874	1642.7	1889.0	10916.1
54914	1637.4	1835.9	10752.2
12438	1642.6	1863.5	10733.0
49562	1647.9	1908.2	10626.6
37958	1636.9	1845.0	10533.6
10786	1641.3	1840.4	10450.2
61750	1656.1	1923.3	11013.6
67628	1642.6	1881.0	10582.0
35060	1652.5	1973.5	11169.3
10991	1649.7	1873.6	10855.8
12024	1654.7	1912.7	11387.3
10474	1659.6	1941.6	11167.8
66149	1640.9	1874.0	10653.1
56351	1662.8	1948.2	11290.6
5246	1646.7	1899.4	10667.7
58093	1643.5	1898.9	10680.2
58306	1642.5	1904.2	10852.4
18620	1625.4	1805.6	10310.0
48484	1660.0	1972.6	11196.1
67370	1643.9	1860.4	10723.9
58709	1636.7	1889.6	10725.3
32686	1635.4	1870.9	10661.8
51698	1651.4	1893.1	10795.6
13522	1668.5	1939.6	11431.5
23847	1639.1	1884.9	10551.9
16901	1641.8	1903.2	11233.1
69307	1662.1	1939.4	11764.7
22390	1649.3	1908.3	10694.2
50089	1647.5	1895.0	10718.9
20920	1650.5	1910.0	10946.1
25454	1654.4	1931.2	11508.7
33041	1630.9	1840.7	10309.7
68916	1648.2	1867.7	10730.8
29576	1633.4	1868.0	10537.7
44374	1641.8	1869.8	10658.2
37662	1668.4	1941.9	11358.9
58044	1644.3	1873.0	10854.9
38429	1658.1	1907.9	11047.0
39559	1646.6	1870.8	10857.4
30884	1644.5	1900.3	10701.2
17886	1638.7	1833.5	10656.1
24706	1633.7	1835.7	10452.5
22695	1644.7	1860.2	10748.1
57375	1643.2	1882.1	10828.6
40437	1648.9	1896.7	10854.4
19215	1646.1	1903.0	10983.6
46876	1640.2	1861.4	10556.0
43183	1657.6	1902.5	11148.3
5022	1653.6	1896.4	11135.0
55104	1647.9	1874.6	10747.0
16220	1649.5	1901.7	10761.7
9341	1627.4	1857.9	10637.3
48211	1650.5	1891.4	10790.6
62149	1640.8	1862.3	10645.1
7801	1651.2	1916.2	11143.5
3734	1646.8	1894.9	10742.2
67027	1656.9	1876.9	10992.0
14240	1647.4	1862.2	10615.2
26733	1645.7	1865.7	10919.0
65755	1648.9	1896.1	10932.1
57611	1647.5	1880.3	10725.4
36099	1638.4	1876.4	10639.9
41613	1637.9	1866.1	10693.4
69064	1650.0	1865.8	10789.4
67978	1644.2	1839.2	10682.9
8911	1646.3	1957.4	11386.9
28320	1652.7	1907.5	11059.4
10864	1641.5	1831.2	10383.5
21453	1646.3	1861.0	10639.1
25675	1659.4	1964.5	11247.9
57217	1646.9	1845.8	10610.1
61012	1658.4	1898.5	11097.9
23029	1655.9	1900.1	10961.4
35204	1651.5	1874.1	10604.2
6426	1643.9	1888.2	10874.1
39063	1653.2	1915.1	10868.3
53228	1661.9	1847.3	10872.9
15911	1656.4	1984.2	11131.2
41262	1649.1	1884.7	10763.0
53300	1640.6	1893.8	10865.6
43135	1640.6	1854.6	10657.1
6	1659.1	1901.6	11011.4
5004	1647.4	1868.0	10627.6
66313	1654.4	1894.1	10975.1
25405	1646.1	1822.9	10514.1
50597	1641.0	1890.9	10910.4
47806	1638.6	1911.2	10931.0
66346	1651.2	1865.0	10994.1
20806	1633.5	1873.4	10676.0
1132	1640.5	1841.0	10515.7
60471	1640.8	1905.4	10750.8
31364	1642.5	1868.5	10579.5
8138	1651.2	1924.4	10910.9
21685	1649.7	1887.6	10671.8
34129	1642.0	1865.3	10705.7
25663	1658.6	1932.6	11207.7
36152	1649.2	1948.4	11005.2
31589	1639.9	1872.3	10748.6
10869	1663.3	1903.1	11042.9
48296	1647.1	1869.5	10718.0
22891	1647.6	1884.4	10700.1
806	1651.6	1913.4	11031.5
69047	1654.7	1914.7	11016.5
50043	1647.3	1878.1	10792.5
68396	1637.1	1863.4	10483.1
64263	1662.0	1895.2	11266.6
29926	1655.0	1897.2	11260.6
112	1658.4	1897.6	10986.4
15050	1654.7	1952.3	11255.1
33376	1655.6	1888.0	10998.1
22720	1647.5	1885.5	11025.9
25340	1645.1	1858.0	10623.7
4863	1637.0	1863.2	10781.8
64236	1649.7	1905.7	10817.8
17045	1649.0	1903.0	10853.1
4437	1659.6	2036.1	11450.8
50870	1647.0	1859.5	10683.2
42123	1647.4	1894.5	10776.4
39303	1651.6	1894.6	10912.2
14554	1636.8	1887.9	10756.6
50920	1656.1	1876.8	10831.3
46939	1633.3	1860.2	10704.0
63975	1646.9	1916.8	10988.8
19548	1652.8	1933.3	10974.9
58327	1644.7	1878.7	10761.1
56541	1653.9	1877.1	10920.8
67890	1657.3	1898.1	10986.9
57528	1637.8	1822.0	10697.6
2755	1658.0	1953.9	11282.4
25673	1640.1	1865.9	10623.2
757	1629.3	1848.1	10567.4
7924	1644.8	1879.7	10810.6
43868	1662.6	1902.8	11441.8
30459	1636.3	1869.2	10877.0
12185	1646.8	1891.0	10749.3
46272	1637.3	1822.4	10385.7
34336	1669.3	1910.0	11903.0
43413	1642.9	1871.3	10694.7
44566	1649.4	1892.0	10714.3
12119	1644.7	1920.9	10813.0
61146	1645.1	1875.3	10756.3
62378	1640.6	1873.9	10712.3
17321	1645.4	1884.7	10849.2
66964	1634.6	1856.3	10821.3
46999	1637.2	1857.6	10671.3
19000	1641.0	1911.9	10824.1
28723	1653.1	1913.7	10998.7
32946	1643.8	1908.9	10704.7
1104	1653.0	1958.1	11017.8
68490	1638.1	1884.0	10735.7
45184	1640.5	1922.4	11013.2
15166	1642.7	1865.2	10517.7
68212	1638.3	1846.4	10516.3
6806	1652.7	1870.4	10731.9
26	1650.2	1878.7	11147.5
23501	1640.6	1864.8	10651.3
10956	1657.3	1906.3	10991.0
63656	1641.8	1818.0	10526.4
63595	1641.8	1849.5	10652.9
67570	1645.9	1893.2	10732.5
32523	1638.2	1875.4	10891.4
19618	1645.8	1935.2	10908.6
27405	1642.3	1915.8	10750.5
59171	1651.0	1844.4	11003.9
1877	1647.5	1907.0	10968.2
67177	1633.5	1796.4	10429.4
2565	1640.7	1874.1	10490.3
38556	1652.1	1841.4	10770.4
7124	1645.6	1894.7	10715.9
60607	1647.5	1876.8	10590.6
12286	1641.6	1832.2	10417.2
12190	1637.3	1850.2	10654.1
45836	1651.6	1864.9	10779.8
65106	1652.3	1912.5	10779.8
11831	1647.0	1851.0	11258.6
55577	1645.3	1876.5	10761.5
12071	1644.4	1866.4	10650.1
61979	1641.2	1815.6	10422.0
37763	1649.9	1886.9	10949.2
63402	1642.2	1829.7	10538.3
21561	1646.1	1906.1	11105.5
25847	1642.0	1883.8	10646.0
27156	1641.6	1861.1	10628.5
66396	1635.2	1843.5	10506.5
61898	1639.0	1866.8	10771.6
69950	1632.3	1858.9	10492.5
52997	1638.4	1835.0	10856.1
13855	1644.7	1928.9	10985.9
779	1645.0	1902.0	10922.4
9054	1644.3	1907.1	10813.4
28985	1654.3	1951.6	11172.1
20084	1646.6	1894.5	10820.7
53292	1643.2	1837.9	10814.0
12402	1658.2	1917.3	10980.4
21764	1637.9	1867.9	10684.8
53580	1643.8	1884.7	10805.7
27074	1655.5	1945.5	11009.1
59916	1647.9	1895.1	10862.5
27365	1645.9	1856.1	10765.6
60221	1642.3	1843.2	10486.4
52412	1646.3	1882.9	10848.4
29822	1658.5	1906.9	12247.4
64849	1652.8	1911.4	11080.2
19035	1645.9	1872.3	10604.3
15872	1667.2	1944.4	11318.4
47295	1639.6	1855.9	10580.0
17506	1659.9	1886.8	10963.7
50601	1653.1	1850.2	10969.2
59232	1643.9	1914.8	10952.6
56873	1656.1	1922.2	10971.0
39907	1646.3	1921.6	11069.8
35051	1631.5	1815.5	10382.4
57000	1660.3	1918.4	10977.6
9940	1654.8	1967.3	11151.4
2808	1658.1	1885.9	11016.0
39568	1645.8	1914.2	10858.5
54625	1656.1	1864.5	10765.3
22751	1646.1	1890.6	10990.4
38533	1639.1	1847.9	10705.5
25107	1654.9	1912.4	10936.5
8988	1649.1	1895.6	10759.3
59211	1642.6	1852.2	10563.2
32571	1654.4	1882.5	10996.1
502	1657.9	1880.1	10985.1
19333	1651.3	1866.3	10792.5
44882	1643.6	1865.4	10688.5
69311	1652.3	1895.7	10910.4
60855	1637.3	1879.2	10692.8
30778	1630.8	1865.6	10472.8
66373	1653.8	1869.0	10834.9
13073	1637.9	1841.5	10491.7
15153	1648.9	1893.1	11092.5
8625	1641.8	1834.9	10496.0
5502	1644.9	1853.5	10705.0
28799	1643.7	1930.8	10994.7
26590	1641.2	1914.8	10897.2
21994	1643.8	1882.4	10838.2
45447	1650.2	1856.0	10617.6
45629	1647.1	1833.0	10620.8
37050	1634.0	1846.0	10439.6
50738	1647.0	1867.3	10770.9
60658	1649.5	1896.2	10818.7
34973	1634.4	1883.7	10508.0
16092	1655.8	1910.7	11763.2
34974	1655.0	1913.9	11062.0
24631	1647.0	1883.4	11012.1
24841	1644.8	1885.7	10733.8
24900	1648.2	1868.9	10696.9
36036	1649.0	1909.8	10965.7
48638	1641.2	1904.8	11281.4
15531	1652.0	1926.2	11044.2
50452	1644.2	1899.9	10933.1
10816	1645.9	1912.2	10883.9
44741	1642.4	1882.9	10596.7
56979	1644.9	1840.8	10573.2
56761	1649.8	1887.9	11087.6
39716	1660.7	1927.2	11112.5
59931	1657.7	1877.8	10965.9
15558	1655.4	1884.1	10875.7
45645	1654.0	1857.2	10757.4
11490	1647.0	1914.0	10848.2
30483	1651.8	1835.6	10746.9
33646	1649.0	1909.6	10909.7
30217	1644.1	1842.7	10446.8
20729	1649.1	1916.5	10832.1
41563	1653.5	1877.3	10978.2
13540	1646.2	1931.8	11112.5
67415	1656.3	1860.6	10949.7
23558	1624.2	1835.5	10367.6
36600	1649.1	1903.3	11384.9
27069	1634.7	1857.1	10485.7
59908	1646.7	1865.3	10571.7
53809	1651.4	1858.4	10681.5
21051	1634.6	1817.7	10494.8
51248	1642.3	1831.4	10493.3
37943	1641.6	1843.8	10396.3
33834	1660.6	1942.3	11328.7
36875	1643.1	1920.1	10954.3
64521	1645.4	1856.5	10710.5
11534	1640.6	1872.7	10916.1
10105	1641.3	1890.5	10782.6
700	1639.8	1876.6	10585.6
6013	1656.6	1899.4	10856.9
16365	1655.0	1894.5	10895.6
35608	1653.9	1910.4	10853.3
25517	1658.2	1961.1	11377.9
4972	1640.4	1877.8	10703.2
4676	1654.6	1858.6	10610.2
51271	1638.4	1907.2	10758.7
65024	1649.4	1907.3	10980.6
25166	1661.9	1930.0	11102.1
15353	1638.9	1869.6	10618.6
61256	1658.3	1947.7	11151.7
41989	1659.4	1885.3	10884.7
16807	1642.7	1908.0	10759.1
8893	1640.0	1873.1	10515.1
9848	1643.9	1880.3	10750.9
48021	1642.9	1845.9	10566.8
75	1636.3	1869.4	10478.1
54521	1657.4	1934.9	11316.9
63678	1649.3	1890.4	11197.1
40216	1633.4	1831.2	10459.7
39502	1645.3	1916.7	10870.7
12618	1631.7	1833.6	10375.1
4746	1635.2	1866.8	10564.8
8837	1663.9	1965.8	11788.0
32112	1657.3	1880.2	10961.9
62618	1642.6	1882.9	10654.2
50838	1635.5	1867.4	10594.4
38991	1649.1	1904.2	10955.4
24924	1642.2	1902.6	10669.5
49873	1635.0	1856.0	10627.0
15598	1660.2	1945.8	11216.5
46816	1647.2	1857.3	10817.3
53790	1655.5	1909.2	11050.4
32240	1646.7	1851.4	10632.5
14856	1637.4	1856.6	10594.6
54661	1638.0	1855.1	10469.3
59532	1642.4	1855.5	10568.7
46719	1649.6	1859.6	10617.6
45396	1638.9	1882.6	10736.9
40260	1652.9	1874.5	11334.2
58167	1656.4	1916.8	10920.3
42698	1666.2	1992.2	11536.6
18710	1649.5	1916.4	11033.3
26968	1651.1	1897.1	10955.5
38054	1648.4	1906.9	10909.0
11771	1648.8	1920.3	10746.9
63428	1658.0	1957.6	11065.2
48046	1658.9	1926.5	11205.1
15626	1633.5	1860.0	10599.3
34719	1638.2	1884.8	10602.4
56537	1642.1	1866.4	10568.7
53083	1642.0	1869.0	10578.4
12891	1656.9	1868.9	10836.3
58323	1644.3	1870.2	10872.6
63853	1639.9	1868.3	10740.6
16320	1642.8	1898.5	11472.2
7732	1643.7	1861.6	10595.2
21474	1653.0	1945.7	10944.3
30913	1651.1	1903.1	11207.5
60361	1646.7	1871.8	10640.5
69301	1645.8	1853.3	11043.9
63661	1632.8	1845.8	10506.3
31813	1642.8	1897.4	11010.4
13400	1634.0	1867.7	10884.5
17528	1654.1	1882.9	10935.3
46313	1650.5	1892.5	10848.6
1422	1653.6	1881.2	10810.3
5565	1648.2	1882.3	10952.0
62028	1635.5	1873.1	10802.5
33290	1644.6	1885.5	10966.8
13680	1645.1	1934.2	10954.5
64612	1641.1	1813.9	10647.6
19032	1666.5	1937.5	11174.6
1872	1645.9	1924.4	10770.2
11303	1659.0	1908.6	11116.1
65039	1661.5	1856.5	10942.7
53360	1642.5	1902.9	10829.3
51161	1641.3	1957.9	10966.6
1091	1659.4	1952.5	11127.1
39511	1653.7	1884.2	10886.2
37890	1638.2	1832.9	10336.5
15348	1649.1	1904.4	10962.4
58213	1650.0	1850.2	10825.9
62003	1662.0	1886.9	10999.5
18773	1641.9	1879.2	10628.3
10441	1652.0	1916.2	10763.0
23310	1654.2	1879.8	11067.2
41274	1628.7	1877.3	10518.1
55268	1653.9	1907.5	11040.6
5963	1656.7	1944.1	11054.7
65040	1664.6	1929.1	11236.3
54792	1644.6	1862.8	10734.2
27601	1632.5	1831.4	10467.1
52040	1640.3	1908.9	10937.1
20045	1656.8	1944.7	11721.2
38113	1648.3	1958.3	11021.4
24730	1647.4	1885.7	10794.1
34324	1647.5	1881.4	10857.2
10165	1642.9	1892.0	10715.6
49162	1641.4	1866.0	10948.8
56403	1648.1	1886.8	10621.1
35946	1625.1	1817.0	10547.7
60847	1652.9	1866.2	10836.9
3258	1641.7	1813.3	10447.3
40267	1631.4	1847.1	10325.0
65202	1664.9	1933.3	11065.9
14625	1649.2	1887.2	10768.1
65799	1655.3	1872.7	11309.8
65254	1636.5	1834.8	10454.4
31066	1637.8	1865.8	10699.8
38178	1641.7	1865.3	10596.6
41978	1649.3	1863.3	10713.5
61908	1640.4	1871.6	10623.0
16599	1651.5	1922.7	10923.4
20672	1653.8	1899.8	10851.0
46209	1639.8	1821.1	10578.4
60217	1643.7	1875.6	10766.5
25014	1633.8	1837.9	10468.7
2286	1656.2	1911.5	11017.3
14450	1634.7	1867.5	10550.3
56137	1656.8	1870.3	11226.1
5338	1645.3	1868.5	10667.7
1527	1661.5	1976.5	11468.9
53218	1636.4	1849.5	10533.0
64901	1649.2	1883.6	10775.7
57344	1639.8	1871.4	10911.7
52257	1654.5	1937.7	11161.3
41422	1649.8	1876.5	10755.0
67905	1654.4	1924.9	11113.4
37399	1639.9	1837.0	10548.9
15017	1652.2	1893.9	10962.9
29195	1643.7	1906.3	10808.2
1681	1640.4	1880.9	10600.2
21896	1650.4	1912.5	11030.4
12145	1642.0	1905.2	10744.0
52991	1642.6	1881.4	10551.2
44494	1653.0	1859.7	10765.2
43040	1651.2	1875.5	10805.9
38268	1659.7	1865.1	10859.9
23866	1643.0	1867.9	10889.2
9788	1654.9	1919.3	10950.6
31839	1649.2	1881.1	10761.3
62310	1650.6	1931.4	11136.3
39728	1651.4	1901.2	10841.3
48709	1633.1	1864.9	10555.7
54865	1651.8	1900.9	10960.8
16787	1640.3	1833.8	10716.0
55611	1646.7	1883.0	10875.5
43837	1637.5	1878.6	10628.1
1583	1660.0	1926.2	11131.3
67329	1641.3	1863.9	10796.9
67780	1638.2	1865.1	10681.6
18417	1633.1	1863.3	10340.8
48966	1643.1	1871.0	10972.7
47798	1669.8	1930.5	11148.0
52318	1661.7	1918.1	11184.3
32176	1638.3	1878.3	10822.2
17593	1638.3	1899.5	10752.5
7577	1661.3	1915.6	11738.8
68717	1645.3	1833.8	10505.1
33441	1649.4	1905.1	10801.3
55492	1653.7	1913.9	11005.1
63463	1645.9	1887.0	10699.7
42105	1643.2	1878.2	10767.1
19383	1642.8	1876.7	10956.4
58697	1651.1	1891.3	10803.2
14013	1662.6	1973.0	11116.0
42967	1651.8	1878.0	10967.6
47045	1646.9	1921.9	10865.5
50240	1644.1	1885.8	10844.7
41644	1658.2	1886.6	10923.9
65249	1663.4	1899.6	11048.5
54375	1649.5	1847.1	10786.1
27855	1642.2	1909.8	10812.1
47468	1641.7	1866.0	10582.2
46222	1655.2	1881.5	11006.3
36222	1654.5	1914.2	11090.3
57463	1647.3	1898.0	10966.0
63221	1661.2	1921.4	11134.6
65100	1653.9	1883.5	10861.2
47795	1643.6	1863.2	10874.6
25259	1657.3	1903.6	10912.2
62955	1647.5	1863.8	11179.9
29804	1652.9	1879.6	11067.5
43953	1653.9	1852.9	10809.0
42258	1631.3	1836.5	10330.4
13843	1648.9	1916.3	10900.1
36976	1644.8	1881.3	10832.7
7709	1648.5	1887.6	10700.7
29836	1640.4	1873.2	10672.7
16911	1641.0	1868.6	10619.7
995	1628.3	1858.1	10359.6
66303	1661.2	1909.7	11382.0
27578	1651.0	1882.3	10878.8
22955	1643.7	1877.2	10861.5
56751	1661.2	1944.6	11173.6
32135	1632.7	1872.6	10631.5
42823	1640.3	1856.5	10545.0
549	1659.3	1932.7	11118.5
38099	1659.7	1934.2	11384.8
10562	1649.6	1914.7	10788.4
62020	1652.7	1849.4	10803.7
58599	1655.3	1950.7	10987.1
50431	1633.0	1835.6	10378.8
24424	1651.3	1923.9	10943.3
6933	1644.0	1920.2	10927.7
5643	1639.1	1917.5	11026.4
24738	1638.1	1883.7	10663.6
49203	1646.8	1869.9	10853.0
36639	1649.0	1880.0	10814.2
59301	1638.7	1903.7	10734.5
42476	1651.8	1880.7	11257.7
19393	1642.8	1823.8	10624.8
36792	1654.3	1893.1	11067.0
47112	1649.2	1911.1	10915.8
47179	1656.6	1941.6	11482.9
45361	1648.5	1914.7	10858.6
42137	1647.7	1861.4	10796.6
40283	1647.4	1945.5	10942.9
67726	1643.4	1876.2	10990.3
7433	1648.0	1896.7	10735.9
56382	1652.9	1892.8	10905.1
35052	1635.8	1882.8	10905.8
15211	1642.0	1903.8	10876.1
29358	1641.4	1860.6	10731.9
13025	1644.8	1912.5	10718.4
1087	1637.5	1882.0	10606.6
64176	1650.5	1901.2	10890.7
7972	1648.6	1915.7	10705.1
3513	1644.1	1889.1	10642.0
8910	1657.8	1941.8	10857.6
28655	1650.1	1921.9	10788.7
40634	1647.0	1881.6	10733.1
15072	1639.1	1886.9	10832.4
34286	1646.5	1896.7	10741.5
21158	1654.1	1913.7	10978.0
3337	1650.7	1880.6	10914.5
67542	1645.8	1838.4	10605.8
57493	1637.4	1884.7	10618.9
10204	1645.9	1907.6	10765.8
47837	1647.7	1858.5	10736.8
62834	1642.1	1933.3	10934.7
34618	1641.1	1889.8	10620.4
228	1640.5	1892.6	10977.1
56326	1649.9	1880.6	10784.2
48136	1641.1	1891.0	10741.8
56367	1635.9	1860.4	10459.5
17736	1649.6	1883.4	11029.3
39912	1638.2	1849.8	10450.5
3238	1649.6	1883.2	10878.2
12925	1647.7	1890.2	10879.0
44532	1631.9	1821.1	10440.6
18031	1654.9	1927.4	11334.1
14556	1653.6	1885.7	10803.2
61202	1647.8	1908.0	10602.0
16561	1628.7	1867.4	10679.8
37899	1638.6	1908.9	10822.7
41329	1638.3	1895.5	10771.1
26741	1646.9	1881.1	10858.7
36400	1639.7	1874.0	10748.5
64966	1649.1	1881.7	10889.4
58976	1661.4	1907.9	12089.1
6278	1646.5	1889.9	10868.9
6874	1646.4	1897.3	10939.3
5471	1633.2	1826.1	10392.9
14018	1638.6	1866.8	10610.5
5572	1650.4	1887.0	10972.2
49855	1638.7	1865.4	10919.5
46950	1646.4	1936.6	10871.5
48265	1638.7	1888.1	10732.3
39712	1648.4	1884.4	11050.0
68615	1650.0	1902.0	11202.1
61204	1647.4	1862.9	10845.3
68267	1648.2	1890.9	10929.8
57691	1645.8	1905.5	10858.2
31812	1649.7	1881.7	11147.9
66538	1653.2	1867.0	10734.5
19283	1646.5	1943.5	11173.3
36742	1654.9	1896.4	11010.7
40942	1650.3	1892.6	11071.5
10927	1641.4	1878.6	10599.0
33658	1642.7	1890.1	10806.8
67256	1663.2	1909.1	11193.9
56476	1630.9	1860.1	10625.3
57273	1642.5	1898.1	10704.3
45257	1642.6	1854.6	10581.7
20042	1652.2	1900.1	11017.2
29658	1658.0	1977.5	11134.5
44269	1655.2	1930.0	11238.3
50122	1656.5	1930.6	11041.4
19912	1642.4	1857.8	10799.8
34843	1640.3	1891.1	10813.8
12610	1631.7	1825.3	10276.5
40881	1652.4	1880.8	10900.1
49100	1648.1	1867.6	10651.6
5818	1652.1	1890.5	10792.8
58946	1643.9	1866.8	10552.9
63504	1640.6	1850.1	10732.8
49567	1649.3	1901.1	11018.3
26943	1654.8	1879.3	10778.3
60650	1643.4	1857.8	10853.9
69352	1651.2	1878.3	10825.1
1796	1652.2	1895.4	10801.9
42734	1650.2	1856.9	10784.6
13339	1652.5	1875.0	11022.3
11552	1649.4	1908.1	11033.1
43088	1647.6	1884.3	10702.3
46254	1653.4	1916.3	11032.7
4585	1648.5	1896.6	10832.2
27142	1651.9	1909.1	10915.8
45307	1648.9	1911.8	10793.6
10375	1640.9	1838.4	10660.8
59030	1640.6	1860.1	10630.9
42333	1649.7	1881.0	10807.2
15842	1652.0	1883.8	11123.5
16774	1640.7	1849.5	10555.1
46754	1661.3	1885.6	11104.9
