34906	1344.6	1615.5	10543.5
16059	1356.1	1577.6	10504.2
25940	1331.9	1571.3	10348.7
30456	1343.2	1600.6	10399.3
22215	1347.7	1587.9	10507.2
16540	1332.5	1610.7	10519.3
11307	1340.6	1597.8	10430.4
18973	1347.5	1593.2	10422.7
23968	1346.7	1577.2	10338.5
22304	1357.3	1574.3	10581.0
24916	1349.3	1633.2	10717.7
5260	1312.0	1536.2	10240.2
13501	1352.6	1647.0	10748.6
32803	1345.9	1603.4	10323.8
28222	1329.8	1554.5	10393.5
9047	1346.0	1559.8	10447.1
28028	1363.5	1624.6	10698.6
16115	1340.2	1562.1	10402.3
12326	1349.5	1555.5	10406.4
5834	1330.4	1542.3	10335.1
27818	1346.4	1623.0	10572.6
21824	1346.3	1624.2	10546.7
27294	1362.0	1578.7	10511.7
26296	1356.9	1610.5	10534.4
18874	1335.5	1521.3	10225.4
26615	1378.2	1669.5	10838.0
1618	1340.2	1593.9	10268.0
25776	1352.6	1548.8	10323.2
21465	1330.0	1581.8	10345.7
8547	1369.2	1633.8	10597.2
6956	1342.6	1602.2	10467.3
25380	1335.0	1587.8	10351.2
34656	1328.4	1520.7	10194.4
17343	1346.1	1625.9	10581.6
14400	1351.0	1656.4	11098.7
27970	1324.1	1580.9	10446.1
17749	1327.1	1534.7	10132.5
26536	1330.4	1564.4	10312.5
18561	1335.5	1518.6	10267.9
33834	1347.3	1607.1	10476.6
26823	1337.1	1598.6	10388.7
33855	1351.6	1592.2	10709.7
30278	1344.4	1549.7	10293.5
19195	1332.5	1545.7	10409.3
29235	1336.2	1603.3	10413.2
8476	1330.2	1530.9	10233.5
32507	1340.4	1612.8	10405.7
13478	1332.4	1557.8	10358.0
19452	1339.7	1576.4	10367.8
9218	1323.4	1526.4	10174.6
23767	1338.7	1551.5	10253.6
22531	1349.0	1615.3	10551.1
30204	1341.1	1579.7	10618.5
10379	1333.6	1536.9	10137.6
18214	1340.5	1571.2	10261.3
29827	1320.0	1527.3	10187.9
34489	1339.7	1609.0	10549.1
16851	1331.0	1553.5	10400.1
24543	1307.6	1520.7	10104.4
34877	1331.5	1607.0	10296.7
183	1333.2	1561.1	10141.3
32397	1323.8	1580.5	10328.8
30656	1334.5	1613.2	10263.4
28806	1342.1	1599.0	10411.1
1347	1329.3	1553.5	10452.1
15241	1324.6	1563.2	10309.3
28131	1339.9	1559.3	10458.3
24176	1329.1	1604.8	10517.4
16744	1330.0	1531.1	10250.1
3144	1351.3	1622.6	10557.7
12963	1342.7	1557.6	10297.9
13555	1338.6	1551.0	10254.3
10725	1351.5	1620.8	10865.8
14319	1325.7	1570.7	10385.0
31076	1350.9	1629.9	10435.6
23787	1323.1	1497.9	10241.7
27774	1310.6	1505.0	10072.9
20403	1325.5	1569.0	10298.3
4094	1343.7	1576.3	10431.0
22475	1360.5	1551.5	10469.3
17021	1348.5	1629.1	10505.2
13859	1332.5	1604.4	10371.6
2573	1345.6	1608.5	10448.4
8180	1339.3	1602.1	10350.8
20476	1360.8	1622.2	10499.6
30401	1361.2	1547.5	10283.8
34604	1338.1	1576.8	10397.3
9343	1315.1	1550.3	10184.2
1620	1345.9	1642.1	10468.6
9906	1347.6	1615.3	10552.4
31446	1332.2	1545.9	10711.0
27459	1329.5	1590.1	10339.2
25887	1352.7	1620.2	10625.4
22182	1355.2	1633.8	10584.0
5217	1336.1	1536.4	10288.2
14279	1319.7	1571.7	10081.8
28332	1334.8	1554.1	10233.7
16445	1341.4	1628.9	10604.8
24941	1324.7	1551.8	10283.7
22409	1345.5	1574.8	10379.9
21917	1331.3	1563.4	10457.6
31333	1327.6	1564.5	10396.5
15897	1343.3	1552.0	10388.8
5604	1342.0	1614.8	10385.8
1354	1344.9	1592.3	10385.4
27843	1335.3	1518.0	10243.6
26208	1339.2	1591.4	10398.0
24842	1360.3	1536.9	10319.7
17764	1321.8	1564.0	10250.5
7602	1353.4	1686.1	10645.8
32388	1341.0	1599.0	10559.8
30759	1343.0	1557.3	10469.1
27158	1330.0	1544.4	10281.9
1325	1344.7	1591.0	10304.5
2058	1331.7	1619.8	10440.9
21444	1339.5	1546.1	10291.2
11778	1359.5	1585.1	10559.8
3969	1352.5	1577.1	10613.8
4784	1335.7	1579.9	10378.5
18504	1333.3	1602.1	10223.6
18789	1366.2	1642.1	10617.6
29966	1353.6	1629.1	10750.4
31281	1335.2	1604.0	10469.5
23047	1340.3	1593.7	10387.3
18103	1326.7	1507.9	10125.0
6102	1326.3	1537.2	10216.0
25941	1367.1	1587.8	10577.0
21013	1344.8	1607.6	10364.2
31115	1353.3	1623.2	10651.8
7347	1319.5	1521.8	10249.9
23793	1345.4	1591.8	10410.8
166	1342.2	1562.4	10192.8
20785	1351.4	1635.2	10762.4
33479	1338.2	1579.1	10414.1
12284	1333.4	1544.5	10148.7
25979	1348.7	1646.7	10853.1
32135	1337.8	1557.2	10307.0
30505	1337.7	1574.1	10517.5
8579	1338.0	1579.5	10304.1
18231	1352.5	1610.0	10526.7
26620	1332.2	1632.7	10524.7
13770	1333.0	1575.0	10257.3
26668	1363.7	1647.8	10816.3
13937	1331.3	1607.0	10544.2
12747	1360.9	1638.5	10621.8
14234	1330.9	1559.6	10422.7
4938	1352.3	1585.9	10345.3
27573	1364.0	1628.2	10965.7
8445	1334.8	1581.4	10439.9
7009	1314.1	1545.6	10209.1
29716	1345.1	1591.2	10459.3
13817	1340.2	1546.7	10396.2
25819	1332.1	1519.6	10195.9
3911	1344.7	1663.5	10522.4
83	1333.2	1595.7	10492.2
25301	1340.4	1515.6	10347.2
2379	1328.5	1603.2	10436.1
4030	1346.9	1597.2	10472.1
7993	1330.6	1553.6	10190.8
34011	1328.7	1554.5	10351.9
7911	1341.8	1572.8	10332.0
5311	1323.4	1604.2	10486.3
30397	1342.0	1569.3	10423.0
33577	1333.8	1570.6	10306.7
12215	1330.2	1594.4	10278.3
12022	1341.4	1601.8	10438.7
7575	1328.1	1546.0	10196.7
9042	1356.2	1554.3	10778.5
26248	1339.4	1569.7	10362.0
20215	1331.4	1603.8	10430.8
21762	1350.6	1549.2	10415.1
21900	1345.2	1624.0	10557.9
3928	1341.8	1594.9	10586.0
31351	1323.0	1551.2	10400.1
14891	1338.9	1597.6	10443.8
6208	1333.6	1599.8	10292.5
557	1345.7	1665.6	10615.8
2566	1349.1	1627.6	10503.2
10120	1338.0	1633.3	10498.1
6129	1331.6	1581.3	10419.3
29456	1316.0	1509.6	10100.9
1449	1336.0	1560.0	10357.4
15758	1309.9	1541.8	10109.2
10176	1331.5	1608.0	10434.3
20193	1342.5	1590.9	10424.2
3661	1334.2	1570.6	10248.7
2714	1349.3	1541.2	10497.1
27992	1359.1	1580.5	10563.4
22536	1338.3	1553.8	10273.2
16112	1323.5	1600.0	10420.3
13333	1327.7	1540.4	10209.1
27243	1350.2	1609.5	10682.7
28324	1325.7	1540.0	10172.2
28648	1352.4	1620.2	10575.4
20443	1333.1	1596.3	10363.1
22183	1349.1	1582.8	10317.5
16102	1348.8	1636.3	10711.9
16878	1361.8	1642.1	10657.5
22021	1328.9	1511.0	10129.1
33205	1345.1	1613.5	10449.6
7685	1348.2	1604.4	10355.3
5682	1356.1	1625.7	10892.2
7230	1341.7	1567.3	10352.6
2110	1344.1	1582.2	10340.1
26120	1317.1	1506.5	10069.1
364	1346.5	1670.6	10622.1
3949	1336.7	1562.7	10393.7
172	1326.7	1577.2	10261.1
20131	1355.4	1612.7	10556.7
7143	1330.9	1568.1	10307.4
9352	1344.1	1603.7	10438.4
2823	1354.2	1610.5	10641.2
24636	1335.9	1559.3	10275.3
34548	1343.9	1583.6	10484.2
25226	1336.3	1610.1	10453.2
18915	1347.1	1569.4	10223.6
31653	1349.2	1578.0	10330.6
34730	1354.1	1609.2	10585.2
24327	1328.2	1546.8	10233.2
16525	1357.8	1671.9	10686.1
4009	1344.1	1624.6	10395.9
9744	1339.9	1611.6	10554.6
20789	1329.5	1548.3	10310.7
34690	1327.5	1562.6	10334.5
30030	1342.0	1569.2	10263.0
28704	1329.2	1576.6	10384.9
31897	1331.9	1582.6	10401.3
14807	1327.2	1582.8	10406.6
25311	1343.8	1575.7	10360.3
11430	1337.4	1572.8	10340.6
16417	1320.2	1565.2	10269.7
8439	1349.5	1591.3	10439.8
4576	1346.6	1599.4	10479.1
19683	1322.6	1575.3	10209.1
18309	1327.6	1583.7	10315.9
16381	1336.1	1625.0	10434.9
15323	1336.5	1580.8	10410.6
13713	1347.1	1555.4	10413.9
29539	1331.8	1562.8	10334.0
31056	1343.2	1570.6	10407.6
1542	1341.3	1578.1	10347.7
21883	1355.0	1551.8	10431.7
16815	1341.2	1594.3	10343.9
23365	1335.8	1615.6	10261.0
22315	1338.1	1638.9	10568.8
22918	1348.2	1559.7	10367.8
22436	1338.1	1605.9	10394.5
5989	1359.9	1626.0	10620.0
22417	1324.5	1546.7	10216.0
21150	1338.8	1593.3	10728.7
13617	1321.1	1506.2	10240.2
34397	1360.4	1587.1	10508.2
20185	1344.6	1564.7	10485.6
2914	1359.0	1613.6	10536.9
28945	1348.7	1600.0	10823.2
34595	1331.7	1619.4	10581.6
14954	1332.8	1532.8	10262.6
10300	1359.8	1617.7	10700.8
24067	1335.9	1565.7	10322.4
2949	1341.9	1580.2	10349.0
28559	1321.5	1512.6	10268.4
31155	1347.6	1633.9	11255.3
23048	1333.3	1495.5	10175.1
30610	1337.7	1551.4	10162.6
6525	1334.8	1531.8	10292.2
15316	1333.4	1608.2	10309.8
24362	1333.3	1546.8	10300.8
22743	1351.7	1595.4	10533.7
4628	1354.3	1646.1	10808.9
23956	1333.9	1557.8	10296.2
17574	1350.3	1588.7	10449.0
6725	1349.0	1587.4	10510.0
34819	1341.5	1609.9	10301.4
34827	1329.2	1583.5	10262.5
29542	1349.5	1624.4	10444.6
5934	1352.0	1593.9	10440.1
11076	1340.4	1656.7	10528.7
405	1331.6	1561.3	10209.6
3674	1341.6	1571.8	10443.5
33206	1345.3	1607.2	10405.5
5488	1343.6	1594.1	10541.0
28754	1326.2	1542.0	10283.8
20289	1341.9	1587.8	10450.2
15440	1347.6	1565.2	10277.5
32585	1373.9	1675.7	10820.6
8007	1324.1	1589.6	10272.7
10598	1317.8	1566.6	10203.8
33486	1352.1	1579.5	10543.0
21530	1319.7	1520.5	10172.3
30351	1336.7	1603.6	10494.6
5566	1343.6	1630.2	10438.0
9890	1341.4	1623.6	10451.5
6981	1343.3	1641.9	10467.4
14429	1351.9	1614.0	10462.3
3140	1335.6	1578.4	10402.7
22515	1342.0	1563.8	10326.8
16891	1370.6	1630.1	10533.9
16875	1324.5	1564.3	10136.3
6029	1332.7	1582.3	10219.3
34142	1349.9	1559.3	10397.4
30622	1341.1	1545.7	10231.8
6199	1348.3	1589.2	10570.4
2860	1326.7	1601.8	10312.2
14589	1345.8	1557.3	10439.6
19780	1316.3	1537.4	10196.7
5536	1353.7	1628.8	10527.8
20438	1315.7	1537.3	10163.8
32212	1334.3	1579.5	10286.2
3447	1338.9	1574.3	10451.3
24544	1332.4	1565.9	10281.1
28780	1339.8	1561.6	10280.1
9889	1358.0	1601.2	10730.3
5666	1335.1	1626.4	10576.4
21160	1341.2	1617.7	10441.3
5059	1343.0	1637.1	10553.7
16040	1350.1	1551.3	10381.1
8418	1337.6	1642.7	10574.2
20206	1330.9	1553.1	10389.7
25719	1343.9	1589.4	10536.7
33058	1347.9	1573.1	10266.3
31409	1347.8	1599.3	10445.0
27764	1365.5	1624.1	10566.7
24419	1338.4	1564.0	10307.3
19459	1340.7	1579.5	10683.0
3053	1353.8	1591.8	10328.2
9423	1354.9	1600.5	10523.5
19118	1344.1	1539.9	10366.2
12020	1334.7	1552.4	10622.2
13976	1344.2	1584.3	10528.3
13325	1330.5	1597.8	10341.3
617	1343.3	1565.2	10462.7
3134	1347.7	1649.0	10533.9
5170	1335.4	1542.8	10261.0
28056	1366.2	1661.2	10705.4
19097	1341.5	1538.9	10393.1
28882	1338.1	1548.1	10226.0
25172	1330.4	1568.5	10322.7
20084	1327.5	1560.6	10360.0
5790	1342.2	1547.5	10372.9
15654	1340.2	1600.4	10429.2
30371	1361.7	1612.0	10417.5
13593	1330.6	1565.7	10332.7
11574	1324.9	1512.1	10213.9
1030	1340.5	1648.2	10647.2
9966	1323.4	1576.9	10293.7
16063	1362.7	1603.7	10535.7
17790	1343.0	1606.7	10522.0
8207	1342.8	1545.6	10235.3
9908	1339.5	1561.4	10519.3
29574	1333.1	1625.7	10469.9
26632	1337.0	1575.5	10463.8
2192	1320.2	1605.6	10227.6
33851	1338.9	1598.6	10342.5
21906	1347.5	1641.3	10625.7
15225	1317.9	1541.1	10311.9
29023	1348.2	1588.0	10315.7
11757	1346.6	1668.0	10807.2
28940	1348.9	1574.5	10572.2
12476	1357.4	1654.3	10897.5
10577	1347.2	1520.5	10285.8
1466	1348.8	1535.8	10438.4
33043	1328.6	1536.9	10099.5
1874	1352.2	1609.8	10463.4
29103	1340.2	1551.6	10335.3
28322	1344.3	1600.9	10476.1
18227	1345.6	1659.3	10496.2
30184	1359.4	1616.9	10630.3
23314	1338.6	1591.2	10349.0
2769	1330.4	1562.2	10409.9
8156	1337.2	1613.4	10477.4
34277	1339.6	1553.5	10150.2
10329	1340.8	1630.6	10699.2
12502	1335.3	1526.9	10164.4
26351	1348.2	1569.1	10448.2
10628	1321.7	1559.3	10101.4
2833	1346.6	1568.9	10368.1
26547	1343.3	1640.6	10671.9
22399	1356.3	1635.6	10688.0
34873	1354.2	1632.3	10656.4
34306	1332.5	1577.7	10303.5
34508	1331.4	1544.1	10316.3
11202	1337.1	1537.0	10082.2
14389	1342.1	1622.9	10549.2
25353	1329.7	1560.4	10377.9
28457	1321.6	1546.1	10129.3
31655	1344.1	1561.1	10300.9
14973	1333.8	1594.2	10270.8
16330	1330.1	1586.0	10604.1
27112	1310.3	1563.9	10308.2
24059	1311.3	1562.5	10273.6
27862	1333.6	1569.5	10339.7
3336	1347.5	1612.3	10385.7
32403	1348.1	1599.5	10507.4
20680	1363.2	1653.9	10548.9
4465	1345.4	1581.3	10408.0
8738	1353.3	1617.3	10379.4
32277	1343.9	1599.7	10336.4
14491	1328.7	1547.8	10308.6
23151	1351.7	1568.9	10343.0
5379	1319.6	1542.5	10150.7
3085	1358.0	1673.3	10620.7
16619	1351.6	1652.4	10656.6
12799	1351.4	1586.3	10455.8
25864	1325.4	1527.3	10350.8
25496	1345.3	1543.4	10402.9
11138	1350.3	1608.4	10423.9
14512	1336.5	1609.5	10391.7
34327	1341.9	1568.2	10520.3
360	1352.7	1616.2	10441.1
33777	1338.5	1560.6	10352.6
25818	1331.6	1592.7	10260.1
4692	1348.0	1631.6	10576.5
27131	1347.5	1535.7	10219.9
4379	1349.3	1633.6	10490.6
17758	1353.4	1565.6	10381.4
24710	1343.2	1581.1	10476.9
1180	1331.2	1541.5	10207.3
7852	1338.5	1564.4	10327.5
5704	1346.6	1611.6	10462.6
15410	1342.1	1608.0	10512.3
19932	1339.4	1572.5	10411.2
9668	1363.6	1597.1	10572.0
25560	1327.5	1593.9	10372.9
15520	1328.5	1548.8	10188.0
29979	1347.4	1617.7	10421.1
34596	1331.8	1544.7	10407.1
22402	1330.8	1616.6	10507.6
11817	1346.7	1578.3	10617.1
25331	1342.8	1538.4	10487.0
3631	1352.7	1634.0	10543.8
19028	1333.7	1513.0	10327.3
34922	1348.6	1623.8	10448.5
25637	1341.8	1578.3	10420.7
30398	1335.8	1572.2	10383.2
16273	1351.4	1633.1	10891.2
33817	1344.7	1634.1	10570.3
5430	1337.3	1575.7	10382.6
7134	1320.0	1577.8	10238.3
26999	1347.0	1546.1	10334.5
33244	1339.8	1547.3	10516.2
30953	1332.0	1600.8	10551.3
12602	1343.2	1567.2	10491.3
17174	1339.3	1597.2	10475.3
2431	1342.7	1598.2	10438.8
32853	1311.9	1476.0	10047.9
32056	1344.6	1638.8	10694.3
4275	1345.5	1560.5	10373.0
24560	1346.9	1567.6	10413.5
2212	1345.5	1589.2	10549.8
23010	1331.7	1627.3	10503.8
8121	1345.8	1602.7	10442.1
1623	1351.4	1599.2	10281.0
18213	1322.6	1560.4	10302.2
32573	1346.0	1585.1	10474.7
33227	1320.1	1561.5	10496.7
13342	1328.3	1557.7	10245.2
981	1317.3	1565.0	10348.5
1837	1308.5	1496.6	9997.0
34094	1341.3	1581.7	10437.9
25270	1347.2	1621.7	10678.4
7065	1334.5	1552.9	10425.7
32213	1325.6	1534.5	10097.9
11054	1355.4	1603.3	10546.7
9188	1355.1	1647.1	10707.2
22959	1334.9	1562.6	10350.8
26338	1341.0	1560.0	10431.9
12958	1333.7	1541.0	10269.0
21700	1345.4	1628.8	10419.3
10192	1359.9	1632.4	10518.9
32914	1344.8	1550.8	10558.3
5570	1317.8	1518.7	10108.6
19973	1340.7	1578.6	10355.6
21318	1333.4	1557.7	10346.9
24979	1351.1	1596.7	10483.7
25183	1349.0	1610.1	10587.7
5582	1332.2	1533.0	10393.4
1655	1336.6	1626.3	10375.7
28097	1332.1	1530.5	10210.5
2930	1352.2	1579.8	10399.6
27059	1328.5	1584.5	10440.7
31028	1349.2	1556.9	10359.2
4545	1342.5	1591.2	10513.8
1431	1351.5	1604.5	10607.1
12334	1345.5	1569.6	10486.0
13984	1319.3	1542.9	10233.6
9219	1348.4	1601.2	10289.1
2189	1340.3	1637.0	10462.8
12138	1354.2	1623.1	10547.1
12519	1343.6	1622.7	10483.4
8460	1334.4	1574.5	10319.7
14183	1359.1	1624.9	10415.7
25993	1348.2	1634.5	10686.0
20073	1355.7	1585.5	10405.2
9963	1346.7	1631.1	10717.2
5694	1349.3	1575.7	10443.8
3624	1348.2	1607.7	10393.5
17513	1341.6	1553.9	10347.8
2595	1313.4	1547.4	10223.7
1027	1332.1	1583.7	10500.4
20114	1344.8	1606.8	10453.3
11152	1333.2	1571.0	10342.7
30776	1338.1	1514.4	10255.1
9981	1344.3	1603.8	10426.5
25499	1331.9	1598.4	10919.1
1877	1350.6	1593.4	10525.3
26015	1322.5	1561.9	10213.4
7928	1370.3	1674.7	10759.1
50	1331.5	1601.2	10366.5
1092	1354.0	1609.2	10443.9
21206	1332.3	1555.0	10285.2
17115	1338.7	1569.3	10262.2
16317	1317.9	1525.8	10192.0
11461	1336.4	1584.6	10495.8
31198	1337.8	1525.3	10400.4
13436	1362.4	1578.6	10623.1
27423	1341.9	1601.2	10465.6
23733	1338.0	1629.8	10358.3
13461	1351.4	1649.6	10716.8
23191	1335.6	1610.4	10383.6
3659	1356.5	1581.8	10554.0
3599	1354.5	1605.4	10480.6
4980	1330.4	1574.6	10315.0
9046	1325.4	1565.4	10268.1
29470	1341.7	1567.7	10622.8
14573	1345.4	1520.7	10367.1
22260	1343.6	1628.0	10685.7
1286	1338.8	1619.0	10430.8
30001	1324.0	1555.3	10273.9
4623	1350.4	1577.9	10628.9
29711	1333.4	1568.7	10380.2
5061	1376.4	1648.0	10763.0
5037	1332.3	1632.9	10366.2
5443	1334.0	1591.5	10406.6
28442	1344.1	1589.7	10474.4
1903	1339.7	1597.6	10388.3
13094	1360.2	1620.8	10665.5
7359	1331.5	1574.7	10271.7
19168	1336.2	1560.3	10389.5
5186	1346.4	1597.8	10507.3
20148	1356.0	1638.0	10571.0
32681	1345.7	1599.6	10413.9
5735	1340.3	1569.7	10553.3
8999	1316.4	1572.8	10192.8
34281	1343.3	1543.9	10583.9
8224	1338.1	1630.7	10583.5
23664	1328.8	1576.5	10314.8
28137	1332.8	1564.4	10347.9
12231	1363.1	1678.5	10648.9
31475	1324.7	1570.5	10233.2
27572	1342.6	1607.9	10546.0
29680	1341.3	1579.8	10507.3
15660	1338.2	1613.2	10345.2
12941	1340.1	1577.8	10437.5
21751	1348.3	1601.0	10509.1
17338	1334.4	1548.2	10248.4
592	1333.1	1551.1	10511.3
13439	1330.0	1596.1	10215.2
2214	1347.9	1573.0	10414.6
14979	1326.4	1559.5	10379.2
26287	1347.4	1557.0	10380.4
8220	1319.8	1547.6	10136.9
9492	1346.6	1567.7	10373.6
12410	1352.8	1564.0	10605.3
30412	1336.7	1556.0	10288.6
30343	1347.8	1598.6	10463.8
5718	1362.0	1664.4	10679.4
2834	1343.9	1586.9	10316.5
34198	1323.3	1553.7	10228.6
6076	1329.7	1569.5	10632.7
8846	1334.1	1564.9	10285.6
23457	1348.1	1646.4	10569.8
2216	1348.9	1654.9	10678.8
22929	1345.0	1585.9	10440.9
28932	1327.6	1556.0	10364.2
33401	1355.8	1626.8	10474.9
12175	1330.0	1558.7	10381.9
29439	1367.6	1640.2	10605.8
33535	1347.6	1576.4	10405.3
4759	1357.3	1600.6	10566.6
27549	1361.3	1551.3	10390.8
34272	1314.4	1555.1	10142.0
11891	1343.4	1567.0	10383.4
7819	1334.9	1568.5	10230.3
16072	1346.3	1587.6	10294.2
13466	1348.0	1569.8	10520.2
8708	1325.8	1578.7	10124.1
1760	1341.5	1566.6	10218.5
25316	1329.3	1571.0	10405.8
29810	1327.8	1558.6	10310.0
10530	1344.9	1569.2	10258.7
28079	1346.2	1571.9	10409.9
31195	1342.5	1584.3	10484.0
26177	1320.7	1598.0	10378.4
26014	1335.0	1583.8	10476.1
8019	1334.0	1643.3	10743.2
23190	1355.2	1626.8	10508.2
30769	1358.7	1569.4	10596.4
19117	1324.0	1560.5	10422.9
6154	1338.7	1544.9	10218.6
29109	1340.3	1545.6	10314.6
23193	1351.1	1615.0	10383.6
13312	1340.4	1595.9	10402.8
24661	1339.7	1615.8	10388.5
29046	1324.0	1612.9	10494.3
2292	1350.9	1584.6	10386.8
28791	1343.6	1560.7	10426.2
31907	1336.1	1594.1	10636.2
13458	1346.6	1604.6	10415.9
34472	1356.7	1612.9	10486.3
5214	1365.3	1619.0	10572.1
14283	1362.0	1588.5	10918.4
4075	1356.0	1589.2	10438.4
19503	1355.7	1585.7	10493.4
31686	1330.7	1573.1	10271.9
1733	1335.7	1598.6	10363.2
9660	1344.2	1611.3	10368.1
31399	1343.0	1569.3	10410.6
4814	1339.4	1585.3	10452.1
15973	1344.8	1563.7	10351.3
20851	1333.1	1606.4	10421.0
29133	1349.2	1606.6	10651.9
32535	1326.6	1543.7	10148.2
21661	1327.2	1538.4	10296.4
19350	1346.6	1639.5	10491.4
24246	1329.8	1510.8	10240.4
6178	1325.4	1545.3	10102.6
7946	1330.9	1562.2	10489.2
11675	1341.8	1579.1	10409.0
31145	1353.2	1610.0	10503.4
28460	1328.1	1624.3	10432.5
18833	1359.7	1607.6	10632.4
17444	1340.8	1611.2	10522.3
10048	1334.0	1591.4	10388.8
23548	1367.9	1642.9	10733.5
24545	1322.8	1527.5	10308.2
15043	1361.3	1651.1	10534.3
10944	1339.8	1608.1	10442.2
10605	1340.5	1594.5	10590.8
20560	1329.1	1558.6	10278.2
12217	1329.9	1548.9	10252.2
31590	1368.0	1600.9	10667.7
33037	1332.6	1544.9	10343.3
16669	1345.7	1572.4	10429.9
17235	1366.6	1566.5	10468.8
4982	1332.0	1521.7	10141.0
26737	1338.6	1599.5	10461.4
24428	1362.9	1612.5	10646.2
29420	1325.5	1607.2	10400.4
1783	1341.7	1628.0	10425.5
15674	1350.9	1675.8	10729.9
14305	1356.1	1642.6	10693.1
7409	1333.3	1582.6	10400.5
6391	1351.2	1623.2	10566.8
4146	1338.0	1593.5	10630.5
23402	1363.3	1616.8	10595.8
13135	1326.1	1604.3	10531.2
22190	1336.8	1540.3	10194.1
16611	1333.7	1562.1	10239.9
21726	1346.2	1551.4	10327.6
14306	1335.6	1528.1	10196.5
27011	1337.0	1522.2	10283.4
24490	1339.4	1589.7	10428.1
31318	1340.1	1600.6	10442.0
34415	1359.0	1620.3	10567.9
26590	1350.0	1611.9	10548.2
25718	1339.1	1648.4	10506.7
18293	1345.7	1543.5	10286.2
17557	1330.9	1536.6	10235.2
560	1340.9	1606.3	10442.3
9685	1344.7	1622.9	10624.5
3708	1355.4	1624.0	10371.6
25623	1343.2	1540.5	10309.3
12314	1327.6	1608.7	10432.8
16898	1360.9	1658.3	10642.9
4774	1353.9	1653.2	10530.6
8158	1340.6	1533.8	10213.7
7805	1350.6	1554.8	10443.4
15681	1316.2	1519.7	10140.1
20144	1325.8	1543.2	10255.4
17277	1361.3	1660.4	10666.5
21831	1328.7	1591.7	10500.9
18769	1349.3	1564.0	10416.1
20805	1331.3	1571.8	10315.2
33896	1354.5	1594.9	10641.1
16551	1340.2	1567.9	10300.2
20923	1345.7	1592.0	10465.5
15068	1345.8	1625.5	10387.4
32634	1352.4	1662.0	10697.5
33315	1325.2	1658.0	10652.8
17009	1347.4	1624.7	10905.0
27857	1340.2	1620.7	10322.2
8751	1328.9	1520.8	10386.6
24479	1341.0	1580.5	10390.6
4966	1350.1	1576.8	10376.9
9937	1318.9	1577.2	10210.5
21620	1366.5	1634.4	10615.6
13965	1324.3	1555.6	10265.1
14808	1334.7	1622.9	10534.2
18734	1356.9	1603.9	10510.6
21985	1336.6	1625.7	10609.3
21890	1351.5	1590.6	10550.8
8558	1345.8	1609.5	10327.9
28106	1331.3	1595.1	10377.7
22009	1318.1	1593.0	10299.6
4428	1326.5	1526.1	10334.3
26064	1329.8	1595.0	10498.9
682	1348.7	1602.0	10442.2
7058	1338.5	1631.3	10414.2
21394	1339.7	1589.3	10437.1
12345	1350.3	1616.4	10524.6
17520	1343.5	1642.1	10418.0
12125	1332.9	1586.4	10524.6
20509	1344.4	1553.0	10326.8
15027	1373.3	1647.8	10558.9
6691	1352.5	1560.5	10519.3
33473	1326.2	1571.2	10346.2
33951	1343.7	1589.9	10360.7
248	1332.2	1588.2	10492.5
15619	1330.9	1529.2	10230.6
34301	1336.4	1520.6	10239.7
16921	1325.7	1560.1	10348.2
31445	1346.3	1611.5	10559.6
23442	1325.1	1561.0	10209.8
11497	1361.4	1645.0	10637.2
14096	1327.9	1583.7	10301.8
34740	1371.7	1716.4	10796.0
9705	1325.4	1548.3	10369.5
30581	1326.2	1576.8	10524.8
3893	1351.1	1635.4	10510.3
18305	1314.4	1572.2	10269.8
28199	1369.3	1610.0	10918.9
1121	1337.7	1571.1	10303.3
32437	1346.2	1613.2	10477.0
24066	1307.8	1536.5	10049.4
10301	1343.3	1587.5	10442.5
17403	1337.7	1601.1	10627.4
17451	1340.3	1593.6	10455.3
1257	1332.5	1555.1	10201.8
9277	1340.6	1658.6	10627.4
20918	1347.9	1574.8	10382.5
11263	1356.3	1636.2	10566.0
11704	1335.5	1596.0	10460.9
14297	1350.7	1582.8	10467.3
8080	1336.6	1615.2	10464.8
11308	1336.7	1565.3	10353.2
9152	1333.9	1545.9	10391.8
29276	1337.3	1614.5	10411.8
12449	1332.5	1591.2	10235.6
2875	1334.9	1571.3	10319.7
22449	1337.2	1603.8	10321.1
26958	1360.6	1588.5	10623.5
5760	1340.7	1552.7	10390.0
18248	1328.0	1587.8	10293.6
25997	1337.3	1590.6	10351.6
18307	1367.9	1689.5	10650.8
29434	1356.9	1623.0	10618.6
25112	1335.9	1556.8	10319.6
3249	1336.5	1556.9	10232.7
31233	1339.5	1590.7	10351.2
33057	1318.8	1518.6	10118.3
20177	1347.1	1593.6	10442.2
17911	1338.0	1550.8	10237.9
14058	1329.0	1565.1	10242.7
19700	1353.1	1617.8	10503.4
32625	1353.4	1635.9	10538.0
465	1330.5	1556.6	10240.5
3716	1334.4	1585.6	10335.2
29514	1344.1	1578.7	10266.8
18591	1344.7	1524.2	10266.1
27351	1340.3	1549.9	10390.3
13264	1326.7	1558.2	10389.1
12123	1328.6	1528.9	10236.3
22051	1342.3	1601.3	10424.0
4108	1335.9	1640.3	10530.0
8902	1341.0	1526.7	10247.6
13142	1344.0	1533.2	10216.8
2398	1346.9	1634.8	10408.3
26251	1343.9	1622.1	10559.4
11671	1358.7	1605.1	10602.7
23154	1326.4	1505.7	10133.0
6565	1349.4	1590.6	10281.0
9638	1351.1	1574.2	10342.3
24213	1344.1	1561.2	10423.3
26820	1337.2	1571.0	10284.4
11447	1328.2	1581.5	10343.5
1400	1333.2	1550.0	10354.4
10889	1331.4	1520.3	10239.5
18246	1358.8	1607.0	10631.0
14240	1336.9	1572.2	10419.5
14731	1334.0	1533.4	10201.9
4902	1345.9	1537.2	10339.8
33265	1352.4	1571.5	10344.8
24026	1349.4	1582.5	10505.6
17605	1329.7	1638.6	10487.2
13822	1365.1	1654.9	10881.7
23416	1340.3	1601.5	10410.7
27711	1332.6	1552.6	10661.1
817	1348.0	1579.0	10460.3
24358	1328.4	1605.6	10456.2
34544	1348.4	1577.8	10391.2
14733	1338.5	1558.4	10522.9
21877	1330.5	1576.2	10265.9
32889	1353.7	1679.4	10728.1
31672	1329.9	1536.4	10285.2
2964	1337.5	1550.1	10300.8
12085	1341.5	1546.5	10308.4
27793	1339.6	1558.0	10400.8
31509	1334.6	1577.7	10360.6
12419	1340.7	1568.4	10378.6
27224	1347.2	1580.2	10363.9
1413	1337.8	1677.4	10623.8
20275	1337.6	1531.4	10180.9
9574	1343.4	1574.4	10413.4
6593	1333.0	1550.2	10373.0
1207	1326.1	1537.5	10155.2
32706	1335.3	1605.1	10308.0
6171	1328.0	1555.1	10219.8
25122	1325.4	1519.8	10103.0
21257	1349.3	1612.8	10614.2
1934	1333.1	1563.8	10128.4
29860	1340.4	1566.8	10227.5
10042	1357.0	1633.1	10531.0
28378	1326.9	1579.3	10454.2
12034	1338.5	1558.8	10330.9
2505	1320.0	1530.5	10150.3
16745	1354.1	1621.1	10559.7
7099	1351.8	1582.4	10461.4
16954	1354.8	1581.8	10494.5
30379	1358.6	1633.1	10490.5
25760	1331.9	1554.4	10316.7
1399	1346.8	1585.7	10389.7
21888	1344.2	1572.8	10204.7
32993	1346.7	1595.6	10510.9
22886	1350.2	1566.2	10500.4
29591	1354.5	1591.5	10711.9
25508	1341.9	1560.2	10364.4
31629	1335.5	1558.0	10562.3
29214	1351.3	1563.1	10357.8
13820	1339.0	1484.8	10251.5
20607	1351.0	1581.5	10553.4
12677	1333.2	1571.7	10254.1
1019	1347.6	1517.6	10283.0
21632	1355.9	1621.1	10654.1
1865	1337.2	1563.5	10461.1
5384	1339.4	1525.8	10263.9
26419	1338.2	1549.2	10341.5
31158	1355.0	1610.7	10561.1
6333	1338.6	1533.0	10246.6
29324	1329.0	1585.2	10460.5
31156	1334.8	1545.0	10471.6
7120	1331.7	1531.7	10099.8
17592	1345.2	1605.7	10745.8
27215	1322.6	1566.5	10272.6
6513	1346.7	1607.0	10345.3
9747	1349.2	1652.9	10671.6
24484	1318.0	1512.7	10243.9
7923	1326.6	1565.2	10546.7
26265	1342.4	1558.7	10317.7
11615	1335.5	1604.7	10393.5
21429	1343.8	1656.8	10696.2
15189	1338.8	1582.5	10343.9
14413	1334.2	1604.8	10485.6
14922	1341.9	1595.1	10529.8
13215	1337.3	1564.3	10318.7
3302	1351.1	1618.6	10482.1
30747	1341.9	1593.5	10623.1
16268	1336.3	1571.0	10324.4
14960	1340.4	1591.1	10414.2
9256	1359.7	1584.5	10468.9
9737	1336.5	1549.4	10467.7
19876	1356.6	1586.5	10579.4
4699	1347.6	1612.8	10470.2
25470	1326.8	1523.5	10226.4
9145	1353.8	1615.2	10559.0
11510	1350.4	1597.8	10523.4
28532	1346.2	1637.2	10491.0
1176	1324.0	1576.6	10324.7
11754	1340.4	1552.9	10307.1
11742	1338.4	1563.8	10365.5
9529	1327.0	1566.3	10458.7
25711	1341.3	1620.1	10543.3
18446	1341.8	1592.6	10350.4
33155	1358.1	1645.1	10456.6
32825	1362.6	1578.3	10504.1
26263	1335.6	1542.6	10314.9
2224	1341.2	1587.8	10465.8
950	1330.6	1584.2	10402.5
25204	1345.1	1602.2	10334.7
18127	1326.8	1566.5	10123.2
30710	1349.8	1563.1	10313.2
9626	1353.7	1641.4	10584.7
17930	1332.6	1582.1	10356.0
12460	1352.0	1631.8	10572.7
6881	1320.8	1523.8	10070.7
16461	1341.7	1610.1	10377.6
7533	1351.2	1555.4	10417.3
32981	1354.1	1579.0	10497.7
21630	1361.2	1660.0	10874.8
9090	1338.1	1528.9	10393.5
2495	1345.1	1623.3	10561.0
18736	1338.4	1622.0	10713.5
16790	1345.9	1564.2	10664.5
9672	1342.3	1590.3	10356.4
10058	1360.2	1657.8	10584.8
20823	1320.5	1536.7	10069.7
25889	1318.3	1542.9	10334.7
30686	1339.4	1578.6	10459.6
22161	1347.6	1590.4	10473.6
23317	1332.3	1654.5	10673.1
28710	1345.6	1548.1	10501.8
18459	1334.8	1602.7	10342.6
11326	1354.1	1577.2	10437.0
27786	1346.3	1638.6	10507.4
27582	1341.3	1571.3	10380.9
16489	1344.3	1559.4	10217.5
30630	1347.2	1609.7	10734.3
7691	1321.0	1576.7	10309.7
268	1340.8	1591.2	10331.4
19472	1335.3	1595.8	10409.4
17671	1341.2	1631.5	10752.7
31385	1341.8	1583.3	10468.3
18318	1338.8	1552.7	10301.7
29558	1321.8	1478.3	10174.5
32666	1332.8	1535.1	10331.3
20841	1346.6	1617.2	10565.0
25059	1340.8	1558.7	10372.0
9296	1328.3	1551.8	10368.7
2847	1343.6	1595.0	10395.2
33386	1353.4	1615.3	10507.6
24844	1342.0	1590.8	10452.8
27241	1345.2	1642.1	10639.1
15125	1339.3	1527.7	10431.9
51	1340.2	1607.5	10582.9
17701	1352.9	1618.9	10569.5
24564	1334.7	1588.2	10357.8
15121	1321.8	1550.1	10306.2
4747	1348.1	1566.4	10416.7
624	1338.2	1608.4	10456.2
28064	1341.1	1575.1	10201.3
7283	1334.4	1602.0	10290.9
30193	1344.3	1548.4	10365.0
21534	1326.4	1591.4	10310.8
26454	1319.9	1509.9	10140.5
14468	1344.7	1621.5	10371.5
11908	1339.2	1554.1	10405.4
2027	1338.4	1525.0	10406.8
14368	1355.4	1599.4	10510.5
29212	1354.5	1666.5	10625.1
25803	1348.4	1608.7	10524.1
8152	1330.0	1605.3	10347.4
61	1343.2	1600.7	10516.7
21415	1351.2	1673.0	10790.7
5642	1345.3	1605.9	10922.9
34305	1326.4	1524.7	10272.4
30650	1348.5	1554.6	10387.4
2218	1333.4	1594.7	10368.3
1228	1345.2	1675.0	10674.4
12573	1337.4	1544.7	10282.6
33358	1329.5	1582.5	10326.4
28446	1353.2	1632.6	10600.1
17382	1356.5	1613.2	10719.8
17314	1336.6	1620.7	10617.8
27670	1344.8	1581.3	10385.3
34139	1343.6	1597.8	10367.6
11362	1340.9	1590.5	10474.5
26228	1332.2	1639.3	10714.8
12541	1323.8	1549.9	10169.1
21449	1348.8	1573.9	10325.2
19134	1332.5	1598.0	10352.7
20890	1340.1	1571.3	10247.3
12749	1342.4	1645.0	10632.5
14051	1344.5	1560.5	10538.4
28088	1341.6	1556.8	10326.4
21185	1336.0	1591.6	10292.6
24496	1326.0	1591.9	10308.9
25884	1328.6	1568.2	10547.1
29138	1323.7	1572.2	10362.9
31669	1337.6	1582.0	10321.0
21936	1331.5	1576.8	10443.4
8033	1337.6	1597.9	10403.2
13785	1335.2	1599.6	10434.5
26337	1347.2	1575.0	10372.7
13188	1332.7	1561.4	10320.7
15090	1338.3	1550.9	10266.1
19102	1343.0	1580.1	10442.8
15980	1335.3	1659.5	10498.8
2185	1357.1	1605.9	10642.2
7584	1336.8	1555.5	10148.3
19231	1340.3	1637.0	10527.9
4072	1331.5	1560.1	10262.6
206	1336.0	1580.0	10286.6
12993	1338.2	1551.7	10374.9
32173	1326.2	1548.4	10246.7
11366	1362.0	1636.8	10964.8
9377	1339.3	1641.1	10554.3
32124	1358.7	1610.4	10704.9
33272	1337.4	1592.6	10297.8
11620	1330.6	1556.2	10311.1
18066	1354.4	1628.5	10623.5
12199	1337.8	1642.0	10667.0
