3745	1349.7	1646.8	10388.0
794	1348.5	1647.9	10567.8
13356	1352.0	1619.0	10624.9
21272	1340.4	1577.0	10360.1
16494	1332.8	1577.3	10560.8
24888	1350.2	1566.9	10413.6
8809	1338.0	1535.6	10318.7
22315	1335.6	1631.0	10360.0
19570	1337.2	1564.8	10339.7
25196	1324.4	1560.7	10260.0
15508	1338.9	1586.5	10381.0
32646	1337.4	1543.0	10365.0
29426	1350.6	1635.9	10648.5
7749	1335.4	1534.9	10270.0
5732	1355.6	1610.6	10511.4
31615	1353.5	1570.4	10361.6
12282	1349.3	1598.6	10455.6
10440	1336.0	1572.9	10336.4
8079	1339.0	1521.1	10181.0
25429	1337.8	1578.8	10345.0
19978	1337.8	1549.6	10288.0
7587	1360.2	1639.8	10695.1
23426	1350.3	1608.3	10419.5
30321	1355.3	1554.2	10384.9
15008	1352.6	1577.5	10390.8
3618	1350.9	1592.8	10404.7
17474	1336.5	1621.1	10461.0
26105	1347.9	1596.1	10406.3
7435	1342.0	1570.4	10397.6
16702	1349.7	1594.8	10479.7
15329	1347.5	1600.5	10369.1
6357	1348.9	1637.3	10594.5
22920	1350.8	1603.4	10185.3
15299	1339.9	1596.2	10343.5
30932	1349.4	1567.2	10468.7
6647	1348.9	1624.6	10516.7
9552	1327.9	1540.9	10283.8
19989	1353.9	1589.2	11033.8
15210	1341.4	1596.4	10476.4
10182	1341.6	1554.9	10291.7
5519	1324.8	1587.3	10353.1
33984	1346.0	1582.2	10452.9
15353	1348.1	1583.3	10361.2
26863	1325.5	1521.0	10123.1
31272	1346.4	1534.6	10289.4
23463	1367.8	1682.1	10677.0
1306	1347.6	1584.8	10533.9
19544	1333.0	1585.6	10254.0
1246	1327.2	1548.9	10287.2
30131	1344.2	1612.3	10448.4
6119	1359.2	1647.6	10535.8
17442	1327.8	1558.4	10262.0
27483	1340.2	1597.6	10300.4
28105	1315.5	1583.5	10537.5
23114	1343.1	1628.7	10523.2
21943	1320.6	1558.2	10218.6
2690	1335.7	1562.4	10336.5
34782	1345.4	1567.4	10310.5
34195	1336.5	1563.5	10264.7
12448	1345.8	1567.4	10258.1
24905	1350.1	1554.9	10163.0
8433	1335.6	1571.9	10462.2
14345	1329.3	1532.2	10145.4
22353	1321.5	1524.3	10204.6
8540	1348.4	1630.5	10437.1
14083	1326.3	1547.1	10287.9
17655	1335.1	1565.4	10482.1
24999	1357.6	1643.8	10579.0
9501	1338.5	1558.9	10304.0
15492	1350.4	1597.3	10572.6
20622	1328.8	1553.3	10344.7
18453	1355.2	1640.9	10476.4
5052	1350.9	1620.4	10474.2
25769	1341.1	1629.3	10565.8
8119	1329.8	1615.9	10481.9
25888	1326.4	1555.0	10430.7
27358	1373.4	1585.9	10490.1
27571	1339.8	1593.8	10599.2
32599	1338.7	1557.5	10360.5
8970	1321.4	1577.4	10036.9
32427	1351.4	1607.6	10438.9
15856	1342.4	1601.7	10597.6
3897	1339.5	1560.7	10267.3
3814	1337.0	1546.3	10067.8
24002	1348.8	1580.7	10487.2
18682	1357.9	1612.9	10587.3
20151	1327.1	1542.9	10414.8
28800	1348.5	1590.0	10460.2
28146	1340.5	1619.6	10493.1
3048	1357.7	1595.2	10458.4
33854	1348.8	1653.6	10474.6
18122	1344.3	1609.9	10464.1
15847	1333.4	1568.4	10338.3
27436	1326.4	1529.3	10200.3
2446	1331.7	1580.6	10366.1
19000	1335.0	1576.3	10303.1
14392	1336.4	1572.2	10277.6
789	1327.5	1601.9	10378.5
30454	1346.6	1594.7	10506.2
9689	1326.0	1497.2	10186.3
34591	1347.3	1611.0	10401.8
10431	1341.6	1575.6	10336.2
7833	1348.3	1599.1	10334.1
28379	1338.4	1567.0	10259.9
31442	1332.8	1569.5	10354.1
4374	1336.1	1562.7	10320.7
34932	1321.6	1565.0	10370.0
1765	1353.3	1595.1	10433.2
28318	1355.1	1581.0	10470.1
17599	1336.3	1577.6	10389.7
14794	1348.9	1544.0	10340.0
12529	1352.9	1589.4	10476.1
2534	1353.9	1623.2	10350.0
13868	1367.0	1640.8	10817.8
24828	1312.3	1558.5	10235.3
6811	1355.1	1598.9	10612.7
23241	1338.0	1582.7	10361.9
7913	1341.8	1559.2	10354.7
7938	1331.1	1538.5	10268.7
22052	1330.8	1579.3	10283.3
15778	1353.0	1586.4	10509.2
2345	1328.6	1610.6	10284.4
18118	1340.8	1587.9	10339.6
3096	1321.0	1535.7	10275.6
28234	1339.2	1536.2	10431.1
31962	1342.7	1611.8	10622.2
8923	1350.7	1563.9	10401.1
6393	1331.1	1573.6	10341.8
18829	1344.1	1594.6	10495.0
7213	1350.7	1561.5	10259.1
26950	1344.6	1573.4	10331.9
23957	1359.0	1593.2	10448.6
27346	1347.7	1599.9	10523.9
19018	1326.6	1605.2	10271.8
33232	1338.3	1543.9	10341.7
11357	1339.1	1615.0	10490.1
7259	1371.6	1682.1	10831.1
17801	1355.4	1544.0	10306.0
12023	1341.8	1601.3	10769.1
25107	1342.6	1606.4	10310.4
19719	1324.4	1536.2	10217.7
17759	1321.8	1529.6	10190.9
6427	1339.9	1576.2	10526.1
15733	1346.3	1641.5	10793.1
5138	1338.4	1607.7	10442.6
15505	1336.6	1583.3	10356.1
3264	1331.1	1553.3	10233.4
33687	1341.4	1568.0	10508.9
4019	1337.7	1576.1	10461.4
5717	1337.1	1588.8	10262.0
6148	1339.4	1546.9	10202.3
23565	1333.8	1572.0	10404.0
7778	1341.5	1628.3	10536.7
14875	1356.1	1584.4	10529.2
9939	1349.9	1656.8	10674.0
11939	1344.8	1662.0	10528.8
8042	1336.3	1631.6	10451.2
425	1380.0	1641.6	10683.1
11276	1349.4	1612.5	10599.8
8808	1349.4	1634.5	10426.1
29281	1358.6	1536.4	10407.2
13040	1317.7	1583.4	10256.6
31256	1324.6	1605.9	10433.7
8178	1330.2	1588.3	10274.5
13398	1340.2	1547.9	10082.6
14542	1342.7	1550.6	10378.2
7119	1338.9	1614.5	10359.6
2014	1339.3	1572.7	10368.2
18532	1335.9	1557.4	10247.2
6560	1353.8	1575.1	10559.3
26653	1358.2	1587.3	10407.5
32727	1352.6	1571.5	10407.5
31860	1327.9	1560.7	10246.2
20647	1341.7	1586.0	10457.0
6982	1367.3	1617.0	10527.1
15952	1330.7	1583.4	10325.0
30950	1353.2	1618.1	10561.6
3545	1334.2	1549.8	10396.6
26609	1337.8	1581.2	10302.1
3737	1327.7	1593.0	10231.5
10940	1360.8	1641.5	10665.1
24257	1343.1	1543.3	10354.8
26805	1365.4	1656.5	10646.4
11751	1340.6	1525.5	10208.6
33719	1309.4	1518.6	10216.9
1531	1323.8	1564.9	10502.4
17328	1315.5	1511.8	10410.8
23851	1348.0	1609.1	10545.5
34149	1341.3	1546.6	10365.1
12098	1329.2	1585.5	10266.4
32477	1331.8	1573.2	10285.1
5566	1328.5	1542.9	10219.6
14695	1326.3	1605.7	10209.9
31645	1341.7	1564.9	10457.1
8578	1330.2	1537.2	10398.9
17707	1317.1	1571.6	10296.7
26266	1332.2	1596.0	10348.6
2865	1343.6	1670.7	10641.2
14994	1351.6	1634.5	10835.3
2463	1333.0	1610.5	10282.6
4860	1329.5	1569.2	10202.8
11073	1358.7	1660.8	10521.2
27922	1325.6	1536.2	10246.1
32632	1323.4	1554.9	10188.6
11270	1335.5	1535.3	10211.4
12082	1341.7	1544.0	10229.8
17110	1341.6	1603.0	10416.3
15494	1344.3	1597.6	10415.8
7233	1366.9	1671.7	10522.0
9618	1341.3	1579.0	10279.1
30326	1340.4	1612.1	10613.9
19390	1346.0	1534.0	10256.9
4086	1327.9	1551.1	10291.1
832	1337.6	1661.5	10595.4
6735	1348.6	1619.1	10461.9
20405	1340.0	1519.5	10251.4
18325	1325.6	1600.8	10321.4
21006	1345.4	1581.1	10518.7
23031	1368.9	1609.3	10753.0
19571	1321.4	1555.4	10191.3
947	1337.8	1596.8	10433.0
16054	1360.5	1620.8	10658.0
4469	1360.0	1618.7	10443.5
1703	1360.8	1607.5	10470.7
31873	1344.3	1592.9	10408.4
21962	1344.0	1587.1	10364.7
18882	1351.6	1624.1	10580.6
2759	1367.8	1613.3	10567.6
20354	1349.8	1586.8	10361.0
15631	1350.7	1654.4	10369.9
19076	1341.2	1576.0	10572.1
27867	1345.7	1591.4	10445.5
11953	1322.4	1559.3	10150.6
18904	1329.7	1519.1	10172.1
2918	1338.1	1565.3	10369.4
5681	1334.4	1655.0	10356.9
28571	1337.6	1548.7	10268.7
25629	1346.3	1587.7	10531.6
20867	1329.9	1585.0	10472.3
32772	1354.6	1641.7	10561.9
30862	1351.2	1592.3	10738.2
15282	1333.5	1537.8	10205.0
27170	1355.2	1667.1	10695.3
4343	1330.5	1553.3	10261.5
4953	1334.4	1635.6	10484.3
28275	1323.6	1559.2	10129.0
519	1350.0	1616.5	10348.3
2358	1305.3	1544.5	10030.2
31320	1333.2	1580.0	10363.4
25749	1337.7	1584.3	10499.7
7434	1357.1	1632.5	10534.8
29465	1349.9	1610.8	10694.5
2752	1337.6	1599.4	10281.8
20580	1331.5	1586.9	10452.5
17387	1349.2	1577.4	10301.6
22408	1348.8	1628.0	10452.5
18316	1332.1	1542.5	10369.9
24957	1333.9	1541.7	10215.9
17746	1332.5	1563.3	10290.7
12096	1332.3	1590.1	10372.8
34441	1341.5	1652.2	10616.4
31475	1348.9	1578.2	10500.5
12863	1343.5	1622.0	10479.8
29173	1335.1	1609.0	10365.4
27843	1340.0	1557.3	10341.2
1038	1355.6	1658.0	10614.0
24416	1335.1	1597.2	10355.4
32360	1332.6	1570.9	10319.4
19552	1335.9	1560.4	10451.2
21990	1351.7	1571.4	10493.2
27471	1336.4	1568.5	10334.7
21217	1332.5	1603.2	10416.0
24994	1349.9	1649.8	10490.1
16738	1339.9	1578.1	10219.9
14679	1333.7	1571.2	10331.0
17564	1351.3	1609.3	10411.8
32958	1338.1	1597.1	10182.7
25227	1340.2	1577.6	10273.9
10950	1342.8	1627.6	10515.8
7219	1322.2	1597.8	10385.3
17979	1341.7	1534.8	10286.6
22619	1340.7	1536.1	10395.0
29588	1357.8	1643.9	10711.0
26428	1343.7	1561.7	10302.7
31	1351.9	1615.1	10429.9
29446	1333.9	1549.5	10217.3
30014	1345.8	1602.6	10486.9
662	1337.6	1560.3	10347.5
24784	1344.9	1575.8	10461.2
1277	1344.8	1582.6	10383.8
31811	1328.4	1567.1	10456.5
33368	1361.4	1632.5	10691.3
27485	1328.4	1596.4	10258.9
14416	1327.6	1608.1	10566.8
26487	1346.0	1576.8	10365.8
17664	1346.0	1607.5	10661.3
31900	1324.6	1563.9	10361.1
19437	1342.1	1574.4	10343.6
19327	1341.8	1579.7	10590.9
1440	1343.0	1559.1	10402.1
26568	1346.7	1618.3	10573.5
8604	1328.4	1574.2	10163.7
2653	1344.1	1619.8	10485.1
2415	1343.6	1617.7	10471.3
1175	1336.6	1558.1	10266.7
1330	1323.5	1543.2	10257.6
12741	1324.0	1489.6	10103.0
28061	1350.4	1578.6	10390.2
28332	1337.7	1621.0	10353.3
6867	1350.5	1545.9	10406.5
10083	1340.8	1568.2	10278.0
13325	1343.7	1621.5	10493.5
26320	1328.6	1518.1	10179.5
16038	1342.7	1575.4	10310.5
34760	1341.1	1629.6	10290.7
32031	1315.7	1596.0	10390.5
5678	1347.2	1609.3	10483.4
34697	1351.5	1567.4	10266.3
10549	1337.3	1565.2	10181.1
26252	1356.3	1610.9	10458.0
26095	1344.8	1629.2	10479.9
23021	1341.3	1554.9	10313.7
5565	1344.9	1560.6	10482.5
31948	1335.5	1619.7	10515.4
31159	1356.6	1620.6	10617.2
976	1354.0	1585.1	10377.2
26341	1347.8	1573.4	10305.9
24323	1349.1	1586.2	10507.6
18029	1349.1	1627.8	10578.7
13239	1360.6	1587.4	10537.2
18774	1336.0	1607.7	10384.5
217	1340.7	1570.6	10402.3
70	1336.6	1570.6	10316.4
28848	1332.6	1513.0	10196.6
13841	1342.3	1618.0	10381.6
11444	1354.0	1597.9	10378.7
6871	1337.1	1571.8	10407.8
22341	1334.0	1576.2	10414.6
30616	1343.1	1563.0	10343.9
27179	1351.3	1617.3	10582.5
3282	1337.8	1558.5	10188.5
7703	1351.5	1630.5	10491.7
30449	1367.2	1677.6	10942.7
26975	1336.3	1570.9	10393.9
4516	1346.4	1579.3	10474.5
22991	1316.5	1505.5	10115.0
25967	1349.9	1601.9	10559.2
14102	1351.8	1597.5	10512.5
9535	1347.9	1566.0	10303.1
21834	1362.0	1623.3	10634.8
19160	1338.1	1566.3	10476.0
9532	1342.4	1568.7	10346.4
5151	1341.7	1547.6	10414.7
6952	1336.3	1587.2	10262.6
7839	1332.0	1578.3	10292.1
18607	1328.3	1554.3	10358.7
21358	1327.6	1537.4	10246.8
23694	1342.3	1568.7	10336.3
17668	1346.5	1648.6	10710.9
23033	1330.2	1531.1	10335.4
32929	1339.1	1589.5	10511.8
11408	1338.9	1575.0	10366.9
3124	1349.8	1630.4	10506.4
30150	1368.7	1617.6	10698.1
597	1349.9	1685.1	10891.0
2927	1342.0	1579.9	10383.1
18685	1309.3	1543.2	10201.6
1336	1354.8	1601.3	10529.9
11900	1330.8	1592.2	10336.3
13953	1336.1	1491.6	10273.1
5466	1362.4	1587.8	10436.3
23422	1337.4	1574.3	10458.5
2924	1325.9	1543.5	10382.7
5542	1341.6	1596.2	10405.1
9467	1338.1	1605.6	10369.0
4053	1349.6	1640.2	10406.9
34257	1340.7	1587.8	10278.0
670	1344.4	1591.2	10490.2
4422	1343.8	1572.0	10308.3
826	1341.6	1612.2	10371.7
25960	1344.1	1604.3	10396.2
31433	1349.7	1615.1	10643.5
14455	1351.5	1652.7	10600.4
20283	1360.0	1706.7	10631.8
19243	1337.4	1538.7	10307.9
8884	1340.1	1627.3	11031.2
26472	1346.7	1611.7	10636.9
32388	1318.8	1567.1	10276.1
18618	1336.5	1589.6	10236.3
11782	1329.7	1604.8	10401.5
9264	1328.2	1622.1	10345.6
4514	1348.0	1601.8	10495.3
3679	1347.2	1655.6	10544.0
24113	1332.2	1568.1	10208.5
13812	1345.4	1579.6	10476.0
16152	1329.2	1528.0	10192.7
17779	1337.3	1548.4	10204.3
34245	1342.4	1541.5	10305.7
31566	1329.5	1575.2	10416.3
13004	1355.5	1608.5	10495.5
9499	1353.8	1569.1	10357.7
9622	1337.6	1587.7	10274.1
26173	1339.3	1588.2	10504.9
22630	1337.9	1533.2	10271.3
1458	1365.1	1641.7	10823.8
7440	1348.4	1616.6	10523.8
16241	1357.9	1619.6	10578.0
3596	1347.5	1632.5	10477.2
11303	1359.6	1622.1	10598.8
12285	1319.0	1514.3	10089.1
2418	1336.3	1613.2	10438.3
24093	1350.9	1565.2	10317.7
10994	1327.0	1574.2	10273.2
27005	1340.3	1593.1	10364.0
22972	1357.9	1599.6	10674.3
5298	1348.7	1570.7	10480.3
30094	1341.7	1587.6	10449.1
7430	1338.6	1536.1	10186.7
15601	1362.3	1586.5	10451.7
24121	1344.6	1544.9	10407.2
30196	1334.4	1585.3	10449.7
19974	1337.2	1622.3	10326.9
33137	1327.5	1555.8	10331.5
28613	1353.2	1578.2	10291.8
13849	1330.7	1613.0	10308.5
26396	1353.3	1632.3	10670.7
27267	1330.2	1541.1	10183.3
19485	1332.8	1592.5	10618.8
1025	1340.4	1612.3	10514.0
23099	1358.0	1606.0	10694.4
29259	1348.2	1613.4	10433.9
2297	1334.9	1582.8	10452.8
5403	1350.3	1650.4	10374.4
24912	1337.4	1604.0	10458.9
1092	1351.9	1620.5	10508.4
24144	1325.3	1550.5	10419.3
2982	1345.5	1594.0	10322.9
34925	1357.5	1560.5	10494.4
28817	1350.4	1557.5	10421.3
21097	1336.6	1632.5	10471.1
10936	1350.4	1580.1	10426.7
19175	1339.2	1623.7	10530.6
24794	1326.8	1548.4	10209.9
31098	1370.9	1599.2	10606.2
28824	1325.3	1544.2	10109.5
7482	1346.2	1561.3	10362.4
28741	1355.5	1637.3	10547.2
730	1355.1	1598.5	10439.9
26739	1331.3	1559.8	10299.2
27889	1337.5	1559.9	10243.7
3204	1353.6	1603.2	10473.1
18924	1335.2	1574.5	10476.1
29945	1350.7	1566.6	10456.8
1834	1337.1	1541.1	10283.3
16920	1320.0	1617.4	10276.1
17871	1338.9	1577.7	10358.5
20115	1345.5	1594.3	10351.5
30373	1330.3	1547.1	10260.0
8135	1346.1	1547.0	10287.8
3863	1349.0	1605.3	10448.5
28451	1344.7	1615.2	10533.0
18601	1327.5	1619.8	10255.0
5309	1322.5	1609.0	10291.4
9414	1344.1	1563.4	10195.0
12055	1364.0	1653.3	10796.3
31791	1341.1	1589.9	10383.0
25381	1340.0	1613.0	10556.2
27607	1341.9	1561.3	10390.7
21502	1358.2	1605.4	10514.0
9544	1332.5	1539.8	10198.1
34330	1349.5	1600.7	10714.4
34931	1348.9	1606.9	10485.4
22396	1359.4	1619.7	10711.1
14511	1353.0	1615.2	10534.4
28	1351.1	1577.3	10409.8
9565	1337.5	1596.5	10352.6
14075	1351.1	1607.7	10645.1
20624	1329.6	1611.8	10390.3
24653	1339.4	1571.6	10391.3
19480	1337.2	1588.9	10244.7
6013	1343.7	1609.3	10469.7
31979	1330.3	1561.1	10120.0
24683	1347.4	1560.6	10461.5
6548	1349.3	1657.6	10824.8
15955	1334.2	1594.8	10451.1
16961	1341.3	1554.1	10492.3
1088	1360.1	1597.4	10596.3
8527	1365.8	1604.9	10557.0
12097	1361.7	1682.1	10828.8
10879	1328.9	1564.4	10341.2
16035	1329.9	1594.1	10350.5
5790	1347.1	1565.3	10357.1
5683	1357.0	1639.4	10606.9
1651	1358.7	1628.9	10599.2
12146	1345.9	1598.3	10466.3
210	1318.4	1593.6	10329.5
15985	1326.7	1523.8	10189.1
33442	1326.3	1494.9	10128.0
896	1342.3	1592.9	10302.5
9915	1340.1	1578.2	10343.2
32309	1339.6	1544.4	10335.9
28856	1349.4	1642.0	10491.4
19990	1344.8	1585.2	10381.5
26535	1337.1	1615.1	10556.2
9130	1327.9	1494.7	10105.0
31681	1316.7	1587.1	10354.2
8118	1337.7	1589.4	10313.2
24847	1328.2	1564.7	10133.5
17538	1341.4	1642.3	10446.1
20341	1329.4	1588.6	10297.1
17251	1331.0	1500.2	10231.4
3808	1345.7	1594.6	10303.5
17939	1341.2	1565.8	10298.9
32725	1324.4	1557.2	10229.6
16217	1350.3	1611.1	10520.7
182	1347.2	1614.2	10404.1
28294	1367.5	1632.5	10685.2
14659	1338.8	1594.4	10451.5
6075	1333.0	1539.9	10126.4
18207	1335.8	1577.6	10354.0
19212	1342.2	1635.9	10565.0
19771	1335.9	1560.0	10408.8
533	1363.6	1641.2	10843.0
22632	1333.7	1581.4	10386.0
17319	1351.9	1636.2	10966.9
21945	1341.1	1606.5	10476.4
9113	1347.9	1585.9	10348.9
18675	1346.2	1611.3	10572.2
15016	1351.9	1634.7	10560.1
4367	1329.1	1600.4	10332.6
713	1330.3	1539.7	10305.7
8692	1346.0	1573.4	10281.2
32177	1324.5	1580.5	10236.2
34735	1323.3	1528.4	10331.7
8146	1349.9	1550.0	10259.4
1686	1338.2	1568.4	10453.4
928	1333.4	1561.0	10309.8
30432	1335.6	1609.1	10394.2
27545	1344.6	1619.5	10626.0
28619	1339.4	1582.1	10330.9
19940	1344.9	1633.6	10520.0
30372	1344.7	1605.8	10482.6
17727	1354.9	1602.6	10470.4
23218	1340.7	1593.5	10270.2
7135	1365.8	1617.0	10734.8
19346	1354.2	1622.8	10501.3
22450	1354.9	1606.2	10399.4
2639	1322.4	1541.3	10211.1
30795	1335.0	1553.0	10330.7
20646	1362.7	1573.7	10590.3
5294	1332.6	1595.5	10371.7
32519	1350.0	1596.5	10501.5
529	1346.3	1599.6	10497.9
12957	1335.0	1604.6	10415.4
22345	1334.3	1565.6	10405.9
10252	1349.3	1571.2	10446.3
28308	1345.9	1601.8	10521.8
21873	1344.4	1588.6	10375.8
24303	1337.4	1574.0	10359.1
15414	1347.6	1667.9	10502.4
29272	1327.8	1514.8	10208.7
20935	1351.3	1600.3	10612.7
27275	1327.0	1569.2	10308.0
13775	1345.0	1609.5	10524.1
6425	1337.0	1560.6	10380.8
7489	1340.2	1598.1	10417.2
33324	1364.0	1642.3	10895.1
1295	1334.9	1620.3	10487.2
28029	1351.1	1596.1	10561.1
26871	1345.8	1565.2	10335.8
22875	1338.0	1606.3	10364.5
955	1335.7	1585.1	10546.3
3229	1353.6	1574.9	10333.3
34610	1337.4	1557.6	10280.1
5327	1331.2	1552.0	10348.0
2135	1336.2	1535.4	10349.8
32890	1352.9	1642.5	10414.3
9053	1331.5	1614.5	10298.9
8963	1348.2	1581.5	10606.0
6468	1336.7	1553.1	10380.3
1967	1334.6	1542.6	10275.9
15798	1333.9	1587.0	10358.7
6108	1330.0	1545.2	10340.7
31868	1361.8	1610.9	10658.5
23714	1335.5	1559.4	10307.2
929	1337.1	1597.7	10598.8
18844	1345.4	1583.6	10494.2
33083	1336.6	1547.7	10441.7
5832	1348.4	1578.9	10437.5
32791	1332.4	1576.3	10366.4
4224	1354.8	1592.9	10403.3
12374	1332.8	1570.9	10262.7
32004	1330.9	1579.2	10299.4
34774	1330.8	1556.5	10292.9
33285	1341.7	1614.8	10410.2
31939	1348.2	1613.3	10425.4
12179	1327.4	1577.4	10446.6
3115	1337.6	1544.7	10277.2
9866	1347.7	1584.3	10445.1
32216	1333.7	1551.3	10418.5
17285	1332.0	1591.8	10375.7
14	1340.3	1595.6	10363.5
14064	1345.2	1603.2	10577.4
15624	1342.7	1563.5	10512.1
8217	1338.9	1563.0	10328.7
5912	1329.2	1586.9	10431.4
6128	1322.4	1543.5	10288.6
29045	1337.5	1527.4	10156.0
5333	1374.1	1673.6	10756.6
24194	1368.6	1614.9	10634.1
12589	1336.8	1588.2	10325.6
32224	1324.8	1555.2	10241.3
16330	1343.0	1593.6	10332.2
11082	1326.5	1574.3	10302.2
14965	1341.0	1596.4	10469.8
30631	1342.1	1581.6	10233.5
11319	1346.8	1556.3	10305.7
20043	1339.1	1583.0	10269.7
19512	1330.8	1537.8	10262.0
9523	1350.2	1635.8	10496.1
17484	1337.3	1538.4	10359.4
5226	1360.9	1613.6	10699.5
9861	1333.0	1599.2	10343.2
444	1337.4	1595.4	10260.9
20360	1337.7	1587.2	10578.2
24846	1360.0	1632.9	10624.9
5272	1362.7	1579.7	10446.6
29181	1322.2	1551.1	10169.2
7644	1354.9	1563.0	10346.7
21676	1345.1	1591.1	10461.9
12508	1321.6	1535.9	10161.8
7889	1361.0	1633.5	10437.5
32307	1335.2	1596.2	10368.8
27278	1341.6	1630.0	10567.7
13955	1361.6	1593.2	10279.7
17500	1332.7	1571.8	10454.4
15472	1332.1	1609.3	10355.1
24338	1357.2	1597.6	10423.9
18429	1343.4	1635.0	10521.7
163	1332.5	1524.7	10078.7
26062	1340.9	1521.8	10365.0
17451	1362.7	1572.5	10479.9
24859	1336.1	1554.4	10325.4
28271	1340.2	1605.1	10580.8
4006	1341.0	1639.4	10410.7
28586	1321.7	1543.3	10114.9
8877	1344.2	1623.7	10471.3
11874	1346.1	1626.0	10586.7
20084	1344.9	1575.6	10465.7
16356	1338.2	1591.2	10416.8
23283	1327.4	1561.1	10292.1
6345	1354.7	1618.3	10564.8
27810	1334.1	1511.6	10210.1
2247	1345.2	1592.3	10630.8
16770	1333.0	1567.0	10311.9
30880	1355.0	1608.9	10542.1
25003	1321.7	1568.3	10201.8
25359	1328.3	1526.3	10219.3
5918	1353.4	1620.6	10525.5
10632	1348.2	1603.7	10557.8
31298	1350.7	1583.9	10434.8
31050	1345.5	1633.8	10425.1
5059	1337.3	1610.3	10395.8
14129	1335.2	1631.6	10312.1
2800	1356.0	1584.0	10332.8
23835	1315.1	1503.4	10181.5
415	1333.5	1612.5	10501.2
13643	1355.2	1595.7	10470.5
8126	1356.8	1587.5	10627.3
9405	1353.6	1602.6	10549.4
10569	1349.5	1559.1	10350.5
4644	1337.9	1599.6	10370.0
20355	1346.7	1571.6	10430.3
27614	1350.6	1590.7	10312.0
15686	1356.6	1585.9	10460.8
5936	1323.1	1580.0	10301.1
11910	1340.2	1568.1	10406.7
33701	1321.5	1508.4	10178.5
6	1346.4	1587.5	10560.5
13430	1342.8	1609.5	10306.3
34488	1353.3	1596.8	10656.9
31039	1334.6	1571.8	10344.5
9057	1344.3	1580.5	10373.2
10685	1332.0	1531.9	10266.2
31268	1330.6	1622.3	10432.5
34839	1359.7	1620.6	10452.9
25260	1326.4	1568.2	10235.4
95	1340.9	1615.5	10476.7
5953	1344.6	1550.9	10302.7
5913	1333.1	1563.0	10210.7
4404	1345.3	1583.7	10292.4
27665	1338.8	1591.5	10432.9
15566	1340.5	1597.7	10428.7
16191	1322.9	1570.9	10223.2
30982	1363.5	1626.7	10402.2
14375	1334.6	1639.6	10667.0
24220	1335.4	1538.3	10217.6
5046	1330.4	1534.6	10080.3
4495	1338.1	1561.6	10242.4
33057	1331.9	1561.0	10260.2
30783	1346.6	1543.9	10281.8
25622	1348.6	1598.8	10383.2
611	1353.9	1598.6	10520.4
34061	1364.2	1600.9	10595.8
17495	1341.7	1655.7	10356.8
34120	1342.9	1543.3	10274.2
26615	1342.0	1605.6	10426.7
9918	1338.4	1598.2	10489.9
9714	1317.4	1497.0	10088.3
31552	1349.1	1630.4	10541.6
24165	1332.4	1558.0	10387.0
9533	1335.4	1630.5	10460.4
34888	1352.3	1641.9	10591.5
266	1338.6	1573.6	10375.2
2641	1340.6	1559.9	10281.0
19994	1336.7	1603.3	10360.8
28064	1336.6	1551.6	10362.7
13389	1319.8	1518.8	10220.6
17283	1344.2	1599.3	10357.3
3451	1323.8	1522.0	10209.5
4622	1350.2	1579.1	10521.8
977	1342.7	1608.2	10349.2
18524	1341.1	1557.8	10389.6
27070	1340.7	1589.3	10663.6
24748	1329.8	1594.3	10339.7
20415	1319.1	1550.4	10161.4
1272	1354.2	1580.2	10795.4
408	1334.0	1590.7	10501.7
27286	1357.7	1690.6	10886.5
949	1334.9	1571.6	10321.4
20321	1332.9	1549.5	10330.7
34027	1342.3	1589.7	10313.5
29406	1338.2	1553.6	10561.4
14602	1337.6	1541.2	10795.5
17635	1346.9	1609.3	10696.1
16306	1316.9	1533.9	10171.1
29767	1367.5	1606.3	10631.8
31030	1333.4	1582.6	10240.4
17682	1342.4	1563.6	10466.0
25505	1348.6	1567.3	10465.8
4051	1320.2	1538.0	10200.1
9924	1344.4	1628.1	10481.3
16242	1345.1	1600.1	10487.0
25917	1347.8	1540.3	10346.6
20694	1356.3	1612.8	10528.6
13820	1342.3	1578.3	10377.8
4272	1339.2	1608.4	10274.5
34409	1353.0	1620.3	10679.3
27891	1326.8	1524.1	10336.5
15724	1316.1	1578.2	10281.4
11178	1334.0	1557.5	10258.2
31296	1357.3	1638.7	10675.4
13513	1341.2	1576.8	10376.0
29669	1332.5	1599.9	10958.3
34643	1339.6	1551.0	10234.7
13135	1346.3	1544.1	10298.9
20561	1358.9	1596.3	10464.4
34397	1334.3	1529.9	10146.3
18444	1343.8	1624.1	10364.8
5287	1324.1	1563.1	10269.2
12692	1331.8	1573.1	10444.2
22768	1340.5	1567.0	10373.0
1115	1355.5	1638.3	10457.1
27694	1327.4	1568.2	10158.3
33020	1348.4	1604.3	10582.9
25471	1344.0	1611.8	10304.0
22165	1353.1	1658.0	10990.5
32738	1345.1	1607.3	10571.4
19178	1330.2	1599.3	10584.1
9166	1334.0	1584.3	10260.3
3763	1332.7	1541.7	10332.7
6010	1347.6	1600.5	10489.2
21854	1335.1	1578.6	10500.3
31697	1332.6	1542.2	10177.2
2583	1322.6	1592.2	10350.5
15292	1346.0	1587.4	10531.4
24945	1345.4	1648.9	10464.0
33836	1348.2	1613.3	10529.4
8283	1322.3	1512.9	10042.8
31001	1353.3	1605.1	10466.6
12522	1334.5	1558.1	10246.2
31251	1359.4	1646.0	10661.2
16696	1359.2	1576.5	10493.5
33923	1348.7	1604.3	10440.6
10430	1311.5	1503.2	10122.1
12376	1317.5	1533.8	10206.2
22437	1339.0	1551.7	10388.3
4255	1329.1	1579.9	10274.4
4618	1351.9	1609.4	10537.9
631	1339.2	1591.2	10201.6
33079	1351.9	1614.3	10541.6
11621	1338.2	1557.0	10327.4
25923	1335.8	1606.3	10535.6
3544	1328.7	1565.3	10270.7
29932	1354.9	1600.3	10588.0
2605	1333.5	1565.5	10267.6
16104	1347.8	1622.2	10419.3
27374	1330.1	1535.0	10206.3
25012	1343.5	1610.2	10524.6
24414	1320.3	1635.5	10469.6
22079	1346.5	1590.4	10681.9
7965	1343.8	1596.1	10348.4
1720	1353.9	1562.6	10628.2
27906	1351.0	1599.3	10437.7
2150	1343.8	1603.1	10489.7
6797	1350.3	1611.3	10533.1
2177	1335.3	1599.9	10292.6
479	1350.3	1565.8	10313.1
11145	1335.6	1603.2	10283.9
15667	1342.4	1495.7	10261.2
13914	1335.2	1529.7	10221.0
27844	1345.3	1567.7	10295.4
29404	1328.4	1552.0	10247.4
21747	1342.1	1558.1	10357.5
4396	1321.9	1588.5	10304.0
3380	1325.3	1566.9	10123.9
1422	1353.5	1670.9	10538.6
20498	1348.3	1639.6	10703.1
34171	1342.4	1540.3	10340.0
22615	1332.0	1566.7	10324.6
20782	1336.6	1586.0	10565.1
4015	1344.5	1562.6	10266.4
10370	1338.5	1586.3	10397.4
25211	1342.9	1703.6	10647.6
6569	1323.3	1609.6	10442.0
26501	1350.2	1600.8	10559.6
9129	1340.5	1571.2	10249.9
29319	1341.7	1636.7	10501.8
3856	1334.4	1539.3	10242.9
3716	1354.0	1605.8	10540.7
21474	1336.0	1594.6	10394.7
1098	1323.3	1535.0	10462.8
26328	1332.6	1565.4	10299.0
32517	1360.9	1606.8	10411.9
4230	1338.3	1605.7	10396.5
5553	1343.2	1585.9	10451.4
18350	1319.7	1554.7	10227.2
8210	1330.8	1615.0	10479.9
12680	1354.1	1605.1	10420.9
29260	1323.7	1521.4	10296.1
23132	1342.5	1603.1	10463.3
7032	1360.7	1571.6	10527.3
23052	1345.9	1581.2	10372.5
30963	1342.6	1535.4	10291.3
30244	1329.9	1563.0	10271.9
6945	1336.9	1619.9	10456.8
19456	1353.9	1595.3	10730.3
20310	1346.3	1605.3	10475.2
15099	1351.0	1630.0	10414.6
8775	1344.9	1590.8	10473.4
3480	1344.3	1580.5	10300.4
24134	1353.8	1589.4	10540.0
27670	1340.0	1564.7	10253.3
32217	1348.7	1571.2	10316.9
23420	1343.4	1588.7	10309.6
29564	1330.2	1584.6	10353.4
34251	1339.6	1590.7	10471.3
24975	1384.5	1641.4	10715.0
21041	1316.5	1542.8	10225.7
26951	1353.3	1591.0	10276.6
2265	1348.1	1633.8	10437.0
16500	1323.4	1586.4	10464.0
18137	1343.3	1579.8	10507.6
31682	1335.9	1534.0	10262.4
30121	1358.4	1577.7	10321.6
4875	1357.3	1596.6	10523.0
33172	1319.0	1520.7	10254.6
9045	1342.9	1616.2	10330.4
9495	1351.3	1525.1	10317.2
29601	1339.4	1600.4	10407.1
26025	1330.3	1568.0	10326.7
28203	1332.0	1548.7	10307.4
1122	1347.2	1624.4	10577.2
23393	1366.1	1593.1	10589.5
22538	1340.4	1601.7	10460.1
33829	1337.9	1574.6	10372.1
23381	1338.4	1563.1	10588.4
22071	1342.7	1657.0	10561.5
18480	1330.9	1566.3	10391.8
20757	1347.6	1587.8	10449.2
11009	1323.7	1580.4	10449.1
27081	1341.2	1570.3	10416.9
8061	1329.5	1595.9	10183.1
13386	1356.1	1613.1	10482.0
4328	1347.4	1631.7	10522.6
1041	1334.7	1600.4	10405.9
1845	1329.6	1589.6	10456.3
32565	1355.7	1657.3	10688.9
7307	1354.3	1587.1	10363.9
14366	1350.0	1603.3	10490.5
21977	1356.5	1624.7	10475.7
4802	1359.6	1586.4	10390.7
28296	1331.6	1572.9	10383.4
34014	1362.4	1582.1	10514.8
18097	1362.2	1648.8	10620.6
15891	1341.4	1587.6	10429.7
21517	1330.1	1592.7	10438.4
18520	1331.0	1568.4	10257.4
8707	1341.9	1533.0	10301.3
29980	1347.0	1609.3	10289.5
25269	1349.4	1598.9	10424.1
18575	1346.6	1615.3	10423.0
15112	1335.5	1562.7	10234.0
26435	1334.7	1589.2	10221.7
14355	1345.7	1588.0	10504.3
33314	1346.0	1573.6	10451.8
28261	1318.9	1556.4	10372.5
31982	1339.8	1520.9	10258.7
23011	1341.0	1575.0	10424.6
27646	1362.8	1627.0	10639.4
6763	1326.4	1583.1	10352.4
20781	1353.8	1566.6	10462.7
19777	1345.5	1553.2	10367.1
21043	1329.5	1519.0	10187.5
19254	1323.7	1590.0	10181.7
19789	1352.2	1611.9	10611.8
8836	1354.0	1633.4	10902.9
9480	1355.7	1594.7	10551.9
18651	1343.5	1602.8	10330.0
27913	1332.5	1556.4	10321.9
33418	1342.3	1557.0	10323.1
8453	1344.7	1561.0	10358.6
23222	1341.5	1577.0	10358.0
34678	1356.3	1622.9	10493.8
18909	1355.0	1630.1	10899.9
3727	1350.7	1588.6	10427.6
24634	1346.7	1592.4	10331.8
24889	1353.7	1599.1	10385.6
819	1347.6	1588.9	10557.7
24570	1347.1	1604.1	10614.8
2636	1357.5	1603.6	10535.5
158	1346.5	1664.5	10502.9
17446	1337.9	1596.1	10529.4
4292	1355.5	1596.6	10491.7
20975	1333.7	1598.1	10283.4
25719	1344.3	1548.2	10382.2
27210	1345.4	1619.9	10334.7
8352	1328.5	1599.7	10225.0
24192	1336.8	1563.8	10394.6
24457	1311.8	1509.9	10011.3
31383	1350.2	1573.3	10483.1
5350	1331.9	1554.1	10187.6
13750	1357.6	1599.8	10525.7
21030	1352.7	1607.3	10600.1
818	1335.6	1628.3	10363.2
21056	1355.8	1607.3	10621.5
15699	1369.8	1607.9	10479.3
6323	1353.6	1619.5	10368.8
29209	1351.4	1622.4	10544.3
32817	1346.1	1566.6	10219.9
13912	1344.2	1535.5	10499.3
29520	1367.2	1600.9	10615.2
19881	1337.8	1586.3	10418.5
25241	1350.1	1602.7	10658.3
8422	1331.1	1532.4	10257.0
282	1333.4	1580.9	10424.4
18873	1352.1	1510.6	10313.3
7560	1341.3	1601.4	10515.2
835	1346.0	1596.0	10401.3
1112	1334.3	1565.1	10240.4
15411	1346.0	1620.9	10444.5
197	1340.2	1563.9	10382.2
16756	1337.1	1583.8	10381.5
3880	1334.8	1570.9	10368.0
5019	1348.0	1532.1	10419.6
16202	1339.2	1589.1	10371.8
2346	1342.9	1581.3	10454.1
20673	1327.1	1483.5	10010.1
17881	1346.7	1617.5	10485.7
20113	1349.7	1658.1	10716.1
14380	1345.2	1599.0	10343.5
29269	1340.9	1536.8	10369.7
17859	1341.8	1576.2	10437.0
16700	1323.9	1558.8	10075.7
21381	1339.1	1571.4	10209.5
31193	1347.3	1605.8	10660.4
15486	1344.2	1621.5	10605.2
31686	1328.3	1586.9	10557.9
23480	1351.9	1577.9	10480.7
4642	1342.2	1598.8	10473.2
5993	1347.5	1575.7	10479.5
11968	1370.7	1622.7	10594.9
31772	1347.2	1539.5	10398.9
14588	1343.4	1609.1	10434.8
5213	1343.8	1598.2	10374.7
23164	1355.7	1599.6	10581.2
17561	1343.8	1567.9	10307.4
3606	1336.4	1556.2	10352.2
19577	1346.2	1604.1	10376.7
26434	1341.7	1601.2	10499.8
25694	1352.0	1619.8	10430.9
1278	1329.7	1555.3	10488.3
13067	1341.6	1551.7	10281.5
26641	1322.9	1492.6	10074.0
25385	1362.1	1615.9	10429.3
28610	1343.1	1507.2	10165.2
26154	1347.8	1628.7	10642.0
33673	1335.4	1575.3	10371.6
26964	1344.4	1603.7	10590.6
18031	1340.0	1580.8	10407.3
