33765	2213.8	2489.4	17762.0
21663	2202.9	2427.2	17660.5
18466	2188.5	2474.9	18089.5
67736	2195.7	2433.8	17556.8
72501	2196.5	2412.4	17349.1
50048	2210.5	2407.6	17600.7
41717	2204.1	2440.9	17578.8
50309	2211.1	2416.9	17744.9
32839	2209.4	2462.2	17625.6
66665	2218.7	2475.7	18121.2
1649	2200.3	2407.2	17623.0
21917	2194.4	2428.5	17516.6
66929	2205.2	2455.1	17783.7
33190	2199.5	2476.6	18100.8
69336	2208.4	2433.6	17792.2
19941	2193.2	2439.8	17538.1
48159	2204.6	2448.7	17623.6
77392	2204.0	2403.4	17414.1
72080	2188.1	2356.2	17138.6
60506	2198.5	2386.8	17187.1
75771	2202.0	2447.4	17706.6
43970	2201.6	2416.9	17386.0
16622	2202.6	2448.9	17675.6
78583	2200.2	2391.4	17852.0
49820	2213.8	2471.4	18035.3
66962	2219.8	2400.2	17682.3
48474	2209.2	2429.4	17829.0
68656	2191.2	2451.7	17867.4
32528	2208.2	2475.9	17805.8
64868	2194.7	2405.7	17523.5
17399	2190.7	2424.4	17580.8
5546	2204.6	2487.5	17626.1
77037	2203.3	2433.7	17725.6
39327	2211.6	2470.2	17825.2
15392	2190.2	2410.6	17510.7
66120	2188.6	2375.6	17336.1
48372	2197.6	2414.3	17338.9
9983	2213.7	2444.4	17774.3
40954	2220.0	2493.9	18038.2
33984	2196.0	2453.1	17596.8
42739	2193.4	2411.1	17670.9
30104	2211.3	2444.1	17618.4
75546	2210.3	2401.3	17559.1
846	2208.4	2463.8	17907.4
60911	2206.4	2415.3	17600.3
53934	2197.6	2421.2	17504.5
30554	2203.0	2452.1	17494.6
16380	2212.6	2505.8	18059.1
25835	2193.2	2356.1	17060.5
56142	2208.3	2486.9	17630.6
8651	2201.2	2425.6	17549.3
52208	2193.0	2454.7	17484.6
58076	2203.5	2466.2	18319.0
42187	2206.2	2479.5	17871.9
13951	2208.9	2464.9	18093.2
71993	2214.6	2481.4	17896.1
20608	2218.6	2430.3	18027.0
54676	2208.7	2444.9	17768.6
73574	2202.8	2400.5	17458.6
28024	2194.2	2414.9	17522.6
73151	2219.4	2468.9	18045.5
3411	2189.2	2421.7	17214.3
71931	2219.2	2378.6	17637.4
58627	2194.6	2399.6	17436.2
45379	2217.7	2457.5	17874.8
69836	2212.0	2492.3	18041.4
42354	2205.7	2472.6	17806.2
26369	2188.8	2432.2	17232.9
60925	2210.8	2452.7	18056.5
56913	2209.5	2452.5	17531.1
70854	2181.1	2384.5	17304.2
15678	2197.6	2445.6	17645.1
59051	2208.7	2442.8	17911.9
54078	2200.3	2444.7	17621.8
41646	2209.1	2465.0	17607.9
74067	2208.5	2432.1	17817.2
72062	2203.9	2417.6	17612.4
35504	2211.4	2444.6	18066.5
30129	2205.0	2336.4	17517.3
40587	2210.3	2459.8	17833.2
17427	2201.4	2385.2	17489.6
25569	2210.3	2501.0	17786.5
77229	2206.7	2394.9	17629.1
51509	2205.1	2455.6	17733.3
11179	2185.0	2420.5	17396.8
8781	2181.4	2440.9	17230.9
50274	2214.5	2502.8	17994.3
43898	2212.9	2453.0	17785.3
17169	2223.6	2464.8	18184.7
57048	2217.7	2453.4	17754.3
35321	2223.1	2502.2	18309.6
37200	2204.6	2437.5	17456.5
14636	2218.7	2485.2	17935.6
43681	2195.1	2397.7	17489.2
7010	2195.6	2447.9	17560.1
38565	2200.9	2471.8	18039.1
14232	2209.6	2506.2	18278.6
35705	2202.9	2409.3	17530.8
55860	2212.3	2456.1	17726.2
56491	2190.2	2411.8	17361.7
69406	2209.6	2467.8	17872.6
61126	2214.5	2478.9	18214.1
3995	2190.3	2456.9	17503.2
58763	2198.3	2441.4	18065.8
44902	2200.8	2421.8	17579.2
68217	2225.1	2453.5	18090.5
70290	2197.4	2373.7	17460.3
43277	2205.8	2450.9	17831.0
76556	2217.2	2431.9	17852.1
65978	2189.2	2406.9	17401.0
36920	2190.0	2369.2	17292.4
17847	2190.9	2429.9	17449.0
39833	2197.4	2437.0	17644.9
24263	2194.0	2410.0	17508.1
35152	2216.8	2453.5	17992.0
1356	2196.7	2443.6	17438.4
60317	2207.9	2420.4	17711.3
75861	2218.9	2442.3	18085.0
57315	2205.0	2450.3	17522.4
22969	2214.2	2512.5	18264.5
24217	2201.4	2434.7	17716.1
52415	2203.7	2431.3	17832.9
50741	2205.8	2369.6	17606.7
26224	2211.1	2482.2	17970.3
2855	2202.1	2365.2	17305.3
95	2212.8	2480.9	17855.9
33172	2202.2	2416.5	17627.4
28723	2209.5	2440.7	17702.8
46818	2193.9	2412.6	17601.3
74161	2203.8	2364.0	17713.7
50942	2209.8	2493.0	18082.7
18597	2207.7	2461.2	17700.9
65988	2192.1	2457.1	17603.3
22692	2216.9	2460.9	17909.3
62931	2223.1	2507.8	18197.2
31981	2208.6	2446.2	17587.0
66080	2210.1	2401.6	17575.9
51006	2226.5	2431.2	17958.3
7264	2197.2	2428.7	17569.5
69994	2195.1	2394.5	17408.7
14836	2207.4	2469.6	17666.3
47526	2198.4	2425.2	17769.5
42804	2203.5	2462.0	17889.8
1707	2212.9	2457.1	17670.8
46316	2210.5	2419.3	17764.4
6033	2206.2	2466.7	17855.5
76266	2203.9	2424.8	17630.6
3279	2216.6	2473.1	17779.2
74636	2220.9	2410.8	18091.6
6934	2205.6	2490.8	17811.1
78025	2199.5	2449.0	17591.4
60205	2202.5	2434.0	17540.3
42849	2202.5	2441.3	17964.6
55733	2213.1	2504.7	17876.2
51822	2206.5	2401.5	17472.2
16368	2210.2	2458.9	17797.1
10598	2203.8	2455.8	17822.2
68694	2197.3	2396.7	17628.7
75132	2206.5	2479.6	18137.3
35117	2211.1	2478.2	18044.1
58058	2213.3	2465.7	18099.2
60380	2202.7	2440.5	17514.7
21054	2184.2	2373.6	17246.0
31493	2216.3	2398.8	17646.9
74720	2201.0	2446.2	17617.5
7470	2194.9	2431.6	17562.2
35076	2205.0	2437.4	17642.8
72232	2194.5	2376.5	17661.4
64814	2204.1	2489.2	17760.8
42713	2202.7	2441.4	17574.7
40906	2209.3	2403.2	17551.5
21857	2203.4	2447.2	17675.0
16980	2212.1	2495.2	17997.6
42183	2211.2	2492.3	17799.5
3405	2206.8	2472.8	17898.9
38884	2201.2	2452.7	17800.2
6544	2222.7	2484.2	17998.1
54623	2215.0	2486.7	18252.7
44608	2194.7	2467.9	17416.9
3515	2206.0	2427.0	17721.4
52646	2206.6	2404.0	17596.7
52221	2199.2	2437.9	17536.5
19276	2212.5	2486.9	18127.0
23924	2200.5	2404.0	17519.9
52141	2196.9	2452.0	17665.9
9890	2217.5	2476.8	18206.3
74212	2193.1	2351.3	17136.1
8339	2210.3	2499.7	18168.4
1597	2193.9	2432.6	17773.2
14484	2201.1	2475.7	17817.5
40592	2207.0	2474.5	17878.9
75494	2205.5	2423.7	17800.4
15314	2190.6	2364.1	17100.7
15547	2196.7	2422.8	17444.0
15207	2204.3	2427.7	17714.4
242	2222.5	2447.7	17834.0
27419	2202.1	2413.7	17532.7
73036	2209.5	2459.6	17835.6
17213	2196.6	2388.4	17463.0
7574	2191.2	2391.6	17290.9
19558	2203.2	2519.7	18195.1
63566	2208.7	2459.1	17995.7
74220	2195.3	2438.3	17856.8
27434	2196.5	2396.9	17510.1
59822	2219.0	2436.9	18315.5
12884	2209.8	2478.1	18003.3
70931	2209.6	2466.4	17754.1
59422	2215.1	2439.9	18093.5
9499	2206.7	2371.2	17262.2
40100	2193.9	2393.5	17367.9
50556	2213.2	2400.6	17761.1
56311	2225.8	2509.1	18281.7
17763	2194.8	2369.4	17318.5
767	2208.8	2420.2	17689.9
23281	2210.5	2498.7	18017.8
135	2211.6	2458.5	17709.3
63584	2205.8	2475.2	17845.8
27759	2211.2	2501.8	17830.5
45251	2214.5	2423.0	17743.1
16840	2216.4	2480.1	18174.5
20466	2222.6	2530.6	17955.2
59457	2217.6	2473.9	18011.5
67454	2206.9	2406.5	17621.3
62170	2202.9	2412.1	17691.7
40630	2218.2	2434.3	17698.7
23400	2209.7	2469.4	17802.7
20517	2189.5	2443.0	17546.9
38218	2199.6	2420.8	17544.7
25724	2201.1	2475.2	17621.2
64554	2192.7	2424.5	17481.8
13435	2207.4	2442.8	17829.1
6062	2201.8	2431.4	17536.7
36509	2220.4	2464.3	17869.8
9528	2202.5	2441.9	17442.2
66126	2205.1	2443.5	17564.3
46403	2212.1	2412.6	17773.2
2213	2223.0	2497.6	18074.9
58958	2207.8	2463.0	18076.7
78119	2211.0	2455.3	17916.3
67345	2204.9	2419.6	17647.3
41765	2209.0	2457.4	17689.3
50104	2190.7	2388.6	17515.5
78318	2200.2	2394.2	17652.5
58989	2194.7	2400.9	17780.2
28827	2207.5	2469.4	17899.9
70084	2198.0	2429.1	17566.6
31064	2215.5	2501.9	18238.0
68202	2206.1	2464.2	17703.6
42845	2197.4	2450.2	17719.6
76754	2209.4	2484.9	17769.2
1379	2191.2	2390.9	17151.9
74838	2194.4	2432.9	17489.5
4018	2205.3	2469.0	17892.9
37465	2212.8	2464.6	17734.1
66673	2209.6	2492.5	18119.9
48632	2193.8	2419.4	17419.3
71339	2223.9	2501.3	18328.2
36446	2198.0	2424.1	17412.1
21892	2196.5	2433.7	17693.4
63459	2198.6	2395.5	17339.3
62446	2194.8	2454.9	17531.9
21623	2221.3	2478.6	17963.7
68975	2202.1	2466.0	17807.3
52548	2210.3	2433.2	17543.4
51485	2210.7	2445.4	17969.8
40784	2206.9	2380.2	17792.5
23928	2218.8	2529.0	18385.1
7448	2195.2	2432.1	17390.7
13296	2184.6	2361.9	17271.9
48597	2194.3	2460.3	17845.0
7300	2206.1	2438.9	18019.2
64811	2205.0	2423.0	17576.4
4692	2210.4	2406.0	17595.5
71682	2210.2	2458.4	17672.7
55556	2210.9	2440.5	18028.4
58747	2200.3	2453.5	17660.0
60682	2199.5	2406.1	17568.5
46623	2214.2	2465.3	17971.4
57448	2215.4	2496.9	18007.8
26366	2202.3	2456.5	17711.5
42797	2197.1	2438.1	17581.1
40486	2206.0	2418.7	17699.8
12605	2204.5	2413.8	17464.3
55452	2207.7	2442.4	17911.8
49776	2192.3	2394.1	17592.6
51273	2217.5	2426.6	17708.8
34893	2210.2	2436.7	17762.4
15623	2209.2	2453.1	17758.9
76907	2215.1	2416.6	17729.5
49315	2202.6	2444.5	17811.9
3750	2196.4	2432.1	17541.7
6977	2211.7	2445.5	17854.6
33942	2206.5	2454.4	17671.6
18413	2200.9	2499.9	17883.8
15667	2202.4	2412.9	17353.0
67713	2205.3	2470.5	17973.2
36711	2208.0	2443.9	17776.9
56299	2193.4	2428.3	17767.2
2699	2198.6	2486.2	17662.2
69852	2211.0	2469.9	17990.7
7696	2203.7	2474.2	17726.7
2923	2203.5	2371.3	17478.2
51093	2205.7	2429.5	18071.1
70193	2204.6	2454.5	17576.5
23055	2203.4	2476.9	17818.8
51432	2207.2	2467.1	17749.8
67325	2208.3	2432.0	17678.2
22107	2206.5	2432.8	17737.3
10482	2207.1	2453.7	17724.8
40771	2206.1	2432.7	17675.5
44509	2205.2	2467.2	17855.3
62450	2181.5	2423.6	17330.3
56954	2220.5	2442.7	18133.9
53022	2197.4	2378.6	17367.5
61774	2197.1	2431.1	17567.1
14107	2206.7	2455.4	17700.0
59750	2189.3	2452.5	17529.8
31536	2197.5	2382.9	17430.6
57016	2196.7	2412.6	17380.3
47083	2204.8	2453.4	17924.1
75807	2203.4	2409.6	17678.4
11260	2189.8	2383.1	17343.0
61835	2212.1	2467.9	17748.0
21820	2197.7	2439.6	17690.0
52574	2203.8	2406.6	17539.0
61741	2210.2	2425.3	17830.2
72746	2202.5	2431.8	17415.5
48730	2208.6	2441.8	17789.7
25091	2228.0	2495.7	18058.2
2617	2194.1	2429.3	17779.2
14453	2205.8	2408.3	17732.2
38908	2203.3	2467.5	17583.5
17152	2220.0	2504.8	18510.3
78584	2193.0	2427.3	17487.1
5913	2205.6	2449.2	17596.1
15116	2202.2	2424.4	17365.1
12232	2208.6	2551.0	17913.2
15923	2201.7	2488.6	17621.6
27309	2203.7	2461.8	17662.5
31338	2209.2	2474.5	17715.6
20679	2220.1	2424.7	17945.2
46002	2199.6	2433.9	17430.9
20208	2230.6	2560.0	19848.2
49758	2208.0	2463.3	18115.8
79808	2196.3	2435.4	18164.0
77352	2215.9	2465.5	18081.0
67794	2210.3	2391.6	17702.2
73854	2221.9	2482.8	18461.8
61641	2223.5	2463.3	18050.3
74270	2216.9	2492.8	18132.3
68902	2192.9	2391.4	17352.0
46520	2204.3	2429.8	17644.3
73934	2201.2	2415.3	17397.6
61822	2201.4	2405.8	17538.5
48832	2208.2	2434.9	17630.0
29488	2200.5	2453.2	17614.1
25302	2202.5	2395.6	17595.8
12989	2187.9	2408.8	17124.8
46135	2223.3	2521.6	18201.3
77420	2207.0	2409.6	17543.7
56729	2220.4	2499.7	18387.2
55289	2211.6	2437.3	17630.8
42018	2210.0	2405.0	17875.9
53677	2209.7	2471.0	18103.6
9261	2205.0	2457.4	17732.3
7	2206.8	2454.6	18058.5
61736	2209.5	2454.1	17917.7
58630	2192.3	2425.2	17451.2
39500	2179.3	2362.7	16966.6
26310	2195.1	2449.9	17576.4
7079	2200.7	2423.3	17583.2
64035	2197.9	2424.5	17810.5
27350	2225.6	2453.6	18025.5
20817	2202.1	2446.6	17501.9
41638	2212.6	2468.0	18588.0
34653	2217.4	2457.0	17784.4
58753	2204.5	2438.9	17777.7
54849	2208.0	2417.0	17776.5
38955	2187.8	2379.4	17177.8
43236	2204.4	2397.9	17530.9
14109	2190.0	2442.0	17523.1
61399	2210.1	2451.8	18100.4
21478	2213.8	2502.4	18019.7
69389	2203.8	2450.1	17772.8
61398	2214.3	2474.6	18057.9
14173	2203.6	2450.7	17661.0
23912	2196.0	2414.0	17799.9
67228	2202.9	2388.4	17527.6
58511	2218.0	2506.0	17854.5
31405	2202.9	2428.7	17621.3
70345	2187.1	2410.5	17218.2
70281	2213.7	2387.1	17627.0
4537	2200.2	2461.2	17516.2
8316	2190.7	2437.3	17422.7
70370	2200.0	2393.0	17525.4
22494	2217.2	2468.9	17974.9
74218	2225.0	2458.9	17798.1
34877	2210.7	2442.3	17773.5
37052	2201.9	2437.1	17460.2
50637	2201.5	2447.6	18004.5
59075	2194.3	2395.4	17561.7
65197	2225.5	2403.2	17850.3
14873	2202.7	2438.1	17548.9
53898	2192.9	2395.3	17328.3
12917	2193.3	2418.3	17339.0
32145	2201.3	2427.6	17602.3
16889	2191.5	2394.4	17442.4
3065	2216.6	2505.3	17714.3
48927	2209.0	2410.2	17727.2
54264	2209.2	2490.0	18530.2
60005	2201.1	2442.8	17602.3
2364	2224.9	2500.4	18484.9
66458	2203.4	2420.7	17724.6
74791	2206.1	2489.1	17902.0
79871	2205.5	2457.7	17667.7
18253	2195.6	2435.3	17677.3
53884	2222.4	2482.1	18064.3
53165	2196.1	2423.4	17570.6
20018	2203.5	2472.0	17963.4
22986	2203.9	2391.5	17481.3
36821	2213.2	2425.9	17581.7
50925	2215.4	2496.3	17954.4
48823	2210.1	2463.6	17974.2
71771	2213.3	2489.8	18084.9
35749	2197.9	2446.0	17632.5
65228	2204.9	2430.9	17631.7
79867	2187.8	2390.3	17506.9
40098	2204.4	2421.9	17610.2
49041	2209.8	2433.1	17816.8
70451	2210.6	2451.8	17905.0
65483	2213.1	2456.6	17694.3
64072	2205.2	2396.4	17554.5
41393	2194.4	2382.5	17227.4
26086	2212.4	2505.8	18154.8
67541	2201.0	2471.2	17627.8
20450	2221.7	2460.5	18153.0
74213	2199.7	2457.5	17647.2
15605	2211.8	2425.4	17587.6
18148	2192.5	2396.0	17179.4
75835	2196.1	2421.4	17537.8
22116	2205.4	2469.6	17700.1
54167	2211.1	2456.4	17888.5
61610	2220.1	2498.6	18481.5
32175	2207.8	2486.8	17757.1
14800	2223.8	2474.5	18215.9
69507	2211.5	2500.8	17807.4
23668	2218.1	2426.0	17727.4
61756	2221.0	2466.7	18112.9
8429	2221.3	2509.9	18284.8
62347	2200.2	2452.4	17705.4
2749	2218.0	2464.2	17745.2
58128	2216.4	2419.0	17834.2
61527	2217.8	2466.5	17967.3
29535	2202.7	2432.3	17793.6
15128	2185.7	2458.3	17658.7
39012	2214.3	2441.6	17814.4
48899	2200.1	2425.5	17510.6
46169	2191.1	2435.6	17655.0
58600	2212.2	2443.2	18072.2
128	2221.3	2535.4	18191.8
72203	2206.4	2425.3	17761.2
1491	2213.4	2477.0	17868.4
57648	2189.4	2386.3	17194.7
41714	2210.6	2445.8	17994.1
71335	2209.7	2415.7	17664.0
29210	2202.6	2412.7	17264.4
13753	2206.0	2434.2	17563.2
72941	2204.3	2519.3	18653.5
181	2200.7	2439.4	17532.6
35080	2208.9	2511.1	18069.9
20920	2215.3	2460.2	17893.6
41692	2182.6	2391.0	17196.1
12993	2194.0	2409.3	17548.5
73160	2213.1	2493.9	18318.6
65465	2206.2	2454.1	17742.3
27323	2204.8	2507.5	19082.9
53224	2210.2	2474.9	17782.7
65168	2205.3	2452.2	17473.8
68394	2192.5	2362.8	17283.5
48552	2218.1	2420.6	17818.0
33516	2201.1	2465.7	17939.3
71620	2193.1	2414.9	17516.3
54386	2209.4	2437.7	17937.4
25053	2198.4	2423.1	17485.7
16799	2192.6	2421.2	17514.2
42101	2213.0	2438.7	17744.8
52247	2197.7	2412.8	17425.6
68486	2213.7	2502.9	18257.3
4050	2214.9	2455.1	17886.9
38383	2220.5	2522.3	18174.3
74224	2183.7	2391.0	17163.8
55590	2209.4	2457.5	17758.6
58406	2196.9	2417.1	17656.4
44031	2199.4	2444.3	17658.7
32774	2216.5	2443.4	17858.6
72439	2213.4	2426.4	17662.8
73224	2195.1	2399.3	17542.7
60904	2213.9	2441.7	18002.9
64713	2207.9	2416.7	17661.0
50971	2201.6	2499.7	17948.9
65348	2201.5	2427.1	17827.8
2007	2189.6	2418.4	17331.2
10342	2209.2	2424.1	17587.2
54637	2200.6	2401.6	17490.6
57628	2199.9	2426.2	17498.1
32920	2206.8	2413.5	17645.7
69245	2195.6	2415.2	17396.9
53386	2207.6	2444.2	17755.5
50444	2209.4	2430.2	18061.1
78180	2195.0	2414.3	17279.2
28798	2222.4	2480.3	17969.2
70115	2194.8	2398.0	17534.7
12399	2216.9	2456.4	17973.1
50990	2194.1	2425.8	17319.3
40174	2211.3	2438.1	17728.7
55989	2212.2	2441.6	18091.4
41118	2204.5	2414.7	17523.8
44853	2194.6	2431.3	17856.9
5123	2201.5	2447.3	17742.5
64994	2187.6	2413.8	17309.0
14057	2218.3	2476.8	18089.1
56935	2198.3	2412.6	17590.4
5094	2204.7	2445.3	17746.6
11412	2196.2	2452.6	17580.5
60831	2228.0	2505.9	19945.0
70040	2211.8	2484.4	17942.4
32790	2190.1	2361.8	17226.9
64592	2202.4	2430.1	17824.6
68558	2199.4	2413.2	17795.5
17903	2215.0	2451.5	18034.9
28920	2183.4	2435.6	17361.3
61236	2207.3	2462.8	17722.4
60523	2207.2	2425.1	17719.1
24913	2185.9	2409.3	17435.8
8340	2204.1	2391.1	17638.5
26097	2205.3	2433.0	17712.3
56447	2204.7	2422.7	17658.1
20000	2209.6	2464.3	17844.7
41529	2196.9	2465.0	17925.7
33064	2192.3	2447.9	17321.3
77499	2209.5	2434.4	17820.6
3815	2210.6	2461.2	17893.1
54110	2222.2	2500.8	18217.5
21921	2207.3	2489.9	17649.9
68192	2209.7	2428.9	17723.4
55587	2207.6	2502.6	18062.5
23967	2217.2	2487.1	18241.4
5458	2217.2	2463.7	17802.0
4461	2211.1	2462.1	18254.1
41218	2206.4	2433.1	17940.8
53126	2205.9	2417.5	17512.5
16008	2209.5	2427.1	17785.9
59781	2225.6	2495.7	18217.8
2730	2190.1	2430.3	17439.2
75302	2217.0	2462.3	17938.2
14406	2210.5	2403.0	17694.4
61088	2192.4	2425.1	17607.6
26857	2194.2	2405.7	17394.7
11773	2195.2	2486.5	17533.7
30188	2213.0	2426.0	17636.6
30366	2214.4	2472.2	17974.9
4600	2185.0	2368.0	17239.2
808	2195.2	2390.7	17586.2
41752	2228.9	2552.2	18847.8
37331	2207.7	2423.9	17745.9
77532	2199.8	2424.9	17706.6
75121	2200.1	2440.5	17550.7
77735	2231.2	2462.7	18474.4
24070	2223.9	2481.6	18078.1
36494	2187.6	2427.0	17514.2
53522	2209.7	2439.1	17859.1
22665	2209.9	2442.1	18209.8
44671	2194.9	2435.2	18010.3
69614	2205.8	2492.2	18276.2
74655	2197.8	2417.9	17364.3
23347	2201.8	2409.5	17912.0
55967	2202.0	2429.5	17636.4
14990	2215.7	2465.2	17951.5
49159	2198.5	2452.6	17738.4
5517	2197.2	2424.1	17596.5
15499	2195.5	2365.2	17411.6
26361	2209.0	2494.2	17778.9
25599	2223.7	2536.1	18180.2
79452	2211.1	2446.9	17709.8
66976	2206.8	2421.8	17703.4
48979	2198.4	2447.8	17851.4
31146	2214.4	2415.4	17939.3
37326	2191.4	2391.9	17396.5
31821	2195.5	2432.7	17530.1
6621	2215.3	2448.6	18027.5
10881	2201.0	2428.7	17440.5
73189	2202.5	2458.2	17704.0
6416	2203.8	2453.7	17548.1
78036	2207.7	2483.2	17885.9
74599	2191.1	2404.3	17607.9
61252	2202.7	2426.7	17629.1
14115	2179.0	2418.7	17318.3
70482	2212.3	2454.6	17718.3
64822	2210.9	2487.8	18283.6
60004	2204.3	2459.5	17675.1
68318	2196.4	2393.8	17302.3
32824	2184.1	2392.0	17089.4
75188	2186.4	2378.1	17350.3
54418	2196.1	2429.0	17709.7
33944	2215.3	2469.4	17826.5
3838	2215.2	2502.6	18198.4
46769	2203.5	2415.4	17612.6
79195	2203.9	2414.2	17820.4
58760	2209.6	2438.7	17563.7
53076	2216.7	2446.9	17871.6
8023	2207.3	2422.1	17563.8
20638	2199.0	2456.2	17714.6
14063	2198.1	2437.1	17589.1
61119	2200.1	2417.6	17573.4
12616	2196.5	2495.0	17671.4
54254	2202.1	2447.6	17940.3
21738	2212.3	2501.0	17990.4
54300	2214.5	2428.1	17844.4
44042	2205.0	2458.1	17597.1
4826	2189.5	2432.7	17603.0
52441	2208.2	2424.6	17666.4
5780	2197.7	2394.5	17392.5
42966	2185.1	2390.1	17283.6
74597	2209.2	2438.5	17748.2
69740	2221.6	2445.0	17797.3
35024	2199.7	2418.2	17556.4
14231	2213.9	2490.9	17929.6
4031	2183.8	2445.4	17521.1
50553	2218.8	2501.1	18138.8
69484	2191.1	2407.8	17356.1
61120	2198.8	2410.1	17638.4
25133	2203.7	2435.4	17719.2
29698	2209.2	2437.5	17687.7
22308	2217.9	2504.4	18265.4
28720	2205.4	2468.2	17778.8
29878	2208.8	2423.7	17668.7
3817	2215.5	2500.5	18009.3
40487	2207.3	2422.5	17759.4
40397	2188.4	2406.7	17268.7
5410	2228.7	2541.2	18455.4
68781	2217.7	2501.6	18112.7
19215	2212.5	2487.8	18103.1
41785	2192.5	2385.8	17425.6
18761	2215.1	2426.2	17700.6
74143	2228.3	2448.1	18041.4
70901	2186.9	2418.7	17255.1
47476	2205.7	2457.8	17698.2
19584	2204.0	2454.0	17531.1
27910	2199.5	2420.1	17526.7
73790	2217.9	2448.4	17981.4
21806	2213.6	2522.4	18095.8
18978	2184.0	2351.1	17142.6
62520	2213.1	2418.9	17945.6
48201	2201.7	2437.2	17781.0
53475	2203.2	2408.5	17694.1
75754	2200.1	2418.9	17515.9
33465	2200.9	2459.2	17946.9
18673	2219.3	2476.8	17935.4
23433	2199.5	2396.5	17580.9
2153	2197.2	2445.9	17878.5
26515	2189.6	2379.5	17312.7
58014	2204.8	2463.7	17703.7
21752	2205.0	2440.2	17815.9
9424	2217.3	2520.9	17886.2
72546	2201.5	2411.3	17716.7
45370	2215.3	2436.5	17676.5
15183	2196.0	2459.9	17448.2
49630	2194.6	2434.5	17506.7
79518	2204.7	2467.5	18279.3
49243	2201.5	2407.1	17597.4
66203	2194.5	2381.3	17519.7
1278	2203.1	2442.4	17900.3
17118	2206.6	2407.4	17462.6
26653	2218.3	2448.8	18142.6
68823	2199.8	2469.3	17408.1
64219	2218.7	2458.9	18054.3
60915	2203.1	2483.4	17665.3
66650	2196.1	2412.7	17716.2
78686	2209.6	2422.2	17862.4
57076	2187.5	2417.3	17304.4
21948	2207.1	2434.0	17761.1
39865	2198.5	2463.4	17687.5
67987	2207.1	2443.4	17982.8
52995	2210.9	2441.7	17515.7
76096	2210.2	2438.8	17959.0
58184	2200.8	2458.0	17688.1
17641	2208.3	2522.2	17690.5
20355	2197.4	2442.5	17386.3
64568	2205.2	2439.7	17727.5
13434	2199.2	2460.2	17605.7
3128	2202.7	2463.7	17771.9
68505	2203.9	2437.8	17498.4
70295	2208.9	2419.6	17739.6
41225	2189.7	2394.0	17320.5
13600	2214.2	2419.9	17607.5
54919	2199.1	2424.0	17673.4
57342	2210.8	2438.7	17679.3
8885	2200.8	2476.4	17660.8
44930	2203.9	2465.7	17783.1
55604	2208.5	2454.5	17727.6
735	2188.1	2375.5	17193.2
4398	2201.5	2446.6	17600.1
9891	2199.9	2482.0	17643.7
50889	2219.6	2454.6	18100.5
69501	2204.8	2465.1	17772.7
32326	2206.8	2474.0	17684.0
15229	2211.7	2411.0	17639.3
64622	2191.1	2388.7	17496.4
21843	2199.3	2451.6	17867.2
41709	2197.6	2413.9	17546.8
2113	2201.8	2401.4	17575.1
22923	2219.3	2468.1	18013.7
51678	2221.4	2456.3	18034.5
30286	2215.0	2457.5	17660.6
33962	2210.5	2481.8	18036.2
46009	2201.8	2473.6	17661.2
76099	2208.9	2470.2	17703.7
78908	2214.7	2448.3	17956.7
73701	2211.6	2445.4	18504.1
63933	2221.1	2438.9	18066.8
55315	2208.8	2402.6	17829.4
5124	2219.4	2405.0	17933.5
1095	2226.0	2568.6	18310.5
28641	2214.7	2445.3	18099.0
12091	2210.8	2466.0	17883.7
1062	2191.6	2446.5	17448.9
42262	2223.2	2453.9	17892.6
6839	2205.9	2430.7	17758.5
50835	2210.6	2492.2	17998.9
39454	2196.6	2373.5	17402.6
52340	2203.0	2436.4	17648.3
69598	2206.8	2481.6	18039.4
1747	2206.6	2441.2	17728.7
6891	2223.1	2503.2	18168.3
20007	2219.0	2430.9	17780.1
74945	2198.5	2441.2	17815.2
23217	2202.1	2436.2	17620.4
20027	2212.0	2443.4	17729.0
36856	2188.1	2388.6	17322.4
13383	2199.4	2438.6	17433.0
15815	2207.8	2410.6	17553.1
67767	2201.2	2467.4	17668.5
9389	2210.7	2449.9	17963.3
71327	2212.8	2446.7	17884.7
29769	2205.0	2454.5	17804.8
67178	2207.0	2375.3	17294.3
57125	2215.8	2484.8	17807.5
14184	2228.1	2461.0	17843.2
55300	2207.9	2459.1	17612.1
15271	2198.3	2389.3	17315.6
12346	2220.1	2488.8	18066.1
77115	2196.0	2374.5	17374.7
5353	2200.5	2447.6	17629.4
35001	2201.6	2417.0	17628.0
50541	2193.9	2424.1	17738.7
36215	2203.6	2454.0	17669.1
27438	2199.1	2437.9	17647.4
2537	2215.2	2497.5	17925.0
67099	2213.3	2467.1	17935.9
12865	2206.3	2391.7	17543.7
7168	2213.6	2447.9	17891.3
6941	2216.7	2541.8	18270.4
29105	2227.0	2482.8	18104.4
8143	2218.1	2500.7	18114.8
20239	2210.2	2459.0	17847.8
35831	2212.1	2430.4	17870.7
63145	2209.1	2435.1	17773.6
45796	2234.4	2503.4	18294.8
58984	2214.6	2436.1	17951.6
53979	2204.9	2409.5	17859.2
79390	2197.0	2418.4	17481.2
32204	2196.8	2408.6	17308.9
57837	2195.3	2396.2	17563.8
74203	2183.6	2386.7	17339.2
78013	2202.1	2466.5	17674.9
47336	2207.1	2386.1	17545.4
76414	2199.9	2452.7	17569.0
76036	2196.0	2447.5	17561.4
418	2196.3	2414.0	17529.6
44324	2205.4	2442.8	17913.5
57696	2210.8	2470.6	18299.7
47023	2201.7	2463.6	17808.7
23532	2218.4	2462.5	17738.8
31879	2221.9	2498.9	18923.2
7386	2210.6	2517.7	18205.1
64004	2209.0	2417.5	17649.6
54793	2184.3	2409.4	17279.7
42614	2211.5	2477.6	18152.8
72105	2193.1	2401.8	17408.7
5479	2194.9	2440.0	17493.8
13936	2198.7	2387.5	17209.3
42956	2207.8	2425.9	17522.5
66953	2213.3	2493.2	18136.4
56980	2201.3	2424.6	17722.6
71191	2195.5	2362.4	17393.5
961	2202.0	2452.2	17666.0
39756	2207.3	2456.6	18092.6
46702	2204.0	2418.6	17542.4
69152	2197.1	2379.1	17562.2
32274	2201.1	2449.4	17586.1
13893	2196.5	2423.4	17336.1
7980	2193.5	2413.4	17352.1
68951	2213.4	2455.8	17869.1
28381	2212.3	2448.0	18015.7
15416	2211.5	2456.5	17992.7
61139	2223.7	2464.0	18030.9
67215	2209.9	2477.3	17796.0
39755	2195.9	2438.8	17429.1
51801	2203.3	2444.4	18133.3
71477	2209.6	2476.6	18252.6
53800	2208.8	2405.0	17715.1
20006	2214.4	2437.9	17953.0
58064	2196.4	2382.2	17365.7
22734	2200.5	2460.4	17457.2
45173	2199.5	2444.2	17552.3
14964	2203.4	2469.0	17574.9
24399	2216.3	2482.1	18039.7
71891	2208.7	2412.0	17668.3
43109	2224.1	2506.0	17948.6
14852	2192.0	2448.5	17386.3
22	2197.7	2456.3	17722.8
50287	2207.2	2479.0	18163.7
21825	2200.1	2490.2	17838.0
8081	2195.8	2456.4	17800.8
7091	2201.7	2414.5	17518.5
29279	2198.9	2484.3	17763.6
66669	2212.8	2436.4	17675.1
46200	2218.7	2435.3	17887.5
56654	2210.6	2429.5	17787.7
22216	2202.2	2485.5	18095.1
29386	2196.9	2400.6	17260.1
63396	2215.6	2463.5	17865.9
14116	2208.6	2441.2	17885.7
9668	2194.3	2433.1	17366.0
51372	2208.2	2537.8	18391.1
54737	2212.5	2450.6	17755.7
69693	2206.3	2456.4	17814.9
34415	2207.4	2462.1	17774.5
72925	2206.2	2426.7	17554.8
33405	2206.6	2424.7	18748.6
62859	2204.1	2433.9	18029.7
28154	2214.8	2409.3	17735.6
11429	2218.0	2480.5	17921.2
63615	2195.4	2360.8	17290.2
625	2209.1	2451.1	17943.6
33470	2214.0	2557.0	18368.3
4089	2200.2	2456.8	18481.5
25905	2186.9	2395.4	17199.7
77937	2211.9	2433.9	17845.8
39695	2211.0	2482.9	17676.7
74152	2197.8	2388.8	17262.6
44772	2199.7	2473.8	17627.5
35677	2222.4	2467.0	18110.0
21110	2214.7	2450.2	18119.1
47523	2205.7	2424.3	17605.1
39009	2207.1	2467.0	17987.6
12582	2200.9	2434.8	18637.3
50539	2204.5	2513.5	17869.5
66728	2209.4	2471.9	17710.3
34909	2217.2	2489.7	18235.6
41337	2207.4	2438.5	18082.7
11295	2213.7	2482.7	18026.4
10581	2210.0	2433.8	17712.4
6138	2215.9	2482.0	18371.3
69178	2195.3	2440.1	17432.9
26955	2205.8	2427.8	17451.9
15691	2200.4	2432.5	17440.9
33227	2211.8	2460.0	17874.2
63981	2205.6	2414.2	17592.1
74965	2195.8	2497.7	17879.0
5942	2197.4	2421.1	17496.0
24402	2233.8	2504.7	18388.8
13979	2197.1	2396.1	17274.0
50239	2214.9	2413.1	17562.9
15684	2201.6	2407.9	17440.0
31877	2206.7	2431.1	17753.1
46949	2214.9	2460.2	17998.3
3938	2197.6	2419.0	17387.9
67996	2223.9	2483.4	18274.7
69780	2202.6	2408.5	17540.7
74333	2204.9	2454.7	17744.2
50595	2198.4	2421.4	17539.0
66262	2205.5	2434.1	17737.5
70279	2202.5	2442.9	17819.8
21389	2200.0	2443.1	17815.1
31500	2217.9	2473.1	18001.4
15777	2212.6	2461.8	17992.2
26821	2191.7	2455.0	17357.6
22203	2181.9	2461.0	17516.5
17424	2211.1	2421.1	17691.0
13796	2221.8	2452.0	17933.1
62115	2215.0	2493.5	17910.4
3985	2209.1	2466.6	17723.5
44695	2208.9	2468.9	17741.6
15369	2215.3	2459.1	17939.4
59977	2204.1	2422.6	17784.6
76146	2199.3	2429.8	17668.7
31391	2206.3	2444.1	18065.3
34622	2197.6	2495.9	17906.2
35616	2203.4	2438.7	17862.5
17178	2211.0	2446.3	17896.0
5107	2219.4	2467.2	18353.0
6922	2212.5	2481.6	18570.8
60496	2206.9	2459.3	17950.4
39934	2202.0	2489.5	17826.9
42274	2203.5	2444.5	17935.4
24037	2209.3	2435.9	17859.8
42414	2197.7	2419.6	17742.2
5903	2212.9	2422.0	17665.4
52852	2209.1	2408.0	17326.3
21529	2221.9	2452.2	17960.1
64162	2191.8	2392.4	17457.0
36680	2205.9	2450.5	17690.4
37723	2217.5	2493.9	17928.1
39186	2204.3	2436.2	17574.7
45194	2201.9	2436.0	17882.2
52344	2203.6	2497.8	18210.5
49661	2207.6	2470.3	23736.3
23167	2202.5	2470.2	17821.5
70991	2207.4	2424.5	17688.4
14248	2204.3	2439.4	18014.4
20770	2211.3	2427.3	17603.4
11907	2199.4	2452.9	17743.4
18704	2197.6	2442.9	17606.0
25395	2217.8	2461.6	17927.8
13750	2199.5	2474.6	17806.7
40323	2199.6	2425.9	17330.1
29925	2186.9	2402.9	17307.3
68340	2198.6	2358.5	17387.0
31711	2215.1	2452.3	17957.7
33334	2196.6	2417.6	17254.8
46203	2216.2	2426.4	17906.1
842	2202.8	2393.8	17517.5
53703	2201.0	2424.0	17490.5
46977	2212.8	2523.9	18048.2
67979	2205.4	2437.8	18034.9
49115	2227.1	2485.3	18247.4
33305	2207.0	2454.8	17727.7
28408	2206.7	2461.4	17657.2
39594	2209.9	2439.1	17558.0
51297	2205.7	2466.9	17885.8
64802	2215.1	2502.1	17942.8
6233	2210.0	2452.0	17903.1
64403	2195.4	2415.2	17839.9
4799	2213.3	2450.7	17898.5
28407	2207.8	2447.0	17868.7
70665	2215.1	2482.8	18220.2
58534	2205.9	2418.2	17646.9
12795	2204.1	2470.6	17646.1
42587	2212.8	2503.7	17841.2
13311	2205.1	2472.2	17741.5
54187	2202.8	2431.3	17544.7
37104	2196.4	2405.9	17227.0
19482	2196.0	2458.4	17358.9
10164	2204.8	2414.1	17393.0
40593	2195.1	2444.7	17324.7
70906	2205.9	2429.4	17867.0
5872	2209.8	2457.3	17690.8
35121	2209.6	2484.0	17932.0
26056	2194.3	2374.0	17204.1
27554	2205.6	2503.2	18050.7
1675	2205.2	2463.3	17684.4
77066	2209.4	2476.5	18154.6
73203	2206.9	2452.9	17798.6
53529	2212.1	2455.0	18017.3
33344	2211.8	2411.2	17836.4
33755	2217.6	2511.4	18351.7
71068	2208.1	2396.3	17589.8
15258	2201.8	2483.5	17768.0
58837	2200.5	2412.0	17556.9
60381	2204.9	2452.2	17760.5
51381	2199.4	2447.8	17650.3
78234	2204.3	2471.2	17653.0
47472	2225.0	2449.9	18088.0
10957	2196.9	2426.2	17519.7
63298	2201.2	2437.8	17500.5
14703	2205.7	2461.6	18004.3
25886	2211.7	2451.5	17770.3
31021	2212.1	2454.0	18018.1
5968	2197.7	2446.6	17611.9
14682	2222.4	2540.2	18309.1
37678	2209.6	2447.6	17688.4
66859	2209.1	2445.0	17666.2
16552	2209.6	2454.8	17646.8
69244	2207.4	2436.1	17721.1
62087	2203.2	2457.1	17642.1
27964	2202.2	2476.7	17829.8
19798	2216.2	2490.3	17732.8
70608	2211.0	2456.6	18140.0
51395	2205.0	2418.3	17607.4
63525	2197.7	2414.0	17352.2
34860	2205.2	2512.4	18014.1
1166	2195.4	2412.6	17276.0
60037	2214.5	2467.4	18452.3
48798	2210.8	2438.2	17782.9
52774	2209.3	2449.7	17514.0
74380	2201.2	2387.5	17353.2
18780	2207.9	2422.2	17899.4
54546	2192.0	2430.1	17473.5
79917	2214.4	2498.6	18252.1
