4446	1082.4	1344.0	2494.1
3258	1081.6	1366.6	2514.7
3307	1076.4	1318.6	2469.0
1032	1074.1	1362.5	2552.6
4541	1065.5	1365.8	2522.0
2221	1061.6	1334.8	2483.2
4255	1078.4	1354.8	2502.9
3651	1076.4	1311.9	2498.5
4573	1076.0	1281.6	2414.1
770	1063.5	1315.5	2422.2
4529	1077.3	1342.0	2452.6
4474	1069.3	1325.2	2438.6
4676	1070.1	1315.9	2458.9
3054	1079.2	1328.1	2459.8
3695	1061.6	1284.1	2414.5
1037	1083.3	1338.9	2527.4
3199	1070.3	1292.1	2430.1
2183	1064.5	1341.3	2476.4
3421	1071.9	1322.9	2469.6
654	1071.1	1323.8	2435.6
805	1073.6	1357.0	2474.4
1481	1068.6	1317.9	2464.1
3798	1059.0	1277.8	2396.2
4033	1072.2	1283.5	2457.5
3881	1064.5	1277.4	2400.2
4325	1070.2	1289.9	2444.3
1212	1062.7	1278.4	2437.8
2193	1067.7	1277.5	2428.9
171	1080.9	1362.9	2538.4
3985	1077.7	1316.3	2478.4
2012	1065.9	1285.9	2436.7
4376	1073.9	1331.5	2491.0
2505	1078.2	1364.1	2522.0
4902	1063.8	1336.0	2482.6
2220	1061.6	1334.3	2471.7
93	1075.8	1341.6	2488.4
1608	1061.1	1275.4	2423.6
1290	1053.3	1260.0	2386.6
2273	1076.3	1322.6	2437.7
4357	1062.8	1347.9	2492.0
3938	1073.2	1276.8	2425.9
2802	1067.4	1314.3	2501.3
4619	1078.6	1348.9	2479.4
2800	1070.9	1303.3	2411.8
1829	1066.7	1277.2	2447.5
141	1073.4	1312.3	2441.4
1065	1086.8	1331.7	2472.8
1192	1068.6	1376.3	2513.2
4774	1065.7	1346.7	2472.9
203	1070.0	1297.2	2459.6
4076	1069.6	1308.2	2459.7
4829	1085.0	1318.5	2468.7
2737	1063.8	1289.1	2406.0
4034	1079.3	1294.2	2441.8
4712	1071.5	1345.9	2471.3
3300	1069.8	1353.4	2520.0
1761	1060.8	1323.8	2405.9
4398	1071.6	1319.8	2469.1
1935	1067.7	1288.0	2421.4
4350	1054.2	1313.6	2420.9
4646	1070.2	1349.4	2475.0
4268	1053.8	1343.1	2428.5
3765	1070.6	1297.0	2426.8
3856	1073.0	1310.9	2436.0
3658	1072.8	1326.9	2453.2
1382	1075.1	1326.9	2480.6
969	1083.8	1337.7	2644.5
2194	1060.2	1363.7	2485.4
579	1061.2	1279.5	2437.6
949	1066.6	1287.5	2416.7
789	1081.8	1286.8	2471.2
2079	1064.8	1323.3	2522.3
3844	1076.6	1381.9	2531.3
1802	1068.7	1281.7	2592.3
35	1055.9	1249.1	2383.7
2844	1064.4	1305.2	2465.8
3778	1090.3	1358.7	2535.1
2927	1075.2	1355.1	2466.9
3973	1090.8	1307.3	2489.2
936	1071.4	1307.6	2460.4
3509	1062.7	1368.7	2495.7
4416	1076.8	1323.9	2449.9
3854	1078.8	1413.3	2517.7
1825	1066.4	1343.6	2453.3
4598	1066.7	1307.2	2432.5
3846	1070.8	1300.6	2416.9
1944	1069.5	1357.2	2513.3
4176	1074.2	1275.3	2401.7
1263	1072.8	1308.5	2597.4
3873	1083.9	1337.1	2493.1
738	1067.6	1295.2	2477.3
3007	1079.2	1362.5	2582.0
1226	1074.7	1292.1	2488.1
1702	1070.0	1290.6	2415.9
2214	1075.4	1309.7	2474.8
960	1070.3	1335.3	2563.7
553	1080.2	1375.6	2483.4
857	1065.9	1334.3	2478.5
364	1077.3	1278.3	2414.0
3111	1065.6	1301.9	2456.2
4403	1059.7	1321.6	2498.9
201	1072.8	1289.6	2429.8
4221	1065.6	1286.4	2397.8
4562	1079.3	1323.2	2516.1
1598	1061.8	1312.8	2475.6
1968	1063.1	1345.3	2486.1
4756	1076.6	1332.2	2587.6
486	1077.9	1307.2	2419.3
3862	1066.4	1321.2	2436.6
537	1055.6	1319.3	2436.9
1150	1083.4	1388.9	2551.4
4925	1075.8	1352.0	2487.5
3182	1080.5	1327.2	2522.1
2238	1083.2	1340.2	2522.9
3494	1090.5	1375.4	2569.1
3600	1081.2	1346.0	2510.4
2812	1072.5	1329.3	2502.8
1478	1063.5	1303.5	2402.2
2180	1054.9	1291.3	2413.4
3802	1076.5	1335.3	2487.5
528	1069.7	1314.3	2445.4
3051	1073.0	1306.3	2486.4
4891	1059.2	1319.1	2441.7
1703	1051.4	1274.0	2451.6
3970	1057.3	1293.3	2432.3
246	1063.3	1298.3	2407.6
4588	1070.9	1303.6	2454.3
128	1087.0	1352.8	2510.5
3591	1066.0	1274.0	2410.2
843	1076.6	1309.9	2447.6
840	1089.4	1341.4	2500.5
2469	1077.1	1340.2	2502.9
1889	1069.5	1320.6	2467.2
326	1080.0	1330.9	2489.5
3580	1051.1	1312.8	2418.8
1898	1079.4	1372.5	2521.8
2787	1064.5	1295.2	2432.9
1184	1089.4	1332.8	2552.9
2846	1057.0	1294.5	2425.2
8	1060.4	1310.3	2489.2
1219	1069.9	1299.2	2450.4
850	1062.0	1299.8	2438.1
2978	1082.0	1363.5	2512.6
4633	1073.1	1327.4	2453.1
4414	1072.3	1340.2	2480.9
2665	1069.7	1322.4	2451.9
1887	1064.4	1269.5	2407.4
3285	1058.5	1252.1	2380.1
2035	1066.8	1333.7	2461.4
2135	1067.0	1295.6	2406.8
3032	1061.3	1275.3	2414.8
3625	1070.4	1264.2	2395.3
2477	1057.5	1311.0	2402.8
3165	1079.8	1290.8	2436.0
4875	1058.4	1276.5	2381.3
2775	1054.1	1255.1	2428.6
2639	1073.2	1303.1	2444.5
363	1079.4	1416.0	2516.1
4116	1086.2	1338.5	2460.6
4282	1073.5	1332.2	2514.3
2563	1070.8	1279.0	2428.3
3456	1067.4	1257.9	2412.3
4436	1067.5	1355.1	2491.7
3926	1074.1	1341.0	2469.7
2456	1067.7	1326.9	2398.2
275	1069.0	1338.2	2436.3
1391	1071.4	1289.6	2416.7
4459	1057.2	1322.2	2430.3
4096	1075.9	1345.4	2506.9
4921	1066.8	1337.9	2479.3
3232	1064.9	1315.3	2432.2
103	1070.3	1369.3	2463.5
2272	1069.7	1348.4	2475.7
3034	1077.6	1343.8	2490.5
3490	1071.8	1378.1	2536.9
1189	1069.0	1290.1	2396.6
1609	1053.4	1289.5	2458.8
320	1062.8	1227.9	2362.2
4790	1070.4	1302.2	2446.2
3813	1068.9	1301.0	2430.4
3039	1073.6	1347.2	2505.0
466	1075.9	1298.9	2481.2
1744	1061.3	1288.2	2415.4
3426	1065.1	1356.3	2486.3
1833	1068.0	1274.1	2384.2
1828	1067.9	1273.7	2422.0
1232	1070.7	1344.4	2468.0
1118	1086.9	1345.9	2534.7
3326	1084.1	1303.3	2471.9
3260	1079.8	1308.6	2484.7
4994	1079.2	1337.4	2427.6
2865	1062.4	1346.3	2474.0
3575	1073.5	1354.5	2489.1
4088	1068.3	1317.0	2464.3
863	1073.3	1345.5	2481.5
1066	1071.8	1372.6	2506.2
1660	1070.7	1346.4	2492.1
1126	1059.6	1326.0	2411.6
635	1079.0	1360.7	2485.0
4274	1070.8	1383.2	2517.9
2344	1074.1	1306.6	2440.5
4008	1060.6	1247.2	2386.3
3295	1077.1	1334.6	2520.4
3003	1064.5	1299.4	2418.2
3059	1075.5	1306.8	2449.2
2726	1067.0	1330.3	2459.7
1872	1069.2	1320.0	2440.5
2427	1066.3	1261.3	2399.4
2375	1062.8	1298.6	2454.3
3688	1075.4	1318.5	2484.3
887	1067.5	1345.4	2467.0
3252	1054.0	1287.9	2422.1
3960	1062.3	1295.0	2445.6
410	1056.9	1285.6	2411.4
2806	1079.0	1281.0	2423.6
1862	1068.3	1379.4	2470.9
200	1058.9	1281.8	2405.9
4224	1079.2	1365.4	2521.3
773	1084.5	1387.1	2577.9
4603	1082.2	1320.9	2476.0
2388	1078.6	1335.0	2469.6
1056	1057.1	1299.3	2408.2
4834	1055.6	1284.0	2409.0
3538	1075.8	1315.4	2467.0
2751	1068.8	1322.8	2466.7
1042	1068.5	1366.9	2499.1
4846	1057.4	1288.1	2418.2
530	1077.2	1303.8	2495.4
1815	1087.3	1381.1	2550.3
4216	1077.4	1372.1	2489.7
4734	1048.9	1293.8	2371.2
3772	1083.4	1356.9	2499.0
1577	1065.9	1402.4	2540.1
2	1066.0	1290.0	2401.4
4985	1079.5	1297.2	2387.6
1111	1063.5	1274.2	2444.1
192	1074.7	1309.2	2476.1
1972	1068.6	1280.6	2441.3
1053	1067.5	1323.8	2425.5
2801	1064.0	1347.8	2459.2
4776	1083.1	1364.8	2524.6
3566	1060.0	1318.6	2477.2
4974	1062.6	1256.7	2392.5
3865	1070.3	1308.2	2460.5
4940	1071.9	1306.1	2465.5
2105	1071.3	1311.4	2423.7
4079	1062.6	1266.5	2362.7
1378	1060.2	1294.5	2447.7
1011	1067.3	1317.8	2428.0
4145	1051.7	1265.2	2409.4
2851	1079.6	1327.8	2496.2
4574	1071.4	1262.3	2409.4
4262	1073.3	1344.7	2453.9
4898	1067.1	1314.4	2462.7
4409	1063.9	1289.5	2400.6
3878	1076.5	1332.4	2461.7
3808	1076.4	1308.3	2438.6
721	1075.0	1278.0	2431.0
1239	1066.1	1350.5	2482.2
94	1058.5	1277.0	2391.0
4263	1055.9	1294.1	2425.1
2443	1083.5	1331.5	2518.3
4128	1085.8	1373.7	2524.9
3897	1075.4	1347.1	2457.5
1857	1060.9	1258.8	2398.9
3131	1072.8	1345.2	2575.8
3319	1074.2	1334.8	2435.1
3558	1060.4	1273.7	2394.0
4848	1071.3	1318.1	2486.2
1311	1054.5	1292.8	2504.5
373	1065.7	1260.0	2423.6
4705	1070.2	1302.1	2471.7
1055	1075.1	1334.3	2462.5
1831	1065.8	1285.9	2403.7
2378	1057.9	1296.4	2423.9
3894	1074.3	1347.7	2483.0
3068	1067.6	1300.4	2448.5
1819	1063.6	1344.9	2508.2
2148	1058.6	1363.5	2443.9
3731	1064.4	1332.9	2511.4
3324	1075.8	1393.4	2571.9
3828	1076.0	1369.6	2520.5
2930	1075.5	1299.5	2458.2
4691	1066.6	1304.2	2466.7
888	1071.5	1288.4	2440.6
3043	1079.1	1337.2	2511.9
4780	1064.5	1309.7	2460.6
2121	1071.3	1313.6	2490.8
3406	1065.3	1339.4	2457.2
3563	1050.4	1286.7	2469.0
935	1072.9	1344.1	2461.1
4695	1061.7	1280.4	2426.3
758	1068.2	1321.6	2446.8
1101	1075.7	1312.3	2445.8
1879	1061.9	1320.5	2483.5
4832	1069.4	1372.3	2524.5
4149	1063.6	1331.0	2475.7
2525	1067.9	1347.3	2554.8
2550	1057.1	1326.3	2424.2
2742	1068.2	1334.5	2460.1
1711	1068.6	1343.0	2525.9
3661	1079.4	1342.5	2495.0
2945	1081.2	1319.6	2484.8
1141	1079.2	1366.7	2549.8
3963	1069.7	1329.0	2459.5
386	1085.4	1346.2	2448.8
4173	1076.5	1351.2	2492.6
4590	1074.5	1347.8	2554.0
1051	1064.0	1331.3	2510.7
769	1068.9	1297.4	2479.6
3871	1070.8	1321.8	2426.4
4182	1070.1	1292.3	2420.0
268	1062.5	1307.4	2465.2
2600	1070.1	1279.7	2422.7
1455	1071.6	1293.3	2420.5
3969	1068.6	1293.5	2430.4
3788	1059.0	1285.6	2445.8
1339	1063.9	1296.6	2445.4
1820	1070.7	1338.4	2459.3
4903	1071.1	1333.4	2464.0
2809	1080.7	1345.8	2499.3
4057	1070.3	1312.0	2471.0
2134	1073.2	1357.1	2523.0
460	1074.6	1295.8	2473.1
300	1071.5	1324.7	2510.0
3990	1064.3	1284.1	2430.9
358	1073.2	1300.5	2487.2
4258	1062.3	1318.2	2460.6
2169	1068.8	1298.7	2435.8
3732	1072.6	1283.5	2453.7
2411	1068.6	1286.3	2439.4
851	1068.1	1310.5	2437.8
4740	1084.2	1369.3	2502.6
4164	1078.4	1368.3	2518.0
299	1060.3	1284.1	2434.4
1098	1056.3	1278.3	2406.6
487	1067.1	1325.8	2506.4
2010	1058.9	1271.9	2405.9
4871	1068.3	1313.3	2429.4
1415	1077.4	1369.6	2507.9
3328	1068.3	1235.7	2415.5
2048	1057.2	1293.4	2413.7
3951	1065.4	1294.8	2416.0
1121	1072.9	1355.5	2485.6
746	1049.7	1279.3	2428.8
205	1074.5	1373.7	2507.4
2431	1073.8	1311.6	2436.3
4405	1062.4	1278.2	2428.6
2493	1079.7	1371.5	2545.8
3888	1053.2	1285.2	2429.1
1738	1066.5	1336.6	2463.2
1555	1082.9	1365.5	2523.4
4791	1069.5	1297.9	2469.3
2758	1063.9	1277.6	2416.1
2818	1069.9	1304.6	2428.1
3146	1074.2	1315.9	2480.9
716	1056.5	1323.0	2464.2
2057	1066.2	1301.4	2443.3
3308	1059.3	1260.6	2406.7
407	1056.6	1292.4	2424.5
4183	1051.3	1285.6	2417.0
98	1068.7	1327.0	2508.7
1886	1067.4	1334.4	2491.2
3207	1072.6	1355.6	2507.4
774	1069.7	1323.5	2449.6
4175	1071.4	1299.4	2451.8
1518	1058.3	1294.3	2501.7
4612	1056.7	1343.6	2444.6
728	1071.0	1372.6	2474.8
4018	1067.6	1312.3	2439.0
2822	1070.2	1343.7	2430.1
2548	1068.6	1313.0	2438.5
3219	1065.9	1375.3	2537.4
2171	1060.7	1293.6	2421.1
313	1067.4	1306.6	2461.6
4418	1078.3	1343.7	2462.6
3706	1061.9	1276.0	2392.8
4941	1065.2	1261.0	2407.8
4440	1066.3	1293.5	2402.0
1856	1080.4	1327.9	2497.7
4639	1071.9	1348.7	2463.5
4934	1063.2	1329.9	2487.9
1373	1070.4	1281.0	2418.2
447	1082.9	1365.4	2473.3
700	1069.0	1284.0	2392.1
2082	1070.9	1273.9	2398.2
3028	1078.6	1285.9	2447.0
2153	1066.6	1273.2	2475.0
1287	1065.0	1296.0	2439.6
1538	1075.5	1347.2	2527.0
1485	1065.0	1303.2	2403.7
2027	1080.2	1334.6	2496.6
1975	1073.1	1320.6	2464.6
1072	1078.2	1355.3	2490.0
1663	1062.2	1293.7	2447.2
2260	1070.0	1327.3	2465.1
834	1072.9	1341.5	2500.3
2263	1068.6	1256.4	2418.0
484	1068.6	1288.8	2418.4
1540	1077.6	1344.0	2490.4
174	1058.5	1296.9	2399.8
679	1077.4	1336.4	2476.8
3078	1073.7	1372.0	2603.2
389	1063.7	1239.3	2377.0
1860	1073.0	1356.9	2459.6
995	1078.7	1358.1	2511.5
2464	1059.6	1296.1	2440.2
1520	1075.5	1351.3	2459.6
1504	1061.8	1311.6	2412.1
476	1075.0	1269.3	2460.2
4341	1054.6	1269.7	2373.3
671	1067.6	1312.7	2466.8
4673	1065.2	1297.4	2500.3
2571	1067.8	1313.3	2420.3
150	1082.7	1310.4	2497.1
3063	1063.5	1298.1	2508.1
3833	1069.4	1301.7	2465.9
4645	1080.3	1345.3	2556.1
3402	1068.7	1299.6	2450.3
3037	1074.9	1328.2	2511.1
759	1063.5	1307.3	2473.7
1596	1056.6	1260.8	2396.0
1512	1062.5	1260.1	2427.1
3125	1069.7	1283.8	2476.2
430	1076.7	1343.7	2500.8
4995	1064.7	1274.2	2413.0
2567	1078.9	1324.1	2481.5
1394	1060.3	1286.5	2432.6
1593	1073.6	1271.9	2404.9
2294	1071.0	1322.3	2480.0
97	1070.5	1313.1	2469.4
2399	1057.1	1254.8	2422.0
428	1063.4	1326.7	2441.7
4535	1079.3	1303.7	2463.6
3349	1073.7	1338.9	2465.8
1669	1072.5	1327.3	2471.3
3334	1056.6	1291.6	2407.4
3299	1065.4	1297.8	2459.8
3247	1079.1	1333.5	2492.9
2673	1070.6	1310.8	2464.7
4231	1071.2	1317.1	2437.3
139	1073.0	1325.9	2542.4
3496	1072.6	1330.7	2490.2
4893	1076.7	1333.6	2454.7
3584	1075.3	1349.6	2516.6
1966	1078.0	1457.1	2743.1
3779	1066.7	1292.6	2473.9
2139	1074.5	1306.6	2440.3
3293	1080.6	1341.1	2453.5
2980	1076.6	1318.2	2459.3
4842	1073.1	1275.2	2434.1
4620	1076.1	1327.7	2543.8
1431	1065.0	1324.4	2445.2
4698	1068.3	1262.8	2366.6
4684	1076.6	1267.7	2385.3
4001	1073.0	1341.3	2475.7
1406	1078.5	1328.6	2492.1
1023	1078.8	1399.8	2638.8
2032	1065.3	1307.0	2452.6
942	1090.9	1337.5	2512.8
1310	1056.7	1295.0	2472.6
1140	1058.9	1334.9	2487.4
4117	1077.0	1345.7	2469.9
4302	1079.9	1347.4	2514.6
4	1071.6	1317.3	2501.5
1461	1064.1	1323.4	2452.7
3467	1077.6	1421.1	2528.2
3091	1064.0	1300.5	2418.3
1673	1063.7	1246.6	2385.3
1343	1072.2	1350.5	2482.4
4534	1057.8	1296.9	2418.1
1341	1084.1	1327.3	2491.0
2995	1064.5	1320.1	2494.5
4190	1076.8	1303.8	2407.7
3331	1067.2	1268.2	2426.6
665	1067.5	1335.9	2465.0
4869	1066.6	1289.5	2440.3
420	1069.4	1350.6	2500.3
4345	1073.4	1341.8	2479.9
2000	1076.5	1338.2	2531.5
2580	1072.1	1317.4	2457.3
331	1063.6	1276.0	2446.6
4961	1067.8	1284.9	2428.0
1091	1076.4	1328.2	2464.5
3492	1063.5	1281.1	2410.0
691	1086.0	1364.4	2497.4
3662	1077.7	1328.1	2477.7
4810	1078.8	1326.3	2521.9
4311	1066.8	1301.2	2455.6
593	1061.7	1290.3	2426.1
1754	1059.7	1311.5	2485.0
394	1073.8	1276.8	2386.3
2041	1054.7	1265.8	2397.5
1618	1083.9	1323.2	2460.5
3352	1073.1	1341.2	2483.6
474	1070.2	1308.2	2428.3
2986	1069.5	1339.3	2475.7
1473	1072.0	1369.9	2439.6
3533	1083.5	1325.6	2507.5
3832	1076.2	1327.8	2496.4
3070	1067.2	1343.0	2479.4
1659	1073.7	1377.2	2496.4
2071	1068.9	1313.1	2459.8
2095	1068.0	1316.4	2499.1
86	1073.1	1358.7	2461.7
4546	1073.3	1301.1	2452.3
1814	1062.2	1306.4	2428.2
4667	1065.9	1333.8	2456.2
2828	1072.7	1367.7	2541.6
4509	1062.0	1313.8	2434.5
4077	1061.1	1311.8	2453.0
2643	1063.8	1286.5	2434.0
3853	1063.9	1344.2	2439.6
798	1066.6	1314.6	2472.7
479	1075.7	1388.8	2518.5
2697	1076.8	1304.5	2480.5
3605	1070.4	1276.6	2412.8
799	1073.3	1342.1	2497.9
282	1059.9	1277.1	2386.8
1423	1066.9	1307.3	2477.4
672	1070.4	1331.1	2469.2
4185	1055.2	1272.2	2411.7
2400	1075.5	1349.6	2513.1
1472	1084.6	1377.5	2526.8
3721	1072.0	1301.6	2483.1
429	1072.2	1344.4	2453.1
1408	1075.1	1342.6	2458.7
1069	1069.6	1253.4	2397.0
673	1068.6	1272.2	2452.1
215	1059.5	1343.0	2460.1
343	1070.4	1338.6	2450.5
1854	1085.0	1336.3	2493.3
4551	1067.1	1306.9	2518.9
122	1052.5	1277.8	2412.8
2863	1071.3	1282.1	2417.8
3966	1069.4	1323.7	2432.6
4890	1063.0	1263.9	2416.3
4115	1071.5	1339.9	2476.8
311	1072.4	1313.0	2483.8
4914	1071.1	1289.7	2475.7
4332	1067.4	1408.7	2532.3
2936	1064.1	1307.8	2444.0
1852	1057.5	1299.0	2431.0
3839	1076.5	1395.9	2509.1
4843	1077.4	1299.2	2449.6
2544	1067.8	1314.9	2428.0
2595	1063.6	1301.0	2444.1
338	1061.1	1274.2	2408.0
4010	1078.4	1343.7	2439.4
3920	1071.2	1351.4	2551.8
73	1079.3	1416.7	2530.5
4104	1065.9	1287.6	2476.6
539	1072.4	1334.6	2459.3
1873	1077.8	1298.6	2483.2
3027	1077.4	1383.7	2519.4
1732	1058.8	1305.3	2403.9
1153	1060.8	1289.6	2429.7
2246	1060.7	1341.1	2531.4
4933	1068.1	1339.4	2481.3
1132	1070.9	1346.6	2501.9
526	1076.7	1363.7	2497.9
4710	1078.7	1316.9	2464.4
3431	1059.6	1264.1	2439.3
1844	1071.7	1310.2	2477.3
2536	1066.2	1265.6	2402.6
4796	1063.1	1317.5	2441.2
966	1069.1	1327.6	2498.4
1759	1067.9	1344.3	2496.6
3262	1069.3	1258.9	2420.4
3619	1062.3	1307.7	2462.0
1826	1064.9	1262.0	2420.2
657	1076.6	1339.9	2469.1
4429	1060.3	1312.4	2421.4
3780	1078.8	1338.9	2470.9
2834	1063.8	1307.3	2447.9
3822	1079.6	1328.2	2486.3
607	1072.5	1373.8	2516.7
3689	1072.7	1383.1	2550.4
3531	1082.9	1390.4	2558.2
3052	1055.7	1263.1	2436.2
2175	1072.3	1360.2	2477.4
2932	1077.7	1330.2	2444.4
2063	1069.8	1353.4	2552.6
3909	1076.9	1320.6	2468.7
837	1080.4	1391.0	2587.2
2029	1061.8	1309.2	2462.5
3607	1072.3	1342.4	2526.4
4637	1062.2	1341.8	2426.3
2364	1082.3	1389.5	2548.7
1547	1076.9	1332.8	2435.8
3442	1067.2	1279.3	2411.2
1662	1072.0	1287.8	2447.4
1008	1064.5	1318.4	2413.9
1120	1067.4	1312.4	2412.9
815	1067.6	1335.3	2461.8
1931	1076.0	1341.7	2476.7
1419	1072.7	1267.2	2391.9
1178	1063.7	1328.0	2432.3
3050	1061.6	1288.4	2422.7
2626	1068.2	1316.2	2455.5
1647	1061.0	1317.6	2446.1
3857	1055.3	1328.4	2391.5
2522	1058.5	1273.5	2412.8
3682	1062.9	1282.0	2442.1
3228	1084.1	1323.5	2482.5
1385	1075.3	1339.0	2459.5
2820	1076.3	1345.4	2503.3
3385	1070.0	1287.1	2405.5
4659	1072.3	1296.7	2463.2
3073	1074.1	1326.8	2484.7
3776	1087.4	1330.7	2516.5
814	1079.5	1338.2	2425.5
1151	1072.1	1349.5	2482.6
4967	1077.5	1353.2	2484.2
2805	1064.6	1300.3	2448.9
2225	1070.9	1290.0	2444.9
337	1069.4	1317.2	2496.4
4296	1074.1	1340.6	2500.2
3148	1075.4	1312.8	2414.9
3876	1066.7	1294.9	2434.5
640	1065.7	1311.3	2474.8
4141	1065.6	1331.0	2490.0
1052	1085.9	1342.8	2451.0
1908	1068.5	1312.7	2452.1
2161	1063.9	1283.3	2424.7
4389	1088.6	1328.7	2492.7
1216	1060.3	1234.8	2388.7
4915	1065.9	1287.5	2445.1
2541	1069.4	1337.1	2395.9
3540	1083.3	1312.7	2484.0
3235	1073.5	1273.5	2422.5
3010	1076.9	1316.3	2496.5
82	1065.0	1303.7	2447.5
3383	1057.7	1330.6	2443.8
469	1068.4	1334.8	2493.2
111	1071.8	1289.1	2468.5
802	1076.4	1379.6	2490.6
4996	1082.5	1369.6	2557.2
3153	1077.2	1313.2	2455.6
1573	1072.4	1283.4	2510.1
188	1051.3	1299.7	2451.8
463	1072.9	1335.3	2459.8
2716	1070.7	1287.0	2431.1
4910	1068.2	1312.2	2474.7
733	1081.5	1366.8	2481.6
704	1071.7	1300.4	2433.1
518	1074.9	1318.6	2492.8
1325	1048.9	1251.9	2369.3
2236	1072.8	1326.7	2464.8
4339	1068.8	1317.2	2437.7
3401	1067.2	1346.3	2549.5
2785	1084.8	1358.4	2522.6
254	1070.5	1399.7	2469.3
4501	1067.5	1363.6	2494.9
3942	1082.5	1396.1	2547.5
1218	1078.5	1339.3	2533.8
2219	1072.4	1286.7	2438.6
4532	1072.8	1346.4	2443.4
1948	1064.8	1287.4	2416.7
4660	1071.0	1342.5	2481.5
3263	1068.5	1319.0	2472.6
3076	1071.1	1319.1	2432.2
842	1066.1	1412.4	2519.6
1708	1082.0	1324.2	2441.8
2045	1078.2	1328.1	2470.3
3948	1069.7	1270.9	2454.2
3354	1076.6	1305.1	2466.4
4586	1069.0	1322.2	2522.0
4912	1084.9	1300.8	2453.2
1756	1065.8	1300.0	2425.2
4016	1070.1	1330.5	2466.0
1112	1080.3	1377.2	2548.3
894	1062.3	1267.5	2413.5
1307	1062.2	1285.0	2421.8
1572	1065.0	1311.8	2460.5
1460	1074.8	1315.5	2438.1
3579	1063.7	1269.3	2430.8
1062	1062.3	1309.1	2457.7
2692	1065.6	1309.8	2473.9
3463	1060.2	1313.1	2409.9
3343	1062.7	1309.2	2447.4
4093	1082.3	1343.7	2489.1
383	1062.6	1293.6	2417.6
3845	1075.5	1334.5	2475.0
156	1085.5	1355.7	2490.9
4984	1068.1	1263.8	2396.3
2752	1066.3	1317.5	2465.9
3792	1068.4	1334.7	2475.2
1730	1071.2	1290.8	2418.0
545	1074.9	1274.6	2456.5
4017	1068.6	1288.6	2481.3
3611	1069.7	1300.9	2419.6
2191	1070.1	1312.2	2466.4
2059	1064.9	1260.3	2428.4
1353	1076.7	1337.3	2476.5
2720	1076.8	1322.8	2499.2
1850	1063.0	1321.4	2457.1
3714	1066.7	1353.2	2479.5
3181	1074.5	1296.0	2465.2
2791	1060.7	1292.3	2434.5
2453	1075.2	1388.0	2486.7
4883	1060.1	1275.0	2468.1
4179	1077.1	1330.9	2507.3
2197	1077.5	1335.9	2476.2
2911	1069.5	1296.2	2497.2
4012	1059.9	1287.4	2407.6
2288	1078.7	1353.8	2496.9
1755	1069.9	1342.8	2471.7
79	1058.4	1305.6	2416.7
4352	1060.5	1296.2	2425.2
72	1061.6	1285.7	2421.1
2645	1069.5	1313.8	2456.9
780	1072.7	1351.8	2517.1
3340	1069.5	1348.8	2441.2
4929	1077.5	1338.7	2551.0
4626	1079.5	1377.7	2491.3
2897	1065.9	1340.4	2500.8
4982	1060.8	1296.3	2422.7
1039	1072.9	1313.5	2447.3
683	1058.7	1303.8	2411.0
2700	1066.1	1328.1	2483.6
2924	1059.9	1286.7	2383.6
151	1065.5	1321.7	2487.7
3209	1075.0	1321.0	2497.7
4797	1061.0	1268.2	2382.8
2520	1060.2	1306.9	2469.9
4958	1073.5	1396.9	2532.4
4927	1061.5	1363.9	2447.8
3519	1068.3	1319.3	2465.3
2794	1069.0	1263.4	2396.2
3026	1067.9	1271.4	2415.9
4394	1058.8	1291.5	2408.6
3996	1061.1	1325.4	2412.9
3900	1081.2	1291.7	2440.2
3570	1056.2	1304.5	2423.9
1853	1067.3	1294.1	2421.7
2857	1073.8	1321.5	2568.5
4561	1059.0	1300.6	2399.3
1201	1076.3	1305.3	2476.7
979	1062.8	1327.2	2446.3
1225	1079.3	1391.5	2569.0
437	1061.5	1326.5	2439.6
2100	1058.5	1317.2	2450.8
4512	1062.7	1245.7	2394.3
3637	1065.1	1316.1	2520.4
1757	1066.5	1320.7	2445.7
1560	1071.4	1354.0	2497.5
3627	1071.5	1367.1	2526.4
867	1064.7	1286.9	2426.9
3992	1070.0	1370.6	2485.6
1748	1071.0	1322.3	2478.1
583	1064.7	1302.5	2430.1
1288	1062.3	1338.3	2473.8
3864	1076.6	1369.2	2450.8
81	1076.5	1337.6	2495.0
173	1072.9	1375.8	2485.1
4870	1066.4	1306.9	2411.4
83	1075.3	1348.7	2425.9
1980	1065.6	1283.8	2411.1
4599	1070.0	1292.7	2456.3
3529	1060.2	1314.3	2429.7
4564	1060.9	1351.8	2470.4
28	1067.3	1299.6	2484.2
379	1058.8	1301.4	2439.5
3109	1071.2	1320.5	2454.1
3455	1086.1	1366.0	2460.2
1108	1075.1	1361.9	2512.0
2329	1075.6	1317.3	2450.2
3245	1068.7	1335.2	2454.6
3095	1071.3	1317.2	2461.3
3869	1083.2	1360.0	2494.1
2675	1069.0	1271.4	2415.4
4392	1069.3	1265.7	2384.3
1771	1073.6	1339.2	2509.3
4346	1081.4	1265.1	2441.9
1960	1072.6	1312.9	2555.5
3005	1073.8	1236.6	2412.6
737	1075.3	1280.5	2464.8
3041	1065.0	1318.9	2489.0
4638	1071.5	1369.0	2489.4
931	1080.6	1291.3	2519.3
4193	1076.8	1313.1	2470.0
3392	1068.5	1293.0	2472.9
766	1071.7	1349.5	2463.9
2810	1059.4	1279.8	2453.7
618	1069.6	1313.9	2496.0
4775	1068.0	1326.6	2473.0
750	1077.5	1369.3	2487.7
1805	1052.4	1268.1	2387.3
3061	1073.3	1390.3	2544.4
1214	1073.7	1289.1	2447.5
240	1062.3	1341.3	2487.6
2444	1069.7	1273.0	2388.3
3968	1081.6	1354.2	2453.1
1627	1082.2	1364.2	2537.9
1615	1086.0	1354.6	2472.8
4680	1075.0	1305.4	2413.5
2325	1068.4	1271.8	2418.2
2001	1073.5	1379.7	2491.4
4037	1075.7	1315.4	2449.6
3380	1061.0	1314.5	2441.7
1654	1080.3	1347.9	2507.3
661	1068.6	1345.5	2455.0
3117	1063.8	1333.6	2460.4
51	1079.1	1356.0	2498.0
3096	1062.6	1278.0	2404.6
1590	1062.9	1276.0	2415.0
639	1063.8	1320.4	2444.6
3668	1068.8	1306.1	2413.1
4475	1054.8	1325.9	2431.4
4120	1082.5	1370.0	2547.4
250	1076.7	1318.2	2510.3
4772	1085.8	1347.2	2466.7
1576	1056.4	1232.9	2334.9
4650	1066.4	1341.0	2440.0
1447	1075.1	1294.6	2473.7
1022	1063.9	1261.3	2432.8
1818	1063.8	1306.8	2465.0
2666	1074.7	1310.6	2471.1
348	1073.3	1354.1	2505.4
4722	1058.8	1298.7	2403.7
512	1064.0	1325.4	2460.8
4462	1069.6	1307.4	2559.7
1542	1077.8	1321.6	2553.8
267	1060.8	1297.5	2447.8
2547	1074.5	1377.5	2536.3
902	1066.1	1360.2	2446.3
4468	1070.7	1302.6	2467.7
62	1068.7	1310.0	2450.0
4364	1083.4	1322.8	2529.5
70	1073.7	1320.1	2447.3
1895	1075.3	1344.5	2470.6
411	1072.4	1330.6	2480.1
706	1072.6	1328.6	2518.7
1750	1066.0	1293.5	2436.0
2565	1073.4	1299.3	2510.3
2054	1073.9	1260.3	2462.0
1563	1057.2	1306.9	2440.4
207	1062.2	1299.9	2472.4
3312	1064.2	1309.3	2476.2
2163	1056.4	1244.1	2350.3
3214	1061.0	1332.2	2446.5
4059	1071.0	1338.9	2456.6
1183	1071.1	1310.7	2433.5
3065	1066.4	1321.0	2482.9
3945	1078.5	1382.2	2506.7
670	1072.7	1319.3	2467.1
659	1068.3	1328.3	2553.9
2390	1070.4	1333.2	2451.5
1276	1073.4	1345.9	2512.6
3160	1077.6	1344.0	2447.4
1942	1062.5	1319.5	2447.7
1441	1069.3	1354.8	2491.7
4635	1072.4	1372.9	2474.5
3447	1059.1	1264.1	2378.3
4368	1065.4	1326.9	2398.5
2551	1073.2	1316.9	2426.4
4507	1075.1	1337.7	2434.7
1736	1068.1	1366.4	2551.6
641	1081.5	1340.6	2506.2
2776	1081.9	1358.8	2483.7
3353	1056.6	1302.4	2450.7
4833	1063.8	1301.7	2454.0
3523	1067.9	1327.6	2441.2
4845	1063.0	1315.3	2449.3
134	1084.1	1372.7	2496.8
4036	1072.9	1307.9	2493.8
3921	1068.4	1331.4	2436.7
178	1053.3	1273.1	2411.8
422	1063.1	1301.3	2428.3
2227	1077.5	1341.2	2487.4
4711	1070.1	1359.0	2627.9
3444	1072.9	1363.1	2468.7
1060	1080.0	1315.4	2498.9
2545	1076.7	1319.5	2455.4
3962	1060.7	1286.3	2392.5
1863	1060.7	1368.0	2512.7
4284	1069.2	1338.1	2525.7
2990	1075.5	1350.5	2504.1
961	1061.7	1299.5	2390.4
2605	1081.4	1318.5	2487.0
2495	1071.7	1328.0	2465.2
4868	1078.1	1335.5	2491.6
4295	1053.9	1285.4	2407.6
4140	1064.9	1264.9	2428.8
2216	1061.6	1298.9	2421.9
2777	1086.5	1347.5	2487.4
4530	1061.6	1306.0	2517.2
4634	1077.5	1338.4	2521.8
3233	1083.3	1378.1	2527.5
2452	1057.7	1254.3	2399.3
2374	1070.9	1280.6	2393.3
2361	1075.7	1367.1	2492.5
296	1057.0	1271.1	2417.4
1458	1085.1	1336.6	2464.5
2904	1069.6	1297.6	2421.8
2018	1075.3	1358.1	2513.9
2618	1062.8	1303.4	2443.1
4863	1064.4	1333.9	2614.0
932	1084.4	1307.0	2427.5
2954	1069.1	1328.7	2448.9
1264	1071.1	1326.8	2442.1
4813	1060.2	1315.9	2461.1
302	1055.5	1286.2	2416.7
1163	1078.4	1377.2	2499.9
1435	1068.0	1321.0	2396.9
1280	1060.8	1294.2	2415.1
4801	1071.8	1357.1	2529.3
3122	1079.4	1344.9	2675.8
2686	1064.1	1313.1	2415.2
1342	1068.0	1323.0	2439.7
4425	1087.6	1362.0	2519.3
2229	1064.6	1297.1	2481.2
1513	1077.6	1397.5	2521.0
4177	1076.1	1335.1	2496.7
1497	1060.9	1335.1	2461.7
4726	1071.2	1298.9	2473.7
1165	1073.5	1335.2	2481.2
4380	1071.7	1330.1	2470.5
4187	1068.0	1290.4	2446.0
3213	1067.1	1321.2	2464.5
4947	1076.4	1289.3	2507.8
413	1077.7	1341.3	2490.7
3060	1063.1	1306.6	2442.6
2965	1092.0	1445.8	2674.7
3316	1089.4	1337.9	2462.3
3640	1071.2	1334.6	2497.1
1502	1067.4	1317.6	2450.2
332	1056.2	1256.7	2383.3
2688	1069.1	1291.0	2382.6
3573	1067.3	1296.4	2455.0
3786	1064.9	1382.5	2526.5
783	1058.6	1333.9	2470.9
4452	1070.3	1316.9	2457.9
3042	1084.2	1318.8	2482.1
2106	1069.3	1314.6	2481.1
2532	1073.4	1297.4	2444.1
4553	1062.1	1345.0	2457.3
50	1070.3	1289.9	2493.8
1551	1062.4	1332.6	2441.2
2905	1057.9	1268.6	2448.4
1924	1076.9	1329.9	2509.2
3400	1071.1	1295.9	2442.7
3743	1062.0	1361.6	2520.0
467	1069.2	1311.7	2432.1
2729	1074.6	1328.6	2492.0
1994	1074.4	1323.6	2445.5
2080	1067.9	1297.7	2433.3
2669	1071.7	1303.6	2518.7
125	1061.8	1302.1	2432.4
1544	1066.9	1273.7	2445.7
3946	1074.5	1343.2	2458.4
2155	1062.0	1322.1	2459.6
3773	1067.8	1285.2	2687.3
4873	1073.3	1329.5	2473.1
116	1077.2	1304.7	2478.1
3902	1053.4	1261.5	2416.3
2062	1077.6	1347.6	2476.6
212	1070.3	1303.0	2454.4
637	1065.2	1338.2	2561.3
2433	1066.0	1287.8	2471.1
2113	1064.1	1285.4	2449.6
2701	1084.3	1394.6	2551.0
4605	1061.0	1340.8	2442.1
3227	1062.1	1278.6	2377.5
2530	1079.8	1333.6	2428.0
3660	1063.7	1290.4	2446.3
2987	1066.8	1310.8	2448.6
3215	1086.7	1391.1	2574.4
3560	1067.8	1306.7	2446.6
419	1055.6	1287.0	2469.4
3001	1069.9	1358.1	2519.8
4382	1054.2	1268.6	2395.4
1358	1079.4	1345.6	2491.4
2014	1065.2	1309.4	2418.1
3759	1074.2	1316.8	2473.1
642	1072.1	1291.0	2426.8
1367	1072.7	1416.6	2619.4
847	1075.8	1288.0	2464.0
4715	1075.6	1317.7	2458.8
751	1068.0	1350.0	2465.7
21	1070.3	1354.9	2499.5
3526	1080.1	1333.4	2483.6
306	1075.9	1335.9	2487.3
4448	1067.6	1347.5	2460.5
2141	1068.6	1317.9	2435.5
2182	1066.5	1332.7	2457.6
1436	1064.9	1364.4	2460.4
2176	1084.6	1374.1	2534.2
457	1067.6	1342.2	2476.7
3264	1070.0	1309.4	2437.1
3301	1077.4	1302.0	2464.6
1695	1063.7	1276.7	2409.9
1693	1071.4	1295.5	2416.4
285	1061.2	1323.0	2439.5
465	1069.5	1322.7	2398.5
3748	1077.2	1371.9	2514.6
1927	1063.4	1346.7	2440.6
3811	1055.0	1316.8	2428.1
4758	1060.6	1287.2	2433.3
