2964	1067.2	1315.6	1492.7
2177	1064.8	1312.7	1477.2
626	1064.1	1299.8	1473.4
1182	1072.7	1279.4	1478.4
4450	1074.3	1353.3	1576.9
2098	1068.0	1329.6	1540.6
1627	1067.7	1291.7	1482.7
1249	1073.2	1382.1	1858.0
3589	1073.0	1330.7	1517.8
607	1060.1	1271.6	1436.3
1994	1072.6	1331.3	1519.6
2058	1071.1	1330.7	1527.0
4735	1063.6	1307.3	1521.5
578	1075.8	1361.2	1608.1
4061	1077.7	1342.6	1528.9
853	1068.3	1298.0	1496.5
4010	1071.2	1314.6	1489.0
4803	1069.2	1283.6	1489.1
1157	1079.5	1357.0	1590.6
4952	1061.5	1258.6	1441.7
2702	1057.6	1283.6	1468.1
4734	1073.5	1308.7	1554.4
3806	1075.8	1347.1	1553.5
4922	1067.2	1352.9	1541.7
4369	1073.8	1363.8	1535.2
1631	1066.9	1322.3	1535.5
1394	1059.2	1309.8	1487.5
3552	1074.0	1317.0	1519.0
2463	1069.5	1299.2	1482.8
4687	1073.3	1382.3	1565.3
2023	1078.3	1307.4	1564.1
2720	1077.8	1358.5	1516.5
1226	1067.5	1331.5	1521.3
602	1071.4	1263.8	1474.0
3269	1072.3	1326.8	1535.5
860	1074.3	1357.5	1525.2
510	1076.0	1347.2	1555.0
1571	1076.1	1348.2	1552.1
4937	1074.0	1310.7	1494.3
321	1074.6	1304.3	1516.4
4407	1068.2	1273.3	1483.9
2870	1062.6	1278.8	1464.1
205	1074.1	1308.4	1498.6
1687	1067.6	1295.2	1531.7
1630	1066.3	1276.6	1495.9
2912	1075.8	1366.8	1587.5
4887	1061.1	1269.1	1488.8
1268	1067.2	1312.4	1508.3
2864	1053.3	1221.4	1391.5
2534	1068.2	1314.4	1512.7
2788	1064.9	1286.7	1482.6
2547	1065.0	1321.8	1486.7
4958	1068.6	1282.9	1504.8
2881	1065.4	1313.8	1499.6
3471	1073.2	1275.8	1490.2
4793	1067.9	1310.4	1503.0
1293	1066.0	1254.5	1655.9
190	1072.6	1380.2	1575.2
4644	1070.6	1362.0	1541.1
2489	1070.7	1310.5	1524.6
4187	1066.1	1281.0	1453.4
2155	1068.8	1288.6	1482.3
1149	1067.3	1336.4	1516.4
2997	1063.6	1300.7	1469.1
3427	1072.9	1366.5	1593.6
284	1062.3	1312.4	1520.3
297	1066.1	1298.4	1564.3
1701	1073.9	1369.4	1553.4
1603	1065.4	1341.9	1575.8
1412	1071.3	1385.6	1561.2
285	1064.1	1326.7	1503.6
77	1069.7	1348.9	1646.2
604	1069.0	1366.3	1569.0
389	1075.7	1339.5	1542.6
3762	1066.5	1294.1	1462.3
3718	1075.4	1323.0	1556.1
4254	1069.0	1323.2	1504.7
1602	1068.1	1330.5	1532.7
4879	1072.2	1293.3	1512.2
4138	1072.6	1346.8	1578.4
2874	1074.0	1298.7	1536.6
3127	1063.5	1291.1	1494.6
1532	1069.3	1347.6	1530.7
945	1064.8	1275.7	1467.1
1756	1075.2	1341.7	1565.3
1629	1071.5	1289.9	1479.6
2274	1072.4	1301.9	1496.8
4487	1071.9	1425.6	1577.5
4221	1070.9	1366.3	1573.0
2124	1070.3	1310.2	1511.2
2126	1074.8	1326.6	1553.1
4241	1077.3	1333.2	1530.8
3744	1072.9	1309.0	1533.9
4102	1069.7	1308.8	1518.5
1515	1062.0	1333.3	1561.8
1401	1077.6	1324.4	1523.1
851	1067.8	1301.5	1498.4
4947	1065.9	1323.1	1488.3
3551	1070.8	1338.7	1542.8
4275	1067.8	1292.0	1462.6
2164	1073.2	1347.1	1531.3
994	1079.0	1329.9	1554.7
430	1075.4	1378.3	1543.9
3110	1066.2	1345.6	1558.3
2500	1068.3	1312.2	1500.7
969	1068.3	1306.0	1642.6
2961	1062.4	1287.8	1447.1
907	1074.2	1338.1	1561.4
1443	1074.7	1309.5	1520.0
2430	1071.3	1318.0	1507.2
974	1082.2	1337.9	1607.5
3031	1073.4	1347.7	1541.5
2466	1073.1	1329.8	1538.4
3236	1059.2	1281.1	1480.9
736	1068.5	1315.8	1512.9
1180	1067.0	1308.8	1493.7
2765	1067.7	1292.6	1558.9
4622	1074.5	1317.3	1552.2
3743	1073.4	1328.8	1500.6
2592	1068.4	1305.4	1503.3
3108	1072.5	1325.1	1541.6
384	1072.1	1360.7	1522.3
1844	1081.6	1330.0	1561.9
1761	1074.2	1288.4	1495.0
2310	1066.4	1262.8	1471.1
3241	1074.8	1338.6	1592.3
2905	1069.8	1327.4	1508.6
3789	1069.5	1355.9	1569.2
1275	1071.9	1310.9	1517.3
84	1081.7	1363.7	1564.2
2836	1072.9	1330.7	1491.3
131	1080.1	1369.4	1565.9
666	1075.9	1348.5	1593.8
2272	1068.2	1351.2	1545.4
3	1076.6	1323.5	1515.5
1692	1062.4	1310.4	1462.5
3040	1084.0	1377.3	1569.8
3490	1077.4	1350.9	1612.6
3199	1071.1	1325.5	1547.4
3284	1069.4	1274.4	1474.9
4073	1063.1	1312.0	1495.0
2031	1071.2	1340.6	1559.5
586	1066.7	1307.7	1513.0
287	1068.7	1302.1	1526.0
416	1070.8	1311.0	1538.2
698	1073.1	1326.1	1506.2
3069	1067.1	1346.9	1483.2
2428	1071.8	1310.0	1504.2
3458	1074.8	1345.2	1568.5
2877	1074.9	1336.6	1553.4
4442	1069.8	1297.9	1489.8
2772	1062.4	1275.8	1466.7
3114	1065.0	1315.2	1517.6
4354	1073.5	1371.8	1562.9
1374	1065.9	1328.8	1521.4
2333	1073.5	1319.2	1554.9
2886	1072.9	1347.2	1529.6
3266	1070.6	1283.1	1492.7
1358	1068.5	1317.3	1514.5
2360	1058.4	1287.1	1439.6
788	1065.8	1313.9	1518.3
4824	1065.6	1313.6	1498.3
2432	1080.1	1380.6	1731.4
4776	1072.8	1329.6	1542.9
1983	1069.4	1352.3	1556.8
3571	1071.4	1351.8	1527.5
213	1072.0	1343.0	1535.1
4698	1072.3	1337.3	1503.9
1052	1068.4	1297.6	1519.6
3149	1078.6	1346.3	1512.9
3061	1062.9	1286.4	1478.3
654	1078.8	1342.7	1541.6
3642	1064.3	1266.7	1475.1
3045	1073.2	1368.6	1590.9
3464	1077.0	1415.9	1612.5
1334	1066.2	1268.2	1477.8
2141	1076.4	1376.9	1604.6
59	1065.6	1332.6	1507.3
2384	1075.5	1315.6	1519.7
4784	1074.7	1309.8	1524.2
657	1060.5	1290.7	1454.2
1282	1075.5	1338.2	1531.2
2409	1066.5	1310.7	1504.6
378	1067.4	1305.9	1514.1
2654	1064.0	1347.5	1534.0
4352	1071.4	1287.8	1494.8
2606	1076.5	1310.0	1565.4
485	1064.9	1347.2	1542.5
662	1065.4	1325.5	1528.2
3661	1066.9	1322.5	1511.2
921	1083.0	1361.2	1584.4
574	1071.4	1324.1	1545.1
3999	1066.1	1273.7	1528.1
3029	1066.9	1296.1	1489.6
464	1063.7	1294.4	1474.1
975	1069.1	1288.6	1497.0
3296	1062.4	1306.8	1482.9
1956	1066.2	1329.3	1482.7
965	1070.5	1325.2	1524.1
116	1062.9	1261.0	1469.4
4415	1077.8	1329.7	1521.2
871	1069.3	1305.1	1507.0
682	1083.0	1340.0	1588.6
759	1080.1	1371.2	1613.4
4846	1080.4	1350.2	1618.6
3657	1075.0	1313.8	1517.0
3597	1076.2	1322.7	1571.3
3439	1059.2	1271.8	1459.0
4804	1068.8	1306.5	1514.2
4201	1070.7	1361.8	1506.1
4818	1071.2	1322.6	1499.3
4332	1054.3	1237.0	1433.1
4432	1074.6	1374.4	1547.4
4788	1071.8	1283.1	1562.4
2705	1070.0	1335.1	1551.2
885	1067.9	1315.9	1507.4
3386	1063.1	1311.5	1495.3
3092	1069.9	1330.5	1555.0
2394	1078.1	1340.3	1592.6
4693	1066.6	1303.1	1471.5
4643	1073.9	1344.5	1578.1
1037	1067.0	1313.0	1514.7
4202	1078.1	1367.2	1629.5
2201	1078.0	1401.5	1582.2
3554	1075.1	1349.4	1569.3
2172	1076.0	1372.7	1543.5
813	1072.5	1339.1	1535.7
1972	1069.2	1342.0	1521.8
2941	1078.4	1344.3	1555.2
3201	1061.6	1296.0	1463.9
2260	1067.6	1268.1	1486.2
4133	1069.9	1310.2	1491.9
4900	1070.0	1354.4	1555.0
573	1073.6	1344.5	1514.0
2268	1072.3	1296.5	1518.3
3961	1065.1	1296.5	1593.4
1510	1078.9	1366.5	1560.3
668	1072.6	1301.7	1534.1
3135	1067.7	1271.8	1455.2
1001	1077.9	1343.2	1538.7
4272	1069.3	1349.4	1549.9
1831	1076.0	1341.6	1563.8
2860	1067.8	1284.7	1486.5
3840	1064.3	1348.4	1519.8
2516	1076.2	1303.7	1543.6
2639	1076.8	1357.4	1538.9
4696	1078.5	1351.8	1567.1
420	1068.4	1306.7	1525.2
3602	1062.3	1270.5	1460.1
1500	1063.8	1296.4	1474.0
1671	1065.7	1225.8	1447.6
1386	1067.0	1325.1	1509.6
341	1069.4	1300.9	1536.6
4750	1067.5	1333.3	1492.4
441	1066.9	1252.5	1470.9
2828	1064.1	1281.7	1483.7
4481	1069.0	1298.1	1522.1
4560	1079.0	1321.2	1588.8
1948	1059.9	1301.1	1458.6
2358	1071.4	1338.5	1523.4
1333	1078.3	1374.2	1649.4
2245	1063.9	1284.5	1475.1
786	1068.8	1294.5	1490.2
1556	1064.6	1280.8	1459.6
3828	1073.3	1288.3	1511.4
252	1072.4	1332.1	1506.8
4650	1073.6	1292.4	1507.5
3785	1065.7	1283.6	1491.5
1771	1070.0	1273.6	1469.7
4371	1072.5	1344.4	1520.1
2348	1071.6	1323.4	1569.2
3206	1078.1	1343.9	1560.8
413	1071.6	1310.6	1515.6
101	1070.0	1277.4	1477.3
4709	1068.3	1347.8	1520.1
783	1062.1	1334.9	1491.3
4380	1069.9	1302.8	1484.3
1093	1077.4	1386.0	1604.1
981	1074.6	1293.2	1513.5
4913	1068.2	1314.8	1509.4
4742	1069.8	1329.6	1512.1
4724	1066.7	1291.5	1488.6
1974	1063.9	1304.4	1517.6
2032	1071.0	1323.6	1546.5
3478	1063.3	1304.3	1511.0
2084	1066.5	1302.1	1459.1
2897	1070.3	1290.4	1484.8
3000	1069.4	1312.3	1493.1
1142	1065.8	1262.4	1467.8
442	1063.4	1242.6	1472.0
2047	1059.3	1268.7	1416.5
689	1071.8	1336.5	1531.6
3432	1066.5	1311.9	1510.3
3545	1076.9	1331.1	1560.8
140	1067.6	1333.6	1494.6
3988	1073.2	1318.6	1556.5
2787	1075.4	1367.6	1524.8
4159	1075.4	1338.6	1527.7
1446	1058.9	1271.0	1452.1
695	1066.2	1324.4	1509.6
2589	1069.5	1277.2	1484.1
580	1065.1	1303.2	1472.2
3706	1065.2	1304.9	1448.3
2009	1074.9	1283.0	1509.3
3644	1070.7	1353.8	1550.5
2437	1072.4	1360.9	1526.0
2491	1076.5	1345.5	1552.4
4255	1065.0	1311.7	1506.7
95	1076.4	1365.9	1552.8
1999	1073.7	1388.0	1555.2
3658	1073.9	1329.0	1538.2
1350	1077.9	1320.3	1542.5
2943	1078.6	1323.8	1560.8
2980	1067.1	1307.0	1524.9
3737	1065.1	1288.5	1517.9
4256	1068.8	1272.0	1489.9
2206	1066.6	1331.7	1478.7
3727	1068.7	1261.4	1497.9
2672	1065.9	1278.3	1483.6
4969	1076.9	1352.2	1563.8
4625	1069.3	1335.5	1513.9
4884	1064.4	1335.1	1521.8
1155	1071.1	1361.8	1548.6
1795	1063.6	1289.1	1489.4
1873	1070.6	1345.1	1513.4
2216	1072.9	1302.9	1501.0
524	1066.5	1331.9	1555.0
4512	1078.3	1321.6	1517.2
3179	1076.0	1330.4	1581.1
768	1066.5	1314.4	1520.1
2642	1072.4	1293.2	1521.8
4839	1064.5	1280.3	1464.4
3751	1063.6	1340.9	1537.2
4366	1065.6	1289.6	1506.1
1010	1076.1	1314.8	1538.4
2320	1070.2	1310.3	1536.5
3444	1057.6	1273.1	1431.7
1763	1068.3	1333.3	1520.0
4851	1063.6	1268.9	1447.8
649	1073.2	1299.7	1519.6
4233	1066.7	1332.9	1511.1
3379	1074.9	1350.1	1569.5
3710	1063.7	1270.7	1471.5
2062	1064.9	1321.4	1527.9
227	1069.2	1263.7	1501.4
4652	1066.7	1287.4	1482.4
4494	1066.8	1285.5	1572.1
2945	1067.8	1324.5	1502.8
234	1064.5	1341.0	1530.9
883	1072.6	1279.9	1507.0
4440	1072.8	1326.0	1585.9
3062	1068.7	1358.0	1541.5
1304	1065.4	1296.7	1476.2
581	1070.4	1289.6	1508.9
4931	1067.7	1364.9	1529.6
2229	1084.8	1401.0	1612.1
1748	1067.2	1282.1	1494.6
730	1076.3	1353.6	1544.6
447	1074.5	1348.7	1562.9
2680	1073.7	1325.3	1552.4
4071	1059.9	1284.7	1500.0
242	1065.9	1317.7	1479.7
388	1070.7	1337.6	1566.9
1015	1069.6	1329.4	1501.4
4403	1067.7	1281.7	1481.9
293	1061.3	1316.8	1476.5
2107	1063.5	1319.9	1499.4
3288	1075.4	1352.4	1546.6
423	1062.6	1299.3	1459.8
4532	1071.6	1304.4	1515.0
2704	1072.5	1354.0	1573.5
4171	1066.8	1307.8	1496.5
3512	1068.3	1392.5	1604.4
3218	1071.6	1390.4	1582.3
3324	1066.7	1314.1	1480.5
3433	1072.2	1298.0	1492.3
1851	1074.1	1306.7	1552.5
2362	1078.0	1363.3	1606.8
2554	1073.4	1326.9	1578.0
498	1073.1	1303.5	1512.5
226	1074.1	1334.6	1553.5
3294	1072.9	1305.4	1517.1
58	1068.9	1340.8	1562.3
3443	1067.8	1309.6	1492.5
1937	1070.5	1306.6	1541.4
4795	1075.6	1381.5	1597.1
4619	1063.8	1273.3	1470.5
3573	1068.3	1362.3	1623.6
3662	1073.1	1327.7	1506.4
3214	1067.6	1254.9	1497.7
2582	1064.0	1291.4	1500.2
3583	1072.0	1318.7	1540.5
552	1077.7	1345.8	1541.0
2169	1062.7	1279.1	1473.0
2036	1065.5	1305.6	1482.1
3832	1058.2	1263.2	1470.0
4501	1068.9	1302.5	1552.7
863	1063.1	1300.4	1517.7
4984	1065.9	1291.0	1458.2
901	1065.7	1314.8	1550.8
181	1061.8	1291.0	1459.9
1215	1074.4	1349.6	1573.3
2346	1068.7	1359.4	1522.4
3413	1068.4	1313.5	1585.9
743	1059.8	1296.3	1478.7
539	1073.5	1317.9	1520.8
2276	1068.7	1272.6	1474.9
2438	1078.4	1297.7	1548.3
4003	1075.3	1393.9	1590.0
4162	1079.7	1325.7	1561.7
2610	1070.9	1318.3	1494.3
9	1070.6	1320.8	1514.1
926	1077.2	1360.9	1538.5
1110	1077.1	1375.9	1561.8
561	1071.3	1301.7	1526.6
4502	1074.6	1298.0	1519.2
1820	1060.7	1273.8	1467.9
2151	1065.5	1339.8	1531.0
4365	1071.0	1311.6	1475.1
4134	1069.0	1374.5	1569.3
400	1067.6	1369.4	1546.3
2374	1067.9	1296.0	1520.4
149	1063.6	1288.0	1517.0
4395	1066.9	1306.4	1512.6
1163	1076.9	1328.5	1686.7
4328	1071.1	1344.5	1485.9
3442	1068.4	1337.1	1482.2
4738	1064.6	1271.7	1475.7
3869	1066.2	1322.7	1552.8
4608	1073.8	1339.0	1547.2
396	1070.1	1309.2	1530.7
3820	1069.5	1310.8	1523.1
2135	1073.1	1323.7	1532.5
444	1072.8	1350.5	1536.0
4551	1075.0	1305.4	1526.1
1866	1073.9	1315.7	1547.2
2075	1071.1	1332.4	1546.6
1996	1063.8	1280.5	1473.9
4871	1076.8	1309.2	1553.2
4170	1071.0	1353.0	1544.5
3251	1066.5	1308.4	1502.8
3153	1064.9	1310.5	1498.9
1760	1072.7	1331.3	1517.9
896	1063.3	1320.4	1477.1
4708	1070.7	1394.2	1724.1
2455	1072.7	1361.6	1587.8
4137	1065.5	1286.0	1494.5
1102	1069.9	1290.5	1489.4
118	1068.6	1314.0	1526.2
4508	1068.2	1296.6	1533.9
1936	1072.4	1325.4	1522.0
2893	1069.7	1290.6	1501.9
2139	1064.4	1316.1	1489.9
3678	1072.2	1310.9	1520.1
2482	1062.4	1302.8	1504.1
814	1068.1	1278.6	1492.3
4438	1077.4	1428.3	1630.1
1210	1071.9	1335.9	1524.2
1663	1067.5	1277.2	1489.4
2678	1075.2	1316.2	1543.6
1885	1069.6	1342.6	1557.2
973	1062.4	1261.3	1454.2
1456	1074.8	1365.3	1541.9
141	1071.1	1339.9	1500.1
4436	1071.3	1305.6	1504.9
4429	1067.9	1274.0	1480.2
452	1066.1	1247.7	1476.2
3116	1059.4	1267.1	1433.9
2623	1064.2	1314.2	1517.9
1530	1077.8	1347.0	1561.4
4983	1073.9	1313.9	1502.4
937	1070.3	1362.5	1520.9
1841	1071.7	1287.9	1531.0
4518	1068.0	1320.9	1510.4
4148	1067.7	1253.9	1463.6
4717	1073.6	1295.9	1503.6
4707	1075.2	1341.4	1529.8
2399	1063.4	1295.5	1523.8
3422	1069.4	1339.9	1543.6
2060	1066.3	1350.9	1586.6
3682	1069.3	1327.5	1514.3
719	1072.5	1318.6	1482.6
4410	1078.5	1373.5	1583.0
587	1071.0	1288.3	1493.3
2414	1064.7	1287.0	1503.4
302	1072.8	1323.8	1555.8
3948	1067.9	1303.1	1503.7
558	1067.5	1361.8	1507.7
2560	1062.6	1285.0	1467.6
1986	1060.9	1309.7	1480.8
2096	1063.4	1308.2	1522.2
1797	1072.4	1309.8	1521.1
4898	1074.3	1311.4	1580.3
1006	1066.7	1337.5	1521.8
2591	1081.0	1373.1	1574.0
2729	1064.6	1279.3	1475.7
1506	1068.7	1319.2	1487.2
2879	1066.3	1303.5	1477.4
4586	1071.4	1324.8	1542.5
2207	1070.9	1321.3	1518.3
1543	1070.6	1320.8	1546.6
4327	1070.6	1309.7	1500.5
1042	1059.1	1270.4	1457.1
2892	1073.6	1342.4	1523.3
1143	1067.4	1330.4	1502.2
4389	1061.0	1279.7	1447.2
2996	1071.3	1347.1	1533.8
3352	1064.3	1323.4	1498.9
2043	1073.1	1312.5	1540.7
4664	1071.3	1320.4	1529.5
215	1068.0	1325.6	1530.1
2933	1060.4	1312.7	1486.0
3083	1065.0	1277.6	1494.1
1583	1066.2	1266.2	1478.1
2737	1074.9	1307.5	1530.4
3982	1076.2	1329.1	1535.7
144	1071.3	1365.7	1573.9
4462	1066.2	1303.8	1483.5
4911	1063.3	1285.8	1517.6
4381	1070.8	1325.3	1562.9
2299	1065.2	1333.6	1537.8
3345	1064.3	1340.0	1558.2
2986	1070.2	1303.7	1495.6
3774	1063.9	1360.4	1498.4
2769	1079.4	1351.2	1565.6
1686	1068.6	1264.4	1461.1
3893	1068.0	1291.7	1512.0
44	1068.1	1298.2	1505.6
1424	1067.7	1384.1	1525.5
4691	1074.3	1339.7	1561.7
3989	1074.6	1383.5	1559.3
1784	1084.5	1344.6	1598.4
2040	1071.9	1325.1	1544.2
2381	1065.5	1305.9	1499.2
3412	1077.6	1321.0	1537.9
3297	1071.7	1357.5	1569.7
1032	1074.7	1353.5	1539.5
2421	1069.2	1314.6	1520.5
3286	1064.9	1305.9	1476.5
1089	1072.8	1326.5	1519.4
867	1067.8	1293.7	1497.5
3291	1071.7	1343.3	1565.2
2648	1075.7	1330.9	1533.6
529	1075.0	1362.5	1541.4
3844	1071.0	1341.5	1601.3
1460	1081.3	1393.5	1688.7
831	1072.2	1317.4	1549.3
4964	1074.5	1343.2	1536.2
4997	1073.7	1293.3	1508.0
371	1070.9	1320.6	1509.1
3094	1072.5	1314.9	1529.5
2064	1070.7	1337.9	1496.2
113	1076.9	1320.8	1513.6
2552	1056.8	1240.6	1437.5
2293	1068.1	1276.7	1489.2
42	1067.4	1267.1	1461.0
1047	1056.8	1239.6	1456.0
4425	1079.1	1319.9	1560.4
1165	1065.6	1275.3	1496.1
3847	1073.5	1299.4	1614.0
2453	1058.7	1273.4	1458.2
839	1068.6	1380.0	1561.1
2825	1075.4	1349.1	1584.3
1341	1065.0	1322.6	1516.6
898	1066.0	1321.8	1490.3
4546	1073.6	1340.3	1535.3
878	1075.8	1345.3	1533.6
4837	1069.2	1386.2	1593.1
1039	1074.6	1366.4	1552.5
538	1059.5	1336.4	1467.9
1234	1073.5	1355.2	1563.5
1305	1072.3	1294.6	1544.0
3934	1070.7	1301.5	1491.0
98	1073.7	1358.2	1551.3
4095	1064.0	1321.7	1504.3
4067	1076.7	1358.4	1536.6
256	1065.7	1269.5	1466.9
1308	1062.9	1307.4	1543.0
2831	1070.2	1323.0	1534.7
1884	1063.3	1268.0	1439.6
4861	1075.1	1364.4	1518.9
3095	1070.8	1335.0	1516.8
1537	1079.3	1364.9	1563.9
4568	1063.5	1305.8	1481.5
2208	1064.9	1290.4	1514.8
3282	1057.9	1258.8	1436.7
590	1064.7	1290.6	1481.0
4025	1074.8	1370.9	1541.5
3697	1065.0	1289.9	1495.8
2553	1070.3	1301.4	1490.5
3838	1064.9	1334.7	1513.3
842	1069.4	1307.9	1488.5
2152	1070.0	1345.5	1539.6
3022	1081.0	1391.1	1560.5
3477	1072.4	1344.4	1533.3
4552	1073.1	1317.7	1536.5
2972	1068.6	1286.5	1527.6
3115	1067.9	1307.5	1508.1
74	1068.8	1344.4	1539.3
4217	1076.2	1356.3	1603.6
811	1076.2	1326.6	1527.4
3704	1067.4	1291.3	1465.9
4835	1076.6	1320.0	1546.3
1896	1070.1	1301.3	1517.9
3473	1070.4	1297.1	1509.4
2673	1070.3	1327.4	1586.9
119	1062.3	1305.7	1475.5
3277	1072.5	1310.5	1510.4
3679	1064.7	1270.9	1492.3
278	1065.8	1302.4	1554.5
4030	1070.0	1292.3	1536.6
3673	1068.3	1294.0	1517.2
2328	1073.1	1325.2	1517.5
3802	1066.7	1314.1	1500.5
4036	1074.4	1360.8	1582.4
3715	1066.9	1312.9	1493.7
3357	1065.5	1285.4	1520.1
1120	1068.5	1310.2	1485.5
1457	1074.0	1308.5	1517.8
173	1064.5	1293.7	1463.9
4053	1058.9	1305.7	1473.7
628	1069.8	1300.2	1551.6
433	1070.4	1343.6	1508.7
129	1067.4	1345.3	1515.8
2909	1074.5	1315.5	1550.8
196	1060.7	1325.1	1478.5
87	1075.6	1294.8	1527.2
428	1066.3	1292.0	1497.6
1152	1066.6	1318.6	1505.7
2796	1075.9	1319.5	1504.6
3034	1069.2	1334.4	1560.5
658	1068.8	1380.7	1517.2
872	1068.0	1363.1	1496.3
702	1070.9	1314.6	1562.0
2948	1064.9	1338.4	1508.7
582	1068.7	1319.2	1506.9
4992	1065.0	1301.5	1481.2
3523	1071.4	1328.8	1508.9
4504	1071.2	1323.9	1497.7
4505	1079.7	1325.6	1569.8
3963	1066.7	1307.4	1495.0
2205	1060.9	1266.2	1460.3
3416	1068.3	1347.4	1538.7
3794	1064.4	1288.8	1501.9
2757	1077.2	1348.5	1564.6
1229	1067.2	1317.1	1543.5
4232	1063.8	1343.6	1506.3
3395	1071.9	1311.1	1526.8
1030	1069.1	1278.0	1484.8
3418	1068.7	1310.3	1518.5
3819	1070.8	1345.0	1548.0
2423	1061.7	1283.3	1469.7
2581	1062.4	1261.9	1495.0
3949	1071.2	1301.3	1480.5
3648	1070.7	1316.9	1559.4
4175	1068.8	1330.0	1519.6
2543	1065.6	1270.4	1474.9
2323	1069.6	1334.8	1501.4
4840	1070.4	1307.5	1493.1
2345	1065.0	1280.4	1508.5
500	1068.1	1314.0	1508.8
2332	1075.7	1375.3	1563.7
1935	1072.7	1311.3	1523.2
931	1069.9	1321.3	1548.9
2844	1072.0	1330.9	1507.1
4157	1078.5	1318.0	1575.7
4669	1081.0	1341.1	1664.7
3449	1068.1	1352.8	1633.8
2017	1068.4	1272.1	1450.6
2794	1064.5	1294.5	1492.3
1184	1072.3	1319.6	1494.7
2288	1074.1	1322.0	1581.6
4478	1072.7	1332.1	1543.0
220	1067.6	1292.9	1502.6
836	1069.9	1362.1	1575.4
26	1062.6	1333.9	1537.8
2067	1065.8	1302.1	1508.5
1269	1064.7	1291.2	1477.2
1383	1069.1	1323.3	1488.3
2603	1076.8	1316.8	1534.5
3004	1076.9	1362.4	1641.2
1091	1065.8	1318.2	1480.9
4856	1074.4	1333.6	1579.6
154	1078.7	1284.0	1507.9
4247	1070.3	1367.9	1587.9
4098	1067.0	1265.8	1475.0
2614	1068.1	1308.3	1516.1
850	1066.8	1316.4	1517.8
2253	1064.4	1307.0	1492.7
4757	1064.5	1305.6	1494.4
1719	1071.9	1296.9	1494.2
4811	1069.0	1358.5	1575.5
1392	1069.3	1307.3	1494.9
4092	1071.8	1303.5	1494.7
3681	1074.3	1364.5	1562.0
2171	1072.3	1357.8	1530.7
3708	1067.1	1333.4	1538.1
350	1069.6	1315.3	1500.7
3803	1078.7	1321.3	1543.3
4531	1062.4	1309.0	1495.1
1585	1068.0	1272.4	1481.5
583	1070.3	1342.1	1511.7
2403	1071.9	1360.4	1581.6
3191	1076.7	1375.8	1577.6
874	1076.2	1331.5	1548.9
2492	1078.3	1314.4	1531.2
1140	1066.7	1370.3	1586.3
2280	1062.7	1336.4	1513.7
4787	1070.6	1304.7	1494.6
3833	1062.9	1272.0	1465.6
4854	1070.5	1272.5	1505.1
1286	1067.3	1334.5	1554.0
2341	1069.2	1283.2	1513.3
2396	1065.4	1280.5	1494.2
316	1072.7	1351.9	1547.3
1360	1066.7	1294.9	1465.6
2803	1072.5	1282.5	1480.3
594	1081.2	1396.3	1597.7
3558	1063.5	1309.6	1481.7
1371	1067.2	1337.4	1532.9
757	1066.0	1284.5	1487.8
1281	1064.2	1293.3	1492.9
2156	1076.5	1340.9	1563.8
4249	1074.1	1246.4	1496.6
243	1073.2	1326.5	1472.9
2717	1076.8	1351.4	1574.3
1283	1061.7	1266.1	1458.3
1418	1075.2	1336.8	1518.8
714	1071.2	1344.5	1530.9
4406	1067.1	1270.6	1457.8
1958	1067.1	1300.8	1538.1
3137	1064.5	1308.1	1469.9
467	1074.0	1330.1	1531.7
1915	1076.1	1322.6	1715.0
187	1070.6	1307.9	1563.3
1705	1070.2	1325.9	1518.1
1255	1075.9	1381.6	1571.5
4927	1071.7	1259.7	1501.5
1839	1060.2	1278.3	1459.5
4772	1077.0	1311.1	1537.8
1046	1064.0	1278.4	1467.7
3931	1063.9	1279.9	1470.3
2294	1073.3	1306.0	1519.8
3738	1064.4	1374.2	1623.0
4215	1068.6	1300.4	1510.8
307	1068.0	1286.8	1486.9
3938	1072.1	1352.3	1518.2
3026	1075.0	1300.6	1556.8
732	1076.9	1329.2	1538.7
4960	1066.0	1348.7	1520.9
3099	1077.6	1399.0	1582.7
3959	1066.6	1262.9	1452.4
1345	1065.9	1254.2	1459.3
2469	1066.1	1321.9	1507.1
2523	1079.8	1373.2	1609.4
1995	1070.2	1366.4	1515.0
738	1069.3	1342.8	1528.8
791	1066.2	1338.8	1539.0
3175	1069.3	1288.7	1463.3
1146	1069.3	1336.8	1528.2
3101	1062.9	1289.5	1464.2
2579	1071.8	1360.0	1546.8
1802	1065.2	1259.3	1460.5
4642	1082.6	1356.7	1630.0
3466	1077.8	1351.5	1561.0
4798	1075.0	1390.2	1597.4
4038	1077.5	1315.1	1534.8
4618	1061.7	1262.5	1433.2
2519	1064.8	1295.6	1484.5
680	1066.1	1310.8	1481.2
3106	1067.1	1311.5	1512.8
640	1075.7	1387.4	1604.4
3924	1068.8	1298.6	1504.4
3650	1071.1	1356.6	1528.1
247	1075.1	1316.5	1568.2
3302	1072.5	1341.5	1577.9
1322	1062.7	1265.5	1456.1
4177	1066.4	1252.7	1458.5
4541	1061.1	1328.2	1480.9
3509	1063.8	1322.7	1537.4
3180	1070.4	1288.6	1467.5
3356	1061.7	1306.9	1476.8
2000	1073.3	1340.7	1591.1
4364	1057.0	1300.6	1465.8
4336	1069.6	1309.7	1495.6
724	1071.1	1321.1	1494.9
998	1068.4	1264.9	1479.3
2061	1067.2	1290.6	1493.6
236	1070.7	1335.6	1511.4
4939	1067.4	1321.9	1492.3
4558	1065.1	1321.2	1479.6
556	1076.3	1354.0	1578.1
1273	1073.4	1358.5	1575.0
805	1077.9	1307.7	1550.2
4208	1063.6	1282.5	1459.2
1020	1072.9	1448.7	1648.9
1235	1064.7	1299.4	1481.4
2551	1070.6	1343.8	1523.7
455	1077.1	1376.3	1557.2
4934	1063.6	1270.2	1476.4
4453	1072.4	1332.5	1506.8
710	1071.3	1353.9	1533.2
2226	1068.0	1311.3	1537.3
2773	1080.1	1377.4	1547.6
4774	1074.8	1322.4	1522.0
2093	1062.6	1306.0	1565.5
159	1075.8	1397.7	1624.7
357	1070.3	1323.5	1516.6
4676	1069.0	1315.9	1523.4
3675	1078.3	1361.1	1591.4
4193	1066.2	1302.8	1485.6
1236	1069.8	1350.0	1546.6
1931	1070.8	1320.0	1519.3
925	1070.9	1300.3	1566.6
4056	1065.5	1313.7	1502.9
3570	1069.9	1318.1	1527.6
3958	1067.1	1301.6	1515.5
2159	1060.9	1219.8	1449.0
4207	1069.4	1305.8	1483.2
1170	1072.4	1329.0	1518.7
432	1066.8	1323.6	1474.5
3371	1062.9	1291.1	1523.8
3322	1075.9	1361.2	1641.6
2086	1065.5	1335.2	1550.3
2149	1068.8	1341.5	1536.0
859	1065.6	1264.3	1451.9
3177	1074.0	1333.9	1563.2
2656	1067.0	1331.5	1517.2
1871	1074.6	1314.5	1508.9
2112	1072.5	1337.5	1548.5
4739	1069.3	1337.6	1552.7
2237	1073.8	1266.8	1492.9
4287	1070.7	1336.2	1547.5
3804	1072.5	1356.3	1552.8
900	1061.3	1320.5	1545.6
4013	1078.1	1338.4	1517.3
1024	1072.2	1296.8	1519.9
4204	1065.6	1283.2	1486.6
3112	1071.3	1286.1	1502.2
2	1069.3	1358.4	1536.6
4556	1064.7	1267.2	1454.1
3119	1076.0	1322.4	1717.2
4126	1078.9	1363.9	1614.3
2715	1071.4	1315.2	1527.7
779	1059.9	1278.3	1482.1
632	1076.5	1363.9	1561.7
3653	1070.2	1324.8	1497.8
744	1069.3	1305.5	1507.6
4575	1068.3	1301.9	1518.6
1477	1063.4	1274.2	1454.9
1346	1070.1	1313.6	1547.7
1242	1075.9	1357.4	1578.5
4773	1080.9	1351.4	1581.3
1920	1064.4	1286.7	1471.9
3966	1072.6	1291.8	1500.4
2324	1059.8	1289.7	1450.0
3327	1068.3	1310.7	1488.0
1297	1073.0	1359.6	1577.3
4722	1072.2	1330.6	1529.4
943	1066.5	1328.8	1487.2
1649	1068.3	1283.6	1477.4
2701	1066.4	1248.4	1462.4
461	1062.3	1306.8	1440.2
1481	1074.0	1364.5	1659.3
2144	1070.7	1326.0	1491.2
990	1071.6	1371.0	1595.0
429	1071.0	1360.6	1651.1
2622	1077.3	1292.7	1548.3
4571	1064.3	1270.7	1459.0
2307	1073.0	1324.2	1617.5
4135	1068.8	1346.8	1527.7
3582	1065.5	1301.3	1481.8
2555	1071.7	1308.1	1534.8
2658	1080.2	1332.2	1560.9
3351	1069.2	1307.0	1492.0
4681	1065.4	1264.6	1456.3
3259	1067.4	1262.3	1478.1
630	1061.7	1305.3	1507.0
4507	1067.6	1305.4	1537.9
817	1073.5	1346.5	1534.6
988	1080.2	1329.5	1552.4
4673	1066.5	1317.1	1501.8
2814	1076.5	1318.8	1557.6
262	1077.5	1380.6	1575.3
3102	1076.0	1352.5	1611.2
4740	1070.4	1319.9	1646.6
4449	1065.2	1327.6	1504.4
2286	1070.9	1339.7	1557.8
4777	1065.3	1299.9	1550.3
2440	1079.8	1348.7	1558.8
1574	1069.6	1356.2	1623.4
4467	1070.3	1330.5	1476.4
2626	1076.4	1338.4	1546.8
1132	1072.4	1342.6	1524.2
4810	1066.8	1323.5	1529.2
53	1064.7	1281.1	1467.2
2080	1068.4	1323.9	1526.3
4806	1077.7	1346.1	1589.9
3901	1066.4	1267.6	1505.6
1462	1084.2	1350.4	1663.6
2548	1066.1	1320.4	1481.4
176	1071.3	1308.5	1482.3
3529	1067.4	1268.9	1470.6
4405	1070.8	1334.1	1549.7
4712	1070.3	1298.1	1521.5
1726	1058.7	1274.3	1436.2
3185	1070.9	1283.4	1509.2
690	1069.0	1269.8	1494.0
4633	1065.6	1331.9	1507.1
3863	1076.0	1338.9	1569.9
4359	1068.6	1317.5	1507.7
4688	1067.0	1314.3	1525.5
2157	1075.0	1320.8	1548.3
3036	1070.8	1339.9	1538.4
1628	1078.3	1328.6	1520.0
139	1076.8	1330.4	1530.7
1610	1065.2	1326.6	1534.4
2927	1073.6	1298.3	1499.3
3013	1074.5	1341.4	1541.0
857	1075.7	1349.5	1557.9
3431	1072.5	1323.7	1521.9
3503	1061.1	1281.0	1502.6
613	1072.9	1315.7	1526.5
3726	1077.6	1312.8	1531.9
3747	1076.9	1364.6	1543.4
4059	1065.6	1328.5	1546.5
2220	1064.1	1313.8	1524.4
1035	1060.1	1231.0	1430.9
4540	1076.2	1359.4	1586.0
879	1074.6	1341.0	1528.0
4713	1061.3	1289.8	1483.8
4309	1071.4	1287.8	1492.3
2055	1062.5	1254.2	1503.8
3221	1071.8	1286.5	1561.7
2670	1062.0	1306.2	1511.8
1856	1070.9	1346.5	1528.3
1482	1068.4	1323.8	1467.7
4825	1069.5	1324.8	1507.0
1285	1063.6	1341.8	1514.3
1231	1067.8	1329.8	1507.6
1933	1064.7	1296.0	1470.9
2736	1073.4	1329.9	1542.5
112	1061.9	1260.0	1446.0
3607	1073.5	1278.3	1495.3
4574	1066.0	1325.8	1491.6
3228	1067.6	1332.3	1529.3
4565	1071.8	1354.4	1554.9
1518	1079.5	1344.3	1594.4
3479	1080.1	1381.6	1643.3
4445	1064.4	1349.0	1523.3
4782	1062.7	1320.4	1514.9
4723	1076.6	1285.2	1521.3
340	1072.9	1339.4	1541.5
1379	1072.7	1319.3	1507.2
201	1070.9	1360.8	1561.3
3575	1065.4	1318.3	1508.0
1783	1069.3	1332.3	1527.0
3276	1068.4	1273.7	1476.4
3561	1065.6	1314.2	1513.5
1326	1073.8	1354.5	1542.2
938	1072.1	1344.7	1559.4
3600	1068.3	1307.5	1539.0
4459	1068.6	1314.0	1614.8
3480	1073.5	1310.8	1586.7
328	1063.4	1274.5	1517.2
1243	1070.4	1298.6	1515.3
3874	1061.4	1307.6	1497.4
475	1062.2	1284.6	1453.7
3591	1067.6	1298.0	1464.7
2929	1073.1	1296.8	1530.7
1889	1070.4	1351.6	1522.7
3343	1066.7	1281.0	1484.5
731	1067.6	1309.1	1551.7
3572	1070.0	1333.7	1552.0
2573	1064.4	1345.4	1505.8
272	1068.5	1311.0	1482.2
2625	1085.7	1340.7	1552.0
3264	1066.3	1330.5	1532.2
3039	1078.9	1300.4	1539.1
4007	1066.4	1347.3	1502.8
3340	1073.9	1332.9	1529.2
2847	1058.5	1284.4	1451.8
2342	1063.1	1286.0	1469.1
1673	1072.3	1342.7	1532.9
2508	1071.8	1253.0	1502.1
3216	1067.6	1367.6	1558.0
3089	1063.8	1300.9	1522.3
3252	1083.9	1404.2	1644.1
2053	1067.5	1298.5	1499.6
237	1073.2	1330.2	1549.7
4234	1069.9	1308.9	1505.9
904	1076.7	1352.0	1708.5
1842	1066.8	1332.7	1532.3
806	1066.1	1263.4	1498.5
2776	1071.8	1294.3	1531.4
2571	1055.6	1283.0	1466.0
2115	1075.0	1329.6	1547.4
4645	1066.3	1296.7	1511.9
2501	1064.2	1305.1	1475.0
697	1069.5	1291.3	1474.2
