64825	2522.8	2774.1	22160.8
29823	2520.1	2800.6	22047.3
48174	2505.7	2728.4	21910.8
56560	2517.1	2814.3	21887.0
41256	2518.2	2751.1	21927.9
30715	2509.7	2744.1	21862.4
20995	2514.3	2761.6	21980.6
35233	2523.5	2733.0	22234.1
44510	2512.2	2745.6	21784.0
41419	2519.7	2743.9	21882.5
46271	2512.3	2812.7	21958.3
9762	2491.2	2747.5	21421.1
25067	2505.1	2736.6	21884.9
60920	2519.9	2720.8	22023.2
52410	2512.6	2724.3	21723.6
16793	2513.4	2727.6	21795.6
52051	2517.7	2687.7	21771.4
29920	2524.4	2780.6	22331.3
22882	2519.0	2787.4	22067.5
10821	2494.2	2724.6	21589.5
51659	2511.6	2784.1	22242.0
40523	2521.7	2738.5	22040.8
50686	2527.3	2746.8	22032.8
48830	2528.1	2764.1	22142.1
35043	2525.7	2737.6	22053.4
49423	2521.0	2690.9	21815.6
2983	2524.2	2824.0	22015.1
47865	2529.2	2752.0	22313.6
39855	2493.9	2722.2	21418.9
15855	2527.2	2824.5	22115.8
12898	2515.7	2761.6	21942.2
47127	2511.4	2726.7	21717.5
64361	2513.4	2715.9	21871.7
32194	2517.8	2723.9	21823.2
26725	2516.3	2765.5	21974.0
51939	2512.5	2763.7	22052.9
32948	2504.4	2733.5	21700.2
49274	2500.3	2731.7	21791.7
34456	2521.9	2725.3	22134.7
62833	2525.9	2789.3	22257.4
49807	2518.0	2792.7	22018.8
62873	2528.4	2748.9	22324.5
56227	2515.1	2744.0	22048.8
35632	2514.4	2702.8	21796.6
54288	2496.7	2698.8	21708.8
15713	2494.9	2745.7	21749.7
60367	2514.8	2738.9	21686.3
25007	2496.7	2739.4	21693.3
36107	2517.0	2776.6	22106.5
17089	2506.8	2708.5	21578.4
44126	2501.6	2697.0	21429.2
41827	2523.4	2733.2	21932.5
56088	2515.6	2814.0	22151.7
19244	2517.3	2805.8	22095.6
33804	2522.6	2788.9	22333.7
55387	2503.3	2745.4	22098.5
64050	2507.7	2751.4	21637.7
31269	2507.9	2810.0	22120.6
45565	2500.0	2730.7	21868.9
64772	2498.1	2716.8	21446.3
290	2494.2	2697.5	21412.7
60162	2500.9	2679.4	21821.3
56926	2499.0	2698.1	21456.0
53487	2520.0	2763.7	21895.0
2449	2500.9	2725.6	21758.1
28274	2507.8	2788.0	21922.1
52232	2508.1	2740.3	21807.2
44881	2505.4	2761.3	22587.5
31066	2519.2	2774.3	21855.5
5786	2523.1	2724.6	21849.7
24037	2533.6	2838.9	22660.1
25137	2511.6	2753.0	21770.7
19876	2518.3	2756.7	22221.8
26557	2489.2	2713.0	21599.5
57706	2518.1	2787.5	21974.0
44155	2503.9	2756.7	21891.6
51567	2498.8	2731.0	21619.3
37864	2523.2	2830.1	22634.1
7545	2508.1	2768.0	21839.7
41715	2525.3	2806.2	22360.8
31576	2522.1	2782.5	22165.0
25696	2517.2	2718.1	21925.9
4714	2484.9	2684.3	21292.7
15137	2518.2	2749.3	21762.0
37997	2529.1	2786.4	22199.1
56450	2532.1	2780.2	22482.7
64263	2526.5	2862.3	22380.7
17297	2488.8	2737.2	21440.9
2936	2522.2	2776.2	22333.3
18343	2510.3	2757.2	22294.1
58393	2522.0	2757.4	22014.2
50978	2522.0	2716.3	21985.0
48056	2527.1	2834.8	22427.2
41166	2527.2	2809.6	22249.3
9620	2504.5	2742.9	21826.5
26471	2510.2	2769.9	22588.7
52602	2511.5	2807.4	21842.9
30498	2524.6	2733.8	22036.0
46295	2505.2	2749.1	22084.4
41586	2503.9	2738.5	21765.1
40671	2500.9	2712.5	21641.8
58181	2500.0	2749.1	21833.0
29475	2524.2	2770.0	22168.6
10334	2508.2	2755.4	22060.1
2429	2512.9	2747.8	21693.8
51690	2525.9	2815.3	22299.0
48650	2515.7	2725.1	22094.6
46110	2534.5	2749.7	22311.4
32945	2514.7	2786.6	22062.1
14045	2508.7	2785.6	21846.6
60143	2518.8	2739.9	21964.2
57112	2515.9	2718.5	21785.1
50414	2521.7	2778.9	22103.5
2368	2517.6	2722.0	21906.2
3731	2508.6	2746.0	21737.6
39786	2516.0	2732.2	21744.0
21808	2525.5	2762.2	22077.2
7283	2524.3	2787.6	22022.7
8798	2511.9	2755.8	21966.5
34318	2511.1	2735.1	21931.2
34846	2536.6	2757.9	22326.0
55636	2537.2	2753.6	22866.9
58083	2509.9	2728.6	21808.6
42766	2512.8	2761.0	21883.2
33569	2522.5	2753.4	22204.0
11243	2506.0	2751.3	21930.4
48148	2536.4	2815.6	22354.1
38982	2516.3	2727.8	21642.8
57774	2512.4	2720.7	21729.6
13558	2505.8	2773.4	21745.7
44151	2507.3	2738.5	21861.4
196	2511.5	2728.8	21652.0
38555	2517.5	2782.9	22173.9
62170	2511.1	2770.8	22172.7
22739	2519.4	2808.7	22500.2
48218	2512.9	2749.4	21913.9
59670	2511.9	2764.2	22373.5
56637	2505.7	2773.5	21976.8
15843	2508.1	2754.0	21936.8
33801	2510.8	2766.7	22144.3
49409	2510.2	2775.2	21831.3
25499	2501.2	2752.1	22643.0
49498	2517.9	2764.6	21938.1
25808	2492.7	2781.7	21631.4
23595	2520.1	2812.7	22142.9
26362	2497.8	2705.9	21404.9
9063	2525.0	2815.5	22228.5
51180	2510.0	2750.9	21957.9
15588	2495.8	2717.6	21655.3
12915	2486.9	2700.5	21279.3
55167	2516.9	2745.8	21802.6
25582	2513.6	2790.8	22008.8
47916	2527.4	2817.0	22480.3
7147	2517.6	2734.4	22077.1
15090	2499.4	2693.2	21651.4
46951	2520.5	2766.1	21858.2
4294	2510.0	2741.9	21963.5
7366	2516.4	2712.5	21699.2
14739	2508.4	2761.7	21654.7
63159	2511.7	2717.6	22220.4
14587	2516.2	2752.4	22010.5
9747	2519.6	2826.8	22231.9
56433	2509.8	2669.8	21722.8
62352	2504.9	2784.7	22129.8
22594	2501.7	2741.2	21656.2
22234	2505.3	2790.3	21692.0
13957	2515.8	2750.9	21763.2
16686	2526.1	2762.9	22000.2
48710	2515.1	2727.5	21878.2
37482	2495.0	2699.8	21643.1
40361	2519.3	2769.4	22061.4
40616	2512.5	2726.8	21847.3
7164	2529.6	2794.3	22564.2
58208	2507.7	2718.2	21692.7
27569	2517.6	2742.6	21908.4
11406	2523.5	2813.4	22114.1
885	2509.8	2802.6	21951.3
4624	2528.8	2858.2	22374.9
18685	2520.0	2787.7	22184.2
11256	2519.8	2807.8	22220.2
54679	2499.0	2721.3	21731.3
2542	2513.8	2767.3	21801.9
29180	2494.8	2716.9	21716.0
18787	2515.9	2743.5	22096.5
37435	2525.6	2776.2	22211.5
6656	2516.6	2705.6	21852.4
4893	2521.9	2792.1	22171.4
51954	2539.8	2787.9	22258.8
41796	2521.2	2799.0	22199.4
29836	2481.7	2722.6	21498.2
24660	2529.6	2819.3	22467.2
50558	2516.0	2760.6	21692.2
52570	2516.5	2786.5	22347.1
53174	2528.1	2750.9	21944.1
37896	2512.2	2762.4	21850.3
41136	2526.2	2770.8	22009.2
29813	2509.9	2719.7	21769.8
31257	2506.6	2793.4	21579.7
40833	2515.0	2736.3	21916.6
61658	2519.8	2790.3	22045.6
14138	2532.6	2811.6	22335.0
10407	2527.5	2779.9	22163.2
13289	2504.2	2772.9	21637.8
3755	2526.9	2754.5	22226.1
48465	2501.0	2722.2	21556.7
501	2506.5	2721.1	21747.9
7176	2510.4	2779.8	22250.6
7137	2507.1	2735.3	21795.6
37310	2528.5	2807.3	22423.5
13122	2508.8	2773.1	21996.9
17235	2511.6	2704.4	21848.8
5076	2522.4	2762.3	21991.6
45698	2513.6	2774.1	22005.2
64158	2518.5	2738.7	21946.6
46798	2514.6	2715.9	21744.3
24	2511.6	2696.6	21582.4
58766	2515.9	2775.2	22270.8
64498	2504.7	2700.5	21515.7
45122	2508.6	2811.6	22278.6
30590	2523.1	2740.4	22000.6
7278	2510.1	2734.5	21697.3
17959	2523.7	2798.0	22423.1
38531	2525.1	2784.9	22430.4
64423	2513.1	2759.2	22126.7
55743	2518.4	2752.6	21784.0
53272	2513.6	2766.8	22167.2
59221	2503.9	2755.3	21883.9
27387	2505.2	2746.5	21726.4
46953	2526.3	2795.2	22128.6
21094	2509.8	2764.9	22053.5
30383	2499.5	2680.8	21802.2
15522	2531.6	2779.8	22288.1
8324	2519.9	2781.8	22138.2
36466	2515.8	2789.1	22336.9
33907	2488.1	2705.0	21299.0
30314	2507.0	2749.8	21881.0
28343	2489.2	2720.1	21187.7
25344	2511.6	2761.4	21810.1
54827	2528.8	2829.4	22176.0
57653	2512.6	2790.3	22033.7
2667	2514.8	2747.5	22334.7
40563	2521.7	2772.5	21919.2
31120	2522.0	2805.0	22144.6
43323	2503.9	2732.0	21658.5
41367	2520.1	2756.7	22097.0
42489	2519.1	2775.2	22188.0
41590	2519.4	2798.5	21935.3
10946	2520.3	2741.5	21874.0
41555	2528.3	2797.1	22269.9
39195	2510.0	2772.6	21883.2
25157	2490.1	2691.6	21426.5
63878	2515.5	2735.8	22101.0
37396	2513.9	2732.1	21816.8
5212	2526.7	2802.6	22088.6
53718	2517.0	2741.6	21554.9
64246	2498.4	2686.2	21329.7
27645	2502.4	2749.8	21654.3
18972	2520.7	2710.0	22006.1
44627	2514.7	2760.8	21996.2
5272	2519.3	2793.4	21648.3
52998	2506.2	2726.0	22043.1
57836	2503.2	2719.4	21610.5
42727	2512.7	2748.4	21680.3
56818	2519.6	2755.4	21892.3
11932	2514.8	2749.2	21960.5
28317	2509.1	2791.9	22054.3
45174	2520.1	2812.0	22378.0
42157	2525.1	2780.7	21963.7
8394	2514.5	2731.3	21742.6
44416	2512.9	2733.0	22014.1
32522	2531.2	2803.9	22507.0
12301	2515.5	2720.3	21833.3
64664	2499.0	2706.8	21776.1
64678	2496.3	2741.7	21519.0
238	2515.1	2757.7	22223.4
10824	2511.8	2735.0	21773.5
20407	2516.6	2782.4	22081.0
516	2519.0	2789.2	21983.4
6609	2511.7	2760.6	21887.1
61656	2520.1	2787.6	21991.2
9988	2516.9	2742.7	22084.1
53357	2508.2	2774.6	22377.9
37578	2496.6	2710.7	21559.7
28539	2516.6	2798.0	21936.0
60498	2517.2	2731.9	21770.6
14680	2498.1	2759.6	21718.9
19510	2493.3	2702.8	21755.0
62178	2509.8	2736.6	21837.7
39890	2508.6	2801.8	21814.3
56334	2500.1	2687.1	21558.2
10126	2498.4	2732.0	21470.6
18187	2515.0	2783.9	22161.3
12762	2514.2	2747.4	21786.3
26648	2521.7	2737.3	21817.3
5601	2524.5	2801.3	22391.9
41723	2510.6	2746.9	22018.5
31237	2527.8	2741.2	22037.7
31207	2492.8	2691.5	21440.3
10984	2499.2	2751.6	21557.5
63401	2521.7	2718.4	21839.3
56837	2509.0	2696.8	21547.0
11298	2506.4	2710.9	21808.3
5072	2504.0	2769.4	21850.1
26942	2529.0	2753.3	21912.4
36621	2486.0	2757.6	21488.7
10059	2518.3	2741.3	21932.3
37847	2499.3	2713.4	21688.4
59801	2516.4	2810.4	22102.5
6162	2513.6	2728.8	21588.4
45502	2519.9	2780.0	22147.8
53401	2521.5	2823.6	22420.1
18173	2519.1	2740.0	21892.2
10297	2510.1	2761.7	21770.0
39191	2498.7	2700.1	21365.3
9164	2519.7	2794.7	21873.1
29642	2513.8	2747.8	21841.7
15427	2525.8	2807.7	22489.0
37411	2504.2	2743.0	21774.7
47691	2514.8	2734.2	22136.2
61378	2506.3	2731.3	21801.5
58304	2524.8	2730.9	22146.3
51505	2520.8	2732.1	21950.4
45266	2503.8	2685.5	21629.4
36014	2497.0	2704.9	21569.5
5415	2516.3	2746.0	21798.0
17295	2507.9	2736.1	21700.5
35377	2526.7	2779.3	23063.2
22137	2499.2	2763.3	21824.1
25786	2512.1	2789.2	21947.8
24570	2493.4	2750.0	21531.2
865	2519.6	2727.6	21778.7
5561	2515.1	2823.2	22102.4
9358	2512.0	2762.5	21906.7
52048	2528.2	2731.9	22259.0
35334	2514.8	2792.7	22052.5
53588	2519.8	2780.3	22096.2
46667	2512.8	2752.3	22098.1
37174	2488.8	2670.4	21191.8
10508	2516.8	2765.1	21793.6
28910	2516.4	2729.1	21738.0
56364	2528.7	2781.8	22380.7
25064	2497.2	2695.8	21474.5
21296	2498.6	2765.0	21759.0
1625	2522.2	2807.8	22275.4
18295	2490.0	2658.3	21311.4
29671	2523.3	2740.2	21908.8
32892	2499.6	2729.9	21678.6
15013	2514.9	2756.5	22034.5
18186	2512.8	2729.9	21769.7
54876	2508.6	2791.3	21906.0
49387	2503.7	2785.3	22163.4
3786	2490.9	2706.8	21555.8
62856	2518.2	2751.3	22011.4
40568	2523.6	2783.1	22438.0
28102	2503.4	2730.0	21744.7
53848	2522.8	2767.7	22045.8
21629	2521.8	2793.2	22081.5
53693	2532.2	2732.7	22065.2
22970	2523.0	2818.2	22158.8
19427	2516.6	2778.8	21994.9
2425	2515.4	2716.8	21519.1
61348	2518.8	2740.3	21908.4
3184	2513.2	2683.2	21541.0
53997	2522.4	2732.4	21957.7
52537	2519.6	2757.2	21960.0
33700	2516.9	2773.1	22254.6
56014	2518.2	2774.4	22114.4
43192	2526.3	2765.0	22110.8
4850	2508.8	2757.5	22174.1
14902	2503.2	2721.4	21668.3
63650	2524.9	2765.5	22317.1
18956	2525.0	2826.2	22263.6
23011	2514.8	2806.2	21832.3
48859	2522.9	2742.6	21996.6
19513	2512.8	2764.3	21932.6
4963	2504.1	2728.4	21705.6
49224	2499.5	2731.3	21777.4
41481	2519.1	2797.2	22209.6
64763	2510.6	2717.7	21674.7
63706	2512.0	2770.6	22090.7
64082	2507.1	2780.5	22075.1
20579	2506.5	2740.3	21564.5
26528	2504.5	2750.9	21683.3
46992	2498.7	2751.9	21520.0
52787	2512.6	2815.2	21853.0
58756	2507.7	2787.8	21908.9
27616	2503.3	2718.3	21759.4
30149	2504.4	2711.2	21755.5
50276	2494.8	2765.5	21648.2
44576	2497.1	2710.7	21732.0
51675	2508.2	2722.4	21917.9
5889	2519.8	2760.5	22029.4
60151	2525.1	2813.1	22423.6
38266	2540.9	2793.3	22447.1
7994	2513.1	2751.5	21918.7
15971	2521.7	2800.9	22357.7
59916	2526.0	2755.3	22155.9
26710	2493.7	2742.6	21545.3
42878	2524.9	2719.2	21856.4
9697	2497.4	2701.8	21575.0
5413	2518.4	2778.2	22484.0
30683	2521.7	2799.9	22251.4
23548	2536.1	2815.2	22429.5
47942	2526.1	2775.7	22070.1
47255	2528.0	2770.3	22164.8
20446	2518.5	2751.9	22219.3
26744	2505.9	2749.5	22199.8
63745	2508.3	2738.8	21746.3
2384	2507.2	2725.7	21723.4
62717	2504.4	2721.5	21530.0
47855	2506.5	2764.3	21818.2
8405	2532.4	2807.7	22338.5
50306	2520.8	2746.7	21959.5
7819	2515.5	2740.0	21742.4
32803	2512.9	2741.6	21697.7
45784	2531.3	2781.4	22719.3
1844	2505.1	2694.0	21733.8
14303	2495.4	2696.6	21511.1
10290	2526.1	2773.8	22227.6
28416	2511.9	2746.8	21886.1
36860	2513.2	2758.7	21987.4
17691	2533.8	2739.9	21898.6
47370	2526.2	2771.3	22171.8
28619	2498.3	2741.0	21900.1
55622	2511.8	2737.3	21779.0
255	2513.8	2760.7	21714.0
41472	2500.7	2734.4	21721.6
21700	2510.0	2801.2	21923.8
46941	2495.1	2735.2	21578.0
6410	2511.3	2741.8	22909.7
35168	2513.9	2835.7	21913.6
64855	2507.3	2711.3	21744.5
47512	2525.1	2763.3	22014.9
56404	2506.1	2758.2	21720.0
30019	2533.7	2766.6	22778.7
62791	2508.9	2671.7	21695.6
9766	2500.5	2709.1	21393.7
12947	2485.6	2729.9	21265.5
50054	2525.1	2739.3	22070.8
61720	2513.9	2789.5	22235.9
57440	2494.0	2729.1	21565.2
23159	2504.8	2778.9	21659.4
31700	2507.7	2733.7	21486.7
4157	2509.4	2740.9	21813.8
60989	2504.9	2765.9	21837.9
59500	2518.3	2736.4	21865.2
7600	2508.8	2717.2	21432.6
45497	2505.9	2737.7	21771.6
3743	2514.8	2771.5	22232.2
42601	2506.0	2744.7	21727.0
14782	2525.3	2757.3	21991.8
2641	2513.0	2749.6	21848.7
33636	2497.1	2712.4	21494.9
60466	2497.8	2720.8	21843.2
61688	2493.0	2705.6	21522.0
24534	2496.0	2705.1	21663.5
1436	2512.0	2850.8	22093.9
3035	2497.2	2746.7	21877.8
63308	2511.8	2792.7	21802.8
46820	2505.5	2752.7	21888.1
12802	2509.9	2715.2	21725.8
59794	2527.9	2817.6	22830.7
20254	2516.3	2675.3	21624.3
16768	2512.5	2772.8	22286.9
42501	2503.5	2683.7	21708.8
48813	2507.1	2725.7	21849.2
23810	2506.7	2730.8	21735.3
40146	2519.4	2790.3	22257.0
18641	2517.9	2830.5	22068.9
61102	2527.1	2804.1	22180.0
10002	2498.9	2738.4	21753.8
36917	2513.9	2756.2	22121.9
39431	2512.8	2657.7	22039.3
46272	2520.9	2773.8	21880.5
46654	2516.0	2765.0	21972.7
10020	2524.3	2817.6	22261.9
2681	2518.9	2773.0	22237.9
52099	2506.0	2750.2	21751.7
5062	2514.3	2807.7	21943.5
50158	2512.8	2759.6	21906.6
57577	2519.1	2714.5	21884.1
8077	2526.0	2770.2	22139.1
2256	2499.4	2703.5	21432.6
22634	2511.3	2777.6	21794.1
25717	2502.1	2767.5	21789.1
16811	2527.3	2786.8	22500.9
3669	2512.1	2806.3	22131.2
22267	2523.6	2763.3	22172.0
22978	2522.2	2757.7	22230.7
15390	2510.1	2706.3	21702.1
26088	2526.9	2809.8	22402.1
48164	2499.8	2743.4	21616.4
37096	2516.0	2755.5	21807.2
18197	2513.5	2711.3	21741.2
10216	2524.8	2745.1	21921.2
6346	2507.3	2725.0	21667.2
32309	2510.7	2757.7	21831.3
4419	2509.4	2829.7	22275.0
1487	2509.7	2823.2	21962.1
37170	2509.3	2730.6	21861.7
20415	2508.9	2721.4	21733.9
57103	2508.2	2746.7	21842.3
18225	2517.7	2804.5	22064.3
47238	2500.1	2726.1	21620.4
3072	2514.7	2719.8	21952.4
48200	2508.2	2714.7	21967.9
14383	2531.4	2798.4	21997.2
43997	2507.0	2703.3	21588.8
1600	2519.9	2768.2	22002.2
39209	2524.8	2758.7	22302.1
31558	2519.6	2805.6	22238.3
30065	2504.2	2754.6	21889.5
20986	2506.6	2700.0	21679.7
57892	2520.0	2785.1	21980.4
24678	2536.3	2755.1	22296.3
50832	2516.6	2778.4	22018.7
43932	2506.8	2696.8	21819.7
24723	2518.4	2783.5	22080.1
42917	2513.5	2757.1	21843.2
6391	2530.1	2800.1	22101.0
6277	2519.8	2742.5	22042.6
8860	2510.1	2778.1	21883.7
16462	2487.9	2663.4	21360.0
54659	2515.0	2769.3	22118.8
26798	2517.3	2694.5	21619.5
41174	2521.9	2816.8	22421.7
1948	2532.2	2807.8	22275.3
55651	2502.7	2742.2	21754.8
8187	2505.2	2729.8	21707.5
55109	2500.0	2722.8	21624.1
9004	2539.5	2820.3	22281.1
8958	2501.8	2735.3	21651.2
9718	2501.5	2688.5	21430.0
52734	2526.3	2805.3	22430.6
3094	2497.4	2689.6	21416.4
24027	2544.5	2819.9	22554.1
13299	2507.6	2771.4	21911.2
35387	2499.5	2735.0	21568.4
9233	2505.0	2725.7	21707.3
37219	2504.8	2764.7	21729.0
60662	2531.1	2811.2	22319.5
10257	2524.6	2818.6	22458.8
16362	2513.7	2712.0	21890.5
63655	2510.3	2804.5	22483.4
14911	2501.4	2718.1	21673.1
43795	2508.4	2725.9	21704.5
52162	2534.9	2804.5	22402.2
22405	2526.0	2751.7	21955.2
58406	2507.0	2721.0	21879.6
51104	2501.5	2738.9	21619.9
55047	2520.7	2773.4	22124.8
28818	2513.7	2723.2	21649.0
23731	2518.6	2775.0	22226.4
40213	2525.7	2744.3	21954.1
31957	2519.2	2800.8	22157.7
624	2513.6	2775.2	22175.1
190	2503.6	2748.5	21900.5
3658	2532.4	2781.4	22033.3
27541	2501.2	2695.0	21467.7
48698	2513.0	2721.1	21828.4
14894	2484.6	2690.0	21251.3
17273	2514.8	2730.2	21655.5
22732	2534.5	2759.4	22164.7
56415	2515.3	2774.0	22112.9
56287	2533.7	2803.0	22707.3
10208	2511.1	2727.7	21724.5
4810	2510.0	2692.5	21606.5
63500	2492.1	2740.1	21552.6
10875	2499.0	2691.1	21476.1
16058	2507.0	2708.8	21774.0
43400	2506.5	2760.4	21729.9
3651	2516.8	2815.8	22088.1
42411	2498.6	2676.5	21558.2
53645	2512.8	2762.3	21995.7
62007	2516.2	2725.4	21889.4
22284	2503.4	2738.4	21646.0
54593	2529.2	2722.5	21769.7
62258	2530.1	2782.1	22131.0
8404	2519.6	2697.7	21884.1
51055	2517.8	2770.3	21997.5
63638	2499.3	2776.1	21737.1
21750	2512.7	2720.7	21776.4
14127	2512.1	2740.7	21831.1
29573	2518.3	2763.3	21906.5
24696	2530.9	2832.9	22224.4
15790	2510.7	2773.0	21857.0
2784	2512.3	2789.7	21700.2
46874	2499.9	2659.6	21304.4
55286	2499.6	2722.5	21469.7
19197	2516.1	2757.0	21821.1
52046	2513.6	2710.2	21655.9
57878	2535.3	2836.1	23169.0
48485	2497.6	2753.4	21598.7
48179	2516.2	2787.0	22387.8
14494	2513.2	2762.3	22100.1
42893	2521.6	2742.6	21726.5
57080	2519.2	2681.5	21731.5
35268	2494.3	2664.1	21431.4
10999	2516.9	2811.7	22241.4
53971	2519.3	2750.7	21964.8
42897	2520.9	2767.4	22077.4
24399	2505.6	2769.2	21930.8
45644	2517.3	2754.2	22034.1
53854	2497.2	2711.1	21803.9
3764	2531.6	2718.2	21898.3
53375	2513.5	2745.7	21830.3
59210	2515.8	2777.7	22041.3
24668	2504.6	2755.1	21909.7
64012	2524.8	2751.3	22038.0
9232	2522.7	2834.2	21971.8
26211	2536.2	2779.9	22154.8
7098	2525.4	2783.9	22025.8
35983	2529.2	2756.5	22246.1
58796	2504.0	2714.2	21621.1
2710	2504.7	2739.5	21545.9
17552	2515.8	2709.7	21812.9
58258	2525.0	2777.2	22024.6
8476	2505.9	2693.3	21590.9
29372	2501.8	2737.5	21504.8
38505	2512.3	2757.2	21962.3
54014	2507.9	2717.0	21877.6
60385	2510.7	2752.4	21986.5
40022	2509.7	2761.7	21756.3
35693	2513.0	2761.5	22019.9
44862	2518.8	2776.1	22084.1
11025	2500.7	2717.1	21384.2
14336	2513.1	2737.5	22093.3
21318	2509.7	2718.1	21898.1
57781	2524.0	2812.7	22090.1
52753	2507.0	2786.4	22192.4
34722	2517.1	2726.1	21949.8
32119	2516.5	2732.9	22014.9
18267	2508.9	2710.0	21534.5
43552	2541.4	2798.2	22733.2
45418	2499.2	2719.1	21785.3
27622	2531.0	2742.2	22196.9
19943	2519.0	2757.5	22157.5
19307	2521.2	2739.3	22090.9
37953	2510.8	2759.6	22012.2
22326	2510.5	2738.1	21721.2
58614	2517.5	2734.9	22031.1
61324	2513.1	2753.2	22079.2
30664	2512.7	2781.2	22044.9
31722	2522.1	2754.6	21817.9
8771	2521.0	2777.5	21883.4
49522	2511.1	2725.3	21713.4
45197	2546.5	2825.8	22795.9
54547	2497.1	2737.8	21740.0
2774	2529.0	2801.7	22284.3
28796	2530.4	2776.7	22476.1
26231	2522.6	2798.4	22010.7
13311	2516.7	2760.7	21944.7
11404	2510.9	2746.4	21623.3
7197	2509.8	2705.9	21663.8
43272	2526.8	2718.3	21913.1
24036	2521.0	2758.3	21973.0
41001	2519.6	2769.0	22294.7
30548	2511.9	2735.0	21764.1
40131	2508.9	2730.3	21772.2
26229	2503.4	2706.6	21690.5
50033	2533.6	2805.8	22376.1
45309	2513.7	2789.4	21756.2
58102	2519.9	2770.8	21857.3
63905	2515.1	2722.0	21940.5
49242	2510.8	2736.6	21911.4
47609	2511.6	2773.1	21865.3
33695	2517.1	2759.2	21820.5
32316	2507.4	2741.8	21887.6
14820	2518.6	2765.7	21966.3
17565	2507.8	2767.7	21903.9
6363	2534.8	2747.6	22296.2
47429	2514.5	2743.7	21880.7
22488	2501.6	2727.2	21937.0
31078	2540.3	2815.8	22504.8
8357	2516.4	2786.7	21956.5
14699	2519.1	2778.5	22026.0
14037	2512.2	2709.3	21785.3
649	2517.2	2771.3	21944.4
37158	2523.1	2744.1	22132.6
31787	2524.0	2811.2	22296.1
40321	2513.8	2750.5	21882.8
34582	2496.4	2691.5	21432.7
38397	2513.7	2795.0	21854.9
62932	2525.3	2723.4	22212.7
30423	2508.4	2768.4	21918.7
38616	2504.6	2751.2	21720.1
27642	2512.5	2741.4	21755.9
60566	2513.0	2747.3	21837.6
61842	2503.2	2728.2	21543.8
31279	2512.9	2721.6	21752.2
51613	2520.7	2750.5	21897.6
15799	2504.7	2741.4	21729.8
45280	2514.0	2755.3	21879.9
8702	2509.9	2793.7	21820.2
18021	2503.4	2723.0	21759.9
39919	2530.0	2722.0	22092.5
25570	2521.9	2820.8	22200.8
27149	2496.3	2751.7	22178.9
34508	2512.3	2709.2	21893.7
40602	2501.2	2661.4	21489.3
40425	2533.3	2799.3	22555.4
15431	2509.1	2690.8	21690.0
52076	2502.5	2736.3	22025.2
40646	2501.9	2792.7	21963.2
7686	2527.5	2824.7	22375.9
48248	2499.0	2688.1	21890.9
38389	2502.8	2692.9	21458.8
12615	2505.0	2781.5	21888.2
39492	2507.1	2776.2	22042.9
22524	2509.7	2813.2	22013.8
32228	2516.6	2746.0	21837.8
22113	2505.2	2745.3	22009.4
37831	2528.7	2777.4	23028.1
27552	2541.7	2800.6	22505.6
11921	2511.1	2711.7	21680.0
62138	2495.1	2724.7	21462.6
63033	2524.3	2810.5	22002.7
41406	2506.0	2769.1	21970.4
28659	2508.5	2775.4	21884.0
63690	2519.3	2781.4	22167.6
31100	2506.8	2758.2	22183.6
58333	2514.2	2672.7	21610.4
43327	2505.1	2768.8	21814.6
20927	2514.6	2706.1	21663.4
25799	2524.6	2811.9	22301.7
64513	2536.0	2828.6	22267.7
17566	2499.2	2746.8	21767.6
56714	2509.6	2704.5	21658.0
6664	2542.0	2801.7	22528.6
33690	2507.3	2729.6	22107.2
52246	2514.1	2750.5	21887.1
1463	2530.8	2817.3	22571.6
60193	2511.4	2743.1	21903.8
44493	2495.8	2734.7	21771.0
18677	2511.9	2734.1	21787.9
31997	2514.4	2699.5	21905.8
32086	2514.8	2768.5	21859.2
1713	2507.5	2731.9	21632.9
16755	2513.4	2774.7	22048.5
38588	2535.8	2803.3	22387.1
20479	2506.4	2763.1	21779.0
21305	2523.3	2746.7	22190.8
26168	2520.2	2805.0	22166.7
14506	2507.8	2769.2	21779.6
20560	2512.3	2768.1	21587.3
16515	2505.4	2738.3	21854.7
54263	2519.1	2772.8	22538.9
22698	2514.4	2765.2	22083.0
4739	2499.3	2689.1	21571.9
41456	2509.2	2745.4	21837.9
49915	2534.2	2811.7	22239.3
10149	2517.1	2724.3	21739.1
33574	2499.7	2790.0	21960.3
48110	2502.2	2732.0	21826.4
33684	2528.6	2722.6	21982.1
54558	2519.6	2779.4	21977.2
46449	2514.6	2716.3	21761.9
5433	2518.4	2753.4	21952.4
57934	2512.5	2780.5	22030.4
61356	2512.6	2771.1	22013.8
37191	2513.4	2709.9	21774.0
32938	2507.8	2701.9	21771.3
25709	2508.2	2791.9	21845.5
36294	2531.5	2779.1	22379.0
60545	2521.7	2734.4	22141.3
48749	2515.8	2809.1	22231.3
6302	2512.9	2720.1	21754.0
54706	2526.2	2807.2	22435.2
34211	2506.2	2718.6	21755.9
50648	2513.8	2758.1	21975.7
24215	2510.8	2748.5	21957.5
22073	2509.6	2733.2	21884.5
40702	2526.9	2740.7	22003.0
7031	2506.1	2759.2	21829.7
16027	2510.2	2712.6	21784.5
23983	2524.3	2771.4	22176.0
3821	2513.5	2787.3	21888.3
48581	2510.0	2756.4	21930.5
21220	2519.7	2769.9	22237.2
42769	2513.7	2744.3	21832.0
11637	2515.9	2785.0	21874.1
17403	2525.3	2784.6	22225.1
44756	2508.2	2704.5	21586.7
49648	2530.8	2783.4	22479.6
20797	2523.1	2779.0	22195.6
1939	2499.9	2699.2	21504.2
19748	2500.1	2738.8	21722.3
33556	2529.9	2792.1	22557.8
26036	2508.0	2794.9	21927.5
26957	2514.9	2763.7	21829.8
8509	2516.1	2759.9	22020.3
61744	2510.6	2763.9	22057.9
44403	2518.9	2786.1	22149.5
32349	2482.6	2690.1	21283.9
25249	2511.2	2733.2	21967.2
43257	2520.0	2768.3	21854.6
51317	2497.5	2703.5	21637.4
835	2526.3	2874.1	22477.3
45024	2497.8	2786.0	21963.6
64144	2520.1	2739.2	21861.7
26955	2532.8	2813.0	22394.0
40365	2501.6	2711.1	21534.9
61038	2518.3	2742.3	21966.1
58753	2499.2	2702.6	21577.0
4859	2505.5	2694.6	21535.1
21983	2515.0	2740.7	21884.5
51470	2517.7	2753.6	22368.9
58447	2511.0	2701.6	21728.3
22607	2521.8	2754.5	21996.9
50402	2521.6	2794.0	21954.4
1942	2517.4	2819.2	22307.0
37355	2505.1	2741.4	22027.8
17264	2520.5	2775.1	21873.5
11665	2510.0	2691.0	21655.5
1552	2519.7	2735.6	21979.5
60694	2504.7	2750.5	21737.9
10870	2509.6	2706.4	21607.3
46452	2505.2	2769.3	21919.7
249	2522.7	2685.7	22005.5
2914	2505.0	2751.1	21775.3
55348	2521.6	2822.3	22341.4
18137	2517.1	2756.3	21902.6
52567	2497.3	2756.1	21624.2
21876	2516.3	2738.9	21840.0
3981	2498.6	2737.9	21694.0
30721	2531.5	2795.0	22357.7
12605	2518.2	2797.7	22014.1
31112	2523.5	2777.7	21932.3
56322	2525.1	2764.4	22147.8
47649	2509.2	2724.8	22069.9
1899	2506.5	2725.0	21521.9
40377	2521.9	2797.9	21894.7
61231	2519.2	2763.3	22064.1
42251	2515.0	2738.3	21824.2
54841	2521.8	2784.6	22021.3
47173	2520.7	2833.6	22213.8
58668	2514.7	2785.3	22053.9
54134	2521.0	2737.5	22009.7
25222	2517.0	2795.6	22370.9
37968	2509.5	2714.9	21736.1
23073	2493.6	2703.9	21421.4
1176	2514.2	2758.0	21824.3
39891	2527.9	2743.3	22165.5
2764	2513.4	2802.8	22136.5
9372	2511.9	2707.1	21643.3
48883	2530.4	2839.1	22309.9
57784	2515.1	2749.0	21773.5
11153	2503.4	2757.4	21701.6
54338	2496.1	2653.8	21401.2
57780	2502.5	2669.9	21402.7
12628	2495.3	2682.1	21525.5
32300	2511.3	2706.4	21656.3
50375	2494.0	2728.6	21480.5
11486	2510.2	2734.7	21660.6
17562	2509.3	2764.2	21983.2
45245	2495.9	2705.9	21641.0
14132	2503.2	2764.1	21674.2
48590	2524.7	2753.9	22233.9
21068	2527.1	2833.2	22281.3
39505	2505.8	2738.9	21806.7
27782	2506.5	2719.9	21594.1
26323	2517.3	2732.3	21803.2
27279	2513.5	2769.5	22143.1
24070	2515.5	2764.5	22090.3
5444	2505.5	2695.7	21415.4
57009	2496.2	2706.1	21583.6
29805	2504.9	2731.2	21698.2
27348	2510.2	2721.1	21649.9
16629	2529.1	2815.1	22217.8
17531	2509.9	2744.4	21662.3
36583	2534.8	2809.4	22505.4
8065	2530.0	2844.2	22526.1
47093	2503.3	2723.9	21722.3
16417	2513.0	2771.9	21837.2
20860	2502.2	2686.2	21438.8
52846	2514.3	2729.5	21936.7
1441	2507.2	2706.6	21771.2
21317	2516.7	2707.0	21873.2
21295	2519.4	2784.0	22038.6
17135	2505.7	2748.8	22056.3
47545	2516.4	2762.5	22014.4
33890	2518.5	2748.1	21931.5
61533	2524.0	2782.3	22187.7
60913	2527.8	2727.0	22192.2
777	2511.7	2767.2	21888.3
3402	2494.3	2704.6	21642.4
1006	2517.5	2771.1	21981.4
46589	2525.5	2779.5	22231.4
33289	2504.0	2703.3	21577.4
56937	2531.2	2800.6	22315.9
17310	2515.7	2742.0	21952.5
32917	2497.3	2689.3	21639.6
22635	2523.7	2787.6	22341.1
12149	2518.2	2772.7	22046.4
30154	2516.6	2702.5	21615.6
13372	2531.7	2793.4	22439.5
61206	2520.8	2715.7	21912.7
39868	2526.8	2849.5	22727.2
16297	2503.4	2706.4	21771.4
3899	2515.4	2775.3	22031.5
34429	2520.9	2759.0	22059.0
30770	2517.2	2761.3	21989.8
17389	2521.5	2780.5	21983.9
18114	2530.1	2814.1	22363.4
38349	2493.7	2731.7	21399.3
47872	2490.7	2718.3	21414.1
56891	2507.7	2729.9	22148.9
40864	2524.6	2823.7	22388.2
43037	2501.8	2775.2	21794.1
193	2505.8	2741.8	21715.8
33902	2513.7	2748.7	21845.4
20493	2520.1	2732.9	21854.9
51437	2515.2	2734.2	21958.3
51054	2512.0	2712.0	21738.9
30198	2524.0	2731.6	21931.9
56785	2524.3	2807.2	22231.8
13654	2503.6	2716.2	21918.0
7894	2531.3	2831.8	22487.0
35804	2507.8	2735.9	22127.7
32418	2515.0	2758.5	21981.1
58203	2504.4	2747.1	21707.9
33634	2500.1	2689.0	21405.4
54767	2514.1	2792.9	22083.0
60611	2511.0	2713.0	21630.1
38376	2512.3	2771.1	21991.9
46307	2507.4	2761.8	21712.7
16665	2497.1	2724.4	21700.5
4539	2524.1	2865.1	22278.2
61965	2517.4	2769.3	22108.9
45901	2504.4	2756.4	21560.7
50410	2526.8	2807.8	22320.5
27624	2522.8	2722.4	22524.5
41551	2509.1	2768.6	21791.6
32467	2534.8	2808.8	22415.9
45375	2511.1	2764.5	21966.0
27615	2508.4	2804.1	22036.0
8104	2526.0	2780.5	22318.1
44776	2497.2	2701.5	21605.2
51955	2499.2	2684.3	21396.3
12872	2505.7	2747.7	21900.9
55960	2518.5	2798.5	22236.2
39673	2505.0	2722.3	21796.2
48927	2500.9	2714.6	21750.2
26383	2519.2	2763.8	22038.5
21566	2512.2	2749.9	21673.7
2981	2508.5	2736.3	21901.9
26192	2527.3	2767.9	22302.0
54114	2524.8	2753.4	22517.0
47702	2528.4	2719.2	22118.2
14499	2519.7	2824.9	22202.7
60104	2511.6	2775.8	21905.0
39446	2523.6	2778.1	21878.8
9775	2503.9	2713.2	21574.1
63694	2505.2	2753.9	21699.4
263	2527.8	2840.2	22339.2
3331	2498.2	2716.3	21524.9
1468	2517.0	2737.7	22135.1
22811	2506.7	2733.5	21857.5
61912	2502.0	2724.7	21696.4
52670	2524.7	2756.5	22043.5
31855	2530.9	2782.8	22440.0
31726	2508.7	2724.4	21761.1
51210	2508.7	2799.5	21763.8
63381	2519.0	2750.4	21988.2
20527	2495.3	2663.9	21191.8
48496	2501.9	2699.4	21518.6
22744	2505.2	2720.6	21460.3
39504	2519.2	2777.2	22211.0
35149	2519.9	2757.2	22000.1
38452	2500.6	2737.0	21539.6
23133	2515.3	2798.1	22383.0
25583	2515.2	2726.2	21880.4
51995	2508.8	2704.3	21742.6
39006	2505.7	2744.3	21818.6
45235	2500.2	2722.0	21862.3
47846	2511.3	2765.0	22073.4
53969	2505.7	2767.7	21743.3
58732	2524.1	2729.7	22063.1
40417	2507.8	2755.5	21533.9
14254	2510.5	2740.2	21877.8
25077	2518.7	2748.9	22277.4
48699	2504.6	2732.4	21627.2
23953	2517.1	2796.2	22049.0
27532	2529.9	2806.5	22265.2
35082	2520.4	2771.7	22011.1
29206	2507.4	2806.4	22357.2
3243	2533.7	2767.1	22139.8
13403	2522.6	2784.5	22230.7
35322	2511.4	2733.6	21866.8
6792	2523.9	2782.3	22145.4
6560	2512.2	2729.8	21832.3
23581	2513.4	2755.6	22007.3
59680	2508.8	2781.0	22119.9
20517	2535.8	2755.1	22227.0
16773	2513.9	2762.0	21831.8
59587	2515.3	2748.3	22010.3
61748	2518.0	2780.9	22157.1
20992	2529.0	2774.6	22043.2
33125	2519.4	2771.3	22228.3
22082	2512.6	2786.0	22160.1
