40021	1447.3	1676.1	7434.2
29321	1442.0	1665.1	7303.0
29764	1454.6	1719.9	7599.4
9277	1445.2	1684.6	7635.0
40866	1463.1	1747.6	7849.4
19972	1448.5	1707.9	7504.5
38293	1441.1	1680.4	7469.9
32847	1464.7	1728.4	7759.5
41154	1454.1	1674.8	7474.3
6869	1456.9	1725.1	7641.2
40759	1443.9	1637.9	7510.2
40264	1453.3	1702.0	7876.6
42079	1452.3	1694.4	7626.1
27450	1447.6	1727.6	7834.9
33229	1453.7	1676.2	7645.9
9238	1448.5	1678.3	7459.2
28747	1446.0	1705.3	7480.5
19577	1444.6	1691.9	7608.3
30747	1441.5	1673.3	7563.8
5757	1444.9	1675.3	7375.9
7114	1443.0	1649.4	7438.0
13210	1449.0	1667.2	7574.5
34142	1451.8	1662.2	7648.6
36266	1450.3	1685.1	7589.4
34889	1458.3	1713.8	7751.0
38899	1456.0	1671.0	7633.4
10751	1445.3	1687.1	7439.2
19623	1445.5	1662.7	7439.3
1325	1441.8	1652.2	7331.4
35819	1453.6	1682.9	7498.4
17970	1447.8	1710.0	7441.5
39361	1443.8	1650.6	7383.0
22423	1453.6	1682.2	7594.0
44116	1451.3	1638.2	7318.1
19827	1441.5	1638.6	7427.2
563	1448.0	1685.2	7444.1
14281	1440.4	1676.6	7341.2
11393	1448.0	1665.8	7384.9
20297	1444.3	1696.4	7479.8
39172	1433.0	1610.9	7192.7
35377	1441.7	1677.9	7357.9
25073	1464.5	1743.0	7744.1
41549	1437.0	1630.7	7195.4
25051	1449.0	1677.0	7391.7
16237	1462.5	1719.3	7782.3
923	1441.4	1685.0	7368.1
9300	1458.5	1725.5	7762.1
10439	1434.6	1663.3	7382.3
42950	1434.9	1620.0	7218.0
1453	1446.4	1639.4	7325.2
36614	1453.7	1711.8	7684.8
43448	1457.4	1681.6	7588.8
24443	1458.1	1691.7	7608.9
36224	1456.7	1630.9	7480.8
42387	1448.3	1723.5	7859.5
29551	1438.5	1666.5	7614.1
15563	1441.2	1673.4	7389.6
39534	1437.8	1673.8	7342.5
17135	1457.4	1697.7	7707.7
39095	1446.3	1674.0	7599.8
41787	1439.5	1702.9	7650.5
38343	1442.4	1689.4	7323.3
33762	1449.0	1661.3	7400.2
34590	1453.9	1672.6	7514.0
32789	1454.7	1675.4	7481.7
12063	1454.7	1708.0	7613.8
8296	1446.5	1698.0	7400.9
19447	1443.3	1705.0	7474.9
4731	1444.0	1678.3	7360.8
8094	1437.5	1624.6	7222.6
6625	1450.9	1675.9	7400.9
18376	1454.4	1727.5	7601.9
34464	1450.4	1636.8	7427.7
15845	1447.4	1702.4	7620.8
253	1446.9	1703.1	7534.9
25339	1453.5	1672.5	7547.4
33853	1454.7	1705.7	7515.4
26084	1449.9	1631.8	7376.3
35628	1454.8	1638.4	7461.4
7907	1440.8	1642.6	7340.9
31388	1455.8	1676.7	7603.3
39671	1442.5	1687.7	7511.2
34536	1459.2	1754.0	7982.7
16004	1457.8	1706.1	7671.5
41328	1451.6	1703.5	7633.1
34460	1461.9	1702.2	7871.7
17073	1444.5	1665.5	7362.8
37470	1449.7	1666.1	7460.5
10835	1449.3	1724.8	7490.1
34699	1455.6	1641.2	7615.3
6024	1458.4	1762.1	7741.2
26776	1451.2	1703.8	7503.4
10476	1438.2	1644.7	7142.8
14825	1450.8	1685.5	7402.0
19502	1453.0	1704.1	7509.7
8022	1450.3	1678.1	7475.9
4281	1434.6	1660.8	7284.0
7060	1450.0	1728.2	7602.9
2538	1459.1	1732.2	7784.5
27698	1452.4	1701.7	7670.6
39530	1453.2	1753.4	7631.4
1023	1455.3	1748.0	8131.4
37866	1464.2	1748.2	8091.3
40989	1453.4	1723.9	7656.6
13807	1449.3	1705.0	7589.7
17195	1444.4	1720.8	7565.9
42767	1444.9	1661.8	7395.6
3585	1446.9	1641.6	7362.1
34563	1449.6	1658.3	7510.2
4039	1455.9	1738.7	7812.1
9661	1447.9	1648.6	7324.8
44318	1455.5	1667.7	7518.4
28310	1440.7	1655.3	7366.1
19633	1454.8	1757.2	7722.0
31166	1451.2	1664.3	7635.9
32141	1447.5	1704.3	7734.3
24892	1436.8	1669.7	7397.0
12634	1447.6	1683.0	7431.0
19078	1449.1	1696.6	7494.0
33992	1459.0	1687.4	7641.9
3876	1442.4	1678.6	7391.4
27075	1451.7	1707.4	7684.8
44003	1444.2	1650.0	7304.2
14664	1450.3	1703.4	7678.8
35524	1459.0	1679.8	7598.7
1242	1443.4	1660.5	7414.7
41207	1462.8	1646.8	7668.7
144	1454.4	1710.8	7547.6
32023	1447.9	1696.3	7643.5
6706	1464.6	1716.8	7704.3
6680	1455.9	1694.6	7786.4
21683	1457.5	1686.7	7645.0
16335	1449.1	1694.2	7420.8
1914	1441.5	1665.7	7350.3
31907	1452.0	1670.3	7643.5
16399	1457.1	1765.5	7671.7
24593	1439.9	1655.5	7407.8
9796	1432.6	1635.8	7217.7
25129	1445.0	1713.2	7530.9
41060	1448.2	1682.8	7497.9
10103	1458.2	1714.7	7593.4
6691	1437.2	1635.1	7151.1
26338	1451.9	1686.9	7491.5
41615	1448.5	1696.5	7502.9
39588	1445.9	1629.1	7402.7
23431	1456.7	1726.8	7544.0
16240	1449.7	1729.4	7869.0
29157	1456.6	1773.0	7786.4
17592	1448.8	1718.6	7669.9
18516	1442.2	1667.0	7535.3
26801	1452.0	1696.6	7496.7
32285	1449.7	1730.7	7595.1
21668	1461.6	1685.3	7711.1
28023	1447.0	1669.0	7384.6
43845	1452.9	1722.0	7864.0
24405	1440.1	1691.1	7455.4
23147	1449.2	1679.8	7401.8
2070	1446.0	1680.3	7433.5
36813	1447.2	1686.3	7538.2
38351	1432.9	1657.9	7264.9
22427	1456.3	1690.3	7652.1
30698	1457.9	1727.0	7760.4
39773	1443.6	1625.8	7376.1
35048	1430.5	1650.3	7210.8
21417	1452.0	1797.6	8040.5
1190	1448.6	1625.5	7505.9
11534	1461.2	1755.6	7819.5
39986	1448.3	1677.9	7554.8
36617	1451.2	1750.4	7608.7
44276	1448.2	1652.1	7408.3
28594	1444.9	1691.4	7458.6
40934	1444.9	1709.7	7548.1
19678	1452.1	1675.2	7388.3
26750	1450.1	1691.3	7467.0
30979	1451.0	1670.1	7688.9
9598	1457.0	1723.0	7613.8
13493	1442.4	1639.9	7280.7
1511	1459.9	1748.4	7840.4
43054	1443.4	1695.9	7536.9
33967	1457.9	1707.0	7650.0
26771	1448.6	1680.5	7352.6
2835	1451.9	1681.3	7564.1
14716	1439.2	1626.8	7327.4
30364	1444.1	1630.4	7354.7
15530	1428.5	1633.0	7243.6
15478	1459.8	1696.3	7573.7
9931	1464.5	1704.2	7624.5
8861	1439.4	1665.7	7354.6
29418	1455.2	1757.3	7763.4
28800	1433.3	1595.6	7105.5
44951	1451.5	1698.1	7562.9
25107	1448.2	1707.1	7501.9
31726	1443.2	1659.1	7386.8
36504	1454.0	1687.5	7645.0
6440	1451.6	1670.4	7375.3
8323	1450.1	1674.4	7516.5
13855	1461.3	1750.7	7758.4
8870	1458.8	1730.3	7868.9
4283	1460.8	1762.4	7832.6
38231	1460.5	1667.7	7537.9
20214	1441.4	1679.2	7292.7
35748	1455.3	1678.3	7679.6
29082	1461.1	1694.1	7598.4
26351	1449.1	1659.9	7389.0
26873	1457.5	1783.0	7850.6
23762	1451.9	1725.6	7765.2
15779	1456.4	1700.5	7658.3
20954	1444.9	1695.1	7367.7
20466	1442.9	1720.6	7523.1
32739	1452.6	1702.2	7727.5
6548	1465.8	1786.5	7794.5
28656	1444.1	1659.1	7336.8
35273	1445.0	1688.5	7518.0
2063	1444.1	1715.8	7819.0
24474	1456.0	1720.9	7592.7
15634	1449.6	1672.8	7929.2
20142	1451.8	1740.9	7714.1
37742	1456.8	1683.1	7850.5
5419	1465.1	1742.9	7774.1
41282	1444.4	1658.7	7354.2
20530	1445.3	1714.9	7453.5
8051	1438.3	1722.1	7484.1
43452	1448.9	1709.8	7649.1
31304	1451.4	1699.6	7546.4
23919	1454.9	1665.3	8013.6
7890	1451.7	1694.7	7453.5
43559	1446.0	1706.3	8343.5
3078	1458.9	1769.9	8408.4
15120	1450.6	1678.9	7375.1
37648	1458.1	1779.4	8032.4
42509	1457.7	1697.2	7536.3
33477	1450.9	1681.8	7559.2
12868	1451.1	1749.2	7600.8
29104	1440.6	1656.6	7238.6
44865	1444.3	1639.5	7480.8
8466	1443.2	1708.9	7512.6
31613	1451.2	1711.6	7501.3
16550	1457.7	1722.0	7751.8
7898	1460.5	1795.1	7941.2
24326	1439.8	1687.7	7428.4
42894	1454.6	1653.8	7744.6
31515	1440.5	1687.2	7505.7
44762	1456.8	1734.4	7800.0
34322	1457.0	1693.6	7612.4
44442	1450.9	1663.8	7421.8
17757	1449.0	1677.3	7943.8
36337	1453.0	1714.5	7829.0
10905	1445.6	1681.4	7676.0
7438	1459.8	1684.8	7649.5
36950	1448.0	1733.2	7747.7
24754	1435.8	1645.2	7216.1
40990	1458.7	1679.2	7684.8
38050	1440.9	1633.0	7322.4
44046	1436.2	1641.8	7328.4
39435	1442.4	1629.2	7240.2
34421	1447.9	1649.2	7461.3
33763	1447.4	1658.3	7423.6
4636	1446.5	1698.6	7463.0
9521	1457.0	1682.3	7592.6
18714	1455.6	1708.4	7721.7
252	1444.4	1705.2	7449.0
20860	1447.9	1631.5	7341.6
36768	1453.9	1689.9	7608.9
34589	1441.6	1643.0	7348.8
15312	1446.0	1658.5	7450.3
27345	1455.8	1722.4	7631.5
29120	1450.4	1696.9	7616.0
31379	1449.2	1668.6	7579.4
43565	1451.1	1678.7	7451.6
10126	1452.4	1692.7	7753.4
1252	1455.5	1760.6	8608.4
42210	1455.0	1739.8	7758.7
7687	1453.8	1694.4	7611.7
15020	1455.6	1746.4	8045.0
20195	1447.6	1693.9	7536.5
34533	1460.3	1762.5	8183.6
26712	1448.3	1675.5	7445.6
14880	1461.0	1704.0	7664.0
17990	1446.1	1699.4	7416.5
32985	1442.5	1685.9	7507.1
266	1452.7	1693.9	7481.5
33896	1447.5	1715.9	7498.3
25382	1443.5	1699.5	7549.3
42077	1455.6	1706.8	7592.3
6018	1454.1	1740.7	7698.1
26445	1449.4	1626.5	7369.6
42913	1458.3	1724.5	7630.0
17690	1444.4	1650.9	7370.4
29876	1432.1	1609.9	7228.4
31362	1449.0	1712.0	7749.4
6414	1457.7	1685.7	8015.5
42111	1459.5	1739.9	7763.6
4721	1452.2	1704.7	7459.4
7967	1441.4	1679.7	7308.6
15356	1454.3	1741.0	7709.3
43407	1454.4	1700.6	7685.4
36920	1444.9	1666.4	7335.7
21479	1453.1	1726.3	7567.5
21710	1463.8	1763.7	7840.3
23529	1456.9	1739.6	7766.7
13728	1449.0	1689.4	7433.6
32270	1464.0	1709.7	7754.6
25449	1457.9	1796.5	7876.3
8284	1453.1	1678.9	7493.1
35134	1445.7	1672.9	7504.1
1082	1446.4	1677.8	7344.0
37130	1461.9	1692.7	7602.2
41102	1451.2	1703.0	7494.7
7390	1437.4	1661.5	7283.2
4696	1446.0	1669.3	7349.5
34248	1444.5	1670.0	7494.9
37207	1456.5	1696.9	7683.2
43553	1457.5	1675.3	7627.7
22121	1465.6	1743.7	7869.0
11203	1448.1	1672.0	7574.6
35170	1450.0	1747.1	7663.2
33439	1453.6	1716.9	7687.8
10074	1447.2	1764.6	7743.9
14653	1451.2	1665.3	7450.4
44075	1462.7	1730.1	7818.7
24084	1453.5	1694.2	7753.0
35999	1449.6	1638.0	7396.9
17636	1446.6	1658.5	7396.1
1640	1445.9	1675.2	7630.5
13576	1444.7	1646.0	7372.1
35353	1447.8	1702.1	7457.6
636	1447.3	1703.3	7434.1
37911	1447.7	1721.1	7576.6
17936	1452.4	1738.0	7634.7
32877	1463.2	1751.3	7888.2
20244	1458.0	1739.2	7952.6
5306	1459.4	1733.9	7666.6
42520	1458.7	1703.4	7657.6
37003	1435.3	1645.0	7210.5
23393	1454.6	1700.7	7560.6
7641	1437.7	1680.3	7421.6
1782	1453.0	1681.4	7419.7
16367	1456.7	1705.8	7515.7
43771	1452.9	1675.5	7514.8
10653	1448.1	1662.1	7476.9
28985	1456.1	1711.7	7791.7
16712	1452.5	1725.8	7714.9
34951	1452.0	1696.9	7632.6
7809	1457.5	1740.2	7742.5
4204	1449.7	1717.6	7456.5
23192	1455.7	1710.3	7534.2
20355	1452.0	1678.9	7380.2
39295	1459.7	1769.8	7937.2
20938	1444.7	1664.9	7498.4
34327	1442.5	1678.6	7385.7
13680	1451.8	1711.7	7642.4
11923	1447.4	1650.8	7552.3
42997	1454.9	1697.8	7479.9
23461	1453.3	1656.1	7493.8
24036	1443.0	1702.9	7433.8
27181	1452.7	1725.7	7565.4
3824	1443.3	1679.3	7597.0
16705	1437.4	1654.5	7291.6
28734	1446.5	1718.4	7529.5
828	1446.0	1651.7	7291.5
37141	1443.1	1693.4	7482.4
392	1457.0	1713.3	7747.7
15031	1453.8	1675.7	7633.8
27740	1435.7	1666.0	7404.5
4316	1452.2	1681.1	7589.4
37058	1446.6	1694.7	7589.5
11469	1450.5	1678.5	7741.5
41268	1451.3	1640.3	7500.6
3843	1441.8	1707.1	7536.2
35537	1439.1	1662.0	7393.3
24009	1466.0	1709.6	7771.4
21362	1447.6	1717.6	7595.2
27828	1449.3	1695.6	7663.3
17718	1442.6	1701.3	7626.4
21852	1467.0	1707.1	7763.6
39392	1446.7	1686.3	7586.2
32519	1451.2	1704.1	7637.5
44439	1447.5	1630.3	7422.7
39602	1449.1	1685.3	7553.9
14643	1455.0	1682.2	7772.3
41514	1450.6	1666.5	7372.0
44367	1452.8	1645.1	7511.4
9961	1463.9	1756.3	7768.1
1002	1440.7	1677.9	7283.8
3445	1447.6	1667.0	7340.5
16795	1447.5	1659.3	7409.2
25941	1456.1	1782.2	7686.7
17467	1447.2	1706.3	7590.4
9087	1455.2	1711.3	7815.1
11511	1455.4	1750.7	7827.3
10989	1454.1	1711.3	8009.8
16229	1463.2	1661.7	7532.0
15718	1453.6	1673.4	7554.7
6968	1447.1	1695.0	7399.4
12688	1453.6	1696.7	7637.2
18466	1441.8	1661.7	7316.6
4643	1439.7	1663.9	7414.9
18480	1451.9	1679.7	7609.1
1236	1450.4	1633.5	7282.1
11464	1451.5	1710.0	7590.0
30360	1455.3	1746.7	7835.2
3097	1454.3	1666.0	7532.9
26364	1450.4	1668.4	7363.2
11417	1443.9	1702.3	7387.9
14534	1452.2	1714.9	8062.8
6138	1441.9	1701.9	7431.5
20385	1450.3	1764.2	7624.1
11218	1450.6	1674.5	7538.2
11059	1447.4	1691.2	7490.4
1068	1460.9	1715.9	7691.6
38606	1439.9	1639.3	7418.9
2938	1452.6	1734.8	7675.1
41830	1452.7	1674.5	7552.5
21397	1454.6	1726.7	7908.1
25875	1448.9	1651.8	7487.3
26166	1448.9	1644.0	7451.2
33651	1448.7	1658.1	7407.0
41552	1447.5	1673.3	7349.2
29455	1446.3	1685.4	7475.6
25898	1449.8	1690.2	7462.1
3728	1455.7	1709.4	7553.4
11863	1437.7	1692.1	7506.9
11036	1437.5	1669.6	7352.9
26739	1451.6	1696.7	7572.8
483	1445.6	1697.9	7373.9
44956	1458.3	1718.7	7773.6
21292	1452.2	1726.1	7773.2
9858	1441.1	1688.8	7410.0
11788	1443.6	1703.0	7408.1
18615	1437.3	1618.9	7262.6
4601	1434.4	1656.1	7341.5
19630	1448.2	1700.1	7586.7
11767	1459.2	1729.4	7641.7
40469	1443.6	1677.3	7510.0
28894	1473.7	1795.9	7976.4
12483	1448.5	1642.5	7430.9
28740	1445.5	1680.7	7527.9
28390	1439.0	1683.9	7302.1
27876	1450.2	1694.0	7499.5
22266	1451.3	1678.7	7551.2
37492	1432.9	1587.1	7095.8
40826	1442.6	1672.6	7436.9
30303	1463.8	1715.0	7760.3
43962	1449.3	1658.9	7438.7
31159	1452.4	1684.1	7434.3
15329	1448.3	1697.3	7611.0
33063	1451.6	1729.7	7673.3
17011	1462.6	1748.5	8188.3
28301	1453.0	1680.2	7627.9
25229	1449.1	1663.1	7506.8
43454	1441.8	1652.7	7505.3
41285	1448.8	1678.2	7504.0
10049	1454.1	1712.6	7621.2
42045	1448.6	1704.3	7581.5
41907	1459.5	1745.4	7823.7
35217	1444.7	1665.2	7446.1
9775	1449.6	1687.6	7429.3
6009	1453.5	1714.0	7545.6
15896	1458.8	1696.6	7608.3
5198	1447.5	1718.3	7465.7
8807	1460.0	1701.2	7786.9
7131	1448.0	1699.8	7513.0
36336	1457.4	1703.2	7624.0
38156	1449.2	1688.5	7503.6
40498	1455.7	1704.8	7810.3
10253	1452.7	1691.9	7466.1
29950	1449.4	1687.6	7444.2
26252	1446.0	1708.1	7651.3
12315	1466.4	1727.6	7681.9
9067	1444.0	1653.0	7461.6
40420	1462.9	1739.0	7798.6
9028	1441.9	1644.8	7278.0
25285	1455.9	1703.1	7653.7
37033	1457.6	1754.2	7862.7
28587	1452.3	1734.4	7815.1
2348	1443.9	1663.5	7432.2
43712	1457.8	1696.0	7675.1
3261	1465.6	1704.4	7987.9
38554	1455.2	1722.5	7847.6
15463	1453.8	1697.5	7453.2
21166	1455.8	1729.0	7649.4
4129	1462.6	1706.1	8017.6
44615	1444.4	1644.5	7348.2
6479	1452.3	1655.7	7431.7
30139	1455.5	1759.5	7739.0
2522	1445.4	1652.2	7358.0
31806	1453.5	1767.5	7776.0
43128	1454.2	1643.7	7418.5
38210	1446.9	1696.9	7531.3
1522	1447.8	1691.4	7477.7
12965	1445.5	1674.5	7486.2
12060	1472.0	1741.7	8082.9
15786	1450.8	1704.5	7563.2
11608	1449.4	1698.0	7441.0
28723	1458.6	1772.8	7721.7
28521	1456.5	1726.9	7827.8
25101	1461.2	1724.4	7561.5
10145	1431.6	1632.2	7172.9
30504	1446.5	1649.7	7300.2
33455	1455.6	1643.1	7424.7
25923	1450.1	1662.3	7510.8
11960	1460.2	1715.2	7636.0
16025	1458.4	1660.2	7681.6
16265	1450.5	1715.0	7541.3
14755	1460.4	1734.4	7837.4
40512	1462.2	1755.0	7746.2
13459	1451.4	1743.2	7664.5
41704	1449.5	1707.0	7552.1
23488	1452.9	1696.0	7538.8
40143	1452.5	1702.9	7492.6
35857	1445.4	1688.7	7485.2
21647	1438.5	1685.8	7334.5
33634	1457.1	1724.8	7607.4
3341	1455.4	1723.3	7636.0
15259	1445.8	1724.3	7575.8
22164	1450.2	1703.5	7665.5
31161	1458.2	1734.6	7916.4
3324	1455.4	1757.4	7920.0
24457	1448.3	1724.8	7588.6
9496	1439.9	1719.1	7404.5
2035	1452.8	1712.6	7529.1
36913	1445.4	1666.0	7625.2
19183	1455.6	1717.6	7694.9
9959	1453.6	1709.6	7494.7
32295	1455.0	1729.0	7713.2
18110	1458.8	1654.4	7419.8
46	1453.1	1729.9	7742.0
5919	1460.8	1737.2	7765.6
1974	1441.4	1703.8	7384.0
13795	1452.7	1682.3	7575.2
6412	1444.5	1685.8	8452.2
13698	1461.2	1723.0	7759.3
40540	1447.4	1697.9	7596.6
43923	1445.6	1617.1	7420.4
23728	1446.6	1691.6	7528.7
34710	1452.1	1747.1	7644.9
43905	1459.1	1788.5	8068.3
36191	1447.2	1673.9	7390.5
36857	1441.9	1631.0	7337.3
44147	1471.6	1767.6	8053.8
38342	1460.4	1719.8	7731.0
24422	1448.7	1662.8	7482.0
13614	1447.0	1691.9	7498.3
33421	1459.0	1732.9	7713.8
43441	1446.5	1693.5	7415.6
20498	1455.7	1719.1	7639.3
20997	1451.2	1710.1	7510.9
43721	1459.7	1710.1	7822.2
35118	1465.2	1728.0	7822.3
34217	1442.8	1701.9	7396.3
13065	1444.0	1671.0	7329.9
36054	1440.3	1652.1	7340.4
44145	1443.2	1676.5	7441.1
13755	1453.7	1680.2	7606.3
25286	1452.7	1682.6	7774.1
12332	1444.4	1689.4	7576.3
6530	1442.1	1649.6	7470.3
17456	1445.1	1634.5	7350.2
44335	1452.2	1692.3	7511.8
6297	1447.0	1678.4	7348.7
9048	1454.0	1700.7	7597.1
42099	1455.2	1724.1	7597.7
29291	1445.6	1670.9	7542.8
13393	1455.8	1677.9	7589.4
20327	1459.9	1708.5	7745.8
42962	1449.6	1662.9	7476.1
4583	1439.3	1696.8	7540.1
12519	1439.4	1706.7	7801.2
27586	1465.6	1753.7	7851.0
31158	1448.7	1672.9	7569.0
13167	1434.1	1619.3	7189.0
1442	1437.4	1689.4	7347.6
39279	1443.7	1713.4	7653.3
32763	1454.0	1734.2	7692.9
23259	1442.0	1644.1	7301.5
33182	1448.5	1670.4	7427.4
890	1441.6	1682.5	7493.6
31842	1449.5	1707.1	7471.3
30244	1438.1	1676.9	7332.1
25429	1448.7	1701.1	7788.1
16619	1457.4	1710.5	7600.6
24218	1440.0	1662.1	7408.1
15479	1454.3	1687.7	7666.1
34031	1443.7	1675.5	7463.3
3130	1442.7	1668.6	7420.2
15118	1442.1	1610.5	7263.3
30985	1446.6	1677.5	7520.2
41353	1439.6	1646.6	7367.9
18471	1439.1	1623.4	7308.6
10242	1459.5	1690.7	7580.4
29318	1458.0	1665.4	7574.0
11384	1455.1	1713.5	7655.3
4784	1445.9	1710.7	7417.9
5909	1440.7	1675.9	7394.3
2825	1451.6	1717.7	7610.0
14064	1444.8	1691.9	7467.3
8897	1446.5	1653.0	7419.6
6465	1444.3	1646.9	7406.6
25335	1448.6	1716.1	7614.9
21056	1450.9	1684.2	7442.0
11169	1463.1	1809.2	7787.9
33467	1461.5	1727.9	7683.2
19988	1456.8	1679.3	7516.6
31701	1451.2	1676.5	7685.8
27114	1453.1	1717.2	7588.4
8489	1443.1	1664.1	7428.5
22984	1444.3	1690.1	7517.5
28685	1453.8	1697.5	7750.6
41559	1446.9	1681.3	7479.0
25523	1456.8	1696.2	7622.0
32631	1463.0	1720.3	7755.5
2671	1445.6	1714.8	7341.7
6065	1451.3	1696.4	7692.7
44668	1441.7	1706.1	7502.9
22791	1443.6	1723.0	7705.1
16920	1452.3	1684.5	7508.0
14729	1440.8	1693.6	7544.0
37875	1443.7	1702.5	7313.2
26243	1451.8	1697.4	7524.2
33618	1452.1	1667.3	7530.7
827	1451.1	1787.7	7974.9
36303	1449.7	1713.0	7954.0
4988	1440.2	1631.1	7425.7
13657	1449.5	1729.5	7798.3
16217	1446.5	1668.0	7435.7
38808	1455.1	1683.7	7557.5
6616	1446.2	1690.9	7601.2
539	1451.6	1716.9	7502.4
20045	1446.6	1649.2	7394.3
30186	1458.7	1738.8	7718.8
27082	1445.5	1679.3	7348.1
24791	1443.4	1747.1	7536.1
33360	1447.2	1699.3	7591.4
28576	1445.1	1640.8	7471.8
7841	1437.3	1632.6	7180.6
44238	1453.9	1676.4	7634.2
2330	1454.1	1750.5	7624.9
44960	1444.4	1624.0	7375.4
26217	1448.6	1673.9	7476.0
10144	1461.5	1679.7	7701.2
27972	1438.0	1694.5	7467.0
37902	1446.4	1661.4	7421.5
21754	1448.3	1677.3	7378.1
44088	1446.9	1706.3	7629.5
1551	1444.4	1689.4	7536.8
1248	1465.6	1706.1	7726.3
23913	1446.2	1683.1	7582.4
7562	1454.8	1712.1	7688.2
16836	1457.3	1678.8	7533.9
38272	1461.2	1675.3	7534.6
28706	1440.9	1664.0	7481.3
22416	1450.0	1691.4	7454.0
38979	1446.3	1706.0	7480.7
39916	1440.2	1641.8	7299.9
34206	1450.8	1662.6	7402.8
6407	1436.7	1652.9	7332.5
16616	1450.3	1712.8	7526.3
40230	1454.1	1660.9	7430.7
13832	1445.7	1729.5	7488.5
41534	1438.1	1609.5	7265.0
27260	1451.6	1695.4	7516.1
25342	1451.1	1728.8	7670.0
2507	1439.2	1675.6	7342.1
11347	1456.7	1723.9	7783.8
14790	1452.6	1688.0	7480.6
34241	1454.1	1728.1	7760.0
28172	1448.1	1710.9	7586.8
40770	1439.2	1645.5	7423.0
44103	1462.1	1683.0	7687.8
11803	1443.6	1665.7	7416.2
34934	1445.2	1739.3	7551.7
5189	1451.3	1710.0	7463.7
2949	1463.3	1720.5	7792.9
7168	1446.1	1717.6	7474.4
9880	1444.6	1695.8	7489.4
8723	1450.5	1655.4	7500.0
30438	1455.9	1731.2	7741.4
4628	1449.0	1733.4	7494.1
21340	1440.3	1635.3	7329.2
29243	1448.4	1678.1	7466.0
28009	1452.4	1701.9	7507.7
35700	1452.4	1666.0	7512.8
15642	1441.5	1674.3	7298.5
33145	1460.4	1738.2	7733.1
20758	1458.4	1695.8	7569.3
44840	1448.5	1671.1	7543.8
21913	1453.5	1739.0	7584.2
32596	1459.1	1745.2	8133.2
11401	1450.9	1662.3	7534.0
19763	1454.6	1682.2	7533.2
34897	1444.6	1730.7	7750.8
30718	1448.4	1673.3	7441.7
16111	1460.8	1749.6	7684.7
14746	1453.4	1693.6	7654.4
7479	1452.0	1721.0	7716.3
21538	1455.8	1719.4	7644.9
12577	1441.7	1687.5	7410.6
31764	1448.7	1689.8	7694.6
26274	1446.9	1697.5	7696.3
22250	1442.0	1679.8	7428.5
18768	1445.9	1715.8	7628.8
43799	1452.9	1725.5	7678.0
36544	1447.9	1654.8	7395.0
16106	1461.3	1733.0	7771.5
23466	1448.1	1691.9	7460.1
34815	1456.1	1698.3	7547.4
17034	1442.1	1619.0	7303.1
11526	1438.0	1653.7	7523.1
3068	1443.9	1674.4	7503.1
38317	1458.1	1697.2	7638.1
33068	1453.7	1694.8	7782.9
20686	1455.4	1728.2	7669.4
1424	1449.5	1712.1	7468.6
27861	1440.6	1725.0	7450.8
44273	1456.0	1765.1	7830.7
41137	1458.1	1712.1	7684.0
23262	1442.2	1679.6	7484.6
44817	1438.8	1664.2	7356.1
109	1457.5	1726.4	7721.8
33061	1451.0	1696.5	7610.7
21213	1452.2	1701.8	7640.5
23519	1438.4	1638.1	7290.2
30772	1447.1	1664.5	7469.6
26463	1445.5	1702.1	7348.9
42901	1451.5	1705.5	7672.5
19320	1448.6	1641.7	7325.9
44569	1443.4	1661.4	7347.5
44249	1446.5	1661.3	7432.6
29658	1451.7	1687.4	7695.0
22140	1450.1	1653.1	7450.0
24542	1434.7	1619.5	7328.1
38723	1465.6	1788.7	8088.7
63	1461.5	1722.0	7766.2
33593	1453.0	1666.7	7405.9
30162	1452.2	1655.1	7445.1
12345	1457.4	1691.5	7593.8
22764	1455.0	1694.6	7514.2
40447	1435.2	1696.7	7399.8
5548	1438.1	1642.9	7279.5
3234	1442.9	1648.5	7387.5
5786	1447.5	1672.1	7591.5
27330	1459.4	1677.5	7489.4
14865	1453.6	1727.3	7533.1
39935	1448.2	1724.5	7505.0
30827	1446.0	1679.7	7480.6
11280	1447.9	1713.3	7656.4
9216	1456.5	1735.6	7611.2
30723	1454.6	1767.7	7771.2
1990	1437.0	1631.9	7328.7
34516	1449.1	1683.0	7503.0
11141	1447.8	1708.2	7442.3
33646	1444.0	1661.2	7740.1
6338	1444.3	1647.2	7428.5
33169	1442.2	1647.8	7353.7
38915	1455.8	1672.5	7712.7
24516	1441.7	1710.9	7470.5
43646	1446.8	1670.3	7421.4
11897	1460.3	1729.6	7673.0
13510	1451.9	1653.6	7569.3
40819	1449.6	1701.6	7445.8
29656	1449.7	1616.9	7289.1
40455	1453.5	1722.5	7724.2
40437	1460.4	1726.5	7811.7
12182	1449.9	1700.2	7577.1
25255	1454.0	1704.6	7514.4
28872	1463.1	1769.5	8102.8
4344	1450.7	1647.0	7460.2
17090	1455.5	1696.3	7468.7
26660	1446.3	1761.6	7527.4
25087	1453.2	1708.1	7592.4
33184	1448.3	1670.6	7457.4
20690	1461.4	1736.1	7677.3
38644	1453.0	1669.9	7492.0
11225	1445.2	1712.1	7470.7
463	1455.2	1713.0	7579.7
13181	1459.6	1763.5	7751.0
24118	1442.1	1660.7	7364.2
40404	1444.9	1660.5	7481.7
24485	1451.3	1686.3	7669.5
126	1435.2	1682.8	7337.4
2365	1462.3	1755.2	7957.9
36549	1439.4	1638.7	7351.0
28144	1432.4	1629.9	7130.6
4198	1446.0	1703.8	7408.2
22039	1444.3	1630.6	7363.5
25582	1459.3	1732.7	8096.7
42640	1453.2	1723.3	7694.2
10882	1442.7	1671.6	7324.7
11467	1453.4	1750.0	7714.9
24646	1454.2	1712.7	7590.2
5249	1447.9	1670.5	7520.0
42656	1448.9	1687.8	7529.4
18152	1451.9	1717.9	7492.0
34158	1441.3	1643.3	7199.9
9552	1464.8	1729.6	7781.3
9422	1458.4	1776.2	7711.4
41637	1455.6	1705.6	7577.9
16870	1457.5	1714.3	7535.3
13460	1455.7	1747.2	7518.1
34873	1452.5	1682.4	7842.1
27955	1445.9	1683.5	7575.3
9788	1449.6	1726.1	7617.9
24749	1441.2	1638.4	7508.7
25177	1446.5	1686.3	7425.5
43199	1452.0	1663.0	7496.6
24944	1441.9	1629.7	7353.8
9068	1453.6	1711.7	7586.8
8888	1453.4	1692.1	7479.5
30965	1449.5	1716.6	7664.5
39465	1448.7	1689.4	7498.1
35724	1456.4	1696.1	7565.5
22338	1448.0	1726.1	7746.7
42595	1445.0	1663.2	7477.1
8872	1447.2	1645.1	7263.5
41309	1461.3	1743.2	7665.2
7490	1452.3	1733.9	7654.7
3000	1442.6	1672.5	7359.1
11395	1446.7	1729.1	7696.0
20346	1453.2	1670.4	7588.7
18517	1441.7	1664.4	7399.5
42066	1450.4	1674.8	7530.1
32881	1450.6	1700.3	7601.8
39320	1452.2	1682.8	7702.5
8432	1465.5	1714.8	7773.4
29753	1452.1	1703.6	7616.3
19053	1451.3	1675.2	7462.4
1630	1447.9	1665.4	7376.7
39372	1438.3	1670.5	7290.1
31934	1456.8	1664.1	7594.4
38274	1449.6	1679.6	7386.3
24467	1458.1	1736.7	7687.6
12108	1448.1	1673.4	7411.2
3802	1457.2	1685.0	7705.8
16256	1445.4	1720.5	7603.3
10551	1437.0	1709.0	7279.9
19185	1440.5	1715.2	7404.8
13764	1458.2	1770.9	7861.7
8541	1459.4	1779.4	7824.4
17699	1451.3	1659.3	7402.9
27090	1446.8	1667.7	7328.6
14892	1452.3	1724.0	7503.5
26040	1452.2	1711.3	7614.8
35008	1445.5	1670.3	7369.4
4460	1442.5	1645.5	7341.0
24451	1448.2	1688.1	7448.4
33797	1450.7	1660.6	7537.1
34549	1459.0	1697.5	7741.3
41390	1452.5	1676.1	7625.2
17247	1446.9	1653.9	7427.1
5396	1444.4	1628.4	7309.2
25428	1454.6	1720.9	8094.9
12461	1445.7	1706.7	7465.6
7123	1457.3	1695.4	7632.6
41117	1445.6	1714.1	7500.2
28470	1446.9	1695.1	7456.5
649	1467.0	1714.3	7706.0
18915	1440.4	1643.2	7237.7
39749	1442.7	1724.1	7682.6
10218	1449.2	1676.9	7562.0
37570	1450.8	1675.5	7466.9
21298	1440.9	1684.8	7539.3
27437	1460.1	1704.6	7602.7
43220	1454.0	1707.6	7538.8
29248	1458.3	1703.9	7575.7
43353	1443.8	1645.5	7449.6
29852	1458.2	1784.0	7747.7
34715	1450.8	1698.1	7568.8
33482	1450.9	1710.2	7636.4
42761	1448.9	1643.0	7512.7
7743	1443.5	1694.8	7499.5
15377	1451.2	1678.9	7463.5
41917	1455.8	1703.6	7593.2
28368	1436.9	1620.2	7263.3
2876	1442.6	1665.0	7310.5
18750	1436.0	1648.9	7289.3
33899	1453.2	1765.1	7743.6
11436	1448.8	1627.6	7393.6
37337	1461.6	1747.9	7935.6
23493	1448.6	1711.6	7707.9
1759	1457.3	1730.4	7673.6
19355	1442.8	1642.5	7403.2
18171	1454.5	1702.1	7544.6
43586	1453.9	1692.2	7477.9
37454	1447.7	1698.4	7689.1
35791	1441.6	1647.7	7311.1
15156	1453.6	1710.9	7689.2
21170	1462.5	1712.1	7595.1
39964	1441.3	1646.7	7273.9
41082	1457.0	1680.6	7648.9
26048	1449.7	1688.0	7511.6
17661	1453.3	1748.1	7618.3
16820	1438.8	1636.8	7350.1
16671	1456.8	1664.9	7634.2
35867	1451.6	1693.9	7506.0
6958	1451.0	1685.1	7622.8
22484	1450.8	1700.9	7500.6
12959	1446.2	1681.7	7580.0
19397	1445.8	1637.5	7388.6
43529	1441.7	1653.7	7299.3
1262	1447.8	1721.9	7504.5
22995	1466.0	1677.4	7562.3
4810	1452.0	1694.5	7616.1
42990	1435.1	1672.1	7226.2
22891	1446.0	1725.1	7618.8
3692	1459.1	1679.9	7604.4
6622	1455.9	1668.6	7630.2
4936	1455.2	1706.1	7588.6
42861	1451.4	1707.4	8035.2
24771	1444.6	1652.0	7426.7
20062	1454.8	1701.2	7534.5
5568	1460.6	1760.8	7720.8
38810	1453.2	1698.5	7636.7
15116	1458.8	1692.0	7678.4
7392	1455.8	1746.4	7679.5
36127	1453.8	1709.3	7737.7
7201	1444.6	1696.8	7540.0
42053	1451.3	1634.6	7490.6
3600	1460.3	1721.5	7738.3
38307	1454.7	1666.1	7501.5
36221	1451.7	1673.0	7535.9
25702	1462.1	1719.6	7673.3
44428	1457.6	1729.0	7602.2
18753	1449.0	1676.5	7569.9
24029	1463.2	1747.6	7812.0
22994	1446.4	1689.8	7441.2
26790	1438.5	1666.1	7336.2
30291	1451.8	1704.7	7514.6
7151	1444.8	1735.4	7574.7
42186	1444.0	1685.3	7471.2
19971	1445.3	1693.0	7465.5
29549	1441.7	1671.6	7300.7
31854	1457.5	1666.1	7660.1
2844	1445.4	1671.1	7554.5
39062	1450.7	1734.0	7630.4
23786	1455.3	1735.6	7646.7
13636	1452.1	1679.1	7422.2
18250	1458.6	1717.7	7538.8
40157	1461.0	1725.9	7670.4
34986	1447.7	1669.1	7414.9
7588	1455.1	1671.0	7604.4
22271	1455.9	1686.1	7535.8
11613	1447.8	1694.1	7574.3
27637	1445.6	1667.6	7435.2
31357	1443.2	1701.5	7489.5
24269	1455.7	1707.0	7407.4
20337	1462.5	1705.6	7661.4
12336	1458.2	1684.6	7685.4
13271	1429.5	1599.6	7118.0
19663	1441.4	1676.5	7283.3
938	1451.0	1730.8	7591.8
7420	1449.3	1695.4	7437.6
33538	1456.1	1677.2	7915.6
14043	1438.7	1631.5	7319.1
31655	1450.2	1697.3	7395.3
43627	1452.1	1679.8	7445.0
21180	1449.0	1695.3	7583.6
33044	1438.0	1660.7	7369.5
12998	1458.2	1708.5	7623.4
33668	1458.0	1715.4	7673.2
44963	1439.7	1623.0	7297.0
17024	1449.3	1688.5	7535.9
13525	1456.3	1694.1	7486.8
19934	1448.7	1651.8	7496.3
40701	1444.9	1674.4	7575.0
25656	1455.4	1717.5	7657.6
18045	1456.1	1697.0	7537.6
30374	1456.8	1720.7	7698.6
23025	1454.7	1701.1	7667.2
25516	1446.4	1705.1	7497.1
29275	1456.0	1739.6	7730.6
23559	1443.8	1655.4	7428.3
23162	1444.5	1688.3	7429.3
38251	1446.1	1655.3	7499.9
5183	1451.6	1719.2	7734.3
12352	1454.0	1693.2	7637.4
31428	1452.5	1667.7	7539.2
20015	1452.3	1680.6	7479.1
5255	1441.8	1705.5	7480.5
41287	1440.5	1660.1	7406.6
41882	1438.9	1638.4	7225.5
33057	1450.2	1668.1	7441.1
6463	1446.8	1705.7	7435.1
28858	1447.5	1679.1	7393.8
35939	1454.9	1701.2	7649.3
38960	1449.7	1660.3	7510.2
13659	1453.5	1674.3	7521.7
14102	1447.6	1659.6	7366.9
5915	1443.4	1665.8	7509.7
14026	1435.2	1639.1	7155.6
1364	1450.4	1721.7	7702.0
25952	1447.2	1694.5	7485.7
26357	1458.8	1673.3	7604.8
8715	1448.6	1662.7	7418.2
8688	1448.2	1668.4	7462.9
23507	1463.2	1733.9	8126.1
6119	1455.2	1663.9	7461.2
31251	1452.4	1642.3	7480.8
11226	1447.8	1672.4	7403.0
31927	1446.5	1675.6	7597.0
42339	1456.0	1697.1	7575.2
