15541	1281.7	1546.5	4616.4
7878	1274.8	1470.9	4572.8
14559	1277.2	1494.9	4614.6
2294	1290.6	1566.0	4819.3
4228	1294.5	1600.3	4957.2
7341	1281.9	1488.5	4584.3
7658	1285.0	1496.9	4689.1
20852	1285.2	1560.3	4719.7
8741	1289.0	1556.1	4958.9
18953	1282.8	1497.8	4645.1
14756	1292.8	1518.0	4690.2
4677	1288.2	1564.2	4717.5
24047	1283.2	1520.2	4713.5
1032	1289.4	1541.8	4796.6
10810	1280.5	1518.4	4682.6
10430	1286.2	1532.6	4678.9
16536	1294.0	1541.1	4745.7
9780	1285.4	1517.3	4684.3
15834	1297.8	1557.9	4760.7
17039	1287.3	1520.7	4690.9
5530	1274.0	1526.0	4577.2
15803	1287.3	1503.5	4628.1
542	1274.3	1476.3	4716.7
15020	1279.2	1540.3	4673.9
22310	1287.3	1538.9	4745.4
15887	1280.7	1546.4	4646.6
3048	1281.4	1544.0	4799.7
8522	1283.8	1557.2	4924.5
21190	1288.3	1494.9	4656.7
10337	1285.0	1534.8	4729.1
23530	1289.3	1580.4	4842.3
22218	1285.8	1540.6	4809.4
4615	1271.2	1492.3	4504.3
17105	1277.5	1511.4	4658.1
20088	1288.3	1528.1	4704.8
19980	1291.8	1549.7	4790.6
16136	1286.4	1524.8	4732.2
3006	1295.5	1554.0	4736.4
15415	1281.8	1519.9	4720.2
4986	1275.5	1484.5	4529.4
17102	1285.5	1528.5	4682.2
19794	1284.5	1508.8	4714.0
18550	1276.9	1482.3	4549.8
21878	1285.2	1489.8	4628.3
5094	1291.8	1522.4	4709.3
1366	1284.8	1511.2	4751.9
23604	1283.9	1537.2	4773.1
356	1278.5	1478.1	4658.9
9356	1290.9	1549.9	4812.3
17866	1286.7	1536.1	4786.3
5321	1280.0	1493.7	4609.2
5354	1278.4	1525.1	4674.8
12692	1286.2	1566.2	4785.2
10104	1278.1	1507.7	4616.3
20420	1284.9	1564.3	4797.0
8269	1290.2	1545.1	4853.8
9982	1280.8	1520.5	4633.3
2783	1285.3	1529.7	4721.2
24973	1284.1	1505.6	4676.5
3419	1291.2	1516.7	4857.8
5822	1285.5	1488.0	4699.7
12097	1276.8	1511.4	4596.1
3773	1289.2	1588.3	4866.6
4494	1282.3	1508.7	4708.0
18704	1279.8	1488.3	4646.0
20097	1271.4	1470.7	4570.3
22671	1280.7	1517.8	4620.8
24201	1289.5	1583.0	4877.5
24957	1287.6	1552.6	4798.8
14623	1284.8	1562.5	4729.3
17965	1285.9	1559.6	4814.9
13049	1275.6	1488.2	4579.1
18818	1276.8	1493.6	4628.8
7572	1293.9	1596.9	4911.6
20335	1286.0	1520.1	4689.9
11074	1284.0	1571.0	4869.4
24070	1273.4	1513.1	4551.5
12435	1287.6	1606.2	4793.4
7077	1285.0	1514.7	4790.5
23669	1282.9	1502.4	4764.6
1463	1291.4	1562.6	4774.9
24177	1277.7	1529.4	4696.3
3893	1288.1	1571.4	4810.9
18132	1287.2	1567.8	4799.2
6319	1284.6	1528.6	4663.1
15160	1288.5	1514.5	4715.4
22812	1290.1	1526.6	4722.5
8454	1276.3	1485.4	4606.7
15425	1286.5	1474.0	4673.7
19619	1295.6	1601.2	5142.7
22215	1293.8	1570.8	4837.9
1509	1287.7	1493.3	4646.6
16112	1285.3	1563.2	4686.3
7863	1289.2	1568.0	4839.3
11107	1286.5	1555.3	4688.4
13370	1289.0	1548.6	4769.3
1134	1287.0	1542.1	4833.3
17967	1287.2	1541.1	4793.2
7519	1286.8	1543.3	4685.9
23182	1298.8	1553.7	4839.5
564	1283.3	1532.0	4710.1
23101	1282.6	1512.0	4670.9
6478	1277.6	1485.3	4685.4
13478	1275.2	1542.4	4582.0
8797	1295.7	1530.1	4896.3
19033	1289.6	1565.0	4796.2
9312	1286.1	1579.9	4817.1
22482	1292.4	1563.2	4788.7
11651	1277.1	1514.9	4629.2
811	1282.3	1454.8	4692.3
18622	1290.6	1569.8	4833.2
15896	1290.8	1545.1	4841.9
24676	1284.8	1587.1	4818.7
9565	1279.8	1543.5	4695.6
13269	1286.5	1528.9	4688.5
3916	1283.7	1518.0	4632.8
23878	1280.8	1487.5	4688.8
7899	1290.1	1546.7	4811.7
17647	1291.3	1513.0	4723.0
3574	1283.0	1491.1	4588.7
13171	1285.9	1516.5	4725.4
9852	1293.3	1544.9	4825.7
11028	1287.6	1530.7	4837.6
21059	1285.1	1537.2	4770.1
2022	1284.1	1499.1	4576.7
15024	1277.6	1517.9	4615.1
10741	1283.7	1493.6	4740.3
20228	1288.7	1551.8	4825.4
6407	1294.2	1577.1	4916.7
4710	1279.8	1532.6	4671.3
13126	1292.2	1568.9	4763.2
23220	1288.5	1514.4	4708.6
18341	1292.2	1560.2	4878.5
17985	1280.7	1502.6	4687.3
1237	1283.1	1525.6	4719.6
13185	1283.4	1519.1	4651.9
17047	1289.2	1513.9	4761.8
16722	1279.4	1540.0	4679.1
9567	1294.4	1604.4	4878.2
14635	1288.6	1566.3	4784.0
24891	1289.7	1546.9	4798.1
9113	1285.0	1521.3	4730.0
7444	1283.5	1508.4	4667.3
16359	1281.9	1512.5	4626.5
2212	1286.1	1524.2	4773.8
11080	1291.9	1564.0	4835.2
5814	1284.7	1527.3	4665.5
10643	1287.0	1597.5	4714.4
16020	1283.0	1542.7	4887.0
20803	1276.3	1508.8	4696.6
16464	1284.1	1480.9	4586.9
7558	1283.5	1551.2	4694.2
13449	1285.7	1562.9	4802.1
24033	1271.9	1470.0	4563.8
5227	1279.3	1512.7	4602.6
7323	1282.1	1523.3	4726.1
20041	1294.9	1566.6	4960.8
7987	1281.7	1510.6	4634.1
6887	1281.5	1518.0	4665.4
24207	1284.9	1487.4	4653.9
1664	1295.5	1510.6	4805.7
11162	1285.2	1527.3	4704.4
8452	1291.4	1540.2	4825.6
16270	1287.3	1536.3	4745.5
20214	1288.2	1553.8	4950.9
15509	1293.1	1539.0	4742.4
13056	1291.0	1478.2	4663.6
14247	1299.1	1601.0	4971.9
19923	1276.9	1519.1	4632.3
7982	1284.9	1522.1	4807.6
8725	1285.4	1494.3	4652.9
2248	1285.5	1605.2	4918.4
24808	1289.8	1519.7	4773.5
22810	1282.3	1477.3	4532.8
12721	1284.3	1527.0	4691.3
15147	1286.4	1539.9	4737.8
19328	1285.7	1537.8	4771.3
18226	1286.0	1556.9	4752.8
5777	1283.2	1556.3	4815.5
299	1282.5	1551.1	4786.5
17961	1281.4	1498.8	4728.8
16916	1281.2	1557.3	4820.1
19132	1285.3	1535.1	4716.4
8417	1293.0	1593.6	4898.3
21101	1284.2	1516.0	4667.5
3827	1286.3	1557.6	4730.4
3930	1288.1	1513.3	4715.4
9025	1287.3	1549.0	4656.8
17540	1278.6	1496.9	4598.7
11751	1278.2	1511.0	4634.9
11440	1291.2	1535.3	4756.3
9747	1281.6	1529.5	4728.0
20102	1288.8	1501.1	4699.5
23314	1286.6	1514.2	4678.5
12794	1287.8	1587.5	4965.7
13849	1286.4	1534.3	4733.1
19850	1289.3	1528.2	4722.0
17099	1286.9	1567.6	4775.0
7964	1276.5	1506.8	4763.9
7594	1293.9	1566.1	4818.9
22879	1289.5	1520.8	4818.4
6434	1291.1	1532.6	4789.3
1497	1293.2	1508.4	4722.5
21733	1296.2	1560.2	4805.1
24896	1283.9	1520.3	4667.2
17191	1277.9	1484.8	4599.6
14007	1286.3	1555.4	4706.0
20710	1288.9	1574.5	4860.0
10327	1294.2	1562.8	4837.2
297	1284.1	1530.1	4775.5
21861	1288.5	1557.0	4841.9
1959	1281.5	1489.3	4595.0
8442	1286.4	1544.7	4731.1
12479	1298.4	1559.4	4757.6
589	1277.6	1480.5	4610.3
13127	1295.3	1564.6	4796.9
15847	1282.7	1526.7	4721.4
21015	1279.6	1519.6	4644.4
7697	1286.2	1549.2	4680.3
1084	1281.4	1525.6	4604.4
20932	1291.7	1565.1	4996.8
16502	1294.6	1540.4	4925.6
11669	1284.3	1481.5	4555.0
15487	1287.1	1553.6	4896.7
7277	1293.4	1585.4	4864.3
15886	1280.0	1537.9	4660.2
21634	1292.8	1594.4	5011.9
7642	1280.5	1510.3	4627.1
17009	1286.7	1525.3	4674.9
11027	1293.6	1531.6	4717.5
18161	1288.3	1589.0	4873.2
1327	1277.2	1509.5	4553.1
3591	1281.4	1520.1	4746.0
15750	1278.7	1522.9	4650.8
4391	1297.2	1534.9	4832.6
6146	1279.7	1504.1	4686.1
12997	1276.6	1504.5	4630.1
17319	1286.2	1512.6	4694.5
11454	1286.2	1569.3	4742.5
22621	1279.7	1508.9	4613.8
9257	1288.4	1573.2	4806.1
1219	1292.1	1501.2	4776.8
19824	1302.9	1637.1	4997.6
1361	1285.5	1581.9	4828.9
10098	1286.6	1546.0	4723.7
15799	1283.1	1517.1	4628.2
968	1285.4	1528.6	4784.5
18036	1299.5	1546.8	4825.5
2333	1290.2	1531.8	4714.7
2319	1277.6	1487.6	4680.8
2682	1283.5	1561.9	4684.8
21925	1292.8	1520.7	4700.0
24234	1278.1	1542.6	4669.8
7801	1289.1	1520.6	4711.1
9664	1285.4	1532.4	4681.7
5595	1281.6	1532.2	4600.0
17200	1282.9	1514.6	4585.8
14491	1286.9	1547.6	4907.0
4813	1283.0	1513.1	4678.5
11264	1283.6	1543.8	4717.4
8530	1287.0	1523.5	4675.1
9293	1285.3	1564.1	4738.2
7902	1291.3	1533.6	4769.5
5089	1297.1	1564.4	4887.5
24992	1279.5	1503.6	4619.7
14015	1287.8	1524.8	4705.6
24675	1283.4	1540.4	4752.0
8719	1284.4	1548.6	4714.0
2190	1285.1	1538.0	4725.8
7037	1279.4	1496.9	4717.7
1163	1283.8	1535.3	4811.1
5067	1281.6	1502.8	4708.6
2574	1281.6	1552.6	4677.9
20359	1286.4	1513.9	4756.7
1692	1281.7	1532.2	4708.0
547	1279.3	1505.3	4644.0
18017	1278.7	1517.1	4630.8
14303	1297.3	1556.2	4790.2
20009	1291.7	1546.2	4750.2
16742	1284.7	1554.4	4727.1
5048	1288.6	1517.4	4803.9
6032	1285.7	1496.2	4656.2
14802	1280.9	1510.4	4685.6
5447	1283.2	1534.2	4667.3
15721	1276.4	1526.4	4635.7
14070	1282.4	1541.5	4678.2
23652	1272.8	1479.9	4552.4
22780	1281.6	1542.5	4877.2
8788	1291.5	1573.3	4777.6
24361	1279.8	1564.0	4926.4
4037	1291.9	1506.5	4704.2
4406	1286.3	1571.9	4767.3
11998	1281.1	1507.4	4628.7
17124	1285.1	1543.5	4713.3
13442	1296.3	1583.3	4960.1
6461	1284.3	1533.6	4611.5
6070	1284.0	1531.9	4814.1
10825	1273.6	1511.4	4601.6
10471	1279.0	1525.2	4636.0
6888	1293.7	1539.6	4777.2
21039	1270.7	1500.4	4573.6
18752	1271.6	1482.3	4552.9
3572	1280.1	1528.9	4603.9
19062	1293.9	1518.1	4695.9
10849	1280.9	1514.9	4661.3
3877	1272.9	1445.2	4478.7
1364	1282.9	1514.2	4726.7
7774	1269.9	1420.9	4475.4
24659	1276.7	1494.5	4494.2
18176	1283.9	1511.8	4640.2
3340	1283.5	1541.6	4736.2
24280	1281.8	1509.5	4649.9
11830	1291.1	1550.0	4751.1
3799	1277.3	1501.3	4607.1
23594	1291.2	1491.9	4679.2
14092	1291.7	1542.7	4901.0
7698	1274.7	1498.0	4636.8
5365	1293.6	1528.1	4864.9
14650	1298.9	1577.5	4884.6
11403	1285.9	1521.3	4731.6
4265	1282.8	1499.4	4699.1
20729	1278.4	1482.0	4663.7
15620	1285.7	1575.0	4800.6
21986	1284.5	1568.3	4929.0
14668	1282.9	1572.9	4755.5
18888	1280.5	1531.1	4657.0
21375	1289.5	1560.2	4707.0
17021	1295.2	1568.1	4864.2
11581	1284.9	1482.1	4679.1
13831	1286.3	1527.2	4634.6
13767	1295.3	1578.1	4864.7
11766	1279.0	1490.4	4591.7
21477	1279.0	1524.3	4636.3
23015	1287.2	1522.0	4690.6
16397	1282.1	1539.8	4679.1
12448	1278.3	1496.7	4633.7
1638	1292.7	1603.4	4931.7
19050	1285.5	1526.0	4667.3
19554	1287.5	1568.4	4800.3
4561	1277.2	1489.6	4547.7
14653	1282.4	1550.9	4663.7
24310	1284.7	1540.0	4708.7
20099	1285.2	1547.8	4694.0
14251	1287.6	1543.4	4831.4
17809	1285.0	1581.1	4901.5
3324	1286.2	1524.9	4716.3
19393	1285.6	1549.6	4725.6
17493	1271.4	1435.6	4543.4
18624	1287.1	1500.9	4640.5
1592	1281.8	1489.3	4690.2
17702	1281.3	1476.5	4537.0
14821	1281.4	1543.4	4710.6
10744	1285.0	1490.2	4662.6
10465	1284.3	1533.4	4686.8
8675	1308.1	1542.7	4883.3
10542	1289.6	1591.5	4747.6
20992	1289.4	1535.9	4927.2
11020	1287.4	1528.1	4715.2
4925	1273.1	1506.0	4653.5
9265	1284.6	1527.1	4612.1
20198	1298.6	1600.9	4981.6
11043	1291.3	1584.1	4843.2
13776	1297.4	1560.4	4811.9
13736	1291.5	1551.9	4765.7
7314	1291.0	1535.5	4703.8
4053	1285.6	1538.9	4730.1
11462	1296.0	1601.6	4937.6
23327	1285.7	1548.7	4755.8
8196	1279.8	1508.1	4801.6
21471	1282.1	1476.1	4639.9
23475	1285.9	1539.3	4744.8
10564	1285.4	1499.7	4794.0
7239	1283.9	1489.7	4638.8
11883	1283.7	1510.0	4675.4
18082	1281.3	1458.8	4537.1
14971	1293.3	1502.8	4667.1
4911	1286.0	1476.6	4639.9
7561	1296.2	1603.1	4864.7
2751	1290.1	1566.0	4790.8
18077	1288.5	1531.3	4805.8
24743	1290.8	1548.2	4753.6
9016	1276.0	1566.4	4779.8
8852	1278.8	1478.4	4563.7
5510	1284.5	1504.0	4665.5
24256	1299.6	1527.7	4813.9
10055	1287.4	1498.0	4714.9
15380	1288.5	1503.7	4670.3
19665	1276.8	1493.2	4553.9
20318	1281.9	1530.5	4621.2
1058	1280.2	1537.8	4622.7
10991	1289.6	1503.8	4981.2
7771	1302.9	1572.2	5251.9
10715	1286.8	1552.8	4758.1
14770	1279.5	1488.5	4636.5
16247	1292.1	1528.9	4736.7
24987	1283.5	1491.0	4696.3
7909	1277.2	1501.6	4539.9
4757	1287.5	1528.1	4704.6
14678	1279.5	1539.3	4775.0
21817	1283.9	1508.5	4750.7
22682	1288.7	1523.2	4692.9
2031	1282.2	1495.1	4749.6
21238	1280.8	1505.6	4688.8
13928	1289.9	1557.0	4771.4
3086	1285.5	1543.3	4811.4
9147	1287.7	1479.3	4635.7
9195	1283.0	1506.2	4609.8
7854	1283.5	1536.4	4789.1
4460	1279.9	1541.2	4689.8
20611	1297.8	1551.3	4887.3
17249	1282.7	1471.1	4654.9
2741	1288.7	1538.4	4793.0
1783	1280.4	1536.2	4678.2
20833	1294.7	1501.6	4751.3
414	1278.6	1517.4	4628.6
5078	1282.5	1478.4	4545.0
1479	1291.1	1544.1	4777.2
6557	1293.5	1572.3	4869.7
13897	1284.5	1477.9	4596.4
6901	1284.5	1508.3	4658.9
459	1281.5	1561.9	4724.2
14084	1292.1	1550.4	4722.9
6468	1285.1	1485.1	4710.1
23537	1287.9	1529.8	4746.3
3171	1289.0	1561.2	4848.6
19143	1283.7	1546.4	4685.6
9720	1291.3	1579.2	4809.3
384	1291.4	1574.2	4808.7
21953	1280.0	1555.9	4714.6
4146	1285.5	1529.8	4810.5
7115	1290.0	1521.8	4728.0
7870	1277.6	1563.1	4742.2
10517	1273.0	1501.4	4553.6
19127	1300.3	1589.3	4960.1
4593	1291.8	1522.8	4776.3
15619	1280.6	1541.0	4690.8
12790	1285.3	1506.8	4641.9
4610	1285.8	1524.5	4684.7
24746	1281.8	1494.6	4654.7
20469	1290.5	1579.8	4758.8
24914	1290.8	1544.9	4844.9
20355	1289.7	1580.5	4857.2
8334	1283.2	1600.6	4865.1
1975	1293.3	1585.6	4841.1
23771	1280.2	1470.5	4622.8
3628	1288.6	1535.1	4679.2
11113	1274.2	1472.2	4485.9
16196	1289.7	1502.7	4699.2
24616	1278.4	1507.8	4639.2
15921	1290.6	1535.3	4795.5
13741	1293.4	1548.9	4842.8
24759	1283.2	1553.4	4693.0
22221	1288.6	1534.2	4738.6
5623	1283.7	1541.5	4698.8
24482	1280.9	1545.7	4668.4
14072	1286.4	1495.5	4679.2
18764	1292.9	1526.4	4728.1
19192	1281.1	1541.4	4662.2
24516	1287.3	1551.6	4852.7
2601	1284.2	1482.3	4630.2
13374	1287.6	1535.8	4685.0
24231	1279.1	1518.1	4670.4
4877	1282.3	1490.6	4599.1
20276	1290.8	1511.6	4677.1
4473	1289.5	1550.0	4763.4
2993	1285.8	1537.0	4725.1
8119	1288.0	1584.8	4792.0
23547	1288.8	1569.6	4736.6
16413	1295.6	1589.4	5063.9
3663	1288.6	1530.2	4757.5
12853	1287.3	1540.9	4818.8
23440	1285.8	1532.0	4870.8
16436	1286.7	1572.4	4742.5
11485	1279.2	1443.1	4547.2
9321	1289.1	1539.2	4700.7
7362	1278.8	1475.0	4554.9
9063	1286.7	1582.2	4783.9
23983	1267.1	1504.1	4575.3
6741	1283.1	1517.4	4645.3
314	1277.9	1507.4	4676.3
5913	1290.7	1499.8	4691.0
20868	1279.7	1473.0	4546.8
11973	1285.1	1517.9	4726.4
13902	1286.4	1543.7	4674.3
14763	1288.4	1550.1	4909.7
7623	1283.7	1518.4	4652.0
19739	1283.3	1488.5	4633.5
16054	1286.3	1507.9	4775.3
20259	1286.2	1507.1	4626.8
12330	1296.9	1560.2	4730.6
6721	1293.3	1528.2	4875.2
5923	1291.0	1570.7	4754.6
13750	1292.2	1541.4	4700.8
19830	1274.5	1516.5	4835.5
21637	1286.6	1521.3	4712.5
9711	1284.5	1511.1	4675.4
1449	1287.6	1502.9	4729.7
19021	1294.8	1540.0	4826.0
12831	1280.3	1523.3	4663.3
13149	1288.8	1555.9	4735.1
24817	1292.2	1542.7	4800.6
4059	1283.8	1507.6	4746.3
20363	1292.3	1568.0	5093.6
1112	1284.1	1537.2	4779.8
1365	1282.5	1519.0	4594.6
3709	1282.3	1504.7	4561.5
18773	1290.7	1538.9	4791.6
18864	1289.1	1540.3	4681.7
7829	1290.4	1517.1	4796.1
22637	1277.9	1466.3	4547.3
21203	1290.0	1541.9	4819.0
565	1281.8	1530.6	4594.4
17235	1268.9	1531.1	4585.8
7218	1280.7	1512.7	4641.8
2196	1284.3	1599.2	4735.8
12754	1284.8	1578.3	4754.9
18617	1272.9	1445.3	4546.6
11879	1286.0	1568.8	4780.4
20843	1266.9	1470.9	4559.8
10354	1277.4	1493.7	4559.2
17245	1291.5	1524.3	4784.5
19580	1278.3	1482.4	4646.2
8297	1292.0	1538.1	4779.1
5684	1281.6	1538.9	4636.3
126	1273.9	1501.2	4559.8
13416	1276.4	1482.6	4628.1
11274	1285.2	1564.0	4748.5
4259	1284.8	1520.4	4694.6
23068	1293.8	1545.1	4884.7
846	1279.4	1509.7	4698.6
1131	1278.3	1520.3	4611.5
9105	1285.7	1569.7	4874.7
16815	1291.5	1554.5	4937.7
4331	1283.5	1506.1	4678.7
2906	1283.7	1501.4	4655.9
16859	1297.8	1535.9	4795.8
22064	1290.0	1508.7	4688.2
9569	1284.8	1506.3	4727.6
4190	1281.3	1518.9	4686.1
5963	1280.4	1563.5	4762.8
15018	1289.9	1529.1	4690.3
20579	1277.4	1492.6	4688.9
234	1280.4	1539.0	4761.2
20068	1287.0	1554.3	4671.7
20384	1291.3	1529.1	4792.2
10923	1305.6	1545.7	4827.2
20314	1293.8	1528.2	4841.8
19090	1293.8	1584.0	4795.3
4067	1291.3	1511.0	4730.1
514	1289.8	1559.3	4787.0
20994	1290.5	1546.5	4750.9
22258	1288.1	1517.7	4726.6
11408	1284.0	1520.0	4590.3
1575	1294.9	1528.4	4803.2
8865	1298.4	1570.7	4862.0
7634	1293.5	1557.5	4778.3
3889	1287.7	1566.7	4840.1
7050	1289.5	1567.6	4778.0
17149	1288.0	1537.7	4810.7
12551	1290.8	1553.2	4829.4
21672	1284.2	1577.0	4775.9
18960	1293.1	1546.4	4849.8
10143	1293.9	1538.8	4755.2
3232	1283.9	1554.9	4736.2
8054	1279.6	1544.0	4779.4
9666	1288.2	1584.4	4818.8
18297	1282.4	1489.8	4618.7
505	1283.7	1537.7	4697.0
3836	1276.0	1490.7	4562.3
10624	1281.1	1479.8	4567.6
12833	1287.1	1543.1	4689.4
21769	1283.3	1488.8	4691.1
19134	1291.1	1591.8	4910.2
10285	1284.1	1522.5	4671.7
11078	1287.7	1533.5	4784.3
21599	1289.4	1581.4	4857.4
10167	1286.7	1495.1	4609.3
11952	1281.0	1524.7	4607.8
5314	1283.3	1530.0	4782.7
15936	1279.8	1517.2	4821.7
17582	1289.0	1542.3	4788.7
14363	1287.3	1524.0	4674.4
13840	1286.9	1570.5	4772.5
13756	1283.9	1520.9	4666.4
9441	1289.7	1516.9	4694.5
17950	1282.7	1519.6	4644.4
20915	1289.5	1510.9	4768.3
20968	1281.9	1476.8	4596.6
17083	1285.6	1534.5	4684.5
5445	1285.0	1528.7	4727.6
11260	1294.2	1568.2	4866.3
3687	1282.8	1536.3	4645.5
16787	1291.7	1577.5	4888.8
14788	1285.3	1506.9	4670.5
12439	1287.1	1557.0	4765.5
19848	1285.5	1554.4	4748.1
5742	1286.7	1550.5	4739.8
13759	1278.3	1489.8	4589.2
23831	1279.4	1518.4	4645.9
16137	1293.7	1560.3	4812.9
3438	1288.8	1526.7	4676.9
18290	1278.6	1523.2	4569.1
20979	1289.2	1574.3	4914.3
17814	1288.2	1524.4	4794.3
24032	1293.2	1566.4	4805.6
22114	1285.0	1525.4	4719.3
193	1298.2	1616.6	5114.0
14903	1271.8	1481.0	4634.2
24983	1283.6	1520.7	4688.8
342	1283.0	1511.5	4680.0
19146	1270.1	1480.8	4571.9
19002	1288.4	1486.8	4672.6
16821	1285.5	1521.8	4703.2
11102	1286.6	1566.0	4728.1
13315	1289.2	1515.4	4729.8
15989	1286.7	1519.8	4654.5
11441	1295.7	1525.8	4772.6
4743	1278.0	1493.9	4615.5
17171	1274.3	1515.2	4678.1
6539	1286.6	1582.9	4774.6
7472	1281.5	1517.2	4665.5
7345	1286.3	1515.2	4726.3
2523	1281.6	1528.7	4662.4
18186	1292.8	1543.5	5354.7
6855	1286.9	1538.0	4732.9
12294	1283.7	1512.8	4605.8
8501	1287.8	1521.9	4709.9
18966	1294.2	1522.3	4750.9
1865	1284.5	1561.4	4826.9
17652	1279.8	1483.1	4685.3
13464	1292.2	1568.6	4840.7
16954	1292.5	1554.9	4741.3
16745	1278.0	1497.5	4661.2
24694	1275.1	1500.5	4613.4
13705	1293.2	1552.1	4702.7
13572	1289.5	1531.1	4703.6
11936	1286.9	1529.9	4709.9
20242	1289.2	1547.0	4759.6
12536	1301.2	1545.5	4833.3
5906	1279.7	1474.1	4603.8
8367	1291.0	1553.7	4826.3
15027	1282.1	1519.8	4669.5
7398	1292.3	1600.1	4947.9
24778	1280.0	1513.1	4620.5
13752	1278.8	1487.2	4633.2
3398	1286.8	1543.2	4750.3
19930	1279.2	1470.2	4626.1
22764	1281.7	1510.3	4739.8
5386	1279.2	1509.3	4569.1
18739	1284.2	1510.8	4612.7
12005	1278.0	1492.7	4657.6
5494	1293.2	1528.6	4806.1
15791	1280.7	1508.6	4594.3
3165	1299.9	1539.0	4850.7
18907	1284.5	1526.9	4811.4
11014	1277.4	1471.4	4559.4
3604	1281.1	1511.4	4661.2
14193	1285.9	1561.8	4731.5
17824	1290.0	1506.0	4691.0
7804	1283.0	1528.1	4625.8
4607	1279.8	1556.6	4681.0
14749	1288.9	1541.7	4695.6
20216	1276.3	1511.5	4574.1
10563	1285.7	1503.8	4766.1
10054	1289.3	1543.1	4758.5
20488	1292.7	1544.2	4746.7
20981	1278.8	1511.0	4594.4
21152	1286.6	1526.9	4747.6
12139	1277.4	1506.0	4624.8
1013	1282.8	1524.6	4696.7
12243	1289.6	1535.5	4825.0
17889	1284.2	1532.0	4700.9
2299	1290.1	1549.1	4700.3
2662	1297.2	1543.2	4794.9
22715	1293.5	1530.2	4802.7
21560	1291.0	1525.8	4725.5
20898	1280.5	1506.5	4621.4
2484	1279.1	1454.2	4524.5
9179	1289.7	1573.2	4827.4
11039	1285.5	1523.9	4679.1
12292	1281.3	1465.5	4561.6
19777	1281.5	1529.1	4650.9
6610	1292.8	1626.9	4947.2
15667	1288.7	1547.0	4886.2
124	1277.3	1511.4	4612.6
16291	1285.4	1513.4	4704.4
12058	1284.1	1542.2	4718.0
23194	1290.7	1554.6	4717.8
22432	1286.0	1577.9	4876.8
21533	1290.4	1539.0	4726.5
6556	1297.4	1527.3	4863.5
14520	1282.9	1527.1	4839.8
24895	1293.4	1532.1	4698.8
21949	1283.1	1518.1	4820.5
16550	1274.3	1484.8	4579.5
16912	1294.9	1589.2	4905.7
20610	1290.1	1543.8	4767.6
9573	1281.9	1487.1	4630.4
1889	1277.0	1471.4	4529.2
21107	1302.7	1607.9	4983.6
2113	1286.8	1548.3	4753.5
19706	1269.3	1528.1	4572.1
7924	1288.6	1589.1	4752.2
16080	1287.5	1538.7	4893.3
4290	1277.1	1500.5	4666.0
21744	1274.5	1554.9	4777.5
22163	1291.3	1551.0	5082.8
18565	1265.9	1508.4	4543.2
19281	1277.5	1541.8	4632.3
22090	1274.8	1515.5	4639.1
21172	1293.3	1516.2	4752.0
21316	1286.6	1550.4	4822.0
22838	1275.6	1492.3	4560.0
6141	1294.1	1571.8	4942.4
19384	1281.8	1563.7	4746.5
15321	1282.5	1486.9	4732.6
20987	1287.3	1533.4	4715.5
22012	1279.6	1491.5	4599.6
19674	1274.5	1516.0	4561.3
4185	1277.1	1497.6	4639.8
1937	1287.2	1497.3	4649.7
14110	1288.2	1537.1	4733.8
4949	1289.9	1517.4	4778.8
22108	1286.5	1491.7	4656.8
1899	1292.2	1549.3	4771.4
13787	1292.4	1512.3	4722.1
23511	1285.0	1560.3	4771.7
9728	1284.4	1547.6	4716.3
1921	1266.6	1487.4	4545.9
16689	1268.2	1517.9	4578.4
8967	1281.2	1553.5	4638.4
10917	1285.0	1544.2	4750.8
15711	1282.1	1538.0	4723.1
208	1292.8	1584.6	5154.4
7451	1284.9	1501.5	4640.4
19478	1294.4	1600.9	4941.5
7525	1284.5	1512.6	4702.2
13740	1292.7	1516.5	4821.3
847	1285.1	1531.4	4685.0
8569	1283.0	1475.1	4715.6
1842	1282.3	1579.9	4850.8
1757	1293.9	1586.7	4812.6
6173	1290.7	1554.0	4795.8
14240	1292.8	1539.7	4781.2
18649	1296.4	1530.8	4779.1
6761	1280.8	1512.9	4630.6
1172	1283.5	1558.9	4655.1
18799	1279.5	1505.9	4770.4
23092	1286.1	1494.1	4680.7
12908	1285.5	1548.2	4680.2
5677	1287.0	1509.9	4702.3
5614	1278.4	1514.7	4641.7
6153	1302.7	1541.6	4816.3
24393	1292.6	1536.8	4827.8
1016	1275.0	1489.8	4528.7
7005	1285.8	1520.8	4665.4
15481	1285.6	1524.5	4779.0
14450	1279.5	1511.0	4561.3
10592	1270.8	1474.9	4573.6
14561	1285.3	1547.8	4904.6
20959	1281.7	1522.4	4692.3
12962	1275.7	1484.5	4632.9
23571	1281.4	1503.3	4697.9
17313	1286.6	1538.3	4724.9
16064	1291.5	1478.5	4755.6
16814	1293.3	1586.1	4909.2
14562	1287.2	1492.6	4693.4
10534	1286.3	1517.7	4708.2
22777	1285.8	1543.2	4709.3
2684	1288.0	1532.1	4757.4
20134	1275.5	1488.7	4636.2
504	1282.4	1520.7	4685.4
21081	1288.0	1541.8	4818.0
1461	1289.9	1574.2	4725.1
23357	1287.7	1535.2	4686.6
21966	1279.0	1549.1	4637.0
14268	1278.1	1503.8	4660.7
2184	1283.8	1531.5	4693.7
3976	1289.6	1562.8	4756.0
1907	1281.9	1517.6	4693.0
276	1282.4	1517.2	4725.0
13625	1281.3	1505.5	4679.6
18947	1279.9	1503.8	4624.0
11884	1289.5	1558.0	4776.9
18806	1281.3	1527.4	4663.0
2804	1287.9	1501.6	4886.5
19486	1291.3	1555.8	4855.4
8575	1272.9	1516.0	4579.7
11277	1276.6	1479.5	4593.9
14754	1289.2	1519.8	4662.4
13594	1290.1	1535.3	4786.6
13781	1289.7	1554.4	4768.7
12323	1286.0	1557.6	4865.5
713	1290.8	1549.9	4734.5
18734	1286.7	1523.3	4734.4
12187	1281.8	1478.3	4592.6
12893	1285.6	1521.3	4625.1
5521	1287.7	1528.6	4803.1
5925	1288.6	1550.1	4751.8
16319	1280.8	1454.6	4558.7
12913	1283.6	1536.7	4813.5
8478	1280.6	1514.2	4724.4
24230	1276.2	1480.3	4624.8
23292	1298.8	1640.9	4911.5
3329	1281.6	1523.2	4646.4
1466	1288.4	1549.5	4751.8
197	1275.5	1524.9	4568.4
23519	1290.4	1546.6	4816.8
7679	1283.7	1486.8	4621.5
12240	1277.7	1482.4	4670.7
22849	1294.2	1546.4	4823.9
23317	1295.7	1557.3	4805.4
23951	1286.9	1492.8	4678.6
5178	1281.9	1485.5	4640.1
3449	1269.5	1472.3	4523.0
20565	1272.4	1461.6	4567.0
18686	1292.0	1572.6	4794.0
8424	1281.7	1541.8	4846.2
21546	1288.8	1562.1	4821.5
17299	1284.3	1500.4	4634.6
22701	1285.7	1493.2	4683.0
22648	1285.5	1551.4	4687.8
3800	1280.6	1491.4	4575.6
17662	1287.3	1533.0	4801.2
24870	1284.2	1539.1	4871.1
12966	1290.9	1530.8	4743.5
16363	1292.3	1532.0	4826.0
15507	1275.4	1519.3	4522.4
20467	1283.8	1537.6	4683.5
4723	1287.6	1553.3	4713.5
15220	1294.2	1570.9	4825.1
1548	1286.5	1537.1	4751.7
18644	1280.5	1479.7	4555.7
18406	1271.7	1444.4	4498.4
14277	1292.4	1559.5	4815.6
8510	1290.5	1548.3	5038.0
7409	1279.7	1479.1	4594.8
5086	1285.1	1525.1	4603.1
12077	1282.5	1505.4	4640.2
18889	1294.1	1564.8	4876.8
17860	1280.2	1551.1	4736.8
11732	1280.0	1513.9	4644.0
10207	1283.6	1479.5	4689.7
10178	1286.4	1555.5	4665.7
16759	1291.9	1559.3	4903.6
12839	1279.2	1537.7	4712.4
21012	1286.1	1502.5	4625.9
18287	1274.0	1469.8	4597.7
2552	1282.2	1530.1	4662.3
5811	1290.4	1576.2	4792.7
19858	1272.1	1505.7	4614.7
17401	1277.4	1530.0	4642.8
13207	1276.0	1520.4	4609.6
6714	1279.3	1541.4	4687.0
2707	1270.5	1501.3	4570.4
20732	1285.2	1539.5	4824.5
10922	1286.3	1495.9	4646.4
8919	1287.1	1507.8	4686.9
14544	1285.2	1544.1	4806.7
13645	1283.0	1521.0	4761.7
22540	1285.3	1511.1	4670.5
18946	1290.6	1557.8	4808.7
8926	1287.8	1579.1	5021.0
17232	1292.5	1535.5	4766.3
11275	1296.3	1537.3	4773.8
21483	1288.8	1494.4	4679.8
13958	1298.5	1569.4	4879.3
155	1288.8	1557.1	4774.9
23721	1288.2	1515.4	4637.8
13477	1294.2	1569.1	4885.8
24187	1279.3	1493.5	4613.5
23696	1280.4	1516.6	4682.2
11851	1275.2	1498.4	4593.2
11184	1284.0	1522.0	4772.0
14651	1289.2	1513.2	4670.8
14895	1278.1	1527.1	4660.9
15767	1289.7	1599.5	4858.9
7384	1288.5	1575.3	4816.4
5040	1284.1	1505.3	4658.7
264	1286.9	1529.3	4672.8
10383	1272.2	1448.4	4473.1
8016	1279.5	1528.2	4682.5
5795	1275.6	1509.5	4591.7
6437	1292.3	1546.7	4711.3
3350	1278.8	1557.2	4770.5
1446	1291.4	1553.1	4784.9
22447	1286.1	1555.1	4768.7
1232	1283.8	1600.2	4911.7
19834	1283.2	1470.7	4610.6
1766	1291.2	1505.4	4648.7
21026	1291.4	1544.6	4728.4
24777	1285.3	1497.9	4710.8
22209	1284.9	1549.6	4754.1
3039	1284.6	1550.7	4785.8
936	1286.1	1528.0	4813.8
13417	1287.8	1524.0	4727.1
6626	1293.4	1536.0	4778.7
10970	1288.1	1585.3	4830.0
24287	1283.0	1503.9	4653.2
7242	1285.9	1567.5	4724.3
17741	1277.8	1550.6	4747.9
3008	1279.8	1505.8	4637.5
17710	1278.8	1516.4	4665.7
10742	1286.6	1528.8	4708.0
9726	1295.5	1555.3	4773.4
15925	1275.2	1559.1	4728.6
3590	1286.8	1537.1	4756.9
13616	1283.7	1525.5	4702.5
17589	1280.6	1560.5	4651.3
15133	1287.2	1531.2	4732.2
10027	1285.2	1504.1	4730.9
3085	1293.6	1549.5	4839.3
12940	1284.8	1485.9	4653.1
23961	1285.6	1580.5	4742.8
19307	1283.1	1508.8	4628.1
9336	1282.9	1517.1	4696.6
18967	1293.0	1568.2	4882.8
3030	1286.2	1485.1	4674.4
10417	1282.9	1494.0	4695.4
14840	1286.1	1489.4	4762.1
13268	1281.2	1523.9	4710.3
16761	1286.8	1557.3	4779.1
10826	1280.1	1524.8	4739.2
20272	1271.5	1468.5	4675.7
9260	1301.1	1531.3	4788.4
14959	1285.6	1523.9	4717.5
8330	1291.7	1533.0	4760.2
11024	1289.5	1537.9	4791.7
16277	1292.3	1594.8	5101.3
21734	1284.8	1480.1	4617.1
7214	1286.4	1525.6	4776.1
3619	1291.2	1545.8	4731.6
12418	1283.3	1572.5	4737.8
9927	1277.6	1534.9	4613.9
2614	1285.8	1617.8	4865.3
23829	1279.2	1522.7	4644.9
24121	1291.3	1505.0	4763.4
13204	1283.0	1520.3	4708.2
15196	1285.6	1556.6	4791.5
22206	1276.4	1519.9	4712.4
15231	1302.1	1617.9	5032.3
16162	1281.4	1486.5	4561.3
4194	1288.4	1567.6	4716.3
20311	1281.7	1534.0	4717.4
14417	1269.3	1515.1	4727.9
23685	1292.5	1544.8	4823.5
1202	1280.6	1503.2	4638.0
7822	1280.9	1473.4	4571.5
4377	1280.3	1518.4	4694.2
24208	1300.1	1587.4	4896.9
14222	1280.3	1559.4	4672.4
10913	1297.5	1544.0	4868.8
17459	1292.2	1556.1	4894.2
3436	1290.8	1551.7	4732.4
6897	1285.7	1526.5	4744.9
8526	1271.4	1527.0	4894.5
17143	1282.5	1504.5	4683.2
22306	1282.6	1508.8	4615.9
8841	1291.0	1531.5	4730.9
9541	1284.1	1531.3	4665.2
17320	1292.3	1555.5	4801.2
6861	1287.0	1581.1	4738.3
6749	1281.4	1565.5	4733.8
9714	1284.0	1518.5	4693.5
7440	1296.1	1557.9	4830.1
11934	1284.5	1534.7	4709.0
22793	1279.6	1563.8	4869.7
20594	1287.3	1535.6	4882.3
277	1285.7	1524.2	4665.8
21073	1290.6	1532.7	4763.5
22088	1272.7	1468.3	4546.0
23069	1285.6	1500.3	4628.6
19280	1285.6	1543.9	4655.9
5612	1281.9	1517.1	4696.5
2578	1278.5	1549.7	4725.7
2838	1280.8	1505.5	4593.0
24328	1275.7	1527.7	4700.3
18703	1281.5	1500.1	4719.8
4756	1279.9	1502.7	4696.3
354	1284.5	1504.6	4677.5
13360	1289.8	1549.5	4750.7
21513	1297.6	1559.6	4961.9
19601	1282.3	1523.3	4683.7
2862	1297.7	1552.7	4709.2
18452	1283.4	1515.9	4704.5
6706	1280.6	1501.9	4604.2
7631	1282.2	1491.6	4648.5
6687	1277.8	1489.9	4535.3
13170	1286.5	1498.1	4704.2
19122	1286.0	1496.2	4678.3
1706	1290.4	1582.9	4825.7
18670	1288.2	1536.6	4858.3
16737	1278.1	1477.8	4546.8
6277	1291.6	1582.4	4852.8
20539	1295.2	1527.1	4812.5
8618	1286.1	1519.5	4721.4
19640	1286.5	1492.1	4658.2
16092	1288.3	1543.6	4703.3
10087	1281.8	1533.2	4652.1
14833	1294.0	1569.0	4868.4
