9450	1275.7	1516.4	4693.5
16938	1285.5	1563.9	4747.8
1086	1290.1	1546.8	4700.5
2651	1277.0	1464.6	4599.1
18491	1276.0	1537.8	4654.5
22863	1288.4	1506.1	4686.6
24527	1283.7	1522.3	4732.0
16086	1292.6	1535.1	4795.2
12360	1288.6	1538.6	4891.6
23153	1287.0	1547.1	4791.2
22280	1283.5	1507.3	4654.8
4766	1291.1	1588.5	4953.2
3192	1281.7	1549.8	4670.3
13248	1292.1	1602.8	5065.4
12593	1290.8	1539.2	4841.7
17790	1292.1	1530.9	4724.4
10102	1279.7	1514.1	4638.7
19570	1280.5	1539.1	4869.0
3618	1290.6	1550.8	4762.8
6251	1269.3	1509.1	4678.7
7247	1285.0	1503.9	4748.0
7896	1283.9	1496.7	4647.9
6669	1272.3	1509.0	4610.8
7714	1286.4	1521.0	4683.8
15175	1294.2	1540.7	4972.3
1819	1290.2	1520.1	4770.6
19384	1294.8	1519.3	4800.1
20354	1290.9	1547.3	4822.2
3420	1284.0	1553.5	4740.2
16710	1274.0	1497.3	4701.1
11259	1291.8	1571.6	4821.2
9078	1289.8	1476.0	4702.7
15975	1288.7	1622.9	4975.3
4778	1292.6	1561.2	4762.9
15789	1286.6	1515.7	4654.5
19982	1288.3	1506.6	4656.9
7161	1285.2	1523.8	4713.6
2114	1281.6	1519.2	4724.5
14927	1291.1	1535.4	4774.1
19302	1276.9	1487.4	4710.9
18003	1296.7	1592.7	5602.9
12123	1285.1	1555.2	4664.4
10119	1280.8	1523.0	4666.2
21650	1288.1	1561.1	4812.1
9114	1289.4	1540.3	4693.8
8754	1286.2	1497.4	4784.6
126	1292.4	1532.9	4722.3
16792	1280.0	1483.4	4676.6
21819	1282.1	1546.4	4813.2
18734	1286.0	1535.1	4743.2
12790	1288.4	1579.9	5031.2
19382	1280.9	1578.5	4804.0
8000	1279.3	1486.1	4604.7
15030	1289.1	1542.1	4755.2
476	1290.8	1582.4	4795.1
7225	1281.2	1541.7	4736.0
4844	1286.8	1532.8	4688.3
14511	1284.2	1531.8	4761.1
11699	1285.8	1529.2	4770.2
11623	1274.3	1493.2	4552.6
5334	1294.2	1569.9	4839.6
20926	1287.0	1540.8	4803.0
23281	1290.6	1512.0	4759.2
9420	1287.2	1461.1	4613.4
977	1274.7	1486.4	4519.5
13795	1278.7	1514.8	4682.1
8621	1278.5	1504.0	4659.6
16384	1291.5	1608.6	4791.0
21574	1276.4	1510.0	4627.9
22970	1284.1	1558.5	4746.0
8828	1279.4	1467.6	4584.4
233	1280.6	1547.4	4764.4
10978	1282.6	1535.7	4710.0
430	1286.4	1555.4	4760.0
5313	1285.7	1533.1	4757.4
15848	1278.6	1472.1	4637.1
13611	1285.6	1508.7	4699.9
5420	1297.0	1573.2	4848.2
23895	1282.9	1543.6	4678.4
4135	1281.5	1494.9	4671.8
21621	1281.1	1492.1	4664.9
19074	1287.0	1502.2	4636.5
9403	1284.7	1531.0	4716.5
2733	1278.6	1460.4	4595.8
6811	1289.1	1547.7	4691.8
14332	1274.7	1543.5	4765.4
3845	1297.1	1607.7	4990.5
6294	1275.2	1491.1	4556.9
18607	1279.0	1516.4	4679.5
2901	1284.6	1510.2	4634.9
9963	1291.1	1520.4	4686.7
17539	1280.1	1486.9	4586.3
13800	1290.1	1517.1	4777.6
1403	1283.0	1503.1	4631.2
9183	1281.9	1496.0	4611.0
19561	1291.4	1532.0	4831.3
2661	1294.0	1577.7	4754.0
5563	1282.3	1521.8	4825.1
19693	1288.9	1555.8	4748.5
17296	1280.9	1511.9	4617.5
3172	1290.3	1558.1	4897.6
6581	1288.0	1582.0	4908.1
11426	1275.6	1492.9	4469.9
22958	1282.1	1522.8	4770.4
1000	1273.5	1521.8	4533.7
11938	1287.2	1531.3	4763.0
21669	1295.0	1537.5	4787.2
20437	1286.5	1538.3	4721.5
3622	1283.5	1520.2	4708.2
201	1271.8	1471.3	4559.1
2414	1281.1	1513.8	4591.1
16111	1285.0	1560.0	4706.7
6681	1288.4	1547.8	4863.7
13433	1280.1	1523.1	4633.9
6833	1289.0	1539.0	4709.1
18972	1288.8	1571.6	4823.1
14872	1285.4	1534.1	4792.9
2187	1282.8	1524.1	4652.0
8223	1280.1	1541.1	4682.3
14973	1295.0	1595.2	5016.9
10389	1289.1	1569.5	4881.1
19440	1292.9	1566.7	4858.1
6307	1288.3	1558.0	4862.3
21759	1283.8	1518.4	4910.0
9164	1288.8	1525.6	4833.8
7378	1289.9	1594.8	4881.1
6461	1279.9	1543.3	4668.9
23473	1290.9	1535.6	4782.1
210	1305.7	1601.4	5550.3
12915	1288.4	1542.1	4740.1
23850	1279.7	1552.8	4707.9
11947	1273.3	1445.7	4488.3
4661	1288.3	1534.7	4747.5
14115	1303.2	1623.0	4963.2
11344	1292.6	1553.2	4854.2
23762	1288.7	1526.3	4792.1
23441	1282.7	1490.2	4635.3
19401	1286.6	1525.7	4792.2
23388	1284.1	1537.3	4656.1
3066	1282.5	1563.3	4755.4
3059	1282.2	1528.3	4608.4
24994	1275.0	1490.9	4547.3
1822	1281.4	1558.8	4680.7
1345	1281.2	1534.7	4711.6
7375	1283.1	1517.5	4655.0
23560	1280.9	1512.5	4646.3
2156	1285.1	1552.9	4788.5
16888	1282.8	1495.8	4548.4
13690	1288.4	1522.0	4723.8
3827	1280.7	1554.0	4739.5
8660	1274.5	1473.5	4583.6
3238	1297.9	1619.1	4901.7
12512	1291.1	1560.0	4826.0
953	1273.7	1528.0	4685.0
8790	1282.1	1503.7	4704.5
11844	1277.6	1540.4	4802.4
3465	1291.0	1555.1	4758.9
7333	1284.7	1573.6	4739.4
6568	1281.1	1518.8	4650.2
14325	1289.9	1565.5	4828.3
10982	1290.6	1524.8	4789.0
9675	1283.2	1537.1	4663.0
13782	1289.2	1516.2	4718.5
12175	1280.4	1519.2	4581.8
18606	1291.3	1565.7	4816.5
8030	1287.6	1566.2	4780.0
23225	1290.2	1559.3	4836.3
6919	1292.5	1509.6	4744.0
14715	1276.0	1468.9	4626.1
9039	1282.1	1512.5	4843.3
11597	1279.3	1491.2	4625.2
9344	1279.6	1552.5	4693.7
1980	1279.1	1461.0	4641.3
12011	1281.5	1497.5	4690.7
19375	1283.6	1512.3	4751.5
22741	1286.5	1553.9	4903.9
3337	1291.1	1540.1	4766.9
7026	1282.5	1531.1	4694.6
8642	1287.4	1537.4	4717.2
9075	1278.3	1521.7	4661.5
6145	1280.3	1525.8	4681.3
16793	1283.0	1504.7	4799.9
16796	1283.9	1483.6	4644.8
19368	1279.8	1482.1	4550.9
4745	1290.7	1555.2	4752.7
860	1284.8	1536.1	4790.4
19701	1284.1	1526.5	4672.9
1729	1289.3	1530.4	4670.9
24639	1281.2	1518.9	4599.2
2157	1280.4	1520.6	4701.5
19466	1285.9	1508.5	4624.0
24095	1289.3	1532.8	4821.0
10745	1277.9	1551.7	4649.9
13274	1286.9	1466.6	4651.8
12197	1277.8	1514.7	4688.4
15399	1279.2	1499.6	4618.7
19059	1291.5	1565.6	4754.1
6377	1288.9	1548.1	4757.6
16186	1286.3	1536.9	4751.5
2644	1286.3	1533.7	4704.9
12445	1281.6	1539.3	4680.9
22534	1285.9	1528.2	4730.6
4074	1287.7	1537.7	4678.2
19266	1286.4	1508.6	4736.6
19522	1277.2	1485.5	4619.5
6317	1279.2	1558.5	4754.8
18367	1283.8	1513.7	4781.8
22358	1284.7	1530.6	4737.1
16181	1279.6	1525.7	4789.7
2562	1280.0	1530.6	4719.6
9097	1280.1	1493.7	4616.2
23082	1296.9	1563.2	4813.3
6375	1276.4	1503.5	4577.2
11712	1289.6	1529.2	4808.2
9788	1290.3	1507.5	4897.5
560	1295.2	1586.0	4939.8
7536	1285.0	1503.1	4684.2
8981	1290.1	1522.5	4691.8
18636	1286.0	1537.5	4798.8
22275	1295.0	1531.4	4760.5
7444	1289.8	1578.2	4875.4
15463	1285.8	1521.7	4707.6
21237	1278.9	1520.1	4719.6
4510	1277.8	1535.1	4644.7
6928	1289.8	1569.8	4944.3
7041	1288.8	1533.5	4775.2
22883	1282.5	1529.0	4684.8
20396	1286.2	1550.6	4802.3
24375	1287.0	1533.2	4698.6
17389	1289.6	1499.3	4647.8
23440	1274.0	1487.2	4609.5
14102	1285.0	1573.5	4678.0
15431	1283.6	1560.8	4764.7
14781	1285.4	1538.6	4845.0
17353	1283.8	1503.4	4775.9
4177	1291.9	1510.6	4709.4
1745	1277.1	1504.9	4628.7
9827	1280.6	1509.0	4637.2
16773	1277.9	1491.8	4558.2
24244	1286.9	1546.4	4788.9
23410	1296.7	1589.8	4850.4
9756	1287.6	1512.3	4777.1
21429	1293.5	1561.5	4915.6
23642	1292.9	1556.0	4763.8
18945	1289.2	1568.0	4845.7
21179	1283.7	1527.5	4767.8
11134	1271.1	1542.5	4583.1
3818	1283.8	1571.5	4888.0
2871	1282.1	1566.5	4897.3
5840	1276.7	1492.8	4537.8
10030	1286.4	1511.6	4736.9
3881	1281.4	1519.3	4707.5
10964	1284.8	1504.8	4745.7
3528	1278.1	1528.0	4676.9
19761	1267.9	1487.7	4493.7
7933	1287.5	1511.5	4747.3
6429	1286.2	1497.8	4689.1
6763	1286.5	1539.5	4772.1
19910	1286.5	1514.1	4720.9
1994	1281.4	1513.4	4645.5
14771	1282.5	1525.1	4674.5
10588	1296.5	1556.6	4889.3
22612	1278.2	1510.5	4667.4
3372	1294.7	1555.6	4854.0
13938	1285.6	1457.4	4579.8
3770	1289.5	1583.0	4800.3
4940	1288.9	1533.6	4722.5
13469	1288.9	1518.8	4750.6
10811	1283.7	1492.6	4672.5
7252	1287.5	1534.4	4720.5
8715	1290.1	1511.5	4846.0
16630	1288.2	1527.0	4745.1
16531	1285.2	1485.6	4627.1
10816	1283.2	1525.1	4752.5
15300	1287.3	1572.0	4723.2
7295	1284.9	1517.6	4635.9
9760	1288.4	1552.0	4764.9
16571	1291.6	1549.1	4751.2
18250	1289.4	1549.3	4752.6
2148	1287.1	1545.4	4696.1
14493	1285.6	1529.5	4609.6
24817	1296.5	1547.3	4775.0
5782	1276.5	1471.5	4521.3
24781	1292.0	1512.4	4730.2
13219	1286.1	1507.2	4595.1
24168	1279.1	1481.1	4564.3
6868	1290.7	1538.8	4810.5
4498	1281.1	1487.3	4835.9
19492	1289.3	1558.4	4731.5
12213	1280.5	1513.2	4713.6
4808	1282.6	1519.2	4677.0
6246	1284.0	1539.6	4756.1
4447	1287.2	1556.4	4767.3
9094	1275.9	1498.1	4606.4
96	1282.2	1516.8	4662.5
10574	1283.2	1515.6	4727.0
7551	1286.5	1532.1	4693.2
21859	1283.5	1512.8	4662.8
5935	1292.3	1521.6	4726.4
19140	1286.4	1510.1	4708.0
8771	1274.8	1490.9	4679.1
1722	1280.0	1569.8	4718.6
10666	1287.5	1541.0	4734.9
22322	1284.7	1528.6	4687.5
15898	1299.1	1588.6	5115.6
14673	1290.8	1540.0	4803.0
14916	1274.4	1518.6	4630.9
22162	1291.4	1576.7	5055.3
1597	1278.3	1484.6	4549.2
18479	1291.6	1552.8	4813.1
18333	1277.0	1510.2	4680.5
21435	1284.1	1541.2	4645.8
4423	1280.5	1495.2	4582.1
16340	1281.9	1531.7	4715.2
12079	1285.1	1500.6	4637.6
19966	1294.2	1559.7	4842.8
8327	1292.3	1573.3	4774.6
17075	1285.5	1503.8	4679.0
4080	1271.5	1453.6	4477.2
3303	1291.0	1561.1	4770.2
3974	1292.9	1499.0	4699.5
15082	1284.2	1518.1	4658.0
13806	1283.0	1521.1	4771.5
14003	1277.0	1528.2	4684.3
5777	1294.1	1555.4	5089.7
8529	1286.2	1520.6	4670.8
5048	1289.8	1515.7	4760.4
15189	1286.1	1522.4	4647.7
10871	1297.2	1541.6	4915.7
23263	1278.7	1523.1	4641.0
23189	1280.6	1506.8	4604.2
5654	1288.7	1530.7	4722.4
19486	1282.2	1536.7	4614.1
930	1293.5	1554.0	4785.2
18257	1279.8	1533.6	4803.1
15135	1296.2	1543.2	4816.3
7561	1295.1	1523.1	4920.2
22135	1275.5	1476.2	4577.5
17759	1296.5	1611.0	5032.2
341	1279.4	1502.5	4659.4
3141	1279.6	1537.2	4613.7
5795	1294.3	1568.5	4899.6
14197	1269.0	1469.7	4423.5
13119	1285.8	1535.8	4762.0
10474	1287.4	1530.2	4717.5
8425	1288.5	1505.2	4767.7
16743	1296.9	1575.5	4798.8
1731	1281.3	1510.3	4673.8
16396	1277.7	1554.7	4654.5
16152	1296.9	1545.5	4754.6
2286	1277.5	1481.1	4635.1
23813	1280.2	1513.1	4701.9
3421	1285.1	1555.3	4789.9
12912	1283.6	1521.8	4775.0
3204	1275.5	1485.6	4594.2
17026	1292.2	1518.0	4697.6
17806	1282.9	1576.3	4819.3
545	1282.8	1547.5	4687.7
4730	1276.9	1461.1	4655.1
11169	1270.3	1447.0	4534.4
6320	1284.1	1489.1	4702.3
7794	1297.8	1540.8	4901.4
24246	1280.4	1458.6	4544.5
20271	1271.3	1495.2	4646.8
6908	1285.4	1562.5	4751.3
24307	1284.2	1549.3	4805.1
13811	1282.1	1500.4	4633.2
3459	1282.6	1518.9	4624.3
979	1283.6	1495.5	4625.5
6622	1288.2	1584.1	4945.6
21371	1294.2	1567.6	4768.7
13349	1292.7	1543.5	4830.9
14674	1286.9	1546.0	4810.0
10976	1287.4	1514.3	4761.5
3873	1278.3	1514.9	4831.4
13473	1281.4	1497.7	4648.5
21617	1284.7	1548.6	4700.8
10649	1284.4	1582.0	4789.2
15066	1286.1	1535.3	4760.3
3686	1286.5	1530.2	4697.1
763	1298.2	1581.7	4903.9
7405	1289.8	1483.9	4672.1
24308	1287.9	1465.1	4677.1
17477	1280.3	1479.5	4584.4
12487	1291.9	1545.6	4937.1
2730	1294.9	1547.4	4811.2
6026	1285.2	1502.0	4664.5
24771	1273.2	1466.1	4462.7
13716	1284.7	1525.6	4720.9
10005	1277.3	1512.1	4762.8
23475	1279.4	1515.8	4657.2
18035	1297.4	1555.4	4787.1
1576	1283.9	1542.4	4755.0
12935	1285.6	1509.6	4671.3
15801	1286.3	1524.8	4714.9
3137	1288.0	1547.8	4853.9
15766	1292.1	1571.1	4863.3
23123	1293.7	1579.3	4843.3
9400	1275.7	1516.2	4704.6
5571	1296.2	1528.5	4753.1
974	1293.6	1602.2	4903.1
10454	1286.3	1520.9	4734.2
22647	1287.5	1544.8	4687.3
14770	1275.6	1509.7	4609.3
24242	1280.8	1523.7	4669.6
4508	1286.9	1550.1	4665.2
7177	1283.9	1506.7	4667.7
2410	1289.2	1528.4	4733.0
14161	1290.6	1571.6	4802.6
21078	1282.3	1540.4	4651.8
24858	1282.6	1548.8	4749.2
15156	1287.1	1522.4	4789.1
23582	1296.7	1542.7	4764.4
12172	1285.3	1492.0	4683.2
5643	1292.5	1575.1	4951.1
8460	1285.3	1506.3	4640.3
12137	1286.5	1556.1	4778.7
22454	1281.1	1548.3	4659.8
7261	1280.6	1518.7	4643.7
9020	1302.3	1545.2	4832.0
17583	1288.2	1548.1	4731.3
21083	1284.1	1577.6	4880.7
16200	1276.9	1487.1	4509.2
10253	1282.9	1548.3	5713.6
16229	1281.1	1580.9	4858.3
2718	1294.9	1574.1	5103.9
3576	1285.5	1574.3	4785.9
15450	1279.8	1522.4	4669.9
19971	1287.3	1571.3	4769.8
19901	1302.6	1620.9	4965.7
23479	1294.9	1575.9	4914.9
4385	1285.3	1538.5	4778.8
14589	1303.9	1649.8	5064.4
1188	1290.1	1511.8	4757.4
13764	1286.3	1535.3	4645.7
3055	1293.5	1525.5	4739.0
21388	1282.4	1463.6	4589.3
2170	1285.2	1531.2	4716.5
15734	1292.8	1562.2	4867.6
16230	1296.9	1535.7	4724.0
18336	1283.9	1510.8	4691.6
17518	1275.6	1517.3	4641.7
11680	1280.9	1486.6	4672.4
15305	1282.0	1516.7	4660.1
16218	1282.8	1507.3	4587.8
271	1282.8	1503.1	4634.2
23991	1301.6	1534.1	4939.6
5597	1293.2	1565.5	4776.0
8294	1278.8	1486.9	4476.5
18380	1282.5	1534.6	4730.0
5154	1286.3	1572.9	4708.2
13624	1284.5	1529.7	4683.5
21422	1281.4	1543.5	4724.9
24166	1293.7	1614.1	5012.3
23933	1293.1	1548.5	4739.6
18044	1285.6	1542.9	4719.1
18861	1286.3	1535.6	4706.2
10683	1282.6	1515.4	4589.2
11958	1279.5	1479.6	4551.6
2188	1281.7	1526.2	4798.1
7702	1278.8	1509.8	4608.1
17365	1276.3	1496.0	4626.7
14141	1297.5	1579.3	4944.8
9007	1298.6	1572.5	4847.2
11351	1291.0	1511.4	4752.2
2559	1288.7	1545.5	4694.4
22196	1277.5	1554.9	4666.1
6176	1294.5	1569.0	4957.3
9892	1293.0	1549.0	4846.5
21038	1272.1	1529.9	4538.5
19568	1278.4	1503.8	4672.3
996	1292.2	1556.0	4807.5
10036	1290.9	1551.0	4713.8
21995	1283.5	1536.9	4944.1
8937	1277.4	1513.8	4648.1
12932	1289.8	1546.1	4767.1
6850	1285.9	1542.7	4696.9
11445	1281.2	1487.2	4578.6
16221	1289.5	1543.5	4943.8
10156	1276.9	1505.4	4570.6
21615	1273.0	1516.3	4726.4
1912	1295.2	1571.9	4777.3
1029	1285.4	1506.4	4772.4
16966	1271.7	1507.7	4598.0
3921	1294.4	1532.6	4978.0
10306	1278.1	1522.4	4683.2
5991	1286.1	1512.6	4793.5
7086	1292.0	1570.4	4861.1
18429	1283.4	1537.1	4736.9
11490	1290.8	1557.9	4776.7
12102	1291.8	1532.8	4710.6
22085	1295.7	1570.6	4896.5
10646	1278.7	1521.0	4673.8
17385	1294.9	1552.0	4912.5
11121	1284.1	1538.1	4707.4
18588	1273.5	1453.7	4570.4
17531	1290.1	1582.3	4795.3
20080	1279.0	1478.8	4531.6
3708	1284.2	1520.2	4563.0
6722	1278.8	1500.0	4707.6
20504	1287.0	1566.0	4897.9
17622	1280.6	1519.2	4663.8
6825	1280.3	1541.6	4686.0
18820	1288.4	1538.9	4738.1
7839	1280.2	1541.5	4666.6
23060	1286.9	1531.9	4826.9
3374	1295.1	1527.4	4883.2
17336	1285.7	1520.3	4796.8
16795	1288.3	1565.4	4794.3
15907	1288.0	1571.7	4878.1
24326	1305.9	1572.2	4901.2
5640	1293.9	1555.9	4798.4
6523	1286.8	1531.4	4677.2
21979	1273.1	1509.9	4544.6
160	1284.0	1512.0	4638.4
19866	1287.6	1520.9	4785.0
10648	1280.1	1473.8	4583.0
894	1285.6	1599.5	4732.5
3742	1279.0	1556.1	4905.0
8183	1281.0	1557.3	4773.4
20689	1291.8	1565.1	4800.2
6266	1290.6	1506.5	4706.3
18466	1281.4	1543.7	4795.9
4673	1298.9	1535.5	5040.3
4857	1283.7	1540.6	4727.4
2667	1292.1	1543.2	4727.0
15061	1288.6	1540.6	4793.7
6998	1284.3	1553.9	4695.5
13016	1279.7	1483.6	4580.6
8339	1274.5	1486.2	4580.5
12024	1287.5	1531.5	4841.5
6723	1279.3	1508.0	4729.9
17451	1291.4	1529.3	4779.7
11475	1287.2	1540.8	4719.5
12091	1285.3	1502.0	4681.8
18705	1286.0	1494.5	4737.3
10335	1295.1	1551.4	4822.8
1812	1282.9	1525.7	4781.6
8208	1280.5	1468.0	4566.8
23372	1284.2	1551.7	4824.8
23812	1294.7	1543.3	4775.2
18572	1295.5	1561.7	4836.4
493	1281.1	1522.0	4682.9
17494	1277.4	1527.5	4695.6
13391	1291.6	1599.4	4755.4
11651	1287.7	1528.7	4700.0
16004	1280.4	1486.0	4569.5
20827	1280.7	1507.0	4643.7
21780	1280.4	1494.5	4605.9
10184	1288.6	1574.3	4823.2
13618	1281.3	1518.5	4754.1
23726	1284.4	1495.2	4619.9
16278	1279.6	1574.4	4795.1
5342	1282.2	1546.9	4800.3
21405	1294.4	1597.7	4939.9
22444	1283.9	1556.4	4722.9
5074	1284.4	1576.1	4785.8
13427	1282.3	1567.1	4880.0
12752	1288.2	1597.2	4787.2
8871	1293.9	1573.7	4901.7
17723	1284.0	1550.8	4667.4
14480	1286.4	1519.8	4672.7
10695	1287.3	1542.5	4794.7
8342	1280.4	1523.5	4677.7
24851	1280.0	1514.0	4702.7
4596	1279.7	1522.7	4637.6
3842	1279.6	1529.3	4708.0
10667	1297.8	1553.9	4885.9
2180	1288.0	1560.8	4742.2
1470	1292.4	1529.9	4751.9
15488	1286.0	1549.5	4747.9
7711	1277.5	1520.8	4674.9
10886	1285.8	1538.5	4703.4
3632	1282.1	1498.4	4582.3
15655	1289.7	1553.0	4753.1
20727	1291.5	1519.9	4763.9
20780	1288.4	1581.5	4813.5
17117	1285.3	1551.4	4797.6
3676	1276.8	1494.4	4889.7
20765	1277.7	1477.8	4588.0
3159	1280.6	1491.3	4667.3
7135	1280.8	1537.1	4661.3
17275	1284.5	1510.7	4615.1
6376	1291.1	1543.4	4760.1
14657	1276.2	1488.3	4601.4
9605	1289.9	1523.8	4814.7
13820	1281.6	1503.7	4686.3
9869	1284.5	1520.8	4706.1
6918	1274.2	1491.9	4571.5
130	1291.9	1576.5	4798.3
21480	1288.3	1545.9	4770.9
11294	1289.5	1565.4	4731.9
1166	1287.1	1525.1	4743.9
8146	1287.4	1583.3	4819.7
11400	1287.9	1571.8	4780.1
3378	1278.3	1584.1	4805.3
5214	1289.2	1521.2	4940.4
1814	1273.0	1525.0	4618.5
20416	1290.0	1533.5	4847.6
10435	1276.6	1513.3	4672.9
21220	1299.0	1557.7	4830.6
14032	1291.3	1548.3	4824.5
8168	1288.6	1564.3	4961.0
801	1276.8	1553.2	4693.8
16490	1291.5	1585.0	4988.1
10993	1290.8	1555.5	4711.3
19165	1274.7	1495.6	4648.4
3250	1278.0	1505.7	4633.3
18186	1285.3	1470.9	4659.1
23471	1294.5	1571.0	4735.1
24911	1279.7	1467.2	4528.0
4155	1294.8	1581.9	4875.5
24214	1280.1	1480.7	4642.1
10241	1290.0	1545.6	4809.5
2203	1289.3	1581.6	4914.2
24422	1285.0	1511.2	4696.3
16967	1281.8	1518.4	4679.1
23141	1284.4	1477.9	4677.3
495	1284.8	1533.9	4739.5
10731	1277.9	1514.1	4634.6
13651	1284.1	1580.2	4762.1
22811	1287.3	1536.3	4723.6
14892	1283.3	1526.8	4614.9
9455	1289.8	1559.8	4771.1
14177	1279.4	1526.4	4669.2
21098	1278.7	1505.8	4682.9
23257	1282.9	1488.8	4894.9
23304	1290.7	1542.9	4783.2
3252	1283.0	1529.6	4617.6
17196	1283.9	1524.2	4743.5
18478	1284.1	1514.0	4691.5
16408	1285.9	1529.5	4660.1
11951	1281.3	1496.8	4659.3
7796	1294.6	1531.6	4738.6
7348	1279.2	1482.8	4679.8
24925	1297.2	1515.7	4884.5
6816	1288.5	1549.8	5010.4
7771	1285.3	1478.7	4605.2
4253	1289.9	1474.1	4695.5
17060	1290.0	1582.9	4906.5
19042	1288.1	1552.8	4725.7
18966	1294.6	1549.5	4858.6
14967	1276.2	1527.0	4658.8
17316	1288.1	1610.6	4824.5
2900	1279.8	1479.4	4613.1
5495	1293.0	1540.2	4761.0
6200	1281.5	1513.5	4621.6
11977	1284.2	1505.0	4646.8
23283	1288.9	1559.7	4812.1
7054	1290.8	1590.0	4993.1
4528	1283.0	1511.9	4651.7
2898	1290.7	1587.7	4858.3
2550	1294.9	1556.8	4872.3
15718	1287.9	1564.7	5061.2
23254	1291.2	1546.2	4788.1
15077	1282.8	1540.5	4727.7
16958	1296.7	1563.8	4729.7
17788	1280.7	1526.5	4726.5
2324	1287.0	1538.8	4731.4
11102	1281.9	1531.5	4680.7
15711	1275.3	1487.0	4593.9
7129	1286.8	1548.4	4699.3
3515	1272.9	1502.2	4583.5
6172	1290.9	1573.0	4778.1
5634	1281.2	1519.7	4621.0
20327	1283.6	1503.4	4681.9
15131	1285.8	1571.0	4852.3
23704	1302.3	1543.9	5079.7
6426	1292.0	1556.5	4855.6
19493	1281.9	1524.8	4590.8
730	1281.3	1557.3	4715.1
14685	1279.5	1549.8	4690.8
22182	1288.8	1511.5	4700.1
8534	1292.9	1540.9	4736.5
5754	1287.3	1547.6	4793.3
9470	1277.7	1575.8	4756.0
5175	1297.6	1545.7	4815.4
7339	1290.3	1563.6	4833.2
16540	1287.0	1541.3	4729.0
9764	1284.9	1526.2	4735.6
24476	1292.1	1547.4	4992.9
5218	1281.3	1508.9	4674.9
16119	1285.2	1543.4	4777.7
7460	1284.6	1518.6	4663.8
19160	1290.7	1532.9	4782.0
3938	1284.3	1491.3	4666.1
8126	1286.0	1519.9	4749.5
3789	1280.4	1509.4	4680.3
17749	1290.2	1564.4	4801.2
5376	1280.9	1540.9	4739.4
12343	1294.4	1506.2	4727.0
10216	1295.1	1564.2	4900.4
11867	1280.4	1517.4	4678.5
13087	1293.5	1554.9	4915.9
1096	1297.0	1564.9	4890.9
24514	1279.8	1519.5	4626.9
19325	1285.3	1538.8	4756.2
23517	1289.8	1509.9	4679.7
19387	1297.3	1568.5	4801.5
17322	1297.2	1544.0	4902.8
8638	1292.6	1533.2	4699.6
15362	1285.4	1502.9	4709.3
24786	1294.6	1540.6	4802.0
3552	1295.1	1582.2	4903.4
13194	1278.6	1553.9	4807.8
16467	1280.8	1518.1	4648.5
22340	1284.0	1528.3	4667.9
17491	1279.7	1489.7	4680.2
9761	1285.0	1566.5	4837.9
5311	1296.9	1590.8	4844.3
3481	1287.8	1553.9	4801.1
8525	1271.0	1508.1	4887.6
13434	1281.6	1521.1	4767.6
1339	1291.6	1571.6	4926.6
23264	1277.2	1483.0	4619.0
18641	1271.3	1450.1	4422.9
2934	1288.9	1522.7	4752.7
24466	1280.8	1540.5	4667.4
21993	1284.1	1508.4	4671.8
667	1281.3	1528.7	4683.9
735	1284.4	1546.8	4768.2
10809	1281.4	1515.1	4687.0
20598	1286.5	1509.9	4757.8
17931	1286.2	1535.2	4756.9
24335	1291.8	1528.3	4723.0
20398	1280.7	1516.1	4627.3
2880	1286.0	1561.9	5073.5
10301	1275.6	1482.3	4605.3
8408	1299.3	1584.6	4889.0
20550	1272.2	1531.8	4625.3
16189	1293.2	1555.8	4855.1
19453	1299.3	1569.1	4820.0
4759	1284.8	1515.9	4678.5
5103	1298.7	1554.5	4949.2
3334	1277.2	1502.9	4684.4
12704	1278.6	1547.4	4706.0
21840	1291.1	1549.6	4813.6
10279	1292.6	1548.9	5090.5
21970	1281.7	1499.3	4639.2
585	1284.8	1514.2	4673.0
22709	1277.0	1541.9	4664.8
15914	1281.4	1545.0	4749.6
4711	1292.0	1536.8	4755.1
11187	1283.3	1517.4	4772.3
5873	1283.0	1539.1	4611.9
17101	1288.0	1493.5	4700.9
6959	1283.5	1545.2	4739.8
19859	1293.9	1552.5	4892.6
15534	1300.0	1577.7	4878.9
23217	1286.9	1556.1	4747.8
9529	1284.3	1587.6	4786.0
15778	1283.7	1524.4	4713.6
17320	1285.6	1503.6	4667.3
2873	1282.2	1489.6	4692.9
16084	1280.7	1491.3	4642.3
19300	1278.7	1482.9	4561.2
8974	1281.3	1474.7	4703.9
24667	1288.2	1528.3	4818.4
18638	1278.7	1549.8	4775.9
3725	1287.4	1592.5	4918.9
6144	1293.0	1526.2	4766.5
18679	1288.8	1509.8	4730.9
22989	1286.6	1516.6	4852.4
17646	1291.6	1537.7	4745.2
20790	1286.3	1532.7	4734.0
2124	1301.8	1613.0	4929.6
6305	1281.6	1472.9	4705.0
12714	1279.2	1538.6	4719.3
18378	1284.9	1520.8	4729.6
13159	1276.9	1529.8	4613.7
21385	1278.0	1494.5	4590.6
12688	1273.0	1501.9	4550.4
5965	1281.0	1520.6	4673.9
13526	1289.8	1557.6	4669.2
1574	1295.7	1529.3	4775.2
7522	1288.1	1539.8	4710.6
23744	1289.7	1495.1	4677.0
12851	1281.4	1514.1	4815.7
13607	1296.0	1527.8	4806.8
2063	1286.6	1566.3	4811.4
14203	1290.9	1550.2	4750.9
4427	1285.1	1512.3	4602.3
13655	1282.7	1538.0	4696.7
6153	1293.8	1589.3	4864.3
17354	1278.9	1482.9	4604.8
21816	1284.6	1535.3	4745.0
3244	1276.4	1511.5	4565.5
24854	1288.5	1516.4	4819.8
15652	1293.7	1554.8	4853.7
17538	1288.7	1494.7	4701.3
24464	1295.3	1572.4	4881.6
2520	1295.5	1537.4	4794.6
4132	1297.5	1610.9	5059.0
12611	1283.0	1526.6	4724.8
4743	1282.5	1521.7	4807.2
11509	1285.5	1520.9	4773.9
13901	1283.8	1530.6	4665.3
20346	1285.8	1572.1	4737.8
5546	1292.7	1582.9	4872.5
18155	1290.8	1563.1	4954.9
22547	1292.8	1566.8	4924.9
20231	1288.1	1502.9	4688.8
21268	1287.6	1499.4	4726.2
7738	1278.0	1449.4	4545.5
17590	1285.1	1481.9	4686.7
10007	1283.2	1516.2	4742.3
22069	1281.1	1496.4	4687.1
22986	1299.2	1606.7	4896.8
16867	1282.4	1524.4	4714.6
13353	1289.8	1520.8	4779.4
24574	1291.3	1549.1	4798.1
3103	1295.8	1602.5	4894.8
21620	1285.4	1505.0	4658.2
3875	1278.1	1508.9	4604.5
4920	1283.9	1545.1	4744.2
5961	1285.8	1547.2	4664.6
8346	1295.4	1585.2	4842.0
19837	1278.3	1521.4	4609.9
1672	1295.8	1566.8	4790.1
11333	1284.4	1517.6	4646.6
13011	1288.6	1524.0	4762.4
5497	1280.7	1562.3	4691.6
3188	1294.9	1562.3	4750.3
2522	1282.5	1545.1	4672.4
23593	1290.7	1518.1	4729.6
12701	1286.2	1501.0	4640.0
24403	1285.9	1500.5	4730.7
6685	1289.8	1565.6	4770.5
17999	1284.6	1506.0	4622.4
21245	1274.7	1487.5	4622.9
7555	1276.0	1510.7	4685.1
4123	1287.0	1542.5	4827.5
923	1287.2	1532.0	4704.0
11615	1286.3	1509.4	4725.4
8572	1288.7	1549.7	4763.2
5470	1280.3	1520.7	4647.7
19158	1289.3	1507.0	4725.2
21316	1290.1	1562.3	4982.7
15419	1278.4	1514.4	4687.9
23793	1288.8	1587.3	4823.5
15926	1283.2	1546.3	4797.9
21203	1292.6	1542.1	4827.2
367	1294.8	1620.6	4888.5
21781	1291.3	1586.8	4902.5
12746	1287.0	1546.8	4738.1
12963	1280.6	1510.4	4712.2
12263	1278.1	1525.8	4660.9
6187	1286.6	1533.0	4751.6
16635	1287.6	1493.3	4708.5
12144	1291.9	1522.7	4747.0
19345	1289.9	1550.3	4762.1
4836	1287.0	1526.8	4685.8
12044	1281.5	1555.2	4868.2
4056	1301.6	1582.7	4830.5
12447	1276.4	1487.0	4608.9
24358	1290.7	1549.7	4815.2
9711	1278.3	1467.3	4645.2
12659	1285.8	1509.6	4731.9
16633	1282.0	1530.1	4741.2
708	1295.7	1566.3	4759.9
2740	1288.9	1563.4	4797.3
6325	1270.0	1460.2	4464.3
17366	1282.9	1476.6	4529.3
21358	1297.6	1538.0	4717.7
20170	1288.6	1548.6	4693.0
9555	1293.1	1509.2	4766.3
4548	1286.4	1554.5	4778.4
5493	1292.0	1524.8	4791.8
17805	1292.0	1547.6	4726.4
22365	1289.7	1524.9	4852.3
7575	1281.3	1563.6	4776.7
8765	1293.2	1482.8	4933.3
18010	1289.5	1538.2	4864.3
7893	1301.8	1561.6	4819.6
17867	1280.5	1558.6	4760.4
17413	1289.7	1516.8	4702.7
21196	1278.9	1530.5	4657.3
9269	1290.6	1530.1	4759.7
18249	1291.9	1546.4	4786.9
21973	1282.8	1535.4	4705.8
8973	1287.0	1499.6	4671.1
381	1281.9	1525.3	4713.2
1593	1278.2	1535.7	4643.4
22239	1288.8	1507.4	4652.7
15683	1286.8	1497.2	4624.3
8928	1280.2	1529.3	4792.3
15680	1280.6	1542.0	4680.9
8207	1296.6	1560.7	4921.0
793	1287.1	1541.6	4776.0
13682	1282.4	1584.4	4714.8
18295	1271.0	1442.1	4419.1
3610	1286.1	1604.8	4813.1
11005	1282.3	1503.6	4658.3
16761	1285.9	1502.6	4848.7
24616	1282.9	1498.6	4693.9
19442	1289.8	1565.0	4797.5
24788	1286.2	1540.2	4703.9
7599	1289.1	1543.1	4832.5
20355	1288.4	1503.5	4582.4
9375	1286.8	1473.9	4661.8
23994	1278.9	1537.9	4660.0
7325	1288.4	1512.0	4793.3
16357	1285.5	1509.0	4692.5
20143	1284.5	1567.6	4773.2
9170	1279.8	1535.8	4665.6
23122	1279.9	1535.5	4756.6
5264	1292.0	1538.1	4748.0
21500	1277.4	1490.8	4541.6
13532	1278.1	1512.7	4827.0
21419	1288.7	1573.0	4812.7
5286	1281.5	1552.0	4702.3
15283	1292.6	1575.0	4815.4
24491	1293.4	1530.0	4753.1
11236	1287.8	1550.6	4697.6
24582	1289.5	1566.4	4771.5
19860	1280.5	1516.0	4598.6
20540	1277.7	1547.5	4688.1
11484	1275.7	1462.2	4493.1
11534	1284.0	1488.0	4638.5
15007	1289.8	1521.5	4733.1
17597	1276.9	1464.3	4517.5
17957	1286.8	1597.7	4764.2
23973	1286.1	1527.7	4678.2
16771	1277.9	1495.8	4809.3
8149	1284.8	1544.9	4740.4
13715	1289.7	1548.1	4852.3
10204	1288.9	1556.7	4826.0
1987	1286.5	1583.3	4798.9
23339	1295.4	1510.4	4705.1
13457	1291.9	1584.8	4902.9
2238	1280.0	1532.2	4743.6
15037	1293.0	1594.8	4891.5
11920	1291.6	1523.5	4688.1
3016	1283.8	1555.1	4690.7
5866	1294.2	1542.6	4803.7
7727	1277.6	1495.6	4611.9
13828	1275.7	1475.8	4563.4
22731	1273.8	1520.6	4702.2
15367	1288.4	1556.2	4730.8
16269	1288.3	1549.6	4727.2
16043	1285.8	1511.3	4739.1
24979	1290.8	1589.1	4790.8
23470	1292.0	1571.5	4922.3
14903	1286.1	1558.7	4829.3
19497	1282.6	1534.3	4675.5
14195	1289.4	1508.6	4829.1
14692	1276.4	1527.5	4679.4
4095	1280.6	1494.0	4612.0
14230	1273.5	1461.1	4600.3
12606	1284.6	1522.8	4854.8
21856	1274.4	1536.3	4684.2
2108	1283.4	1562.3	4734.8
12689	1286.7	1526.6	4789.4
11329	1279.3	1495.7	4660.5
23997	1293.0	1526.0	4761.0
12733	1271.3	1471.0	4493.6
19931	1277.7	1501.2	4592.0
4116	1292.7	1527.6	4839.2
18617	1280.4	1505.9	4752.8
4372	1265.4	1495.0	4508.2
15849	1269.0	1450.8	4468.1
16893	1284.9	1525.0	4689.7
21467	1299.3	1604.9	5078.3
2834	1284.3	1527.6	4667.8
17970	1280.1	1489.8	4645.5
9834	1276.4	1508.4	4569.6
11649	1282.0	1500.7	4793.8
5635	1282.2	1518.8	4649.4
17458	1291.8	1559.9	4863.6
23142	1284.5	1516.4	4748.9
6111	1275.6	1576.7	4663.7
14830	1286.9	1532.3	4904.5
5052	1271.0	1469.3	4411.3
12727	1285.2	1556.0	4647.4
10196	1283.1	1544.0	4676.8
10879	1281.3	1508.5	4665.3
14287	1289.0	1517.7	4741.9
15581	1272.5	1521.5	4610.6
20990	1275.7	1491.4	4672.2
20666	1282.2	1520.7	4758.1
6805	1291.3	1526.7	4685.8
22217	1285.1	1547.2	4792.0
6075	1278.9	1514.8	4680.9
19519	1289.3	1541.2	4810.7
18656	1276.8	1499.4	4590.5
4597	1297.9	1553.8	4896.5
2754	1292.6	1517.0	4756.4
9468	1284.7	1465.8	4664.4
3638	1283.8	1531.8	4856.2
19267	1287.1	1571.4	4869.1
20699	1287.3	1541.0	4731.2
12982	1286.4	1546.1	4792.7
19496	1284.2	1518.5	4597.5
13708	1290.2	1569.7	4804.5
16823	1283.2	1495.8	4627.3
12547	1277.6	1535.2	4685.9
14175	1284.1	1524.7	4706.6
19441	1287.7	1583.8	4846.5
6191	1285.6	1525.6	4704.0
9983	1286.2	1516.9	4760.0
