26683	1455.8	1736.5	10968.2
19590	1445.2	1696.4	10992.7
5626	1422.8	1668.2	10714.5
10626	1446.2	1710.7	11108.6
40049	1419.3	1627.5	10636.1
18860	1401.4	1623.1	10495.4
14613	1423.0	1636.6	10800.3
11204	1436.8	1683.2	10812.1
32289	1419.4	1602.5	10606.5
5404	1413.5	1668.2	10642.9
17899	1432.4	1641.6	10734.5
18471	1412.3	1638.6	10570.3
42613	1427.0	1648.4	10848.9
5117	1437.9	1722.9	10957.9
36527	1449.5	1674.5	10939.3
7578	1447.4	1681.1	11598.1
36070	1415.8	1635.9	10688.4
43223	1423.2	1603.7	10680.7
10302	1425.7	1652.3	10697.4
44573	1421.1	1624.3	10704.3
24247	1425.0	1669.8	10668.4
42605	1434.6	1702.4	11022.3
34215	1443.2	1681.4	11000.1
44295	1424.4	1708.8	10819.7
39298	1438.6	1702.2	11104.4
14549	1420.8	1672.1	10668.0
12401	1437.5	1727.4	11052.2
31911	1441.5	1665.0	10724.2
22056	1410.8	1678.8	10657.7
42173	1435.0	1642.9	10842.1
18066	1444.3	1723.3	11137.8
24373	1437.6	1680.2	11130.7
10841	1429.4	1691.0	10834.7
5191	1433.6	1726.3	10839.2
29326	1435.2	1664.5	11022.8
7510	1448.3	1705.1	10971.0
4331	1430.3	1705.9	10825.6
13934	1439.1	1593.7	10674.2
44431	1424.2	1649.7	10701.8
2601	1432.2	1703.3	10882.3
39632	1453.7	1719.5	11526.5
25690	1428.5	1693.8	10842.8
1520	1426.7	1665.6	10746.4
14956	1428.5	1661.3	10795.4
14436	1418.8	1677.9	10761.1
26058	1434.8	1718.8	11034.3
43982	1423.7	1638.7	10817.3
11128	1457.3	1713.0	11036.5
25612	1424.7	1681.6	10810.8
22618	1446.0	1684.0	10914.8
24918	1438.0	1686.9	10931.5
22721	1428.4	1620.5	10798.0
44619	1443.0	1751.8	11050.9
25749	1427.1	1644.4	10833.7
31106	1413.5	1615.6	10790.2
43118	1413.4	1645.5	10565.3
11301	1446.5	1711.4	11145.3
1273	1434.7	1708.7	10949.9
41770	1400.9	1623.3	10398.0
22162	1430.6	1696.9	10873.9
37609	1440.2	1691.6	11115.1
19121	1428.0	1673.8	10741.5
9963	1415.4	1595.7	10459.5
26769	1450.8	1667.8	10952.2
30687	1418.4	1674.9	10675.9
2059	1428.4	1687.3	10849.9
2172	1439.9	1727.7	10817.2
14958	1415.2	1597.9	10388.2
14061	1422.6	1686.6	10724.6
12307	1415.9	1683.8	10687.9
2031	1435.1	1711.8	10969.3
134	1437.0	1679.7	10760.5
4925	1404.1	1551.2	10395.4
2959	1434.1	1677.7	10735.0
33710	1437.0	1638.0	10822.1
33313	1438.7	1674.7	10687.3
38196	1428.1	1674.5	10829.9
13995	1424.0	1608.5	10700.1
43901	1424.3	1703.6	10822.9
37136	1415.7	1649.3	10470.8
25597	1448.2	1737.2	11177.8
27901	1431.1	1659.9	10968.5
13331	1420.1	1639.1	10733.7
7964	1421.3	1668.5	10605.2
15364	1434.3	1688.2	10813.8
14203	1435.1	1732.0	11035.7
20092	1417.8	1650.5	10665.8
40311	1433.6	1727.3	11014.9
37884	1445.1	1700.3	10864.8
18700	1418.4	1604.2	10563.4
18716	1433.1	1660.5	10692.0
38058	1439.4	1664.2	10696.1
33512	1422.5	1692.9	10783.3
36783	1436.1	1721.8	11166.0
13109	1414.6	1629.3	10544.9
12052	1432.2	1685.2	10829.9
7017	1433.9	1627.6	10668.4
44514	1420.0	1692.5	10939.8
31727	1439.0	1643.6	10949.8
38359	1438.7	1721.7	11043.0
19020	1431.2	1652.2	10799.9
8293	1423.6	1669.5	10684.6
3114	1443.9	1712.8	10908.6
27677	1430.5	1647.6	10773.6
22076	1437.1	1704.1	10862.0
8030	1425.5	1573.8	10681.0
26303	1426.1	1660.4	10714.6
7449	1413.0	1613.8	10512.1
12365	1406.2	1638.2	10536.2
21419	1438.7	1725.0	10914.9
8050	1433.7	1730.8	10998.0
26922	1433.4	1657.5	10791.5
21734	1433.1	1657.9	10723.1
28804	1424.7	1667.4	10811.2
5828	1425.6	1658.4	10818.4
9903	1427.2	1692.7	10767.4
24468	1413.8	1664.3	10828.8
41528	1434.6	1663.7	10690.4
33445	1432.8	1688.3	10848.0
22862	1432.1	1689.8	10787.2
27605	1423.2	1639.5	10664.5
2545	1429.8	1655.2	10701.8
15968	1430.8	1692.3	10842.4
15199	1424.0	1648.3	10638.1
20251	1441.5	1651.9	10676.5
28814	1415.2	1653.0	10656.1
25716	1428.6	1669.0	10932.4
33853	1416.0	1618.1	10732.2
10698	1425.2	1614.7	10657.4
15120	1407.5	1640.4	10695.2
25063	1429.9	1610.0	10571.7
133	1428.2	1678.2	10721.9
5054	1418.6	1668.8	10807.1
19859	1446.9	1724.2	11117.6
9805	1428.4	1620.7	10667.2
14500	1416.2	1651.7	10631.1
26927	1443.1	1657.1	10840.5
31073	1453.8	1686.3	11087.0
28385	1431.3	1652.7	10689.4
29165	1413.4	1650.3	10737.5
36449	1422.8	1685.7	10669.3
17592	1417.8	1652.8	10711.4
4242	1416.5	1661.8	10563.9
1481	1424.6	1711.2	11257.8
2657	1455.2	1693.9	10954.8
5257	1426.4	1600.3	10545.6
27157	1410.1	1608.7	10653.5
21233	1426.8	1657.6	10771.5
30747	1434.0	1659.9	10891.7
25372	1425.5	1644.7	10638.6
39848	1412.3	1660.5	10676.8
24398	1426.1	1699.3	10976.1
27560	1435.6	1677.2	10873.9
39030	1435.0	1694.9	10868.2
11452	1435.7	1706.1	10821.0
20316	1432.4	1706.7	10872.1
25436	1444.7	1726.4	11237.0
28951	1432.6	1673.3	10875.8
11277	1428.5	1694.3	10960.5
20551	1425.1	1648.5	10683.0
5982	1412.5	1666.0	10519.5
43373	1450.3	1721.5	11094.4
21207	1435.9	1695.0	10666.5
42932	1427.9	1671.7	10635.8
17030	1431.8	1661.3	10769.4
31751	1411.2	1598.4	10570.1
602	1431.7	1638.2	10565.3
42202	1443.1	1727.5	11095.6
8373	1424.5	1643.3	10624.7
27825	1427.7	1676.0	10848.0
27012	1435.3	1693.1	10965.0
4661	1422.9	1652.4	10703.7
32394	1421.4	1667.8	10812.7
26851	1432.3	1630.0	10763.9
30738	1426.3	1640.1	10716.2
10945	1420.4	1674.0	10629.9
18437	1450.3	1710.4	11112.5
21671	1432.6	1661.8	10653.9
20686	1420.6	1656.3	10801.2
42996	1417.4	1640.5	10570.9
4618	1414.4	1609.4	10487.9
10425	1434.1	1676.2	10833.5
20901	1414.7	1632.2	10722.5
1997	1433.2	1712.4	11041.7
23173	1430.6	1679.3	10691.2
38972	1419.2	1643.3	10535.5
22715	1425.5	1667.1	10743.8
2963	1435.9	1640.1	10735.8
4611	1438.8	1694.5	10848.7
32530	1440.7	1708.7	10926.2
7000	1432.8	1681.5	10820.9
3760	1429.6	1678.0	10809.5
35678	1441.1	1735.1	11057.9
26635	1412.9	1696.6	10951.4
2715	1428.7	1658.4	10818.8
7468	1409.1	1629.0	10462.1
29116	1424.3	1660.1	10740.9
16613	1441.7	1711.1	10757.8
7354	1423.3	1711.0	10792.3
24151	1440.6	1734.3	10952.3
39548	1434.1	1683.2	11056.7
6458	1432.2	1705.4	10924.2
4689	1446.4	1730.3	10974.0
5400	1433.3	1689.4	10738.7
43568	1434.4	1654.8	10653.3
32455	1425.6	1673.4	10729.0
31893	1412.6	1625.1	10624.9
30419	1425.8	1665.7	10772.6
43172	1432.7	1646.9	10767.5
37535	1414.5	1657.7	10756.9
43300	1439.3	1707.9	11021.4
38758	1430.2	1649.3	10732.5
39695	1415.7	1646.7	10500.4
43022	1440.0	1656.7	11129.1
23528	1419.3	1633.8	10630.1
6488	1427.9	1688.2	10838.5
29895	1426.1	1690.2	10803.0
27138	1438.2	1724.8	11295.6
20603	1426.5	1619.9	10615.8
42125	1425.5	1711.5	10845.4
41661	1441.8	1672.4	11018.8
7867	1436.6	1746.9	11140.2
37521	1419.9	1685.3	10915.5
18767	1428.7	1691.2	10918.7
31444	1438.3	1706.4	10953.9
18487	1416.7	1690.4	10626.7
5739	1423.4	1683.6	10861.3
16599	1415.0	1632.3	10512.0
25682	1433.1	1664.6	10780.1
28126	1417.6	1628.7	10612.8
19285	1418.1	1635.7	10527.0
36869	1421.5	1673.3	10771.7
44069	1419.6	1697.5	10752.2
3429	1424.0	1679.1	10643.4
19344	1445.9	1687.8	11448.3
35242	1440.1	1712.1	11059.4
12210	1434.4	1655.5	10788.5
4293	1447.7	1696.4	11092.3
27476	1439.7	1712.6	11177.8
7408	1423.3	1683.3	10718.4
38155	1431.5	1711.0	11054.0
123	1410.5	1664.0	10463.6
24874	1441.0	1671.5	10918.1
34087	1431.7	1665.2	10750.5
21630	1435.2	1706.4	10908.7
22780	1449.8	1661.5	10954.4
42147	1440.1	1665.5	10953.7
1881	1436.5	1719.5	10844.8
31842	1424.6	1665.9	10708.1
12036	1432.8	1732.0	11067.9
13638	1419.3	1674.9	10779.9
10949	1418.9	1630.0	10664.0
1097	1429.1	1705.3	11099.3
42651	1424.7	1591.4	10569.9
2018	1426.4	1627.0	10894.2
24522	1409.4	1685.9	10517.2
40108	1428.7	1666.3	10975.7
40855	1430.9	1637.1	10785.8
16210	1439.7	1756.2	11034.3
20069	1428.6	1730.4	10788.7
10395	1424.7	1685.1	10941.5
18995	1445.6	1718.4	11242.0
5219	1451.9	1715.1	10938.5
12483	1435.9	1649.6	11092.8
33936	1450.7	1676.1	10831.7
986	1425.2	1683.2	10785.2
41694	1402.2	1613.9	10454.3
33522	1404.6	1638.3	10548.5
14482	1438.3	1734.6	10873.4
39057	1409.2	1680.2	10829.3
19924	1435.9	1688.5	10753.3
28033	1425.7	1639.4	10848.9
1613	1402.8	1574.7	10439.3
7096	1435.0	1666.3	10798.9
42247	1415.6	1659.7	10620.7
5091	1417.4	1619.2	10571.3
39134	1429.6	1690.7	10999.2
8008	1425.0	1658.0	10773.6
6936	1429.6	1647.2	10694.2
44178	1430.1	1652.4	10604.2
42560	1429.5	1642.5	10765.2
42391	1417.9	1606.3	10634.2
16321	1427.3	1679.2	11318.4
16872	1437.9	1753.4	10865.5
30576	1421.4	1644.2	10735.6
17354	1425.9	1662.3	10619.8
25060	1432.4	1682.1	10770.6
26028	1430.0	1689.4	11353.7
8392	1432.4	1643.3	10823.5
1743	1415.1	1705.1	10626.1
16970	1434.1	1647.2	10775.0
4073	1420.1	1665.8	10727.3
30115	1430.3	1669.7	10670.0
31188	1422.5	1643.2	10603.4
36202	1429.6	1656.8	10796.1
35389	1442.0	1674.3	11203.0
23970	1432.5	1690.9	10800.7
37006	1412.6	1630.5	10642.0
11215	1432.2	1657.0	10751.5
291	1431.8	1683.9	10889.1
22071	1428.4	1686.7	10935.7
2956	1440.4	1734.9	10932.0
32693	1414.0	1616.5	10476.5
16539	1433.2	1756.8	11016.0
32097	1421.4	1619.6	10626.1
218	1418.3	1674.4	10758.8
21111	1423.7	1698.4	10803.7
37912	1424.7	1675.3	10783.6
10720	1451.9	1725.5	11203.0
16414	1436.9	1685.7	10683.9
32217	1423.5	1638.5	10608.5
10216	1410.5	1644.5	10548.9
25400	1426.1	1636.8	10723.7
25748	1425.8	1669.5	10703.1
32960	1419.0	1663.4	10611.9
37904	1426.0	1695.9	10916.0
18348	1409.9	1612.1	10462.7
32858	1423.0	1642.5	10657.7
22784	1429.5	1666.5	10869.6
44707	1428.3	1656.7	10874.8
41421	1426.4	1632.1	10748.1
43894	1438.9	1662.6	10986.2
8287	1442.6	1693.4	10916.4
14386	1444.9	1719.3	11157.9
15129	1449.9	1729.6	11176.5
18403	1413.1	1593.0	10418.7
2224	1422.5	1691.7	10958.8
40340	1437.1	1707.7	10936.2
27589	1423.1	1633.5	10568.8
4527	1433.4	1677.6	10944.0
22445	1433.0	1690.6	10737.5
43460	1422.0	1705.5	10919.8
33056	1418.9	1600.8	10464.0
38941	1425.2	1716.3	10813.8
6811	1445.3	1700.8	11000.8
19343	1430.8	1726.3	10749.9
30099	1450.6	1709.7	11019.2
14001	1431.1	1690.4	10856.4
43577	1422.9	1642.2	10623.0
3309	1419.9	1655.0	10920.0
37654	1424.9	1632.8	10588.0
29465	1445.0	1670.7	10804.5
32641	1423.2	1669.2	10687.5
16831	1430.9	1644.0	10820.3
15959	1436.0	1648.8	10841.0
41669	1434.0	1723.4	11133.8
40152	1427.5	1679.2	11010.3
25280	1430.0	1632.4	10774.7
18779	1438.7	1671.0	10769.6
5477	1411.4	1641.3	10617.2
39627	1431.3	1666.7	10847.0
26395	1442.0	1705.6	11071.3
9502	1424.1	1671.7	10679.3
2552	1403.7	1585.6	10407.4
44341	1434.9	1652.5	10864.9
18367	1431.9	1733.4	10772.1
13740	1429.1	1711.3	10909.5
3946	1417.9	1645.5	10692.8
1222	1450.2	1767.3	11182.5
22692	1426.0	1687.1	10743.8
36068	1442.4	1678.0	11074.2
24410	1450.8	1738.6	11160.2
618	1429.1	1675.8	10859.0
6646	1436.7	1684.9	10802.9
39255	1445.7	1657.9	10994.7
30989	1435.8	1663.3	10829.7
17135	1421.6	1663.0	10832.9
28513	1435.5	1717.0	10996.8
901	1432.1	1696.7	10851.0
40496	1436.8	1630.6	10737.6
22877	1424.9	1683.8	10718.6
37013	1426.9	1682.3	10634.5
30652	1414.7	1625.9	10674.9
27817	1440.3	1708.4	11027.0
28833	1431.2	1686.5	10887.8
29885	1436.3	1656.5	10910.5
14612	1419.5	1635.1	10649.7
19546	1421.5	1647.6	10600.1
21388	1440.2	1734.5	11055.4
1534	1419.7	1644.6	10691.8
4565	1428.3	1700.5	10988.8
28527	1423.7	1667.1	10790.2
41568	1427.9	1666.3	10835.8
29961	1427.7	1648.5	10813.7
15398	1444.4	1686.9	10848.7
43021	1434.9	1678.5	10859.2
41322	1428.1	1714.1	10748.3
31205	1424.0	1764.2	11158.6
32059	1421.6	1656.3	10627.0
27727	1420.8	1625.2	10659.3
21605	1436.0	1714.3	10898.5
31290	1433.9	1713.0	11073.6
1943	1431.8	1661.5	10699.6
141	1431.3	1686.5	10693.8
16300	1407.9	1617.5	10429.4
33688	1427.7	1687.7	10988.1
40166	1422.7	1665.3	10659.2
4914	1424.5	1620.8	10601.9
44853	1441.8	1699.1	11122.7
5265	1417.7	1667.4	10930.4
8955	1421.0	1653.1	10608.3
8299	1430.0	1697.5	10782.1
19258	1415.8	1664.1	10798.4
29612	1427.5	1649.1	10850.2
3697	1418.8	1688.4	10710.9
1709	1426.4	1658.0	10571.0
18566	1423.6	1710.6	10877.5
20129	1413.8	1600.4	10647.4
35320	1437.7	1659.4	10634.7
36864	1426.7	1666.4	10812.0
21786	1434.3	1639.5	10802.6
2321	1433.5	1728.9	10986.7
5413	1438.4	1662.4	10862.5
7189	1428.8	1671.8	10717.6
1851	1433.2	1663.9	10929.5
40164	1441.5	1721.0	11302.8
14080	1429.1	1669.7	10790.3
17286	1425.0	1698.7	10770.1
38821	1430.6	1679.2	10829.8
36579	1404.7	1669.8	10765.6
8813	1432.8	1662.5	10867.7
19434	1435.1	1684.9	10976.6
24332	1437.5	1683.7	10928.0
39109	1418.6	1651.3	10873.0
7627	1431.4	1730.3	11014.3
38461	1434.2	1688.6	10993.3
29821	1429.6	1684.6	10696.6
42449	1416.8	1615.6	10604.7
33981	1422.3	1628.0	10544.3
41184	1425.8	1638.1	10819.3
40140	1435.2	1678.1	10719.1
33496	1420.7	1649.2	10762.8
17056	1436.3	1731.4	11078.1
549	1443.2	1698.3	11019.4
40618	1420.6	1625.5	10569.9
14412	1406.5	1697.0	10779.0
16445	1428.4	1679.7	10696.0
15669	1418.7	1604.1	10576.8
43744	1441.7	1665.3	10854.2
36892	1429.6	1651.0	10589.4
27917	1420.2	1663.8	10870.6
26956	1424.3	1668.2	10675.1
13332	1429.0	1640.3	10510.4
4881	1418.4	1673.7	10710.2
42151	1425.7	1608.2	10705.8
20110	1428.1	1707.6	10930.0
36557	1443.5	1671.6	11005.9
6861	1430.0	1639.9	10717.1
32701	1419.8	1628.9	10866.7
40192	1440.2	1683.9	10966.3
15009	1426.7	1692.4	10867.6
24372	1429.0	1714.6	10977.1
16980	1421.4	1745.4	11356.3
32058	1447.9	1677.8	11094.2
20327	1443.6	1717.3	11066.0
3975	1433.3	1706.3	10806.1
39498	1415.1	1582.2	10411.7
7848	1422.5	1651.3	10785.0
12277	1452.2	1671.4	10925.6
22228	1424.0	1653.6	10767.3
14446	1442.1	1700.4	10937.6
5487	1430.0	1676.8	10767.5
10217	1431.6	1662.9	10744.7
15858	1431.7	1708.0	11003.3
39465	1437.2	1657.9	10974.4
39401	1431.7	1678.0	10784.3
16900	1420.7	1709.4	10867.1
26498	1431.8	1746.6	11026.5
21652	1416.2	1650.1	10666.6
10902	1427.0	1659.6	10991.0
44837	1425.0	1657.2	10908.4
5055	1432.9	1647.7	10613.8
13939	1434.8	1704.2	11180.4
40259	1429.0	1733.1	10942.2
36623	1435.2	1699.5	10864.4
42219	1446.8	1704.7	11164.3
219	1452.3	1735.7	10898.1
19397	1437.9	1666.1	10930.5
29469	1424.1	1687.3	10844.6
16049	1432.8	1639.9	10868.9
32023	1411.4	1649.9	10685.1
2834	1428.5	1688.4	10830.4
39189	1425.9	1709.7	10786.9
1508	1439.1	1727.3	11038.0
19509	1433.4	1644.1	10821.6
32249	1418.5	1684.9	10893.2
34628	1436.9	1690.6	10865.8
1196	1425.7	1666.8	10592.7
20930	1433.8	1700.7	10732.4
15265	1441.7	1665.5	10823.5
16341	1427.1	1698.2	10728.8
13383	1410.0	1598.1	10442.7
43996	1421.3	1632.9	10710.7
5567	1435.7	1660.9	10710.9
21210	1426.5	1689.8	10820.6
22567	1410.2	1617.5	10422.7
10477	1430.0	1726.8	10869.9
24046	1436.2	1674.8	10916.3
40909	1438.6	1681.5	10965.6
17391	1426.3	1670.1	10745.0
10818	1425.0	1637.5	10643.3
38351	1439.0	1672.4	10853.3
5845	1436.7	1679.4	10740.6
24149	1423.3	1695.0	10910.4
6832	1430.6	1719.6	10844.4
38955	1444.2	1737.1	11016.1
25163	1428.0	1653.9	10855.8
28687	1435.6	1669.5	10950.7
15716	1421.9	1683.5	10574.9
41676	1437.4	1643.5	10888.6
4229	1411.6	1581.4	10373.9
24517	1407.2	1634.6	10556.1
26003	1427.8	1681.3	10878.8
11124	1426.2	1668.8	10797.9
22565	1421.8	1645.4	10813.0
34907	1439.2	1708.3	11091.7
13459	1420.5	1679.1	10984.9
39668	1418.4	1648.9	10704.3
44125	1402.5	1602.7	10470.0
38861	1439.9	1690.7	10901.6
18189	1428.6	1641.2	10744.6
28571	1416.6	1643.6	10543.7
24996	1440.0	1725.3	11033.9
32828	1423.2	1662.7	10883.2
22838	1404.2	1616.4	10501.4
12064	1410.2	1632.0	10511.0
33998	1450.8	1724.0	11399.7
11497	1422.7	1637.8	10570.8
9443	1423.3	1672.1	10873.9
41929	1431.5	1696.0	10798.9
34943	1436.9	1733.2	10982.1
13002	1441.0	1622.1	10703.4
15541	1430.5	1606.8	10690.2
18938	1414.2	1635.6	10665.0
29191	1439.0	1692.3	10888.8
28042	1430.7	1661.2	10738.5
5483	1436.3	1711.3	10926.0
19310	1427.7	1665.9	10709.8
27926	1444.1	1666.2	10835.7
6023	1423.4	1702.8	10934.3
3803	1438.8	1677.4	10837.8
27966	1430.5	1681.2	10898.1
21553	1445.2	1687.6	10898.2
41921	1421.8	1649.7	10779.6
33474	1446.2	1682.6	10968.2
9679	1410.2	1611.2	10555.6
3391	1426.5	1664.0	10699.6
44647	1431.2	1670.1	10944.7
44970	1433.2	1697.0	10729.1
36725	1429.4	1693.0	10898.8
25968	1432.3	1673.1	10719.8
15673	1438.3	1725.4	11166.0
27374	1427.0	1665.3	10830.7
20535	1414.0	1670.5	10611.9
17945	1431.1	1661.6	10702.7
31571	1415.3	1669.3	10761.5
5474	1431.3	1623.9	10940.3
39251	1423.7	1642.8	10635.4
6631	1419.8	1689.6	10839.5
33463	1417.3	1713.8	10933.0
19507	1439.8	1706.4	10921.3
3349	1446.6	1737.5	11032.0
23224	1413.7	1696.3	10547.9
8354	1419.3	1648.1	10589.6
3911	1421.0	1646.3	10610.0
40456	1439.7	1714.1	11001.3
404	1411.0	1669.9	10592.1
43370	1418.2	1668.9	10713.1
5296	1423.9	1642.4	10726.8
27821	1425.3	1621.9	10615.1
7237	1444.1	1697.0	10800.7
7937	1422.4	1680.2	10733.6
34312	1425.3	1620.5	10574.5
30460	1417.3	1639.3	10802.4
35926	1427.3	1660.6	10908.9
35640	1429.0	1661.4	10779.9
39796	1425.2	1662.8	10702.1
7922	1428.4	1699.1	11020.0
23211	1431.6	1728.7	10901.3
13692	1412.7	1578.0	10376.5
43609	1441.5	1720.6	10866.8
25856	1415.8	1627.5	10693.3
10183	1427.2	1701.4	10838.9
40658	1416.0	1617.6	10532.8
16928	1421.8	1647.7	10626.3
27721	1428.6	1663.8	10696.9
627	1453.5	1730.8	10866.9
35196	1430.7	1664.7	10929.9
31887	1408.8	1605.8	10448.5
20367	1430.3	1676.1	10909.4
33306	1445.6	1678.7	10947.4
3121	1435.3	1701.9	10854.2
16315	1422.0	1682.4	10830.6
25074	1431.6	1666.6	10801.7
29652	1428.6	1659.5	10939.2
40488	1415.9	1665.1	10767.3
24554	1426.7	1674.6	10763.7
25993	1417.6	1658.6	10661.9
32513	1414.9	1643.8	10470.3
37109	1421.9	1650.7	10660.9
2729	1437.5	1642.6	10802.8
31926	1427.7	1649.4	10698.4
43342	1437.5	1682.7	10863.1
13661	1431.5	1692.1	10798.2
29581	1422.5	1669.8	10806.3
21500	1443.6	1678.8	10883.1
20674	1431.0	1666.4	10870.8
27591	1423.6	1635.9	10562.4
31652	1435.4	1658.8	10679.7
4374	1422.3	1695.9	10737.2
35200	1403.4	1684.0	11177.1
31587	1448.1	1668.7	11183.9
17971	1447.9	1696.3	10983.7
32887	1433.9	1706.4	10929.4
35245	1431.0	1678.6	11041.7
31994	1430.3	1694.7	10872.8
28369	1415.5	1594.2	10804.5
5714	1423.1	1680.6	10891.4
9122	1423.6	1641.7	10649.4
25197	1429.8	1603.5	10689.3
35406	1428.2	1691.8	10866.2
693	1434.0	1710.3	10754.5
42045	1432.4	1708.0	10829.6
12116	1415.7	1665.7	10715.4
23798	1445.7	1695.9	11100.5
27716	1426.5	1693.7	11324.5
39802	1449.4	1736.3	11057.0
33525	1446.2	1755.4	11266.2
5955	1423.2	1668.1	10668.4
22630	1428.6	1711.4	11051.2
25045	1425.0	1675.9	10724.9
910	1425.9	1691.3	11359.5
3077	1426.2	1646.9	10734.0
1335	1440.1	1738.4	11206.6
24156	1428.2	1660.3	10772.8
9807	1425.3	1699.4	10821.7
44928	1426.4	1711.0	10756.1
29985	1445.0	1708.8	10942.4
39960	1431.9	1669.7	10778.6
39972	1441.5	1645.7	10875.6
34450	1438.1	1678.1	11100.2
16561	1437.6	1628.9	10772.4
28883	1431.3	1676.7	10896.7
32731	1438.1	1657.4	10781.3
22166	1421.8	1618.3	10557.6
6595	1432.3	1705.2	10791.6
37186	1418.9	1715.3	10972.3
28646	1436.1	1646.3	10962.0
4545	1432.9	1696.9	10841.8
28876	1422.6	1652.1	11025.3
32962	1436.3	1708.3	10968.2
18722	1427.4	1667.1	10751.9
20329	1438.5	1730.9	11005.6
34284	1426.3	1664.7	10869.6
31209	1446.7	1679.5	10917.7
36588	1421.1	1665.5	10779.6
19919	1428.6	1669.5	10700.8
17677	1418.4	1675.7	10814.5
43375	1425.5	1617.6	10839.3
17885	1420.8	1623.4	10664.9
9682	1432.2	1695.9	10819.3
17738	1431.5	1684.4	10884.2
13678	1429.4	1686.0	10742.1
3404	1404.0	1638.5	10428.8
22963	1428.9	1713.7	10885.0
36385	1436.4	1663.8	10762.7
41614	1425.1	1650.9	10698.9
29132	1452.7	1696.8	11327.1
14476	1434.2	1650.6	10701.8
22426	1433.6	1722.7	11105.6
5940	1412.6	1645.3	10713.9
17231	1436.4	1677.7	11035.3
39657	1445.7	1703.1	11122.5
41346	1422.2	1651.3	10728.5
2335	1425.6	1667.6	10759.9
8044	1439.3	1722.1	11099.8
14943	1415.9	1617.8	10527.4
6753	1438.1	1733.1	10909.6
7915	1441.9	1654.8	10787.0
20416	1413.6	1662.5	10647.2
255	1427.5	1660.6	10734.7
4891	1418.3	1638.5	10643.8
43527	1434.4	1707.4	10911.5
7778	1433.7	1687.7	10961.9
37273	1442.4	1718.9	11067.8
35742	1411.2	1644.7	10600.5
20495	1439.4	1698.5	10910.1
2367	1434.2	1625.4	10640.7
16774	1421.4	1704.8	10919.1
42505	1432.9	1647.5	10725.4
11273	1416.7	1654.6	10808.7
43066	1439.5	1680.8	10977.2
7894	1428.9	1687.5	10883.9
35662	1414.9	1691.9	10959.3
31431	1421.3	1684.9	10701.5
15893	1426.4	1642.0	10688.1
31706	1427.6	1638.0	10724.2
39243	1433.0	1746.0	11299.0
32679	1446.3	1684.6	10932.5
40172	1426.1	1680.9	10740.5
9827	1419.1	1639.7	10663.8
40549	1429.6	1681.0	10812.9
18239	1419.8	1642.2	10739.6
26355	1431.7	1694.2	10941.1
2458	1419.5	1671.8	10665.2
19141	1409.4	1653.1	10547.7
5182	1445.7	1711.6	11038.0
16941	1433.3	1678.3	10824.4
42805	1426.4	1646.2	10633.6
32957	1445.5	1699.6	11177.3
43495	1419.5	1703.0	11270.2
6652	1444.5	1694.7	11024.5
17542	1436.2	1674.3	10784.7
18101	1442.0	1637.2	10769.8
16136	1434.1	1672.6	10880.5
7386	1440.8	1732.0	10910.4
22298	1433.7	1623.0	10604.8
29253	1447.0	1691.8	11113.1
30093	1437.5	1652.0	10746.1
195	1428.6	1652.2	10656.9
1109	1437.5	1708.2	11033.4
6523	1443.4	1710.7	10982.3
15572	1405.3	1601.4	10487.7
37231	1423.0	1634.7	10697.1
32997	1424.9	1691.9	10860.1
21359	1419.3	1683.6	10770.4
6505	1428.4	1697.2	10812.8
692	1442.9	1706.8	11013.3
16047	1430.2	1662.0	10929.0
38849	1417.3	1618.5	10401.8
13462	1413.9	1679.8	10535.4
25688	1444.3	1702.8	10829.8
25459	1437.5	1685.0	10936.3
12997	1410.8	1665.4	10614.9
31578	1447.7	1720.6	11161.5
10802	1440.9	1712.6	11266.9
6124	1431.6	1675.2	11002.0
44244	1435.4	1641.3	10727.6
12176	1425.7	1639.3	10640.2
42637	1434.2	1747.8	11038.6
3928	1442.6	1699.8	11068.9
33898	1434.9	1662.4	10792.8
16880	1429.0	1675.2	10798.0
31884	1432.4	1672.0	10818.3
36846	1409.5	1643.0	10639.9
37255	1418.4	1642.9	10744.8
33962	1423.2	1647.8	10828.0
24466	1444.0	1724.7	10960.0
25399	1432.2	1667.6	10687.4
44583	1425.5	1669.6	10782.3
25208	1418.7	1638.0	10726.5
34159	1460.3	1694.1	11009.7
6932	1418.6	1701.0	10802.5
18638	1427.2	1664.3	10786.9
19190	1418.9	1669.1	10649.9
13681	1419.7	1670.3	10979.9
12055	1428.5	1657.7	10685.3
1112	1423.7	1657.3	10844.9
25972	1427.4	1648.7	10868.1
4804	1424.3	1643.7	10697.6
25186	1437.3	1695.4	10944.5
19740	1421.7	1690.3	10859.8
11626	1422.2	1595.8	10601.9
41268	1414.7	1643.4	10509.0
28981	1439.9	1689.1	11091.3
42895	1421.9	1626.5	10988.0
34959	1440.6	1721.3	10890.8
41012	1434.4	1639.5	10706.6
19070	1439.0	1653.3	10839.4
24138	1425.4	1699.6	11022.5
25200	1417.0	1678.8	10802.5
34161	1429.3	1684.5	10827.8
33746	1415.6	1635.4	10511.1
30883	1440.5	1632.7	10949.4
6098	1411.1	1632.3	10619.5
27231	1439.5	1759.8	11073.6
6502	1447.9	1739.4	11326.9
36389	1424.4	1669.1	10657.1
40202	1421.5	1608.2	10546.6
29388	1436.4	1669.4	10839.4
25933	1416.2	1645.2	10734.4
27772	1452.4	1664.2	10773.5
13557	1415.9	1656.4	10649.7
38333	1420.2	1650.9	10728.4
38044	1404.1	1617.7	10547.2
32837	1422.7	1650.0	10750.9
3020	1454.2	1769.5	11395.5
14159	1430.6	1720.0	10879.2
8374	1430.2	1685.2	10782.8
44365	1429.4	1671.7	11005.4
40367	1427.6	1625.1	10644.7
3484	1421.2	1669.4	10712.0
5848	1439.1	1653.4	10902.1
924	1422.4	1688.6	10658.1
36684	1425.0	1727.1	10872.4
3166	1423.7	1702.0	10831.1
5420	1430.5	1645.9	10638.6
19244	1434.4	1713.0	10939.9
973	1422.8	1617.1	10585.7
44312	1418.3	1674.3	10686.9
39244	1449.5	1758.8	11361.7
43469	1430.1	1663.7	10732.7
15803	1434.4	1694.5	10829.8
21558	1444.9	1704.5	11174.4
42627	1419.8	1627.1	10632.0
14384	1422.2	1630.2	10586.8
17184	1429.8	1663.7	10860.5
12946	1414.6	1642.8	10614.1
41591	1432.5	1677.8	10906.5
31039	1441.9	1685.8	10909.1
36492	1422.6	1661.0	10850.1
568	1432.5	1663.2	10723.0
12621	1431.9	1685.6	10823.3
183	1435.7	1703.6	10944.7
35039	1420.0	1652.9	10631.7
29910	1412.2	1621.0	10577.1
34004	1431.3	1690.5	11046.0
14992	1449.5	1641.8	10861.6
36624	1430.6	1664.6	10766.1
4533	1409.9	1655.3	10660.0
14720	1418.6	1655.7	10628.2
27785	1438.1	1722.2	10977.9
27256	1430.5	1685.0	10958.0
14187	1454.5	1698.8	11070.6
14845	1416.2	1661.7	10760.5
1194	1434.1	1736.9	11020.2
25712	1424.2	1676.1	10742.9
20188	1426.5	1636.0	10634.0
11873	1461.1	1731.4	11214.7
14422	1437.2	1683.9	11106.5
42243	1420.6	1641.3	10574.2
15728	1446.0	1774.3	11107.1
37448	1412.2	1645.3	10697.1
32333	1418.6	1632.4	10708.2
1542	1442.5	1673.5	11041.0
34540	1430.1	1666.0	10825.4
2831	1424.1	1660.9	10714.7
36562	1437.6	1722.5	10914.3
24967	1437.5	1720.2	10764.4
39561	1445.6	1717.1	10973.6
40294	1443.5	1733.7	11155.3
25034	1441.2	1674.2	11040.8
35719	1434.2	1685.5	10857.8
20735	1424.1	1667.4	10716.3
29159	1409.3	1637.9	10677.9
1132	1427.4	1704.8	10808.4
30685	1419.9	1638.1	10887.4
36654	1422.0	1654.5	10714.1
40490	1436.9	1711.2	11021.0
7529	1413.9	1665.5	10544.0
6131	1427.4	1672.5	10772.0
5020	1429.9	1672.0	10932.8
42585	1427.4	1694.4	10799.0
12217	1454.4	1730.8	11097.3
33996	1425.0	1616.2	10570.2
16509	1428.6	1641.0	10740.9
27180	1446.8	1712.9	11001.7
5546	1423.8	1649.9	10668.4
42039	1425.4	1649.8	10560.3
1758	1440.5	1694.2	10868.8
9277	1426.7	1681.9	10687.5
20484	1440.5	1682.5	10882.0
2055	1420.6	1612.9	10629.9
7465	1435.7	1666.7	10696.0
14528	1450.3	1682.0	10998.1
2205	1407.9	1617.5	10481.8
40817	1416.0	1612.5	10410.6
19611	1443.2	1745.4	11204.6
40421	1417.4	1661.4	10630.2
16234	1433.6	1714.7	10983.7
35758	1441.5	1705.0	10890.7
29846	1408.4	1636.0	10690.1
18872	1417.9	1652.4	10728.2
19964	1422.0	1673.5	10892.8
27367	1427.8	1660.3	10960.0
41593	1424.0	1619.3	10667.6
26374	1435.2	1654.4	10905.5
23960	1426.1	1714.6	10942.9
39733	1421.0	1663.6	10765.6
14590	1432.6	1674.3	10807.3
2041	1459.1	1757.3	11145.9
41498	1431.8	1619.4	10626.3
21580	1409.9	1629.4	10513.6
2118	1442.1	1680.6	10986.6
24658	1457.9	1765.1	11152.9
42218	1430.4	1701.9	10867.2
39100	1425.8	1614.1	10562.5
15901	1420.9	1628.7	10652.8
42615	1417.0	1645.9	10768.8
17536	1412.4	1649.3	10685.2
8236	1442.3	1719.4	10972.6
39286	1427.4	1698.6	10688.8
19516	1435.7	1621.2	10771.6
3468	1447.6	1788.1	11258.4
42969	1434.1	1651.2	10602.2
22239	1436.8	1681.9	10999.1
13629	1416.0	1613.6	10448.8
42914	1418.6	1694.5	10756.1
33188	1420.2	1705.8	10962.7
6957	1408.7	1642.0	10806.3
18626	1422.0	1691.3	10848.1
14248	1452.2	1753.8	11186.7
29180	1448.3	1727.6	10996.4
38604	1426.9	1639.1	10674.3
41904	1447.0	1736.2	11200.4
9756	1446.6	1707.2	10940.2
732	1438.3	1692.7	10909.2
9659	1420.5	1683.4	10647.8
41048	1420.3	1653.1	10915.0
32748	1422.2	1685.2	10727.7
38094	1431.8	1695.6	10944.7
41644	1432.4	1655.5	10788.1
14342	1418.1	1650.9	10541.5
23821	1427.6	1708.4	10990.4
8625	1438.0	1688.8	10851.6
26485	1433.1	1682.4	10809.6
8409	1453.0	1737.0	11233.6
22620	1427.5	1623.7	10617.4
23542	1430.7	1673.9	10916.4
5009	1428.4	1662.8	10618.2
28059	1432.1	1720.9	10998.6
28828	1433.1	1709.3	10948.5
32052	1425.4	1627.0	10676.7
31227	1439.6	1695.0	10806.0
31458	1432.9	1705.0	10768.9
34826	1428.8	1681.2	10803.9
14926	1427.6	1652.0	10911.3
2095	1418.0	1669.9	10612.1
40028	1434.9	1704.8	10932.9
14255	1412.7	1636.7	10710.5
41900	1438.9	1680.0	10941.4
37522	1427.1	1671.1	10728.7
13100	1424.7	1617.0	10579.3
25727	1440.8	1666.2	10885.7
19758	1439.9	1667.0	10658.9
10922	1435.6	1665.6	10783.3
6856	1443.0	1736.5	11013.4
43102	1422.4	1645.2	10659.9
4709	1437.0	1721.7	10819.0
4107	1447.3	1747.5	11018.1
11725	1428.7	1660.1	10713.5
20426	1447.8	1673.6	10972.9
17488	1411.1	1596.9	10489.8
29875	1443.6	1677.4	10999.7
40374	1411.5	1610.1	10574.7
25755	1433.2	1729.2	11130.0
40274	1436.2	1700.5	11167.8
7156	1432.5	1670.1	10790.7
28467	1425.5	1663.5	10640.0
38973	1411.6	1613.6	10500.4
42638	1440.0	1666.7	11009.1
41992	1421.8	1608.1	10398.3
36663	1413.6	1663.3	10604.0
5589	1436.8	1714.4	10983.1
29564	1423.3	1659.2	10521.8
29483	1434.5	1707.3	11032.0
62	1447.5	1712.7	10934.7
26228	1430.4	1645.9	10701.2
29321	1417.9	1726.6	10780.3
4967	1435.6	1714.0	10935.8
4505	1451.0	1703.3	11032.7
29738	1428.6	1664.6	10801.3
886	1435.4	1693.4	10849.0
28427	1420.6	1640.7	10797.3
25137	1421.0	1621.1	10467.9
4008	1425.2	1703.5	10775.6
32709	1432.2	1705.7	11094.5
41918	1425.6	1635.3	10744.2
29623	1441.5	1645.3	10884.7
22381	1415.8	1624.4	10635.3
11021	1411.5	1603.9	10450.9
26892	1430.9	1653.9	10813.2
24642	1411.7	1625.3	10644.1
29395	1435.2	1697.2	10979.5
18468	1415.0	1590.4	10561.9
2460	1428.9	1685.6	10769.5
19023	1438.8	1677.5	11122.0
26013	1441.7	1699.3	10991.7
23541	1404.1	1592.6	10504.1
34136	1420.4	1630.3	10728.9
26830	1438.3	1687.3	10957.0
21428	1450.4	1733.0	11396.8
15890	1430.0	1646.8	10654.0
8548	1416.4	1696.6	10967.5
17693	1416.0	1632.9	10810.4
25449	1424.1	1668.1	10551.8
24049	1439.5	1678.3	11011.3
25836	1417.0	1644.0	10758.2
12671	1429.8	1654.5	10736.7
12276	1416.7	1621.7	10739.2
36601	1417.7	1697.2	11131.7
41838	1427.6	1645.7	10584.2
10328	1420.7	1690.5	11196.0
16008	1415.2	1641.7	10619.6
20570	1435.8	1719.7	10975.6
18315	1416.3	1636.8	10565.9
13303	1429.1	1678.9	10829.2
41107	1436.6	1661.3	10949.9
17526	1437.2	1673.6	10738.0
38851	1438.9	1714.4	11100.6
