18992	1437.6	1657.1	10821.4
12185	1430.9	1670.1	10674.2
10388	1413.8	1626.8	10725.7
38102	1433.0	1739.4	11116.6
40782	1430.5	1663.8	10876.3
28152	1432.1	1676.7	10908.0
23467	1429.5	1708.8	11010.7
28300	1433.8	1688.7	10898.2
18474	1429.3	1643.2	10673.6
37499	1437.8	1714.3	10794.7
932	1415.6	1646.9	10688.0
12332	1420.7	1716.5	10988.5
37648	1438.2	1685.9	11100.1
18672	1414.4	1620.3	10839.8
39002	1433.5	1706.0	10959.6
11221	1414.9	1628.7	10581.9
27092	1431.2	1649.4	10794.1
43533	1428.4	1671.4	10696.6
40545	1415.1	1601.5	10589.8
34037	1435.6	1712.0	11023.4
42621	1437.1	1624.3	10678.6
24737	1432.7	1652.1	10847.8
9357	1435.8	1644.9	10910.2
44203	1428.6	1681.2	10993.8
28027	1424.7	1670.4	10724.1
37668	1451.2	1670.2	11067.5
27271	1413.3	1610.1	10544.9
38620	1443.5	1734.6	11258.6
18304	1411.8	1611.9	10451.7
36491	1422.6	1687.8	10770.7
9797	1425.1	1666.9	10757.2
3132	1417.2	1690.7	10695.7
43334	1433.7	1684.6	10870.4
22128	1421.7	1668.2	10680.1
8670	1417.8	1635.3	10907.1
37195	1412.3	1649.8	10537.5
27215	1444.1	1681.7	10995.2
5630	1444.8	1687.0	11037.9
23044	1440.4	1691.5	11130.3
19126	1414.4	1627.4	10752.6
24049	1416.2	1686.0	10705.1
16944	1428.7	1632.4	10796.8
42495	1442.7	1667.3	10757.8
495	1431.8	1748.7	10974.4
34267	1441.5	1645.1	10921.7
30344	1417.6	1659.0	10650.3
17199	1420.0	1656.0	10624.9
9230	1426.3	1685.2	11008.7
14546	1420.8	1683.8	10768.2
31586	1426.4	1675.9	10703.4
4886	1421.5	1669.5	10801.7
29375	1421.2	1646.5	10759.1
32674	1411.6	1631.2	10568.9
23741	1436.7	1680.4	10830.4
7867	1422.6	1691.6	10851.1
40498	1433.1	1625.6	10737.5
11610	1434.4	1668.3	10763.7
30763	1430.1	1700.6	10935.5
41387	1446.4	1723.4	10992.1
15780	1431.6	1711.6	10956.8
41150	1446.4	1652.8	10942.9
1944	1426.0	1685.9	10774.7
40463	1431.1	1664.2	10984.7
32985	1434.4	1695.4	10913.8
25538	1457.6	1697.2	10986.4
39286	1431.1	1643.5	11047.3
23837	1434.4	1653.2	10676.5
14852	1420.9	1669.1	10706.8
34277	1416.4	1681.4	10966.3
32022	1438.1	1688.7	10954.8
39859	1424.2	1690.5	10896.6
8844	1419.8	1702.3	10979.9
33224	1435.3	1646.8	10888.4
30429	1439.0	1709.5	11105.2
23441	1418.3	1633.8	10501.8
41665	1441.4	1756.9	11237.0
40538	1423.2	1632.1	10578.9
19989	1426.5	1720.3	11129.9
16969	1436.7	1659.2	10875.8
22847	1438.7	1700.9	11040.6
9830	1446.4	1754.5	11014.6
14407	1429.1	1649.0	10755.7
43442	1426.3	1671.7	10806.8
28987	1413.9	1610.1	10891.8
6319	1423.5	1620.6	10663.4
4972	1415.9	1686.5	10764.7
28293	1437.8	1697.0	11563.1
24710	1443.7	1692.8	10801.5
9688	1439.0	1669.4	11108.4
32100	1427.0	1661.1	10737.2
19890	1415.0	1668.2	10723.9
20946	1417.6	1641.0	10690.8
8265	1428.8	1680.6	11098.8
24589	1421.5	1657.8	10645.1
3980	1424.3	1659.8	10662.4
21714	1408.6	1674.2	10833.2
8040	1392.2	1633.2	10225.2
20108	1434.0	1642.6	10679.2
31434	1428.5	1606.6	10742.9
31789	1410.6	1627.4	10866.1
39047	1442.7	1759.6	11218.3
34394	1431.8	1705.5	10942.4
2289	1434.2	1675.1	10865.6
33066	1419.4	1669.8	10576.7
25277	1421.0	1657.4	10950.7
38379	1437.8	1712.1	11054.2
39543	1434.3	1661.9	10729.2
24365	1443.1	1664.7	10809.5
43065	1441.0	1645.5	10710.5
37121	1414.6	1613.0	10481.8
20793	1429.7	1704.9	10924.6
10077	1420.1	1689.4	10727.8
22430	1408.3	1628.2	10499.1
13682	1420.0	1665.6	10762.1
19801	1454.5	1687.4	11022.6
812	1420.8	1595.3	10633.0
33941	1423.7	1665.9	10948.2
42674	1428.4	1677.8	10810.8
32254	1437.8	1689.9	10956.5
12957	1418.9	1653.9	10695.3
13658	1445.7	1687.8	10794.7
29501	1417.8	1674.6	10626.2
28561	1443.8	1688.1	11008.1
14787	1421.4	1691.5	11004.7
1658	1438.5	1715.6	11098.9
21721	1423.4	1646.5	10690.7
18692	1452.9	1716.8	11136.1
16192	1435.9	1708.8	11162.9
26358	1434.7	1661.4	10798.2
41719	1415.3	1688.5	10776.6
28676	1422.3	1633.4	10606.2
10505	1429.1	1646.8	10712.9
37128	1410.3	1597.3	10448.8
12806	1428.2	1676.8	10668.4
35411	1445.4	1681.1	10793.7
18024	1437.1	1699.8	10927.9
37180	1438.8	1702.2	10935.0
28712	1451.6	1695.1	11065.8
4141	1455.7	1735.6	11212.0
39379	1425.1	1626.9	10699.2
8395	1436.1	1643.5	10735.3
26758	1424.4	1653.6	10615.5
24106	1407.6	1647.2	10641.7
1021	1426.9	1641.9	10621.9
26079	1448.6	1662.1	10999.5
3452	1425.0	1680.6	10623.0
42902	1444.8	1699.5	11080.0
1906	1439.3	1695.8	10871.1
41987	1427.2	1655.6	10663.6
3960	1436.5	1679.1	10883.5
43891	1439.1	1658.1	10869.0
33881	1445.5	1678.9	10942.9
24133	1414.9	1630.7	10572.8
31370	1449.5	1700.9	11188.9
29173	1422.7	1649.4	10730.2
9261	1425.3	1682.1	10879.1
6021	1433.4	1705.1	11100.1
38650	1430.4	1693.4	10794.9
42266	1429.6	1711.8	10800.7
19792	1405.2	1620.8	10468.2
32677	1423.4	1658.4	10760.7
33981	1433.7	1711.2	11032.2
11895	1410.2	1670.4	10745.0
17758	1446.7	1676.8	10809.5
42035	1437.1	1722.4	11224.2
4267	1420.7	1691.6	10927.3
19771	1438.2	1643.0	10895.6
40637	1424.6	1667.5	10782.2
36471	1434.4	1708.4	10824.1
24060	1422.1	1688.9	10735.1
23046	1443.4	1712.0	10941.7
12349	1429.4	1660.7	10846.3
9610	1428.8	1678.6	11039.9
23763	1428.3	1685.1	10865.1
1988	1419.8	1685.6	10698.4
21912	1429.6	1724.5	10809.8
3752	1437.7	1682.6	10889.2
30750	1432.4	1677.1	11003.3
25127	1430.6	1676.3	10928.9
2052	1432.6	1704.2	11155.7
29640	1451.6	1677.3	11054.2
29402	1433.9	1718.8	10970.2
10903	1435.4	1720.8	11217.1
13513	1429.6	1689.0	10832.1
29357	1432.7	1665.5	10893.7
5634	1424.4	1668.2	10842.3
41750	1422.1	1662.9	10705.7
4764	1431.8	1739.0	11097.0
979	1420.5	1678.4	10913.7
8215	1394.9	1586.4	10595.5
22874	1420.4	1700.9	10687.6
42470	1434.6	1677.8	10789.3
8682	1428.0	1694.7	10901.7
8813	1420.6	1627.4	10633.2
8622	1431.4	1720.1	11018.3
221	1449.7	1691.7	10880.1
15479	1423.4	1598.6	10669.2
41090	1450.5	1755.0	11376.2
9750	1427.0	1708.0	10820.2
4339	1421.6	1644.4	10632.9
11068	1435.4	1663.1	10938.5
35774	1433.0	1637.7	10874.5
41755	1399.7	1601.0	10667.6
15490	1426.8	1736.1	11080.1
33672	1429.7	1705.8	10794.3
7322	1432.4	1673.0	10714.2
39909	1436.9	1767.4	11173.0
33448	1434.5	1678.0	11032.3
5423	1438.7	1695.9	10922.5
22602	1421.7	1663.7	10607.4
28471	1437.0	1696.4	11005.0
31702	1439.3	1648.1	10773.8
10064	1427.9	1617.4	10616.8
524	1433.2	1670.4	10822.3
13162	1434.5	1702.5	10939.5
18046	1431.0	1679.4	10820.5
35785	1432.6	1700.7	10792.4
15676	1441.0	1673.6	10905.1
25495	1429.9	1647.3	10753.4
9548	1417.2	1601.1	10602.4
11583	1447.5	1702.9	11114.0
33469	1434.3	1668.6	11011.5
37958	1425.6	1688.7	10922.8
34992	1424.3	1674.2	10843.4
22903	1438.6	1690.2	10850.9
13232	1432.7	1627.9	10672.1
11615	1421.8	1726.4	10939.4
21549	1444.7	1716.4	10999.1
14537	1413.8	1669.6	10656.8
36331	1410.0	1625.9	10671.5
7641	1436.2	1671.3	10952.5
3503	1403.7	1659.9	10750.1
20591	1426.7	1695.3	11163.4
5449	1424.6	1666.2	10739.8
37213	1460.4	1694.1	10995.1
26145	1450.8	1723.6	11470.7
1345	1448.4	1755.5	11169.8
33191	1422.1	1679.3	10881.3
43944	1442.3	1642.3	10788.9
37898	1428.4	1632.8	10699.0
23543	1438.2	1651.1	10772.6
28223	1412.5	1660.4	10848.0
44056	1448.2	1738.3	11376.3
33209	1426.6	1656.8	10805.6
16283	1433.6	1687.3	10969.3
39435	1426.5	1597.7	10655.4
17540	1413.2	1656.8	10785.4
38380	1434.6	1708.5	10806.8
24151	1414.1	1733.0	10929.6
43179	1447.4	1691.9	10902.1
883	1430.3	1665.8	10722.7
42103	1411.7	1627.1	10562.3
2365	1434.2	1712.2	11149.7
21133	1427.1	1689.0	10965.3
37522	1437.1	1635.4	10733.7
27399	1433.0	1663.2	10811.9
40140	1435.6	1640.0	10741.1
20562	1408.1	1622.3	10590.8
12396	1435.7	1665.4	10719.5
35719	1429.8	1648.8	10514.6
35151	1433.3	1619.7	10728.7
12246	1438.0	1644.6	10808.6
38814	1423.0	1686.3	10832.9
29598	1426.8	1680.4	10782.7
29001	1433.4	1645.8	10783.6
22998	1433.0	1680.2	10822.9
13541	1416.3	1637.3	10560.1
4296	1417.6	1643.3	10723.6
7577	1423.3	1669.7	10779.5
27382	1436.8	1691.2	10902.9
4214	1420.8	1677.3	10797.7
36478	1433.2	1656.3	10860.8
2752	1440.3	1680.2	10823.6
40334	1435.0	1642.9	10813.4
31287	1432.7	1658.2	10882.3
33077	1423.3	1619.5	10709.8
34163	1425.3	1667.6	10794.1
26276	1428.8	1623.0	10698.7
32348	1434.0	1684.7	10824.5
14913	1426.0	1689.2	11033.5
24130	1418.6	1681.8	10752.0
22834	1427.1	1683.8	10937.9
7195	1450.8	1699.6	11118.4
31230	1417.5	1652.2	10628.1
28046	1419.6	1673.2	10823.5
28886	1429.4	1679.4	10785.6
19698	1437.5	1688.2	10921.4
8889	1425.4	1647.1	10613.6
43265	1435.0	1711.2	10979.3
27788	1418.2	1606.0	10591.8
2230	1428.8	1652.2	10664.6
4041	1424.3	1637.5	10816.5
19166	1422.4	1637.0	10550.7
10456	1423.9	1658.4	10798.5
8916	1424.1	1622.3	10715.9
38108	1432.0	1681.1	10895.1
20720	1447.2	1722.2	11126.3
31707	1432.8	1693.9	10821.8
1644	1429.7	1680.9	10770.8
39308	1423.4	1663.4	10762.1
4448	1409.7	1625.2	10556.5
1771	1426.2	1679.3	10669.6
28788	1420.9	1588.4	10765.3
39500	1423.4	1612.8	10451.9
13063	1419.0	1687.7	10856.8
28978	1429.2	1640.4	10765.4
37891	1425.6	1568.6	10540.2
12532	1418.6	1625.7	10575.3
6014	1435.1	1666.0	10972.1
23000	1428.4	1625.1	10621.4
25096	1420.5	1665.7	10835.1
35158	1408.6	1692.6	10857.5
32076	1429.9	1634.4	10681.0
29871	1417.5	1653.1	10718.2
34779	1418.0	1643.0	10608.9
8049	1417.5	1653.3	10775.4
33644	1405.6	1635.7	10643.7
17823	1440.9	1704.8	11233.2
32111	1428.5	1659.4	10852.5
26542	1436.8	1678.7	11069.0
42649	1415.9	1698.0	10862.6
6455	1408.0	1623.1	10643.1
34814	1446.5	1687.7	10908.6
12377	1435.7	1678.4	10752.7
29621	1420.0	1598.0	10630.0
34761	1415.5	1674.6	10731.2
40933	1441.9	1707.6	10968.6
27467	1418.6	1610.5	10669.0
14212	1442.8	1727.8	10945.0
1612	1413.0	1703.0	10752.5
8248	1443.2	1685.5	10896.8
21960	1420.8	1637.0	10473.8
9762	1433.3	1666.0	10868.6
44206	1405.5	1611.0	10634.7
3462	1418.4	1678.0	10625.7
194	1420.4	1639.0	10517.9
7005	1419.3	1645.2	10591.3
9075	1452.3	1722.3	11005.3
15459	1437.6	1670.3	10707.5
17718	1437.5	1689.2	11023.3
11742	1435.3	1719.8	11064.6
25940	1423.8	1689.1	10965.5
11479	1435.9	1632.2	10764.5
284	1435.2	1692.7	10741.0
44892	1420.1	1670.2	10739.5
43515	1429.1	1700.1	10792.5
38157	1437.4	1734.5	11004.9
41554	1445.8	1721.1	10842.3
34708	1441.7	1721.2	11223.9
41787	1432.1	1675.6	11050.0
38779	1432.2	1690.7	11066.5
26232	1427.6	1688.3	10785.8
41600	1411.0	1628.5	10600.6
34810	1432.8	1686.5	10842.5
27528	1440.3	1675.5	10872.6
16685	1420.0	1634.6	10852.4
14339	1439.7	1685.4	10946.0
7437	1443.4	1663.8	10967.0
26017	1430.3	1614.9	10730.4
43553	1460.4	1718.4	11282.2
31956	1439.1	1643.9	10719.8
31149	1438.4	1658.7	10825.1
23710	1425.9	1693.3	10767.0
30246	1435.7	1722.2	11003.2
5350	1424.0	1619.7	10689.4
28358	1440.6	1673.2	10944.2
34763	1426.6	1649.4	10573.0
33022	1429.5	1676.8	11039.0
22300	1407.1	1618.7	10385.6
14908	1420.1	1637.9	10715.2
4130	1435.6	1748.5	11262.0
36052	1409.2	1690.8	10722.6
15492	1428.1	1630.6	10632.1
11831	1431.5	1641.2	10745.9
23500	1430.3	1683.1	10718.5
19586	1434.0	1721.0	11441.7
33092	1422.2	1705.4	11209.2
30904	1424.2	1690.4	10935.6
21997	1419.4	1699.8	10759.6
24397	1424.7	1674.6	10825.4
8074	1428.0	1691.2	10917.7
34576	1442.9	1731.3	11189.4
12204	1425.5	1713.3	10853.0
39054	1419.8	1654.7	10700.9
34575	1451.7	1719.0	11097.0
8111	1423.4	1615.5	10664.1
13569	1425.3	1665.1	10763.5
37843	1438.3	1727.0	11093.8
32958	1440.4	1695.5	10852.7
17769	1427.4	1617.5	10680.6
39589	1422.9	1708.1	10869.6
39554	1438.8	1717.3	11293.6
2714	1426.1	1697.4	10697.6
4832	1418.9	1677.0	10608.3
39604	1425.9	1677.1	10724.1
12778	1417.4	1608.8	10646.5
41760	1452.0	1651.2	10969.1
19716	1449.6	1718.8	10944.7
20935	1431.5	1662.8	10626.3
28548	1410.7	1643.6	10859.9
33275	1429.9	1696.3	10983.7
36706	1445.5	1630.4	10806.3
8510	1428.1	1649.6	10935.7
30375	1421.2	1634.3	10763.5
7415	1410.0	1655.5	10736.6
18188	1433.9	1738.6	10961.5
9640	1418.6	1661.0	10745.4
1896	1448.2	1695.7	11003.9
27591	1418.6	1645.7	10578.5
30581	1428.8	1665.5	10964.9
33798	1425.2	1692.0	10918.4
1505	1427.2	1680.0	10931.1
37413	1435.6	1671.1	10714.7
42082	1423.2	1611.9	10760.2
44928	1399.8	1547.5	10441.7
10408	1425.9	1697.8	10898.6
30369	1427.7	1598.6	10593.0
29966	1428.4	1690.9	11071.7
11398	1422.4	1714.7	10889.0
13061	1446.8	1728.3	11250.6
20811	1428.6	1655.4	10606.0
137	1418.1	1650.7	10635.9
27535	1433.9	1684.6	10828.6
40390	1433.5	1675.0	10795.1
20212	1434.3	1710.3	10907.6
36725	1418.5	1649.5	10735.3
44925	1411.6	1663.1	10643.7
22648	1424.8	1669.7	10786.7
27658	1426.0	1681.8	10726.0
39651	1442.6	1712.7	11035.4
36868	1448.0	1685.0	10942.6
36078	1436.9	1692.6	10821.7
23375	1421.9	1713.6	11058.5
14802	1425.9	1657.4	10705.3
38021	1418.2	1687.5	10631.8
11645	1437.5	1650.5	10718.2
41758	1426.7	1681.9	10898.8
8932	1435.7	1682.5	10799.1
10357	1436.9	1728.3	11049.7
42667	1438.6	1692.2	10943.7
12580	1416.4	1629.4	10572.2
30531	1425.0	1632.3	10668.0
34700	1435.5	1674.5	10877.3
18215	1428.5	1632.5	10676.3
8484	1432.4	1683.0	10830.5
39123	1429.7	1693.6	10897.7
13451	1438.9	1653.2	10799.6
34783	1419.8	1641.0	10725.3
4917	1441.4	1681.3	10914.2
35114	1431.4	1670.3	10753.8
1737	1443.2	1702.2	10966.1
32751	1422.6	1705.1	10750.5
34654	1451.3	1716.2	11223.6
16739	1441.7	1680.1	10981.4
8671	1417.8	1688.3	10923.0
22047	1436.2	1704.1	11010.3
27584	1417.7	1653.7	10676.1
26055	1419.3	1666.8	10725.6
33016	1443.0	1681.3	10989.7
26419	1435.3	1686.9	10907.4
40634	1428.4	1681.1	10825.5
1037	1421.2	1586.8	10370.4
32484	1419.3	1641.7	10781.5
23561	1414.4	1597.3	10534.0
40148	1451.8	1759.4	11065.1
16561	1416.1	1641.2	10669.3
7906	1420.6	1649.7	10539.8
41047	1423.6	1613.0	10516.6
29445	1424.2	1658.3	10760.6
19848	1431.3	1685.2	11186.9
11920	1425.4	1653.5	10750.5
23551	1429.8	1612.8	10638.6
7482	1413.6	1640.8	10591.6
41170	1411.0	1656.2	10713.2
36862	1420.1	1608.4	10577.1
15507	1423.0	1619.2	10540.4
30009	1420.8	1617.8	10547.2
36696	1440.7	1644.8	10784.9
38502	1426.3	1686.7	10852.1
27393	1414.1	1588.9	10436.5
18975	1419.3	1642.2	10489.8
40308	1427.2	1641.7	10828.0
30660	1426.8	1609.9	10440.2
14238	1429.3	1677.8	10965.9
9617	1437.9	1692.7	11083.7
23783	1434.1	1649.8	10728.9
29463	1436.1	1679.6	10853.8
38554	1438.0	1656.9	10874.1
2482	1443.2	1674.2	10757.5
21702	1424.0	1610.6	10573.8
41766	1404.8	1646.9	10592.9
31335	1419.0	1617.3	10568.0
32911	1422.3	1705.2	10658.7
24865	1423.5	1685.9	10751.7
18564	1429.5	1662.8	10699.6
40767	1441.4	1672.4	10902.8
41207	1423.5	1686.0	11163.1
34311	1434.6	1696.0	10882.7
36443	1444.2	1697.5	10934.7
28751	1424.6	1664.4	10838.0
36799	1427.5	1660.9	10859.4
1344	1425.1	1673.0	10815.9
6009	1438.1	1723.2	11324.1
30803	1438.3	1709.1	11023.9
32478	1424.2	1684.8	10729.3
18648	1440.2	1688.1	11135.4
38980	1431.5	1702.6	10759.0
30104	1451.4	1676.8	10904.8
28457	1430.9	1658.6	10813.6
43981	1439.9	1659.8	10925.4
16343	1427.6	1656.0	10820.9
39467	1423.7	1643.8	10937.9
7165	1437.1	1694.1	11109.4
28764	1419.7	1625.7	10550.8
22710	1446.3	1664.6	10739.8
31562	1435.0	1667.8	10699.9
23239	1436.7	1679.2	10835.7
25329	1423.9	1652.8	10753.4
3095	1404.5	1604.1	10483.9
36602	1415.6	1665.3	10872.5
8095	1425.1	1698.3	10991.0
32092	1434.4	1625.5	10738.6
3080	1418.3	1670.3	10773.7
6617	1437.4	1730.9	11289.8
34272	1434.7	1660.8	10832.7
39426	1427.0	1669.9	10841.7
18581	1434.8	1734.7	11099.8
36378	1421.7	1637.5	10887.0
38597	1423.7	1667.8	10933.0
10251	1435.8	1716.2	12425.7
16417	1427.5	1664.2	10803.7
34500	1430.6	1676.1	10885.4
34101	1428.6	1633.8	10575.1
14175	1427.1	1675.5	10729.8
4902	1437.7	1710.1	10895.7
14838	1437.9	1721.7	10880.2
31821	1422.0	1656.6	10731.6
11427	1423.5	1622.2	10618.2
23474	1412.9	1649.5	10765.5
18738	1420.7	1610.9	10400.5
43601	1434.2	1658.0	10810.1
2373	1426.3	1636.8	10551.5
30514	1423.0	1658.0	10658.7
12504	1436.8	1659.3	10866.9
38393	1431.9	1648.2	10753.8
31341	1436.2	1681.7	10854.9
13650	1428.8	1662.1	10741.1
3294	1425.6	1680.4	10833.7
2737	1434.6	1696.9	11046.6
23302	1444.6	1703.1	10995.2
29965	1432.3	1694.4	10862.0
9198	1439.1	1675.7	10878.7
33688	1438.6	1685.8	10951.0
301	1409.1	1688.8	10709.1
42371	1448.4	1695.3	11161.3
8304	1433.8	1679.2	10812.3
34420	1419.5	1663.0	10634.3
15270	1447.6	1665.8	10969.6
6832	1427.8	1645.3	10801.5
17134	1444.6	1704.9	10994.0
17234	1437.9	1678.5	10905.2
2820	1430.6	1686.5	10835.5
700	1423.9	1668.0	10768.2
23604	1425.6	1641.1	10831.8
21131	1426.9	1683.7	10837.1
43619	1431.9	1661.8	10840.6
42270	1434.1	1711.9	10865.4
43733	1435.4	1673.9	10851.8
13714	1442.5	1689.5	10862.3
20664	1420.8	1712.8	10757.6
30189	1423.0	1701.6	11181.4
12929	1425.2	1611.9	10808.2
25239	1426.2	1678.1	10846.0
39190	1432.7	1684.1	10882.4
42010	1443.2	1700.1	11016.5
13312	1430.5	1679.9	10766.9
31558	1430.7	1715.3	10914.2
8638	1437.8	1720.7	10870.4
27750	1433.1	1699.8	10866.2
3341	1431.8	1705.8	10937.2
8924	1419.4	1641.0	10566.4
14999	1432.1	1642.8	10760.8
14573	1418.4	1631.4	10657.3
44693	1427.0	1622.7	10592.3
37716	1423.5	1655.8	10671.6
27650	1427.3	1684.0	10894.5
17677	1433.4	1624.0	10825.8
21134	1435.5	1676.0	11030.7
18055	1442.6	1693.2	10970.4
3962	1444.3	1678.8	11044.0
6345	1423.6	1666.4	10828.8
41191	1436.4	1711.5	10865.3
3849	1442.5	1679.3	11114.6
43901	1436.8	1662.0	10910.1
41979	1419.3	1651.0	10603.9
34516	1431.1	1682.1	11015.4
8156	1409.9	1642.8	10620.6
39677	1447.7	1765.8	11458.1
36512	1424.4	1673.6	10839.7
33818	1439.3	1735.6	11058.2
38467	1420.4	1638.6	10704.3
18619	1439.6	1731.5	10988.6
42309	1419.9	1658.1	10709.6
30695	1417.9	1625.7	10694.0
19247	1440.4	1647.3	10743.1
2413	1409.0	1549.5	10421.9
26418	1406.1	1615.4	10465.6
44549	1432.1	1650.7	10693.1
33124	1430.7	1650.8	10666.3
29945	1432.2	1651.6	10764.7
4755	1448.7	1697.7	11381.0
11809	1422.9	1677.9	10704.9
8132	1422.7	1685.7	10983.1
34443	1420.3	1620.8	10975.5
7324	1426.9	1678.3	10727.5
30605	1402.7	1647.7	10620.3
12425	1443.7	1683.7	11059.0
30631	1436.8	1723.3	11146.2
24896	1418.5	1628.4	10520.9
2971	1414.3	1606.9	10537.8
29592	1439.6	1691.8	11105.1
3505	1429.3	1680.8	10801.8
24295	1418.3	1623.7	10634.6
594	1442.6	1691.0	10862.1
39264	1430.1	1649.4	10626.3
19856	1439.3	1667.6	10970.1
8231	1423.2	1658.9	11026.6
2530	1408.4	1615.6	10461.7
28538	1437.7	1690.2	10824.8
39121	1424.6	1660.2	10719.1
34445	1436.4	1752.9	11022.3
14328	1419.9	1670.1	10733.0
16880	1449.2	1682.7	10909.8
12749	1454.0	1706.5	11224.2
16334	1427.7	1663.8	10624.6
16981	1440.2	1687.2	11020.7
2414	1449.5	1695.6	10961.7
22913	1436.3	1728.6	10991.3
22862	1430.9	1663.3	10962.0
3306	1440.4	1691.3	10911.5
38729	1433.8	1648.8	11044.7
11023	1423.4	1649.6	10484.9
23639	1427.6	1675.9	10775.5
10770	1436.0	1690.2	10900.4
41726	1440.6	1661.6	10886.2
39914	1426.5	1686.9	10801.1
26821	1420.2	1686.4	10650.3
11231	1431.6	1681.8	10768.8
15885	1433.7	1707.0	10814.5
41529	1438.9	1709.6	10955.5
12474	1433.7	1620.1	10745.2
10894	1413.6	1634.6	10571.8
35230	1425.9	1627.5	10672.0
27227	1409.0	1630.0	10663.2
30175	1417.4	1692.8	10879.5
42627	1427.1	1659.2	10774.6
0	1421.6	1659.4	10755.6
10725	1447.0	1746.9	11218.7
13386	1424.0	1713.7	11015.9
1494	1439.3	1650.9	10831.2
15109	1429.4	1660.5	10776.3
32713	1417.1	1630.4	10687.8
12448	1439.7	1744.4	10985.0
5559	1426.4	1671.9	10884.8
40834	1427.7	1669.6	10741.3
25647	1432.4	1664.9	10745.4
8778	1418.0	1625.7	10606.7
28028	1433.3	1691.6	10937.2
44730	1425.6	1650.5	10827.6
27813	1422.9	1635.6	10584.7
37290	1419.9	1672.5	11089.6
1010	1432.7	1698.2	10805.4
9862	1445.0	1740.0	11062.3
15190	1443.3	1685.2	10943.5
38755	1432.5	1662.2	10692.8
36182	1450.6	1674.8	11012.4
34336	1422.5	1678.7	10832.2
37540	1412.4	1604.7	10489.0
44265	1436.3	1684.1	10711.1
32191	1445.5	1680.9	10971.2
12563	1417.1	1649.7	10611.7
22574	1434.8	1703.9	10800.4
38288	1438.1	1700.9	10864.3
29911	1438.5	1651.7	10750.4
42818	1430.5	1643.9	10621.3
32811	1409.4	1676.1	10669.9
10159	1423.6	1644.2	10561.9
11675	1431.0	1701.2	10792.3
527	1437.4	1668.9	10868.0
7810	1430.1	1698.3	10948.2
179	1424.3	1649.6	10697.9
38578	1428.9	1666.5	10749.4
39578	1445.0	1682.1	11052.5
23337	1428.4	1645.4	10662.5
7904	1435.0	1642.6	10848.5
30988	1435.6	1676.8	10793.5
32342	1436.4	1682.0	10743.5
5271	1419.8	1694.8	10853.0
25408	1427.9	1633.1	10679.3
31371	1424.9	1630.3	10785.3
719	1430.6	1691.0	10985.5
2766	1425.7	1687.3	10813.6
5835	1414.9	1665.2	10678.0
28738	1439.1	1753.9	11195.5
39135	1437.3	1764.3	11159.7
18369	1430.5	1736.3	10790.4
8818	1435.5	1646.9	10742.4
36410	1436.4	1679.8	10892.7
12514	1438.0	1685.3	10986.1
23611	1425.9	1660.3	10678.8
659	1419.1	1638.2	10569.6
13118	1432.3	1662.8	10760.2
29180	1433.2	1633.0	10672.8
17231	1451.8	1713.0	11211.3
19285	1417.2	1668.4	10739.9
26014	1413.6	1618.0	10504.7
42821	1426.4	1669.1	10877.5
44390	1436.2	1651.1	10604.3
41481	1440.0	1675.8	10915.8
36026	1444.2	1721.1	10939.3
31212	1422.4	1635.2	10498.6
3180	1447.0	1676.8	10838.1
930	1454.6	1683.7	11122.6
16315	1427.2	1639.9	10682.4
7073	1423.6	1628.5	10643.8
913	1413.4	1635.2	10603.6
23923	1448.4	1716.6	11022.3
4140	1436.0	1701.7	10908.4
28711	1421.3	1633.9	10751.8
22356	1429.4	1700.4	10812.7
29552	1413.2	1652.1	10543.1
39191	1427.5	1715.7	10945.0
1299	1426.1	1704.3	11004.5
4172	1438.0	1739.8	11071.5
11497	1426.5	1672.9	10738.0
42177	1432.2	1675.5	10824.6
13290	1415.3	1661.3	10611.7
11509	1437.4	1675.4	10882.3
20907	1429.7	1712.8	10896.7
7800	1430.7	1638.5	10722.9
9158	1458.2	1706.5	11047.7
38169	1437.7	1676.5	10895.0
5571	1408.8	1634.8	10501.0
40157	1447.6	1688.5	11072.5
16951	1435.0	1668.7	10744.3
37840	1424.0	1673.0	10809.6
32227	1431.1	1688.5	10876.8
8250	1435.0	1714.0	10773.3
31208	1419.6	1627.4	10593.5
8857	1434.7	1682.4	11293.6
7224	1433.2	1691.7	10998.1
43389	1409.6	1651.1	10446.5
3321	1422.2	1663.6	10716.3
19875	1428.4	1709.4	10669.8
28551	1413.0	1689.9	10819.1
20553	1423.6	1625.9	10687.3
15653	1426.7	1678.9	10831.7
1750	1427.3	1678.1	10651.3
37797	1426.0	1653.0	10632.2
7518	1431.4	1714.9	10887.6
4338	1434.7	1687.7	10799.4
4211	1436.1	1718.5	11002.2
16585	1442.0	1694.3	11024.7
4883	1432.7	1699.4	10931.8
11636	1436.8	1685.1	10705.8
20341	1447.8	1678.6	10948.1
35590	1425.3	1682.6	10934.4
25905	1413.9	1623.7	10577.8
33267	1438.2	1682.2	11179.5
30474	1445.7	1794.7	11244.4
44659	1429.8	1649.7	10855.1
18318	1413.7	1613.8	10784.4
32627	1413.2	1674.7	10701.9
41764	1423.1	1650.0	10689.8
43890	1410.0	1606.1	10526.8
26766	1435.3	1651.5	10756.2
42998	1405.6	1625.3	10430.4
42787	1440.3	1710.1	11155.8
11517	1409.8	1695.5	10706.9
25085	1422.0	1581.9	10507.6
32550	1422.5	1668.5	10677.8
26592	1434.0	1670.9	10783.7
13481	1441.2	1646.5	10807.5
18140	1446.2	1742.8	11354.5
4469	1414.6	1655.0	10631.4
36071	1427.8	1680.4	10709.7
30930	1420.8	1620.9	10855.1
24132	1425.8	1704.6	10731.5
40593	1420.3	1652.1	10654.0
3406	1408.2	1615.1	10497.0
8127	1427.8	1680.2	10785.0
24325	1426.2	1682.5	10666.4
37718	1415.5	1724.6	10868.1
32152	1413.9	1640.4	10713.6
40083	1429.7	1637.6	10725.4
887	1426.4	1643.9	10680.1
22539	1438.2	1698.2	11065.8
26416	1429.4	1703.6	10772.0
38946	1435.9	1698.6	11020.3
18365	1422.2	1619.6	10841.2
8107	1427.0	1655.1	10614.7
4807	1428.1	1687.1	10885.1
38833	1420.2	1639.7	10598.3
16193	1435.4	1665.4	10729.0
8958	1439.9	1710.9	10896.6
34474	1433.9	1675.3	10680.0
37865	1447.7	1723.6	11434.3
22542	1423.0	1676.0	10933.6
29264	1421.1	1605.2	10720.2
40244	1424.1	1662.2	10594.3
30379	1410.6	1660.9	10499.0
11522	1422.1	1710.7	10730.9
32759	1408.6	1604.1	10527.9
13045	1436.3	1685.5	10898.9
25566	1421.5	1602.2	10658.7
8710	1431.4	1673.4	10861.4
13975	1432.7	1626.3	10737.4
40475	1430.0	1670.6	10642.4
24415	1422.7	1655.2	10602.8
8649	1419.6	1619.7	10620.4
9637	1421.6	1671.8	10788.7
28421	1420.5	1630.5	10541.8
12541	1422.7	1678.3	10643.4
4872	1419.6	1696.7	10667.7
4320	1433.0	1678.1	10902.1
16700	1433.1	1660.7	10807.2
37562	1425.0	1659.2	10747.3
26142	1425.4	1647.7	10714.4
31975	1447.6	1725.3	11098.2
12761	1423.6	1736.8	10735.8
16762	1452.9	1713.8	10990.4
35737	1440.0	1704.5	10892.5
8243	1416.7	1658.1	10586.6
5762	1422.1	1679.0	10766.9
29028	1420.7	1629.0	10567.0
30906	1439.8	1752.9	11054.7
39250	1422.8	1662.2	10698.6
19569	1404.6	1579.2	10327.0
41053	1422.2	1674.6	10929.7
19006	1414.8	1672.9	10695.2
35438	1433.7	1679.1	10708.2
16078	1450.2	1690.6	11099.9
6748	1433.9	1678.6	10777.1
35860	1436.5	1683.4	10936.8
19911	1443.8	1759.6	11040.5
19044	1425.6	1659.7	10624.1
2655	1419.7	1662.5	10608.3
14825	1412.1	1616.0	10614.4
43849	1410.2	1674.8	10634.3
22517	1419.0	1652.6	10550.9
41738	1430.5	1669.8	10912.7
25350	1445.7	1674.9	10979.3
20277	1434.7	1727.4	10867.1
12152	1428.4	1667.1	10743.9
26885	1433.1	1640.3	10745.1
22136	1429.3	1715.4	10855.6
7396	1425.3	1668.7	10720.8
28568	1427.6	1644.9	10717.3
37597	1432.0	1629.5	10598.9
19850	1431.2	1686.8	10874.8
23436	1423.4	1681.5	10870.4
6680	1441.6	1672.8	10910.4
6282	1431.3	1667.8	10816.6
3805	1440.8	1711.6	10868.4
38964	1418.5	1618.5	10535.7
15416	1435.5	1678.1	10991.7
9134	1414.8	1571.0	10379.3
18914	1421.3	1629.1	10525.1
36066	1426.1	1644.1	10585.9
42192	1417.0	1674.6	10806.2
3699	1420.4	1658.6	10687.2
13994	1461.8	1709.3	11125.2
8181	1424.4	1655.5	10709.3
28403	1437.1	1701.5	10805.3
9133	1424.0	1696.1	10730.4
18164	1420.8	1625.6	10556.4
26569	1425.9	1715.6	10824.3
2584	1421.3	1651.1	10768.6
38306	1443.1	1655.8	10872.8
39300	1438.4	1708.2	11089.3
41839	1417.2	1654.3	10692.8
28603	1437.2	1715.6	11000.5
37339	1419.1	1617.3	10584.3
39579	1423.1	1640.0	10748.8
12318	1434.2	1769.2	11023.3
17956	1432.8	1618.1	10619.9
9189	1430.8	1703.6	11101.8
15348	1428.8	1685.3	10928.5
12773	1415.2	1628.2	10540.9
10108	1431.5	1669.6	10847.3
8086	1431.9	1667.9	10741.4
35028	1419.7	1659.5	10719.4
2617	1418.6	1675.8	10796.3
25315	1430.1	1714.7	11219.3
8964	1419.8	1650.5	10724.7
33836	1430.7	1650.7	10713.6
42851	1429.7	1717.3	10932.0
17898	1431.4	1666.8	10710.8
19700	1432.3	1641.2	10779.0
20254	1413.4	1659.9	10685.7
9975	1415.1	1639.7	10604.1
3245	1418.4	1605.7	10776.1
4258	1424.3	1657.4	10750.5
34126	1426.0	1649.0	10776.3
22663	1449.9	1702.5	11084.0
23968	1436.6	1654.6	10777.3
13801	1431.0	1630.1	10766.8
24046	1412.4	1611.0	10567.1
3692	1442.5	1687.5	10923.8
29866	1440.2	1663.2	10821.2
12404	1446.8	1705.1	11001.0
36171	1429.2	1676.8	10814.4
20851	1427.2	1670.5	10800.6
21433	1444.2	1696.7	10733.3
22248	1419.8	1653.3	10771.5
25597	1424.0	1671.5	10793.9
29583	1418.5	1657.5	10855.2
28088	1431.5	1670.1	10882.3
13320	1422.5	1655.2	10898.4
39978	1443.7	1715.3	10818.0
8349	1430.9	1690.6	10792.9
11984	1424.7	1644.4	10527.4
7045	1416.4	1680.5	10687.5
10834	1429.8	1662.5	10832.8
14564	1436.6	1683.8	10876.5
8073	1410.6	1631.5	10520.8
22885	1424.2	1662.2	10699.6
17089	1417.9	1674.8	10609.0
38501	1437.1	1710.9	11205.9
18085	1442.9	1697.5	10905.3
18990	1426.8	1699.8	10932.3
26163	1453.2	1682.5	10924.0
6782	1433.0	1685.5	10878.2
30343	1401.9	1594.2	10244.0
26595	1424.6	1657.6	10699.6
38300	1426.8	1638.4	10753.6
27787	1444.4	1696.3	10966.8
18976	1426.3	1644.9	10634.3
16247	1427.7	1721.3	10949.3
22481	1429.6	1662.8	10919.9
29003	1414.9	1599.4	10534.2
36530	1445.4	1681.6	10834.3
3890	1445.4	1728.9	11095.2
36308	1427.2	1703.6	11155.2
3092	1438.6	1697.5	10765.5
16248	1429.5	1674.9	10859.9
39798	1430.6	1662.8	10822.7
33037	1427.5	1655.3	10663.2
7550	1434.5	1671.9	10823.5
24152	1445.9	1773.0	11615.8
7838	1430.9	1703.7	10720.3
30616	1424.7	1632.2	10786.3
21097	1442.6	1702.3	11016.5
11278	1438.5	1680.0	10861.3
6086	1424.1	1693.9	10874.3
23042	1417.8	1627.8	10559.3
39932	1421.8	1646.2	10555.8
3696	1442.6	1696.6	11026.1
19993	1442.5	1665.2	11439.4
14943	1428.2	1630.3	10755.6
15777	1439.8	1707.3	10933.7
1359	1415.2	1668.3	10646.8
43365	1438.7	1706.9	10940.0
41213	1426.1	1633.5	10594.3
30251	1436.9	1725.5	11071.9
19005	1452.0	1728.0	10895.3
19234	1429.0	1697.9	10912.3
40023	1427.3	1667.6	10731.6
8929	1433.2	1637.3	10628.3
243	1412.8	1626.8	10570.9
34070	1432.6	1670.7	10903.4
29055	1407.0	1646.5	10599.3
44016	1429.9	1632.9	10853.2
26878	1427.6	1598.5	10684.1
6535	1432.8	1742.3	11270.0
35695	1434.5	1691.2	11309.0
8623	1429.6	1717.8	11220.0
14853	1417.3	1664.4	10526.9
17714	1429.9	1688.6	10757.3
3758	1433.3	1655.5	10836.1
8613	1454.4	1733.1	11375.8
21423	1424.6	1704.6	10971.0
37679	1437.5	1708.2	10862.9
9655	1436.8	1659.6	10797.5
39008	1437.4	1703.3	10908.4
35021	1415.6	1635.1	10713.4
16013	1427.2	1672.3	10805.9
11465	1438.4	1671.7	10822.6
39768	1437.4	1653.5	10743.3
29066	1412.4	1626.8	10701.7
35823	1426.3	1646.6	10698.3
19857	1419.9	1670.4	10834.9
1088	1407.8	1644.2	10535.5
151	1429.5	1673.3	10905.2
27620	1432.1	1662.6	10961.5
29835	1420.0	1691.7	11139.0
41869	1434.2	1663.3	10677.4
10902	1433.0	1687.9	10927.6
30822	1438.5	1709.1	11164.6
44953	1419.9	1628.7	10706.6
