59838	1553.9	1783.0	9491.2
27529	1571.9	1828.9	9843.8
44469	1563.2	1809.1	10012.7
52210	1556.0	1766.5	9667.3
38083	1551.8	1804.8	9587.4
28353	1554.6	1817.0	9680.9
19380	1555.8	1847.0	9656.8
32523	1567.5	1782.5	9914.3
41086	1567.8	1797.1	9604.3
38233	1550.4	1763.5	9578.8
42712	1557.3	1786.5	9570.3
9012	1542.6	1807.9	9701.7
23139	1561.7	1814.6	9686.5
56234	1550.5	1778.4	9570.9
48379	1567.7	1809.1	9785.5
15502	1569.6	1826.1	9779.0
48047	1567.0	1839.5	9734.7
27619	1559.8	1789.5	9799.1
21122	1564.5	1805.6	9786.1
9990	1563.4	1857.1	9697.0
47685	1560.6	1791.6	9535.5
37407	1556.7	1787.3	9736.6
46787	1565.8	1821.5	10016.0
45074	1559.2	1780.6	9729.5
32348	1552.0	1779.5	9518.7
45622	1559.9	1781.8	9645.1
2756	1548.1	1796.7	9517.3
44183	1581.2	1843.3	10389.0
36790	1538.5	1732.1	9191.0
14637	1561.8	1814.5	9716.6
11908	1558.3	1781.0	9693.5
43502	1565.5	1852.6	10090.3
59410	1542.8	1788.6	9511.2
29719	1569.2	1847.8	9897.8
24671	1558.1	1812.9	9797.8
47944	1560.6	1794.6	9709.6
30415	1564.3	1843.1	9840.0
45485	1557.8	1816.5	9818.2
31806	1560.1	1760.5	9630.8
58000	1567.5	1774.4	9633.7
45976	1562.4	1777.2	9625.2
58037	1574.4	1850.8	9906.0
51902	1557.5	1808.7	9674.5
32892	1551.1	1766.3	9489.2
50113	1553.8	1818.0	9946.6
14506	1557.0	1823.2	9559.5
55724	1561.0	1778.1	9590.2
23085	1584.0	1874.7	10105.7
33331	1564.9	1811.6	10003.2
15777	1566.2	1854.5	9814.3
40733	1567.7	1806.4	9738.7
38611	1547.9	1782.9	9849.8
51774	1554.5	1819.6	9750.4
17766	1563.2	1828.8	9820.6
31206	1574.6	1876.4	10198.6
51127	1566.7	1876.2	9825.8
59123	1567.7	1832.8	9751.0
28866	1559.5	1812.4	9749.2
42061	1560.6	1810.8	9721.2
59789	1572.7	1833.8	10194.0
272	1556.6	1797.4	9653.0
55535	1551.3	1808.0	9448.0
52548	1555.4	1778.4	9555.3
49374	1573.3	1795.9	10030.4
2265	1566.6	1788.0	9808.2
26102	1558.0	1795.8	9510.3
48215	1559.8	1781.5	9593.3
41431	1565.6	1792.5	9643.6
28679	1561.8	1826.2	9667.9
5346	1555.9	1826.5	9585.6
22191	1562.5	1769.4	9618.5
23206	1569.6	1824.6	9794.2
18351	1561.3	1814.9	9701.9
24517	1558.3	1790.0	9669.2
53267	1568.0	1750.6	9646.6
40760	1565.8	1813.5	9817.7
47601	1554.3	1804.6	9577.5
34953	1551.8	1793.6	9550.8
6970	1556.8	1759.6	9587.2
38508	1560.5	1815.5	9767.1
29150	1570.3	1769.4	9682.4
23723	1556.4	1753.1	9415.7
4357	1543.1	1833.7	9544.0
13978	1555.8	1734.7	9337.2
35076	1578.6	1879.8	9818.9
52109	1563.6	1838.6	9755.5
59320	1566.5	1773.6	9673.1
15971	1551.4	1817.2	9648.0
2717	1577.7	1859.7	9971.2
16937	1569.7	1851.0	9793.2
53902	1558.7	1775.3	9532.3
47058	1549.9	1797.6	9475.0
44361	1584.1	1838.6	10137.4
38002	1583.1	1870.2	10082.0
8886	1563.1	1810.6	9639.5
24439	1547.0	1815.2	9465.5
48557	1556.6	1768.3	9558.9
28155	1555.2	1790.8	9568.0
42736	1561.2	1777.8	9681.3
38389	1550.3	1741.9	9392.9
37545	1566.3	1801.9	9899.3
53706	1546.4	1851.2	9594.8
27212	1555.5	1769.0	9541.1
9545	1554.7	1734.3	9659.6
2250	1567.2	1810.4	9879.0
47716	1562.8	1827.2	9794.2
44910	1557.4	1786.0	9535.7
42565	1554.8	1753.7	9559.5
36	1558.2	1799.9	9702.2
12971	1550.1	1737.4	9361.6
55517	1556.8	1731.3	9367.5
52720	1560.3	1776.4	9649.6
46538	1560.3	1810.2	9754.0
2194	1554.7	1802.2	9641.1
3452	1563.4	1826.0	9677.6
36729	1559.3	1813.6	9733.9
20136	1565.6	1791.9	9743.0
6730	1569.1	1804.1	9781.6
8129	1572.3	1795.8	9860.7
31682	1574.0	1881.3	10243.1
32170	1571.0	1772.6	9650.3
51357	1556.8	1765.8	9622.8
53616	1545.8	1734.8	9272.5
39479	1555.2	1750.2	9696.3
30991	1557.6	1801.1	9748.4
10386	1564.3	1799.6	9868.2
44447	1566.0	1804.0	9814.1
35987	1559.2	1795.3	9599.5
53331	1542.5	1777.9	9536.5
12523	1556.8	1811.6	9588.2
40758	1555.0	1850.3	9508.5
191	1565.0	1864.3	9951.9
35593	1556.1	1781.6	9718.2
57388	1571.7	1836.8	10020.8
20996	1554.4	1795.6	9585.3
44511	1570.2	1851.1	9995.7
55081	1558.8	1848.2	9704.1
52282	1569.0	1769.7	9763.5
14633	1555.0	1808.4	9583.2
54	1552.0	1767.9	9379.8
45611	1558.3	1824.9	9944.5
23544	1565.0	1829.7	10086.8
45693	1572.6	1822.2	9853.8
23830	1557.0	1820.0	9645.1
21787	1565.1	1793.5	9789.4
24341	1567.9	1814.6	9724.4
8375	1565.8	1819.4	9703.3
47245	1576.7	1799.3	9722.9
14397	1554.9	1820.2	9823.8
11931	1550.6	1745.7	9527.2
50925	1567.6	1792.2	9630.7
23622	1540.2	1704.9	9052.3
44234	1574.6	1889.6	10201.3
6607	1561.2	1802.2	9666.8
13938	1561.8	1819.6	9691.9
43342	1565.4	1742.6	9492.8
3975	1562.6	1822.5	9773.5
6810	1560.7	1839.7	9858.8
13615	1554.5	1787.6	9701.3
58301	1561.0	1791.6	9907.0
13474	1548.5	1791.1	9438.9
9008	1564.7	1807.8	9779.5
52093	1560.3	1793.2	9570.1
57556	1569.1	1790.6	9754.6
20864	1552.5	1734.4	9445.8
20532	1570.9	1847.5	9930.7
12893	1568.6	1805.7	9746.8
15412	1572.6	1894.5	9995.4
44966	1546.6	1733.2	9300.2
34604	1557.2	1816.2	9587.8
37261	1567.9	1832.1	9762.8
37497	1547.4	1761.1	9418.7
6624	1579.2	1858.0	10202.0
53732	1567.0	1820.3	9774.8
25456	1567.3	1855.0	10199.7
10540	1549.7	1722.5	9297.6
830	1546.0	1775.0	9637.5
4281	1572.1	1831.7	10042.2
17257	1572.8	1848.8	9941.9
10401	1565.9	1811.9	9849.5
50476	1561.8	1790.4	9681.9
2360	1583.9	1877.9	10000.4
26943	1543.8	1735.2	9224.2
17352	1568.8	1854.8	9881.8
34561	1560.4	1759.2	9713.3
6157	1557.0	1803.2	9612.6
4530	1562.9	1822.6	9675.1
47960	1567.6	1844.4	9936.5
38586	1562.8	1829.8	9707.6
27548	1562.7	1836.4	9891.0
22772	1542.2	1715.3	9279.8
46672	1554.6	1755.3	9549.8
48529	1560.8	1819.0	9690.4
49086	1558.9	1783.2	9633.0
34987	1570.5	1831.3	10228.0
37977	1564.5	1765.0	9638.7
27528	1558.1	1778.9	9588.3
28860	1566.1	1765.0	9651.2
37698	1543.4	1708.2	9222.1
56916	1559.5	1766.2	9755.7
13063	1554.8	1799.3	9514.4
9620	1564.1	1807.1	9742.3
12279	1572.3	1858.7	10043.9
3481	1569.5	1869.6	10087.3
44741	1562.4	1790.2	9734.2
478	1547.8	1776.8	9498.0
6638	1553.8	1777.9	9541.6
6602	1549.6	1802.6	9536.5
34447	1568.4	1812.6	9762.3
12125	1555.8	1830.2	9776.0
15921	1548.5	1822.3	9754.2
4700	1567.4	1840.0	9807.3
42188	1576.4	1848.4	10035.8
59223	1570.4	1845.5	9902.3
43203	1554.4	1798.3	9587.0
32355	1550.0	1803.7	9620.8
54247	1568.4	1800.9	9925.7
59536	1556.7	1783.4	9562.2
41657	1560.5	1800.9	9663.4
28246	1560.4	1789.5	9701.1
6733	1548.9	1762.5	9531.6
16589	1557.0	1788.0	9436.3
35574	1546.2	1726.0	9162.7
59468	1566.3	1762.6	9567.8
51458	1562.1	1807.3	9670.7
49177	1565.9	1861.6	10092.0
54667	1563.0	1805.9	9767.0
25290	1545.8	1737.9	9254.9
43346	1546.9	1741.5	9341.9
19484	1567.6	1853.5	9814.4
28055	1555.4	1794.1	9559.2
14341	1560.4	1811.9	9554.5
7699	1554.6	1744.4	9453.9
33669	1553.3	1753.7	9462.3
31308	1555.2	1790.8	9596.2
27991	1563.0	1803.3	9605.9
26173	1560.5	1816.7	9765.4
23405	1560.3	1806.9	9696.4
50612	1563.0	1794.3	9607.3
53220	1550.8	1755.6	9406.5
2479	1553.7	1820.5	9784.6
37449	1557.5	1787.8	9624.1
28736	1567.6	1844.1	9820.5
39996	1548.3	1771.3	9373.6
38191	1542.7	1743.6	9336.0
39227	1550.6	1735.2	9347.2
38398	1551.8	1755.7	9608.7
10119	1558.0	1750.7	9371.9
38366	1556.9	1784.0	9425.5
36187	1560.9	1823.2	9797.7
23234	1560.8	1790.7	9570.5
58964	1562.6	1798.0	9687.0
34527	1577.6	1907.9	10198.9
4829	1554.6	1798.6	9565.3
49589	1573.2	1828.5	9852.1
59304	1550.4	1784.7	9708.7
25530	1555.6	1725.8	9380.5
17527	1563.1	1812.9	9595.2
41201	1556.1	1796.6	9655.2
4884	1563.3	1844.3	9738.9
48925	1559.2	1799.1	9558.5
53389	1572.7	1854.2	9989.9
39448	1553.5	1753.9	9454.4
52450	1557.1	1778.1	9796.0
11031	1566.2	1812.5	9970.5
26150	1570.9	1860.5	10246.6
41706	1564.0	1786.0	9676.8
38922	1558.0	1802.7	9500.9
7767	1585.7	1839.8	10667.1
41006	1558.6	1790.3	9637.5
30030	1561.6	1813.8	9572.9
11372	1554.8	1795.7	9337.2
59690	1563.3	1759.6	9630.5
59703	1557.5	1800.3	9582.5
50613	1547.1	1772.9	9883.2
10009	1577.0	1812.4	9787.0
18852	1555.6	1812.4	9896.7
497	1561.9	1789.9	9618.0
6120	1565.4	1824.0	9820.4
56914	1571.0	1777.3	9792.1
9238	1569.1	1870.3	9910.8
49257	1549.5	1753.9	9570.6
34697	1563.9	1781.6	9806.5
26356	1557.7	1858.1	9905.4
55846	1569.8	1827.9	10105.3
13568	1562.5	1807.6	9646.0
18024	1552.3	1781.7	9481.9
57396	1567.8	1855.1	9773.7
36830	1565.5	1813.5	9842.2
52004	1552.9	1759.8	9323.7
9366	1562.9	1801.6	9622.7
16804	1564.2	1815.2	9844.7
11799	1557.3	1757.5	9628.2
24611	1567.2	1842.6	9803.0
5191	1567.6	1818.6	9911.7
38522	1562.8	1803.8	9557.4
28846	1576.9	1854.5	9979.8
28819	1563.5	1828.4	10107.7
10158	1556.5	1792.7	9438.9
58524	1563.6	1832.6	9851.4
52468	1549.1	1765.8	9450.5
10448	1566.8	1852.0	9820.2
4703	1552.0	1780.5	9641.9
24883	1572.7	1852.9	10205.9
33814	1554.0	1784.9	9855.9
9305	1546.1	1805.0	9286.9
34946	1566.7	1848.9	9836.6
55203	1555.3	1770.3	9460.2
5710	1570.7	1841.8	9818.2
42009	1575.4	1845.8	9968.9
49297	1556.9	1782.5	9545.9
16792	1568.8	1827.2	9916.9
9525	1551.3	1802.7	9550.5
36186	1551.9	1808.6	9627.0
8480	1566.2	1806.6	9680.7
27375	1560.3	1817.8	9635.3
14259	1566.3	1776.8	9612.0
34543	1561.7	1797.4	9651.1
44029	1559.4	1764.9	9559.8
56658	1566.1	1786.8	9863.3
53821	1547.4	1758.6	9279.6
47548	1558.7	1782.7	9664.4
41791	1559.6	1764.1	9568.9
33255	1568.2	1848.2	10234.8
5021	1564.2	1816.7	9787.9
15983	1545.7	1704.4	9161.2
32667	1564.5	1796.5	9611.8
20451	1561.5	1837.7	9872.8
23818	1566.9	1809.0	9819.0
22696	1557.5	1762.1	9632.3
823	1571.7	1837.3	9777.8
5156	1577.4	1865.9	10216.9
8660	1565.8	1801.2	9772.4
48049	1556.9	1795.7	9391.8
32628	1553.9	1818.8	9635.0
49471	1563.7	1771.7	9748.3
43085	1564.2	1799.8	9638.6
34326	1557.0	1803.3	9762.4
9722	1571.0	1828.4	9834.6
26701	1561.0	1794.5	9642.4
52032	1550.5	1781.1	9556.0
23152	1558.3	1816.3	9918.9
19676	1560.4	1755.4	9476.1
1526	1557.1	1771.1	9674.6
16907	1555.6	1788.5	9472.8
27403	1562.9	1831.5	9702.7
30375	1560.2	1817.3	9692.1
13879	1564.0	1808.5	9816.6
16806	1574.6	1850.2	10216.3
50659	1549.2	1768.6	9459.0
45594	1552.0	1760.6	9591.7
3520	1562.2	1764.9	9716.2
58022	1555.4	1823.1	9682.2
37458	1567.8	1812.5	9773.1
25956	1547.1	1749.6	9337.4
49711	1564.2	1778.5	9541.5
19984	1561.9	1761.9	9666.8
49567	1561.3	1751.9	9610.3
21221	1563.8	1838.7	9887.9
17952	1540.4	1718.7	9195.7
64	1571.4	1826.0	9702.2
56630	1551.5	1765.0	9506.5
2966	1559.6	1789.5	9708.3
49848	1573.5	1874.1	9963.2
48501	1548.1	1757.4	9503.9
31121	1555.0	1775.3	9412.0
51709	1556.7	1770.5	9497.8
39879	1555.9	1803.4	9753.0
4503	1564.9	1798.6	9684.1
13778	1569.8	1832.4	9932.2
58755	1571.9	1801.3	9916.1
17518	1570.1	1840.5	9946.5
21260	1553.3	1825.8	9631.7
45107	1568.3	1814.8	9828.2
18032	1574.1	1827.6	9731.5
4608	1565.9	1822.4	9712.5
45445	1566.4	1806.3	9978.9
38300	1556.8	1797.9	9591.2
59781	1572.8	1873.6	9865.3
58806	1565.1	1868.3	10045.2
59153	1576.7	1862.4	10149.1
19016	1585.1	1898.9	10659.9
24505	1564.8	1820.1	10035.5
43386	1560.9	1816.7	10005.1
48732	1563.5	1827.5	9799.0
54239	1562.9	1773.0	9710.3
25508	1561.2	1791.5	9692.8
27846	1558.7	1814.9	9641.7
46415	1540.1	1770.0	9205.2
41157	1559.0	1767.7	9548.3
47706	1567.4	1797.1	9753.3
5463	1547.3	1731.5	9381.0
55527	1571.0	1777.2	9881.6
35335	1561.4	1775.4	9588.2
7406	1555.1	1792.2	9542.7
14766	1555.9	1751.6	9504.5
55310	1555.9	1775.3	9572.6
24673	1563.7	1827.9	10001.9
39590	1572.5	1796.4	9827.0
8977	1556.9	1778.2	9565.0
5025	1565.0	1824.8	9600.9
28339	1551.9	1746.7	9456.5
21757	1572.3	1860.6	9899.4
44263	1560.1	1806.6	9861.6
43629	1563.7	1761.3	9583.2
18895	1553.0	1785.5	9446.4
24706	1575.9	1807.4	10154.6
58842	1555.7	1718.1	9511.6
2231	1562.1	1781.3	9783.0
57894	1562.9	1789.9	9653.0
27	1548.2	1805.4	9606.8
7786	1559.3	1784.1	9696.3
46443	1565.5	1773.4	9554.4
7246	1565.7	1781.4	9727.4
30295	1555.7	1760.8	9421.6
42272	1566.1	1838.2	9804.7
1733	1557.7	1819.5	9632.2
13228	1561.1	1783.1	9855.1
9526	1560.1	1848.4	9926.9
26248	1555.8	1790.7	9580.3
34038	1556.1	1779.7	9596.3
16353	1566.7	1844.1	9914.9
43735	1549.1	1776.4	9369.1
26436	1547.9	1792.6	9459.5
51348	1568.6	1859.8	10176.8
59305	1561.1	1827.1	9842.3
38294	1557.8	1820.3	9840.1
20053	1565.3	1768.6	9692.6
43340	1566.9	1867.7	9903.7
5947	1548.9	1743.7	9379.5
32478	1567.7	1837.6	9961.2
59866	1572.0	1829.3	10001.2
43866	1566.2	1788.5	9598.5
52069	1557.0	1793.4	9670.8
27728	1553.5	1750.7	9531.7
57962	1562.7	1785.5	9601.8
9043	1554.6	1804.8	9539.6
11978	1550.6	1800.8	9599.9
46212	1559.3	1813.8	9835.9
56974	1574.0	1876.9	9816.9
53025	1573.7	1865.4	9999.1
21399	1562.5	1883.9	10005.9
29279	1555.4	1791.3	9574.7
3870	1555.0	1827.1	9937.3
56300	1555.5	1760.3	9532.2
54926	1570.2	1869.9	9795.9
7046	1567.7	1824.7	9834.4
42008	1549.8	1749.2	9310.2
3488	1569.8	1859.1	9952.9
39336	1566.0	1776.6	9540.4
13672	1573.8	1862.8	10001.3
2471	1565.9	1768.5	10101.6
31065	1568.6	1842.9	9912.9
55817	1563.6	1773.9	9523.6
56944	1555.6	1770.2	9681.7
22669	1560.9	1794.1	9595.0
1360	1549.8	1808.6	9566.4
2836	1563.5	1808.6	9711.9
58439	1561.2	1787.1	9436.7
43229	1561.5	1800.0	10005.5
11846	1569.9	1797.7	9788.8
55197	1553.7	1743.1	9405.0
18721	1556.6	1756.1	9428.8
15505	1570.0	1794.7	9758.3
39244	1572.1	1851.9	10295.9
45067	1557.2	1778.0	9466.6
22002	1575.7	1869.3	10114.0
37071	1558.4	1772.3	9536.1
17232	1563.7	1822.8	9862.3
56404	1559.3	1806.6	9599.9
9263	1556.8	1797.9	10014.7
34093	1564.9	1811.9	9804.5
36412	1562.6	1837.7	9857.7
42723	1567.2	1798.7	9688.7
43075	1555.6	1804.6	9525.6
9280	1563.4	1842.3	9848.9
2510	1567.0	1797.0	9524.8
48099	1563.6	1819.7	9725.7
4707	1570.9	1818.1	9705.1
46308	1558.5	1833.1	9709.7
53152	1560.3	1803.4	9698.7
7488	1562.3	1820.0	9854.1
2118	1554.2	1722.7	9471.1
20918	1551.1	1774.3	9451.9
23762	1555.3	1796.5	9745.3
15546	1561.2	1761.0	9526.9
3422	1547.9	1764.0	9493.3
20579	1548.0	1762.1	9458.8
21235	1565.3	1824.5	9888.4
14235	1550.2	1741.9	9428.0
24103	1570.9	1828.9	9959.0
44468	1544.9	1755.1	9421.1
34259	1555.7	1763.0	9868.3
16825	1549.9	1742.3	9364.1
9462	1575.1	1881.2	10241.2
5892	1561.5	1816.6	9650.6
29843	1549.8	1801.2	9388.8
4115	1559.7	1824.9	9798.1
1410	1555.8	1782.1	9634.0
34327	1564.4	1782.7	9844.0
18871	1554.3	1773.7	9603.4
52715	1573.3	1850.1	10197.7
16851	1565.1	1788.7	9704.8
43615	1568.4	1789.9	9838.6
2873	1561.1	1772.4	9601.0
44503	1554.1	1754.7	9410.0
13307	1553.7	1763.1	9985.6
40625	1563.1	1825.1	9750.0
1515	1570.9	1827.8	10071.0
36209	1556.1	1780.4	9597.6
29151	1560.2	1763.1	9346.9
27774	1536.8	1749.9	9152.5
19399	1558.6	1803.9	9703.3
53443	1563.0	1803.4	9679.6
22804	1549.5	1786.9	9638.4
46930	1553.8	1808.5	9739.2
40566	1561.3	1794.8	9708.7
22846	1569.7	1847.1	9936.6
39629	1555.4	1806.7	9632.2
5936	1564.7	1852.3	9722.1
5831	1570.1	1859.6	9966.7
8213	1556.1	1855.0	9762.6
15226	1567.1	1849.7	9737.2
50461	1562.1	1774.1	9482.6
24760	1563.6	1819.7	9715.1
38022	1557.0	1777.5	9648.8
1838	1559.7	1852.2	9918.3
51376	1555.2	1813.3	9998.2
7593	1559.6	1826.2	9761.3
50876	1566.4	1769.6	9632.3
8347	1574.5	1827.3	9849.7
8305	1559.8	1814.5	10008.6
9006	1559.2	1791.1	9461.7
48685	1566.5	1830.3	9898.5
2896	1565.3	1800.5	9758.4
22205	1566.2	1839.5	9847.0
12309	1558.7	1822.4	9606.3
32684	1553.2	1825.1	9647.7
8559	1563.4	1823.9	9646.1
34374	1565.9	1844.8	9834.1
55999	1563.1	1829.1	9813.4
9503	1560.7	1779.3	9593.1
15135	1552.6	1754.5	9368.8
58760	1550.8	1798.6	9589.5
13796	1560.0	1784.4	9584.1
40440	1567.2	1846.2	9989.3
48157	1551.0	1748.3	9376.0
20710	1554.0	1798.7	9482.2
53918	1534.0	1700.2	9368.8
47182	1555.9	1780.5	9565.5
50819	1575.8	1821.9	9871.1
26625	1567.3	1827.3	9808.1
21933	1561.5	1801.9	9735.0
37136	1567.8	1804.6	9715.2
29520	1552.0	1741.3	9408.9
619	1572.3	1827.8	9780.3
22790	1563.6	1831.3	9884.6
3418	1563.6	1852.5	9919.0
25447	1564.6	1868.2	9976.7
44963	1568.8	1832.9	9897.7
13781	1566.1	1802.7	9689.6
15976	1552.6	1782.8	9652.0
21012	1575.0	1889.0	10036.1
52081	1569.6	1888.8	10082.2
51963	1561.4	1849.8	9902.6
9460	1575.5	1837.3	9774.5
4481	1569.9	1815.2	10023.1
58616	1560.3	1809.2	9608.9
10075	1545.6	1797.7	9466.4
14856	1561.3	1798.5	9853.3
40076	1561.6	1809.5	10209.2
3411	1552.4	1773.7	9424.3
39164	1554.5	1758.7	9548.5
49527	1551.1	1761.8	9504.6
57239	1560.9	1786.2	9658.0
20599	1561.5	1835.2	9731.6
50401	1573.6	1822.4	9903.8
57471	1560.7	1772.4	9682.9
7796	1571.3	1843.4	9898.2
47138	1572.6	1846.9	10022.3
58744	1561.2	1807.1	9899.5
20107	1557.0	1765.4	9478.9
13076	1570.9	1849.4	9872.0
27322	1561.6	1824.5	10728.8
22824	1551.2	1841.1	9825.7
14609	1559.4	1813.4	9787.2
2613	1571.5	1839.6	9984.8
43281	1555.7	1784.8	9667.9
51040	1565.0	1817.0	9871.4
17752	1559.9	1806.1	9510.1
48052	1551.3	1751.4	9367.7
53431	1563.2	1829.0	9681.6
44767	1554.6	1814.4	9588.4
44485	1559.3	1810.9	9598.2
13415	1562.3	1779.5	9510.2
39609	1575.5	1844.4	9916.1
52695	1564.0	1790.2	9573.3
32576	1567.6	1832.3	9796.2
10192	1576.8	1865.8	9967.4
49828	1552.2	1771.7	9475.5
39613	1575.9	1833.2	9925.0
22551	1567.2	1814.4	9692.1
42147	1564.3	1816.2	9623.1
49720	1551.8	1734.0	9370.4
3519	1552.5	1849.7	9804.3
49278	1576.1	1825.0	9943.0
54659	1558.8	1770.0	9688.4
22800	1569.7	1788.3	9646.4
59088	1559.2	1825.8	9702.8
8563	1554.3	1819.2	9567.4
24223	1550.5	1772.4	9508.6
6594	1561.0	1834.8	9852.6
33236	1564.9	1783.0	9500.9
54277	1564.6	1784.4	9758.4
2548	1553.6	1804.3	9537.0
16237	1556.0	1770.4	9437.4
53782	1564.9	1798.1	9696.4
7866	1549.8	1804.8	9682.4
27139	1565.5	1839.7	10165.8
35563	1581.0	1850.9	10005.5
49867	1550.8	1739.3	9437.7
55743	1560.4	1801.3	9643.6
36962	1557.5	1809.1	9883.8
32969	1552.2	1780.5	9491.1
41426	1564.6	1814.7	9712.8
10217	1554.4	1785.1	9458.4
13271	1562.8	1769.4	9591.9
19711	1559.7	1788.3	9706.6
53342	1564.2	1809.2	9761.9
48704	1548.9	1780.7	9513.5
32074	1551.2	1808.5	9518.0
29673	1557.3	1771.6	9821.5
16897	1569.0	1866.3	10057.1
40218	1550.3	1749.8	9303.9
41939	1584.8	1856.7	10197.8
25525	1563.5	1787.1	9539.7
18443	1551.9	1750.1	9481.5
17857	1552.5	1753.6	9393.5
35054	1546.4	1814.9	9778.0
20641	1561.8	1842.9	9780.0
54110	1553.6	1722.9	9307.7
56610	1566.8	1817.1	9962.7
28332	1554.7	1774.2	9443.7
29308	1580.8	1842.1	9909.1
8139	1570.1	1875.3	10034.4
45724	1559.0	1768.9	9640.2
41736	1557.6	1717.9	9450.8
50359	1558.7	1781.0	9700.4
2609	1567.0	1796.1	9679.7
26609	1552.6	1798.4	9577.9
24244	1571.1	1786.7	9808.5
12328	1546.8	1742.9	9513.6
10569	1557.1	1736.8	9352.2
6689	1545.3	1735.7	9228.9
39960	1553.3	1805.7	9668.2
22219	1560.7	1807.9	9756.6
37866	1558.1	1756.9	9560.6
28225	1563.9	1810.4	9623.1
37064	1554.6	1825.0	9656.6
24242	1565.5	1849.1	9996.3
46196	1559.5	1825.3	9782.3
41839	1549.2	1755.4	9344.2
53638	1567.7	1823.5	9828.6
58990	1558.3	1798.8	9724.8
45466	1563.6	1819.9	9709.8
43960	1555.4	1763.7	9536.8
31128	1560.3	1808.1	9757.9
29856	1554.9	1814.9	9496.9
13720	1552.3	1820.4	9713.4
16252	1570.6	1832.1	9916.4
5920	1563.3	1830.7	9859.8
43795	1568.8	1787.0	9792.2
20792	1557.9	1827.6	9708.4
28715	1577.5	1864.6	9784.1
7760	1546.5	1758.4	9244.7
13609	1565.7	1819.2	9806.5
12998	1552.6	1780.2	9420.8
26610	1561.9	1815.2	9719.7
34323	1558.7	1814.7	9722.0
29368	1574.9	1849.5	10231.5
37239	1555.4	1769.1	9686.9
31947	1570.0	1856.8	9992.7
35465	1551.9	1751.1	9326.8
58093	1567.0	1788.6	9682.8
28111	1561.7	1755.4	9641.7
35668	1552.0	1766.5	9350.3
25546	1582.1	1879.0	10227.0
55911	1561.9	1736.5	9576.8
57088	1578.2	1851.5	10531.7
28900	1546.7	1720.6	9245.1
47653	1561.5	1779.6	9423.1
14624	1561.4	1816.3	9727.9
41813	1553.4	1767.5	9509.9
8080	1561.7	1810.3	9782.8
16673	1545.6	1743.7	9370.8
36869	1565.6	1772.3	9715.8
23636	1549.3	1745.6	9356.0
25092	1560.8	1802.7	9634.1
31879	1560.4	1779.2	9644.5
37500	1550.0	1799.9	9445.3
37336	1566.5	1852.2	9890.1
14285	1563.1	1773.0	9711.2
48081	1557.9	1817.2	9682.5
37540	1540.7	1737.7	9385.2
7143	1564.0	1811.9	9647.1
44551	1555.8	1802.4	9470.4
35458	1561.1	1760.9	9642.2
11689	1569.1	1883.8	10127.4
36476	1566.7	1871.8	9851.3
20828	1561.9	1738.5	9454.8
29777	1557.8	1818.9	9698.3
20448	1546.5	1725.2	9176.0
34944	1571.4	1865.9	9839.0
25464	1561.5	1795.3	9537.8
11049	1560.5	1801.9	9771.4
57361	1548.3	1749.3	9376.5
58186	1561.5	1826.5	9937.9
38241	1526.1	1667.1	8981.7
26486	1565.2	1843.4	9713.2
58792	1564.5	1786.3	9588.2
242	1542.4	1753.2	9298.3
53852	1566.8	1807.7	9673.6
40013	1554.1	1836.9	9925.4
19355	1555.7	1772.4	9599.6
23849	1552.8	1799.1	9478.1
59551	1570.3	1820.7	9808.7
16256	1560.9	1836.6	9707.6
52358	1536.3	1774.6	9515.0
6203	1560.7	1781.3	10409.5
31126	1562.9	1751.2	9527.4
48238	1562.9	1772.1	9654.0
1406	1557.0	1814.1	9587.8
55567	1583.7	1854.0	10168.7
41089	1579.9	1870.2	10327.5
17281	1558.9	1763.9	9506.1
29564	1575.9	1844.0	9829.7
29647	1545.1	1773.0	9484.3
1637	1545.8	1760.8	9625.7
15508	1561.6	1770.0	9708.9
35643	1570.5	1834.2	9935.1
18943	1556.4	1765.6	9533.0
19705	1554.5	1853.3	9453.1
24190	1557.5	1786.1	9689.5
13435	1568.6	1779.4	10005.5
19018	1571.5	1779.1	9760.7
15288	1564.1	1794.7	9600.5
50098	1560.2	1845.2	9943.6
20990	1564.9	1802.5	9702.7
4428	1540.6	1777.2	9402.3
38288	1551.3	1800.1	9420.8
46089	1583.4	1881.6	10585.5
9418	1561.4	1824.1	9706.0
31020	1566.0	1823.3	9844.7
44425	1552.5	1775.5	9465.6
365	1567.9	1896.5	9970.0
50371	1547.6	1770.2	9386.7
42893	1559.4	1794.9	9476.1
5069	1559.2	1816.9	9711.2
53484	1561.8	1778.6	9746.4
56639	1558.0	1830.5	9909.2
34355	1559.7	1846.6	9941.0
30434	1569.8	1846.5	9882.4
23767	1549.0	1732.0	9454.3
33529	1566.4	1830.2	9704.9
55892	1572.2	1842.6	9843.5
45014	1555.7	1821.3	9896.6
5871	1556.4	1812.6	9685.6
50507	1574.9	1829.4	9875.9
31607	1547.1	1764.3	9220.6
46765	1557.3	1814.5	9765.8
22389	1545.4	1754.9	9531.9
20415	1565.1	1811.0	9708.0
37594	1570.9	1821.6	9878.3
6544	1559.7	1826.6	9671.2
14839	1560.6	1798.1	9722.6
22177	1550.3	1762.0	9559.1
3584	1565.8	1831.5	9750.8
44860	1560.4	1783.0	9665.4
19629	1576.5	1814.0	10152.1
39500	1557.9	1781.9	10498.0
10792	1564.4	1841.3	9809.5
16109	1574.5	1838.5	9927.3
41332	1576.4	1849.2	9933.8
45843	1554.7	1769.3	9468.4
19239	1550.6	1789.5	9421.0
1849	1562.9	1831.5	9932.8
18271	1553.7	1763.8	9552.3
31005	1556.1	1786.8	9475.2
24070	1568.5	1846.2	9934.6
24919	1561.1	1821.8	9705.9
7908	1578.1	1828.9	9776.5
56998	1561.7	1783.1	9537.0
41007	1567.1	1847.6	10015.8
29892	1555.6	1757.9	9455.5
23345	1545.0	1756.0	9290.5
39950	1567.5	1854.1	9867.1
47383	1563.3	1783.3	9613.6
832	1564.3	1820.9	9866.7
41580	1561.5	1820.4	9787.6
59210	1567.2	1787.1	9773.3
24918	1567.8	1800.2	9610.5
37283	1564.9	1827.0	10318.4
56347	1551.1	1743.7	9416.9
385	1562.5	1825.6	9780.4
4543	1568.1	1850.6	9853.0
20333	1556.2	1774.3	9566.6
47524	1556.2	1794.1	9665.1
53957	1556.8	1783.2	9623.1
20909	1555.3	1786.1	9495.0
46539	1557.9	1769.6	9479.2
1854	1572.0	1866.8	9786.6
34509	1568.1	1816.0	9911.9
15982	1558.1	1778.9	9535.5
10820	1558.2	1744.3	9496.0
1495	1553.0	1815.9	9591.1
56030	1558.6	1783.7	9523.0
10087	1556.0	1816.8	9478.2
42897	1553.1	1783.5	9599.6
36205	1574.8	1832.5	9913.1
2750	1553.7	1832.7	9668.1
51100	1554.8	1823.2	9665.8
16788	1563.9	1789.4	9700.2
48535	1544.1	1748.7	9399.5
20236	1547.0	1743.5	9367.1
3735	1571.4	1821.3	9714.4
28391	1565.8	1859.6	9804.1
11688	1554.3	1775.1	9424.2
28752	1563.8	1775.2	9955.4
51998	1560.4	1773.4	9572.9
44001	1554.4	1775.0	9441.8
1816	1568.0	1834.5	9814.0
37295	1556.8	1779.8	9542.1
56525	1565.9	1808.4	10126.5
39023	1558.8	1828.4	9604.6
50633	1563.8	1808.4	9638.6
43562	1552.1	1753.2	9304.6
54162	1565.7	1838.5	9984.0
49980	1571.3	1836.0	9755.7
23321	1549.5	1745.4	9288.0
35075	1555.2	1797.9	9627.8
21340	1566.5	1863.7	9988.4
1150	1559.5	1809.5	9585.3
36848	1547.8	1760.6	9499.4
2614	1563.6	1766.4	9636.1
8707	1564.9	1815.4	9556.2
45139	1566.7	1808.4	9836.3
53347	1556.6	1783.3	9583.0
10350	1548.3	1770.9	9274.0
50169	1549.6	1760.2	9627.0
628	1571.3	1803.3	9717.6
11710	1546.6	1797.1	9448.8
29849	1575.3	1843.6	10300.0
46515	1548.3	1783.4	9439.2
10657	1583.2	1907.2	10123.6
16259	1574.5	1838.5	9852.4
41785	1547.5	1824.9	9903.5
13097	1555.4	1805.0	9639.7
44869	1558.4	1822.0	10129.8
19492	1577.8	1799.6	9959.3
36492	1555.6	1759.9	9351.6
25683	1564.7	1763.4	9599.9
24338	1558.8	1797.2	9751.9
25219	1555.1	1813.3	9505.9
22261	1542.6	1764.3	9314.7
5087	1558.5	1821.3	9511.4
52632	1559.0	1791.7	9661.6
27549	1570.5	1777.8	9689.6
25283	1568.3	1795.7	9809.8
15400	1550.4	1751.4	9305.7
16232	1561.6	1833.1	9800.2
33798	1562.0	1797.6	9558.7
7504	1557.8	1777.7	9654.0
43489	1557.9	1779.3	9484.8
15205	1566.2	1818.1	9818.6
19301	1571.4	1848.3	9931.3
48794	1568.0	1798.2	9657.3
1397	1560.8	1843.3	9856.9
19723	1562.2	1773.1	9569.2
19703	1550.8	1775.6	9452.1
15867	1557.6	1801.9	9585.0
43906	1564.5	1845.6	9927.3
31316	1568.5	1840.6	9868.6
56803	1557.0	1754.9	9646.8
56231	1569.1	1842.6	9860.9
44861	1569.2	1855.4	9776.5
3206	1562.8	1862.2	9990.6
997	1543.6	1771.8	9244.7
43025	1554.2	1796.1	9714.4
30762	1560.7	1808.6	9770.2
52566	1563.3	1827.9	9797.1
16029	1550.4	1745.2	9366.9
30419	1556.8	1821.7	9527.9
20939	1568.6	1786.5	9639.0
11271	1568.5	1825.1	9735.9
27872	1576.6	1870.1	10215.4
12399	1577.1	1848.4	9897.6
56502	1564.4	1796.2	9722.3
36828	1572.2	1806.5	9795.5
15096	1560.1	1862.3	10060.7
3665	1556.3	1820.4	9718.3
31813	1550.5	1770.0	9408.7
28440	1568.5	1783.4	9952.4
16103	1566.5	1784.1	9705.4
16771	1555.3	1753.3	9406.5
35428	1566.0	1809.1	9624.3
44208	1559.5	1820.4	9769.1
52523	1566.3	1789.5	9661.8
37747	1549.6	1767.2	9488.9
39750	1551.8	1797.7	9502.9
49097	1556.2	1820.8	9943.6
31328	1547.9	1742.6	9559.2
18965	1572.6	1870.6	9854.9
47495	1567.7	1814.8	9932.3
47142	1554.5	1761.0	9468.5
27913	1565.5	1826.6	9674.1
52426	1552.3	1788.4	9545.0
12660	1564.0	1793.7	9745.6
7350	1562.4	1793.7	9706.4
33082	1565.5	1799.6	9923.1
29960	1560.9	1796.0	9727.1
53733	1565.9	1777.1	9960.6
31081	1560.0	1801.9	9748.5
50565	1560.4	1761.9	9518.6
55953	1566.1	1823.8	10062.2
35454	1562.1	1856.2	10203.6
42766	1550.7	1788.9	9556.2
15437	1548.8	1794.3	9550.3
4257	1559.3	1790.1	9622.1
57202	1566.6	1820.9	9762.1
42392	1550.3	1747.4	9360.2
46549	1553.2	1744.4	9455.2
25541	1583.0	1888.9	10047.3
38381	1561.7	1798.0	9930.5
30006	1563.2	1781.7	9626.6
41906	1570.9	1854.3	9821.4
25533	1557.3	1802.0	9619.6
7544	1548.3	1744.6	9436.9
41354	1560.6	1787.0	9682.6
47973	1556.6	1739.8	9509.3
11940	1562.8	1821.4	9784.0
51665	1582.2	1850.0	9940.2
36650	1553.1	1795.4	9701.6
45181	1557.4	1804.4	9601.4
24397	1567.8	1807.6	9747.1
19956	1566.0	1821.8	9732.2
2822	1562.7	1841.0	9808.2
24221	1548.2	1743.0	9189.5
49964	1564.6	1784.4	9601.3
44052	1560.7	1789.1	9484.2
13441	1557.6	1761.7	9573.4
55487	1554.3	1823.0	9696.8
36441	1560.4	1790.9	9906.8
9087	1573.2	1827.3	9888.8
58796	1553.1	1770.1	9465.0
52456	1569.8	1835.4	9896.5
3146	1561.9	1771.0	9495.1
1428	1557.4	1791.8	9405.2
21105	1549.7	1757.5	9287.5
57153	1556.3	1814.2	9623.6
48632	1561.4	1813.8	9706.2
29443	1559.5	1760.0	9683.9
29324	1564.8	1836.5	9870.2
47287	1559.0	1793.1	9576.5
58508	1558.1	1802.1	9760.1
18999	1559.6	1744.6	9430.3
44784	1569.7	1787.8	9731.2
21043	1565.5	1820.9	9918.4
36495	1575.2	1807.7	9878.0
32480	1562.6	1795.2	9543.7
35525	1545.9	1820.3	9714.3
21403	1562.3	1781.8	9735.1
23661	1572.7	1842.6	9728.5
48010	1573.7	1865.8	9832.1
36036	1553.7	1814.8	9700.5
41778	1556.4	1787.2	9589.3
44186	1565.8	1860.2	9832.4
49831	1568.0	1799.9	9790.0
54222	1571.3	1858.5	9932.8
37337	1576.5	1933.9	10192.4
13217	1556.0	1767.4	9596.3
23195	1554.0	1815.2	9657.0
44972	1563.0	1792.8	9622.3
22158	1553.9	1775.1	9423.2
25459	1562.6	1799.7	9895.9
32418	1566.4	1830.5	9772.9
27002	1566.2	1857.7	9906.7
3066	1557.9	1780.2	9546.1
12433	1566.3	1766.8	9642.5
32640	1566.2	1825.0	9704.2
6338	1559.0	1755.5	9356.5
6125	1572.5	1837.6	10036.0
21816	1557.1	1831.1	9936.9
55096	1544.3	1743.0	9618.4
18991	1559.7	1786.7	9590.5
15540	1555.3	1749.6	9573.8
55010	1563.1	1780.9	9715.1
57002	1572.6	1798.8	9800.6
19430	1553.4	1799.7	10011.9
30615	1557.6	1777.9	9598.6
20435	1564.5	1830.5	10012.1
