84490	1862.7	2095.0	14123.4
61900	1860.7	2071.5	14223.9
62835	1879.1	2162.9	14722.1
19582	1856.2	2121.6	14032.6
86273	1849.1	2054.8	14111.4
42160	1859.9	2120.6	14162.1
80841	1871.1	2105.9	14255.9
69342	1870.3	2105.7	14524.3
86881	1847.6	2052.1	14275.7
14493	1866.0	2074.4	14277.1
86047	1844.9	2055.1	13690.5
85000	1846.5	2082.8	13941.2
88834	1876.8	2119.3	14677.5
57945	1887.5	2108.7	15081.7
70147	1853.4	2123.3	14259.2
19491	1865.4	2122.8	14267.1
60682	1875.0	2115.9	14681.1
41319	1863.7	2092.3	14235.7
64904	1870.5	2112.4	14476.6
12136	1856.5	2146.2	14420.6
15000	1860.9	2033.5	14104.5
27872	1857.3	2116.4	14177.1
72071	1890.4	2157.6	15206.1
76558	1857.8	2081.0	14534.2
73650	1853.3	2073.3	13943.4
82117	1867.6	2105.1	14213.0
22675	1853.1	2070.2	14029.5
41410	1863.9	2058.5	14152.2
2767	1863.2	2115.5	14319.9
75611	1852.0	2113.3	14416.1
37916	1840.3	2085.6	13793.6
83091	1859.6	2078.4	14080.8
47320	1868.5	2068.3	14174.4
93134	1870.0	2107.0	14616.1
41837	1835.0	2055.6	13891.2
1151	1867.5	2101.6	14479.1
30123	1856.9	2045.2	14050.1
24022	1851.9	2104.0	14020.4
42827	1855.0	2068.1	13939.6
82692	1858.6	2101.1	14380.5
74676	1862.0	2174.8	14603.4
52913	1852.8	2030.0	13782.0
87712	1854.5	2087.0	14013.5
52864	1876.1	2088.5	14483.1
34248	1852.4	2063.2	14258.8
1900	1852.5	2097.3	14033.1
19593	1873.5	2107.2	14426.4
21999	1846.2	2062.4	13909.2
90670	1856.4	2117.1	14317.3
3015	1854.7	2102.5	14118.6
77287	1852.2	2093.3	13870.0
91723	1885.5	2159.9	14851.1
51575	1862.6	2211.3	14867.5
76462	1868.0	2093.0	14771.3
89481	1856.4	2036.0	14114.1
62366	1851.2	2085.5	13976.5
32815	1847.0	2137.4	14272.3
83453	1854.8	2097.1	14648.0
36135	1850.0	2122.3	14110.0
82526	1868.1	2073.0	14194.1
88212	1861.8	2076.0	14496.1
80936	1849.7	2078.9	14023.8
71259	1869.9	2163.3	14546.0
73008	1838.5	2042.0	13656.0
69202	1872.5	2054.7	14253.3
25413	1860.1	2061.3	14113.3
17455	1854.9	2107.4	13957.8
41012	1848.1	2067.1	14007.2
9920	1845.1	2090.7	13990.7
17026	1849.3	2072.1	13908.7
13921	1866.4	2048.4	14234.1
38747	1849.5	2087.5	14179.1
72740	1856.1	2071.7	14148.9
33399	1875.1	2120.7	14739.6
453	1868.3	2129.9	14342.1
53458	1859.4	2056.7	13866.2
71447	1872.9	2109.8	14398.9
55031	1866.9	2100.8	14265.7
75198	1858.0	2136.7	14200.0
16621	1875.8	2122.2	14914.8
66236	1850.8	2090.9	13888.3
83741	1862.3	2097.6	14277.4
72888	1878.8	2095.6	14597.4
33728	1869.0	2136.8	14379.5
87241	1840.5	2060.1	14064.3
72728	1862.6	2048.5	14030.1
35983	1861.0	2081.9	14460.3
79087	1866.2	2105.0	14421.2
22800	1858.9	2111.3	14163.7
73232	1869.6	2092.8	14367.2
12631	1841.5	2121.8	13896.1
56486	1851.6	2067.7	13931.0
22038	1861.6	2067.8	13998.7
31229	1869.8	2136.0	14595.1
41111	1857.4	2075.9	13924.2
16849	1868.9	2145.1	14832.2
8941	1858.4	2095.5	14516.6
14815	1842.9	2037.4	13845.1
5255	1850.2	2120.5	14135.8
58432	1857.4	2138.4	14542.4
83439	1858.8	2094.7	14330.6
2051	1871.1	2145.9	14445.8
79921	1858.9	2096.6	14351.6
86524	1869.3	2089.3	14205.2
29069	1865.2	2119.4	14238.5
36228	1850.3	2090.0	14399.5
90281	1857.2	2099.4	14506.8
7460	1850.1	2035.3	13845.5
72939	1852.2	2082.0	14085.1
8417	1856.6	2078.3	14006.7
20300	1865.8	2121.1	14437.4
93559	1849.2	2073.2	14180.3
59721	1852.9	2063.2	14073.1
41377	1849.2	2055.3	13939.0
65755	1876.2	2154.7	14750.6
67818	1868.0	2141.4	14718.9
52493	1857.8	2086.7	14083.4
26578	1861.8	2126.2	14186.8
40200	1848.1	2076.7	13939.1
71729	1863.3	2101.3	14342.0
8062	1849.9	2066.3	13929.4
57106	1866.6	2072.3	14170.1
92892	1864.0	2063.8	14266.2
30866	1869.2	2088.1	14371.3
74967	1862.6	2088.1	14206.4
2487	1862.4	2103.7	14179.1
86982	1869.3	2136.8	14621.3
164	1866.1	2168.1	14577.5
67564	1856.9	2082.4	13947.7
14036	1864.0	2095.1	14256.3
13980	1857.4	2078.1	13897.4
45701	1858.6	2148.4	14881.5
34391	1856.3	2100.3	14074.9
3899	1858.2	2107.8	14353.7
67316	1855.8	2130.2	14574.6
34525	1860.9	2087.2	14146.5
51851	1864.6	2094.7	14199.2
20561	1844.9	2101.0	13941.9
52983	1851.0	2048.9	13967.6
86669	1854.7	2076.6	14181.3
21208	1847.1	2009.4	13826.8
13992	1854.5	2130.8	14296.7
55536	1859.9	2061.4	14172.2
87842	1860.4	2118.3	14360.0
83556	1860.6	2084.0	14555.6
49388	1871.1	2171.8	14460.3
34182	1853.1	2079.5	13808.1
61497	1840.1	2021.2	13547.2
37038	1883.8	2146.4	14853.7
38992	1854.7	2058.3	13892.3
56512	1856.7	2056.3	14057.9
68111	1861.8	2062.5	14023.3
45656	1844.7	2042.3	13620.5
59097	1867.6	2106.0	14220.9
92558	1852.6	2095.7	14014.8
51444	1870.5	2119.2	14437.1
48782	1855.6	2103.9	14304.0
4203	1867.4	2132.1	14088.8
77685	1858.9	2109.8	14188.1
80938	1860.2	2070.1	14114.7
47257	1864.0	2097.4	14361.8
64750	1855.4	2056.5	14085.1
83945	1876.2	2155.0	14589.3
73951	1864.5	2104.8	14281.7
45118	1873.0	2092.5	14474.4
2333	1843.1	2029.6	13773.6
24212	1841.7	2087.2	13828.9
84395	1856.8	2034.4	14092.5
77268	1854.5	2032.0	13993.5
93468	1856.2	2076.2	14057.2
60297	1862.0	2090.3	14312.2
86399	1863.4	2091.1	14204.3
41434	1854.2	2112.0	14187.4
56394	1870.3	2081.3	14047.2
65341	1860.8	2134.6	14302.4
20109	1854.0	2074.4	13845.3
28348	1860.8	2063.9	14025.7
3000	1849.7	2078.3	13791.9
90885	1866.6	2127.6	14505.2
71659	1864.7	2161.9	14696.5
56437	1874.2	2168.2	14459.6
5797	1858.7	2163.7	14446.3
30930	1855.6	2062.8	13940.5
64035	1856.3	2093.9	14097.9
32652	1858.3	2080.5	14443.1
32541	1861.2	2169.0	14548.8
20803	1850.2	2062.0	13734.3
18539	1854.7	2043.8	14391.6
62033	1859.9	2146.0	14519.8
60725	1877.4	2154.9	14569.7
94897	1861.3	2101.9	14530.7
52909	1872.1	2189.2	15276.4
66914	1850.8	2065.3	14347.3
77024	1847.1	2010.6	13866.1
13410	1849.9	2074.7	14106.5
17394	1860.1	2096.8	14055.9
29099	1862.6	2108.7	14550.6
18550	1845.9	2086.7	14009.6
8842	1852.3	2140.7	14357.0
80678	1857.6	2064.2	13962.9
42551	1864.1	2123.3	14224.3
75422	1866.3	2125.9	14595.3
61316	1857.4	2071.2	13912.7
55537	1848.7	2100.6	13866.5
56641	1860.6	2151.3	14599.2
50057	1848.1	2178.5	14347.6
33163	1850.0	2081.1	13942.9
44113	1867.0	2081.7	14262.8
43080	1870.3	2138.1	14764.8
69052	1857.6	2103.7	13841.5
13624	1860.5	2118.8	14486.3
60411	1844.0	2076.8	13844.4
74415	1832.2	2027.1	13783.1
4128	1872.9	2122.8	14617.7
51559	1870.2	2092.9	14386.4
32848	1852.8	2108.9	14518.5
42389	1841.7	2056.4	14049.6
79639	1862.9	2170.8	14668.2
11227	1863.1	2072.7	14249.3
87132	1847.6	2075.4	14107.5
43208	1871.1	2147.0	14413.2
16795	1852.5	2076.5	13949.1
91724	1858.1	2063.0	14139.1
66012	1858.1	2144.4	14494.7
50378	1864.5	2062.1	14427.6
16449	1872.6	2160.6	14765.8
91950	1869.6	2165.2	15021.0
6262	1862.4	2169.8	14577.5
31751	1880.2	2108.3	14524.8
79437	1867.1	2097.6	14634.0
89728	1850.1	2094.6	14170.9
70607	1872.3	2104.8	14539.0
26981	1870.0	2124.8	14673.4
61350	1868.2	2102.0	14287.6
94714	1869.9	2103.2	14211.4
17661	1862.3	2184.5	14346.2
66661	1854.1	2058.5	14136.4
34772	1860.4	2083.1	14149.4
16456	1862.2	2084.8	14066.7
51232	1858.1	2058.1	13843.8
90543	1857.1	2073.3	14093.4
66451	1871.9	2114.8	14597.2
94498	1838.9	2019.7	13565.5
72393	1853.2	2078.0	13726.3
93819	1856.7	2070.5	14094.6
37322	1864.8	2110.6	14300.2
76658	1841.9	2085.5	14949.0
22812	1850.9	2093.8	14172.5
15471	1854.7	2073.5	14117.2
77956	1855.3	2102.7	14194.2
52134	1862.7	2075.9	13915.0
86510	1853.4	2098.4	14044.5
80286	1865.2	2108.5	14573.5
92982	1863.7	2054.5	14345.9
83216	1860.7	2091.9	14075.7
72599	1855.1	2089.0	14041.8
71207	1869.5	2173.8	14866.5
9530	1864.8	2091.4	14200.1
19873	1872.6	2116.0	14284.3
39340	1856.8	2049.1	13960.1
80283	1838.3	2021.7	13644.8
43882	1841.2	2054.8	13816.9
77567	1889.0	2190.2	14817.8
72954	1861.9	2098.9	14342.7
32131	1850.7	2084.9	14671.2
57613	1845.6	2061.7	14396.7
61371	1855.5	2054.9	13991.2
66156	1851.8	2035.2	13812.9
91961	1871.0	2121.2	14543.8
21146	1875.2	2170.5	14425.8
2350	1851.5	2107.2	14234.8
89093	1858.9	2091.5	14224.0
15976	1868.9	2113.7	14325.4
31505	1861.9	2114.9	14375.0
42465	1855.6	2055.3	14071.6
72832	1846.6	2064.0	13787.1
56267	1853.5	2097.9	14319.1
31207	1863.5	2123.9	14253.8
37793	1852.0	2042.7	13793.2
69552	1864.0	2120.0	14334.7
61366	1865.4	2119.4	14260.0
71482	1879.8	2158.4	14746.5
53447	1854.4	2058.7	13950.8
88808	1856.9	2117.2	14573.9
12430	1857.1	2135.1	14148.8
55698	1845.2	2055.2	14280.6
90580	1852.8	2062.8	13967.5
37152	1852.1	2046.2	13847.6
62964	1881.9	2175.9	14975.1
66112	1850.9	2072.2	14376.7
13263	1864.4	2123.9	14279.7
88881	1881.4	2106.5	14876.0
9674	1855.0	2098.6	14157.0
16550	1866.7	2133.7	14779.1
32203	1859.1	2127.5	14683.2
91626	1870.9	2120.7	14842.9
77883	1853.7	2025.9	14029.0
45172	1852.1	2116.6	14675.6
45661	1838.8	2003.9	13658.5
49514	1868.5	2095.6	14651.4
28750	1862.5	2133.0	14209.8
68030	1869.5	2157.1	16617.5
53579	1873.0	2113.4	14416.2
17213	1865.1	2114.5	14151.0
74097	1862.6	2083.4	14483.1
1952	1854.9	2095.0	14037.9
78327	1860.1	2107.2	14294.2
86742	1863.0	2111.8	14229.6
15314	1847.2	2077.0	14059.8
9605	1864.4	2124.6	14080.0
72218	1861.6	2126.9	14410.8
78489	1869.3	2157.3	14269.5
91935	1854.4	2076.2	14331.4
46523	1858.9	2132.2	14575.2
23388	1867.4	2121.7	14392.8
74171	1850.6	2061.4	14125.5
70504	1860.2	2093.6	14063.6
20992	1865.2	2128.0	14273.0
30695	1877.2	2140.7	14544.4
93040	1857.9	2088.8	14320.8
50677	1856.9	2035.7	14475.5
75928	1849.4	2060.4	14043.0
37014	1858.5	2100.7	14068.1
3114	1854.2	2129.5	14245.5
28407	1855.9	2097.5	14150.1
74556	1864.7	2102.0	14409.5
984	1868.7	2101.9	14273.2
79977	1874.2	2138.8	14815.5
37644	1852.8	2049.4	14001.3
69309	1859.8	2081.2	14231.3
42535	1867.2	2130.0	14528.0
10876	1862.2	2113.0	14384.1
89744	1865.0	2070.3	14031.0
78053	1859.0	2073.1	14466.7
49206	1875.7	2133.1	14623.7
15820	1856.1	2090.5	14061.4
3402	1863.9	2068.4	14194.1
34313	1869.9	2144.8	14472.8
92396	1872.4	2126.4	14434.9
22201	1853.2	2111.3	14131.0
61055	1868.6	2118.7	14462.5
35040	1869.3	2110.9	14478.2
73701	1887.7	2221.2	15336.1
16168	1858.0	2095.7	14230.3
8527	1864.4	2247.5	14770.0
48773	1874.1	2105.4	14487.6
42761	1859.5	2053.2	14235.9
82908	1853.8	2125.9	15255.3
43995	1855.3	2117.4	14065.9
72376	1852.3	2096.9	14313.2
28609	1855.5	2116.7	14225.7
24883	1878.5	2107.2	14311.0
90755	1865.0	2105.0	14009.4
49340	1870.3	2080.1	14416.6
50558	1850.6	2085.4	13963.2
57225	1853.7	2105.7	14115.5
7708	1856.8	2132.5	14227.6
35014	1867.2	2080.6	14268.1
60515	1865.5	2108.8	14579.3
1353	1869.8	2080.6	14409.7
78338	1870.3	2160.4	14801.9
426	1843.4	2068.1	13811.2
31463	1838.2	2046.9	14121.2
58407	1848.1	2074.4	14152.6
8744	1868.9	2168.7	14741.1
78163	1852.9	2093.1	14069.9
23908	1857.5	2103.5	14099.8
87089	1859.6	2111.5	14349.7
7737	1845.1	2041.3	13597.8
74936	1869.3	2093.9	14818.4
50492	1861.2	2071.2	13973.8
44880	1851.9	2120.3	14391.3
58589	1858.2	2082.1	14420.0
287	1841.8	2108.8	14314.4
45916	1861.7	2053.6	14191.4
83110	1853.7	2075.3	14015.7
68534	1854.8	2072.0	13995.9
93812	1857.3	2089.2	14344.8
83554	1877.9	2138.1	14598.0
30627	1853.0	2099.7	14407.3
87609	1868.3	2090.6	14441.1
93657	1869.2	2149.2	14603.3
20696	1866.1	2151.0	14398.4
1697	1881.7	2184.9	14775.4
6876	1851.0	2093.7	14107.9
35186	1871.5	2167.9	14484.9
54581	1874.0	2107.6	14406.1
36610	1851.6	2056.3	13679.0
18838	1860.2	2132.5	14316.5
23976	1864.2	2126.6	14196.8
22868	1865.7	2130.5	14439.6
33981	1851.1	2023.1	13794.0
32897	1853.1	2091.9	13788.3
14338	1855.8	2067.0	14215.7
26469	1850.3	2069.1	13980.8
38723	1880.7	2184.9	15181.7
9405	1851.3	2093.0	13939.5
38752	1859.0	2043.5	14037.8
2177	1865.3	2105.9	14565.4
23869	1854.8	2043.7	14091.8
63948	1858.2	2088.3	14007.8
6119	1863.8	2094.6	14071.3
55472	1847.7	2037.0	14101.4
23767	1862.0	2123.9	14710.3
30377	1858.9	2124.1	14187.3
12566	1858.7	2087.2	14663.4
42787	1863.6	2135.6	14338.3
23341	1873.3	2096.4	14590.8
23003	1849.4	2135.2	14153.9
1807	1871.3	2154.9	14255.9
81438	1854.7	2107.1	13869.4
5773	1860.8	2111.7	14440.8
88275	1855.6	2071.0	14031.7
44929	1835.7	1983.6	13574.6
54429	1860.7	2125.9	14713.4
55046	1865.5	2104.7	14367.6
70923	1859.2	2108.9	14293.3
87686	1865.2	2113.0	14465.0
62021	1846.4	2078.8	13958.0
54475	1877.1	2137.1	14904.2
7439	1857.9	2157.8	14410.8
24696	1853.7	2091.9	14281.2
22942	1855.2	2125.2	14963.7
56257	1862.1	2120.1	14304.9
551	1861.2	2112.9	14429.5
94908	1862.6	2126.7	14677.7
44698	1845.9	2016.4	13524.3
20437	1862.1	2132.8	14595.1
24532	1856.1	2100.5	14271.1
39016	1853.1	2123.7	14369.3
9281	1855.9	2030.8	13922.9
41169	1849.3	2109.9	14504.9
24484	1879.1	2174.2	14860.9
85385	1866.0	2122.5	14308.2
60824	1853.3	2049.4	13888.8
26001	1861.7	2058.8	14015.3
60498	1844.7	2118.1	14173.2
59755	1861.2	2112.3	14133.4
58663	1879.6	2123.3	14473.7
46759	1853.7	2111.3	14260.1
79068	1875.7	2136.5	14647.3
86144	1864.9	2113.6	14502.4
63812	1846.7	2086.2	14018.0
92797	1851.5	2084.5	14579.6
65627	1865.3	2113.0	14954.7
32032	1852.2	2137.9	14243.3
69667	1871.3	2149.1	14710.1
35601	1853.6	2092.7	14049.8
59561	1868.6	2159.7	14500.3
53040	1863.9	2100.6	14382.1
91720	1850.5	2034.0	14008.9
87116	1855.4	2074.1	13859.7
20821	1850.4	2099.6	14110.5
88729	1863.8	2127.7	14217.3
88436	1864.1	2036.9	14017.8
74237	1876.5	2139.0	14421.8
20237	1862.6	2079.8	14357.3
12243	1871.0	2123.3	14292.1
33226	1865.3	2097.0	14659.7
10519	1867.5	2064.5	14336.9
18177	1861.1	2150.7	14681.8
14620	1851.6	2084.3	14260.6
76611	1885.8	2166.7	14586.8
80474	1863.7	2119.5	14384.2
85444	1858.3	2061.2	14163.1
21244	1836.9	2052.1	13965.4
63054	1846.1	2065.3	14034.6
55203	1877.3	2124.1	14754.3
25617	1870.5	2111.2	14689.4
18723	1852.4	2024.8	13897.6
85277	1860.5	2157.6	14762.8
18637	1854.8	2157.0	14443.2
53147	1856.7	2037.6	13878.5
78086	1868.7	2105.3	14912.5
60157	1846.7	2047.9	13907.6
4452	1852.6	2088.4	14239.6
92266	1860.5	2064.9	14007.0
6387	1867.1	2130.5	14419.0
81316	1868.2	2100.6	14274.9
32291	1872.5	2159.5	14626.9
44399	1869.2	2137.9	14614.3
8226	1869.9	2145.4	14697.6
94184	1849.7	2037.8	13852.3
13213	1865.3	2139.7	14434.2
63447	1858.0	2131.9	14288.1
4811	1860.7	2101.9	14229.3
66986	1842.8	2099.9	14111.1
91026	1866.8	2048.5	14239.4
80583	1849.4	2083.7	14299.8
2682	1860.5	2108.7	14115.0
26979	1834.2	2053.0	13586.2
25056	1868.3	2144.9	14906.7
32968	1857.6	2133.6	14302.8
24095	1851.9	2081.7	14086.5
60438	1865.1	2155.5	14561.5
60008	1851.3	2115.1	14074.8
52746	1866.2	2127.0	14838.2
20986	1863.7	2130.6	14573.5
64218	1856.1	2020.0	14002.2
70485	1858.3	2041.9	14002.5
54490	1850.9	2096.2	14041.2
24837	1865.4	2064.8	14115.9
33469	1849.9	2082.9	14175.2
33976	1865.9	2154.9	14245.7
30770	1850.6	2114.8	14125.4
85470	1860.2	2073.4	14143.6
28016	1841.2	2086.5	14051.8
88002	1871.4	2129.2	14976.3
49314	1842.1	2036.6	14181.0
84685	1858.3	2046.9	13902.8
75582	1864.3	2100.8	14258.6
45402	1854.6	2128.4	14269.3
70859	1844.0	2082.7	14160.8
6521	1858.2	2139.1	14482.2
31831	1854.7	2053.3	13839.0
46496	1865.6	2058.6	14312.3
65606	1868.0	2065.1	14413.4
6480	1859.0	2122.7	14131.3
51366	1850.4	2078.0	13855.6
19588	1860.1	2076.9	14480.4
3739	1863.5	2150.2	14548.5
77823	1850.3	2065.4	13865.8
40160	1857.0	2113.6	14306.4
20568	1867.6	2170.5	14374.9
68012	1866.1	2086.9	14268.7
37881	1853.2	2101.8	14083.9
19164	1849.1	2058.1	14041.3
11982	1863.6	2122.9	14652.8
3600	1869.2	2123.0	14668.4
28711	1863.5	2171.6	14423.4
13027	1864.5	2101.7	14241.3
28503	1861.8	2099.2	14406.0
85526	1864.5	2125.0	14713.4
92712	1861.0	2091.0	14268.9
49808	1875.7	2156.1	14335.2
73139	1873.7	2091.6	14400.7
92674	1853.0	2096.8	14439.1
76285	1864.9	2089.4	14442.7
77699	1885.3	2139.9	15875.0
93189	1852.7	2046.1	13854.1
80855	1846.9	2005.6	13710.4
51279	1858.1	2122.6	14267.5
28315	1865.6	2109.4	14709.6
70398	1866.0	2132.2	14571.8
91688	1865.3	2120.3	14499.4
42941	1861.7	2075.0	14099.9
44001	1865.7	2099.0	14680.1
92283	1861.5	2053.3	14099.1
74002	1868.0	2048.1	14054.6
72088	1856.2	2058.4	14313.1
27143	1855.0	2138.1	13960.2
75990	1858.2	2060.8	14280.9
93183	1846.1	2026.8	13936.3
28607	1864.9	2086.3	14140.1
53108	1849.7	2071.1	13918.9
25581	1872.2	2128.2	14670.8
13250	1846.8	2078.1	13788.7
36469	1843.5	2070.6	14065.9
93587	1848.8	2039.5	13882.4
12754	1860.0	2112.3	14391.1
18599	1883.3	2135.3	14579.4
88836	1861.7	2078.8	14302.5
61615	1853.3	2073.1	14151.2
27830	1850.8	2083.8	14021.8
42565	1854.3	2066.5	13752.1
90669	1863.4	2079.9	14210.3
9105	1877.6	2219.3	14780.3
25970	1858.1	2089.7	14392.3
57989	1867.4	2102.5	14567.5
65581	1856.4	2103.2	14238.6
27344	1848.6	2110.2	13980.7
2422	1864.9	2120.7	14576.8
82841	1856.0	2094.9	14863.4
68992	1866.9	2067.4	14103.8
48790	1858.0	2097.1	14005.7
69882	1850.8	2003.1	13693.9
1244	1864.2	2104.2	15231.7
67033	1865.4	2056.5	14210.3
63635	1879.5	2121.0	14481.2
53401	1866.6	2125.9	14523.4
34673	1858.3	2059.4	14162.2
50826	1845.7	2044.2	13705.8
32248	1856.2	2028.9	13960.1
71685	1844.9	2056.9	14066.7
5997	1852.7	2120.6	14201.4
31479	1861.8	2137.2	14280.1
65207	1873.2	2130.7	14667.1
87247	1851.4	2079.1	14329.3
38605	1873.5	2134.1	14461.4
21110	1878.5	2157.1	14625.3
61662	1856.9	2045.1	14004.4
23536	1849.5	2144.0	14382.3
9504	1862.2	2098.8	14210.4
11895	1865.3	2113.7	14240.9
5338	1872.2	2171.2	14605.4
29230	1858.0	2097.3	14109.5
18245	1848.0	2071.4	13869.4
13073	1867.2	2145.5	14355.3
53190	1864.4	2122.3	14532.7
44093	1873.1	2097.1	14320.4
23072	1852.4	2092.9	14175.4
70480	1866.6	2098.1	14155.3
41820	1853.9	2087.0	14165.9
66725	1849.0	2019.9	13948.3
56970	1891.1	2189.6	14900.0
17370	1870.6	2158.1	14481.7
48188	1844.3	2082.4	13935.3
60309	1854.5	2072.8	13937.5
87683	1859.0	2108.4	14302.6
53585	1873.3	2116.6	14520.6
68700	1862.8	2088.5	14310.6
4992	1854.8	2067.0	13952.8
12208	1852.1	2082.3	14089.3
94294	1853.3	2047.2	13979.2
47774	1862.2	2170.7	14696.4
35289	1867.6	2116.7	14571.2
30629	1853.0	2058.6	14078.8
79848	1863.4	2099.9	14001.3
55112	1855.9	2090.1	13945.5
70796	1870.8	2117.7	14682.2
1060	1858.3	2102.2	14703.0
76504	1852.9	2031.0	13874.4
9908	1868.5	2122.1	14452.6
28344	1855.8	2065.8	14177.2
33786	1853.7	2004.9	13852.8
81831	1865.8	2068.9	14280.7
13365	1855.4	2113.4	13886.9
93186	1863.4	2148.3	14689.2
41925	1858.1	2133.4	14765.5
63493	1861.4	2075.0	14104.2
56891	1864.7	2117.9	14427.9
52018	1863.1	2081.6	14262.7
70243	1857.5	2106.7	14604.3
60067	1874.8	2129.2	14734.8
15965	1849.5	2080.0	13839.1
93380	1850.1	2071.1	14143.8
4239	1843.2	2078.5	13715.5
94916	1888.5	2178.4	14786.1
55047	1865.8	2113.4	14343.6
20858	1861.9	2106.4	14273.9
58780	1851.2	2090.3	14737.9
79902	1855.9	2085.2	13967.7
45551	1870.9	2123.6	14391.3
93060	1867.2	2165.4	14746.4
2575	1890.4	2170.4	14539.0
1928	1845.9	2057.0	13734.0
50143	1856.4	2061.6	13970.6
15359	1856.9	2141.2	14083.8
35086	1845.4	2034.2	13584.5
80687	1863.0	2120.7	14426.1
60336	1857.2	2082.8	13979.6
46955	1875.6	2155.6	14655.1
82191	1858.4	2095.9	14165.9
84184	1864.0	2050.6	14287.1
72037	1854.8	2080.4	13990.7
12894	1856.9	2092.8	14467.9
34613	1858.1	2098.7	13803.0
84852	1860.1	2095.8	14113.2
28687	1856.1	2104.1	14133.1
87626	1872.8	2126.2	14567.3
57256	1861.8	2134.6	14318.8
53175	1858.6	2086.0	14012.6
4587	1842.9	2045.9	13995.0
23396	1865.1	2124.9	14213.7
30722	1873.3	2139.7	14820.6
72108	1858.4	2098.6	14261.7
59193	1863.8	2074.5	14140.5
86001	1854.8	2060.4	14100.6
93093	1867.0	2080.5	14300.8
24362	1862.2	2091.9	14241.2
73580	1856.4	2113.8	14536.0
10286	1870.3	2153.6	15217.2
5519	1859.9	2121.2	14440.0
14494	1856.9	2086.8	14320.1
20265	1857.4	2121.0	14654.8
17803	1857.1	2068.1	14217.7
64013	1855.0	2072.4	14069.4
9086	1843.7	2070.0	13895.1
44649	1861.0	2076.0	14271.0
61468	1842.0	2054.4	13959.5
58842	1863.9	2078.5	14855.1
75209	1859.8	2097.2	14133.8
32520	1857.1	2119.0	14453.1
69771	1856.0	2076.5	14051.1
43406	1871.2	2133.4	14342.7
94661	1847.8	2039.7	13746.2
45864	1857.6	2098.3	14167.4
68601	1852.0	2090.4	14255.3
23490	1859.7	2097.1	14321.8
41285	1860.4	2067.9	14120.4
73497	1857.6	2071.2	14081.8
64601	1837.9	2049.6	13554.4
33510	1868.5	2105.6	15098.1
30605	1871.3	2160.3	14929.3
15138	1851.1	2095.2	14040.7
45061	1860.8	2096.8	14415.1
25986	1874.9	2153.2	14430.5
66826	1856.0	2053.4	14210.2
55141	1865.2	2110.0	14380.7
46575	1854.5	2070.4	14054.4
39161	1852.4	2070.4	13831.4
92443	1862.7	2096.5	14376.0
77000	1855.4	2049.1	13953.4
33493	1852.2	2128.3	14098.1
49161	1871.8	2120.3	14266.1
73320	1857.1	2068.0	13894.6
35467	1853.5	2043.7	13606.6
23739	1866.1	2115.7	14434.4
5733	1850.7	2095.5	13837.2
80773	1866.0	2055.3	14268.8
69598	1849.2	2047.5	13949.2
43238	1858.1	2119.9	14040.9
2228	1866.8	2155.4	14885.5
58511	1865.0	2133.8	14334.1
93453	1856.1	2095.9	14029.6
86777	1840.1	2035.1	13892.6
48718	1860.2	2065.5	14194.1
94610	1872.4	2125.9	14462.4
7789	1852.8	2105.1	14032.9
69580	1858.4	2061.3	14026.5
44354	1873.9	2121.7	14593.9
49264	1865.1	2118.6	14320.8
64706	1856.3	2065.6	13989.4
55530	1858.2	2076.3	14213.3
90531	1848.7	2052.8	14191.8
40320	1854.2	2097.8	14200.7
94082	1857.3	2086.5	14132.4
93402	1855.7	2056.3	14230.1
62332	1853.0	2023.2	13871.7
46323	1857.9	2113.0	14149.8
51437	1862.7	2098.4	14375.5
81634	1851.8	2081.2	14188.8
72833	1857.4	2089.0	14194.0
70709	1860.0	2105.0	14431.1
63404	1863.6	2113.2	14258.9
25459	1876.1	2157.1	15220.8
47646	1851.7	2097.3	13900.5
85305	1859.1	2101.9	14315.5
10983	1863.0	2103.7	14354.8
6052	1855.6	2082.3	14188.1
11487	1864.8	2125.5	14366.8
57369	1855.3	2074.5	14099.1
30821	1852.5	2062.9	14207.4
84214	1865.8	2106.2	14238.6
64815	1859.0	2134.2	14230.3
23183	1854.7	2139.9	14270.1
18786	1857.9	2087.5	14558.2
64593	1856.5	2096.4	14275.0
3394	1853.4	2115.6	14010.7
72670	1837.0	2012.8	13720.0
22884	1869.6	2144.2	14413.9
70817	1858.9	2050.7	14282.6
12651	1853.9	2113.1	14177.7
69801	1852.7	2111.0	14007.1
82040	1850.3	2044.9	13670.3
51369	1846.3	2069.9	13890.0
92117	1848.7	1997.0	13811.3
24487	1863.0	2086.9	14367.2
27923	1880.0	2160.1	14921.8
86094	1864.4	2086.5	14390.5
62315	1831.2	2025.6	13461.9
85319	1852.4	2070.4	14055.1
85281	1850.7	2063.3	13930.1
25088	1844.8	2088.9	13818.7
52938	1864.1	2089.2	14540.8
60643	1853.9	2061.7	13807.4
8389	1870.9	2192.1	14810.0
35541	1866.7	2107.7	14441.4
55929	1845.1	2085.7	14076.7
52578	1855.4	2092.7	14058.8
69827	1870.8	2120.2	14460.9
220	1877.4	2095.1	14581.3
81459	1873.4	2120.9	14302.7
23041	1859.6	2064.8	13968.4
80419	1869.3	2145.9	14618.7
27208	1852.3	2068.6	14128.4
50509	1876.3	2132.1	14573.0
85208	1868.0	2102.4	14364.2
51290	1853.3	2052.4	14082.1
86920	1860.6	2088.4	14737.6
4159	1851.5	2099.8	14102.1
76993	1868.0	2073.4	13995.9
59084	1848.8	2115.0	14299.5
8059	1857.3	2107.5	13996.7
46074	1869.4	2106.5	14353.8
53624	1856.8	2093.1	14213.8
89972	1857.7	2086.1	14205.0
22298	1876.9	2115.1	14380.1
23546	1861.7	2115.8	14748.9
51627	1861.7	2034.6	13796.9
10294	1845.9	2069.0	13928.6
90006	1842.9	2045.5	13996.2
37788	1861.7	2094.7	14169.3
71896	1864.1	2106.5	14161.2
19459	1862.5	2109.9	14256.6
19180	1875.2	2151.1	14849.6
87834	1855.7	2079.8	14269.4
35051	1864.8	2107.3	14270.4
27784	1856.4	2084.3	13993.5
73419	1865.9	2060.4	14224.0
58674	1851.5	2043.4	14120.0
19955	1864.7	2097.4	14372.9
51839	1866.0	2115.3	14488.6
52751	1851.1	2067.3	13988.9
91162	1855.7	2070.8	14413.8
52255	1845.9	2045.1	13878.5
18417	1866.7	2089.2	14103.6
18032	1860.4	2117.1	14517.3
65086	1847.4	2067.4	13998.9
83203	1862.9	2095.0	14231.4
75230	1850.9	2067.2	13974.8
46697	1874.5	2152.7	14421.0
89874	1867.3	2120.3	14266.1
17992	1844.2	2024.1	13787.4
87133	1876.9	2118.6	14765.8
15045	1861.9	2137.8	14531.2
5473	1850.9	2110.6	13802.9
23365	1853.0	2069.5	14144.9
42446	1832.5	2061.2	13757.5
38547	1860.2	2088.3	14172.1
88745	1850.9	2119.9	14185.8
69166	1845.3	2060.7	14071.4
82892	1843.3	2055.4	13676.6
17044	1862.5	2175.2	14491.1
62496	1862.6	2094.7	14464.5
39685	1860.8	2143.2	14475.6
2541	1852.0	2069.0	13908.2
83002	1865.7	2114.0	14358.2
67145	1859.2	2082.0	14315.7
80661	1876.0	2149.7	14773.3
51224	1864.5	2150.3	14526.2
24873	1873.9	2153.3	14647.9
7165	1855.8	2112.3	14093.1
33716	1876.5	2068.6	14334.5
21553	1857.9	2094.8	14005.0
39959	1868.6	2109.7	14289.4
28400	1885.1	2203.5	14861.7
17264	1840.6	2070.2	13952.3
36789	1854.2	2041.3	14114.1
56813	1858.6	2027.9	13828.3
30803	1862.3	2116.6	14273.3
54572	1862.4	2124.3	14222.6
73696	1865.4	2153.0	14491.0
8557	1859.2	2126.1	14498.2
51184	1854.3	2106.5	14078.7
71112	1856.4	2072.5	13938.2
72716	1849.3	2049.6	14007.4
87303	1860.7	2085.5	14690.5
35819	1860.7	2105.3	14195.1
10546	1873.4	2167.6	15016.3
53264	1870.3	2143.5	14502.2
25610	1864.8	2077.6	14170.1
14226	1866.7	2163.3	14550.3
86720	1847.5	2101.2	14072.1
59750	1869.4	2086.7	14296.7
80652	1860.7	2068.9	14183.8
39370	1864.9	2100.9	14080.8
83802	1872.1	2104.5	14559.8
20822	1854.5	2115.7	14311.6
79154	1862.8	2092.8	14143.9
44449	1860.3	2112.6	14351.1
57543	1850.2	2136.3	14020.1
91205	1868.6	2033.1	14404.5
61403	1876.3	2106.9	14347.9
91487	1868.6	2148.8	14616.8
62691	1853.3	2091.8	14157.2
73063	1846.1	2040.0	13704.2
70433	1862.4	2076.4	14200.1
90225	1861.3	2095.8	14077.8
15531	1844.3	2052.2	13826.7
31814	1860.5	2082.8	14133.7
88424	1859.2	2120.1	14139.7
59522	1855.7	2072.9	13993.4
5147	1851.0	2061.7	14160.4
39006	1853.6	2107.6	14352.8
71322	1865.9	2088.6	14130.1
23404	1872.7	2138.9	14398.2
78655	1851.6	2082.5	14357.1
49122	1865.5	2052.4	14104.5
2757	1843.2	2081.0	14097.0
40294	1850.6	2109.3	14016.4
37766	1855.4	2124.0	14405.2
91983	1862.5	2094.6	14602.9
78903	1844.1	2058.1	14072.1
75354	1842.2	2037.9	13838.2
31330	1843.2	2028.4	13913.3
44162	1889.1	2179.2	14865.9
84256	1860.9	2088.0	14325.5
86641	1867.9	2079.8	14423.8
54567	1859.1	2075.8	13946.1
36672	1865.8	2137.5	14423.6
34878	1856.2	2084.0	14127.4
34559	1862.5	2126.8	14190.5
75514	1868.2	2122.9	14634.0
13833	1865.7	2104.2	14404.5
46959	1859.9	2074.4	14207.8
26635	1853.5	2085.2	13946.3
40371	1868.3	2149.0	15111.5
91861	1849.0	2092.6	14091.8
1674	1858.3	2020.1	13665.6
48047	1852.7	2073.9	13843.6
9243	1859.5	2136.7	14270.8
90712	1839.2	2073.1	13797.0
47822	1858.8	2108.8	14982.2
6854	1857.3	2077.7	14073.6
13105	1856.9	2056.8	13989.2
9507	1875.2	2211.7	15257.5
90436	1849.1	2045.5	13738.5
51832	1866.5	2106.6	14287.1
41782	1848.4	2091.8	13883.0
10851	1859.6	2125.8	14229.7
81790	1865.2	2087.6	14433.4
31225	1854.3	2063.8	14137.6
14741	1857.0	2125.3	14097.2
76065	1843.0	2067.2	13823.9
14331	1841.3	2093.8	14462.1
88710	1870.5	2097.7	14446.9
6645	1852.6	2132.5	14153.6
80716	1854.1	2104.7	14379.2
76263	1857.0	2075.5	14074.8
53814	1859.5	2110.0	14242.8
93781	1878.9	2145.9	14354.5
38981	1859.8	2099.4	14283.0
50241	1859.1	2092.8	14306.0
48031	1857.8	2096.1	14033.8
56132	1871.5	2110.2	14562.5
63605	1851.2	2058.2	13865.4
14213	1860.0	2127.3	14503.6
88994	1858.7	2068.7	14239.3
41576	1861.5	2109.4	14647.0
62020	1861.5	2097.3	14302.8
66939	1864.4	2110.1	14217.2
5014	1850.8	2121.7	14600.6
82326	1852.0	2052.5	14240.1
49717	1849.7	2022.7	13707.2
28048	1853.7	2090.2	14071.9
37896	1861.9	2119.8	14400.7
84662	1862.8	2094.4	14607.3
73622	1854.0	2056.9	14234.3
15133	1864.0	2128.3	14599.8
46478	1869.5	2076.3	14630.7
23726	1865.9	2142.3	14712.4
57934	1861.9	2143.9	14410.2
65875	1849.3	2114.6	14552.7
50742	1858.7	2079.6	13978.6
42345	1858.0	2085.0	14130.1
25265	1843.5	2045.9	13906.8
27259	1849.8	2111.4	14198.1
40907	1858.6	2058.5	14014.5
73619	1845.9	2062.2	13890.3
14765	1867.1	2115.5	14306.1
70527	1845.7	2037.8	13893.1
28903	1848.1	2104.7	14230.5
66506	1857.1	2051.5	14153.7
92068	1852.3	2080.9	13957.1
44141	1847.8	2115.4	14080.0
69472	1852.3	2102.0	14514.9
26669	1880.1	2194.2	15392.1
70803	1857.4	2108.5	14494.9
94922	1858.2	2129.7	14289.3
35262	1858.9	2070.2	14112.2
27791	1859.1	2081.9	14107.9
41474	1860.6	2093.8	14166.4
85821	1869.2	2107.1	14424.0
53694	1879.6	2126.0	14643.6
37439	1873.6	2125.0	14617.7
63768	1844.1	2074.1	13918.3
48073	1857.5	2075.1	14143.6
53392	1849.1	2039.1	13774.8
61418	1866.0	2098.2	14451.7
49211	1863.2	2089.9	14630.4
48363	1855.9	2092.0	14375.0
80587	1843.4	1973.3	13537.1
9965	1867.7	2135.5	14570.9
25275	1868.6	2122.0	14261.3
66015	1881.6	2140.3	14852.8
41639	1862.5	2126.4	15028.4
10114	1853.0	2112.1	14237.0
87070	1848.4	2058.2	13997.6
88341	1865.1	2111.4	14489.7
69492	1859.2	2066.5	13983.7
12691	1851.0	2049.5	13897.5
60522	1850.4	2040.7	13825.8
75647	1863.3	2095.6	14482.7
82099	1851.4	2022.4	13973.3
28057	1855.3	2091.0	14013.5
29002	1867.8	2109.2	14289.1
11514	1871.6	2113.9	14929.8
28838	1871.1	2082.8	14227.2
1790	1839.4	2078.0	13764.3
54312	1884.4	2096.8	14337.8
55178	1869.1	2076.1	14040.2
17490	1853.2	2067.5	14407.0
17431	1869.0	2121.0	14245.1
49088	1854.4	2039.5	14209.4
11942	1866.5	2107.9	14432.0
65628	1853.0	2058.6	13846.8
22849	1856.0	2095.9	14131.0
67073	1849.4	2058.6	14312.7
89317	1849.3	2071.4	14161.5
