54852	1518.9	1761.9	8842.8
25235	1510.2	1761.9	8635.5
40763	1529.4	1765.3	9354.2
47859	1510.5	1746.1	8584.2
34909	1511.5	1712.3	8517.7
25990	1508.5	1728.2	8849.0
17766	1518.1	1791.1	8981.4
29813	1522.4	1694.8	8715.6
37663	1512.3	1733.6	8580.5
35047	1530.2	1800.8	8856.3
39153	1514.7	1774.4	8844.4
8261	1505.0	1740.6	8563.0
21211	1519.4	1793.3	8874.3
51548	1523.2	1774.7	8826.0
44347	1522.5	1746.2	8735.9
14211	1518.1	1818.0	8842.1
44043	1500.8	1738.1	8495.6
25318	1511.5	1735.1	8654.5
19363	1489.0	1687.0	8283.1
9159	1514.5	1718.8	8641.0
43712	1509.6	1736.7	8645.4
34290	1522.8	1797.7	8864.9
42888	1528.3	1770.8	9091.6
41319	1521.7	1796.8	9430.8
29654	1518.4	1704.9	8550.7
41820	1537.3	1757.2	8818.4
2528	1515.1	1786.5	8606.4
40502	1521.4	1736.9	8792.7
33725	1512.2	1784.5	8776.2
13419	1519.7	1789.4	8641.4
10918	1517.4	1739.6	8683.4
39878	1500.4	1701.7	8479.9
54459	1524.6	1722.6	8676.5
27244	1515.0	1720.4	8563.6
22617	1510.0	1726.0	8522.2
43949	1524.4	1799.1	8987.6
27882	1516.3	1749.9	8840.4
41695	1504.0	1719.3	8473.0
29157	1511.5	1744.9	8658.5
53167	1518.1	1777.6	8757.8
42145	1519.9	1771.4	8881.9
53200	1518.0	1756.3	8630.9
47577	1513.6	1747.5	8525.4
30153	1524.8	1758.7	8883.3
45937	1516.1	1749.5	8804.5
13300	1512.4	1793.3	8899.5
51080	1507.4	1693.1	8560.1
21164	1521.9	1779.7	8808.3
30556	1495.2	1692.2	8450.2
14465	1511.0	1701.2	8612.7
37340	1524.5	1803.4	9057.2
35395	1518.8	1829.9	9193.7
47460	1526.8	1818.4	9062.8
16289	1519.9	1740.6	8683.4
28607	1515.0	1776.0	8790.6
46867	1521.7	1753.6	8949.4
54196	1519.9	1763.2	8835.9
26463	1513.0	1745.0	8719.6
38558	1521.2	1724.7	8718.5
54807	1521.3	1756.9	8793.9
254	1506.9	1713.5	8402.1
50907	1504.9	1685.5	8429.6
48170	1521.1	1769.1	8692.5
45260	1502.8	1757.2	8583.3
2081	1514.0	1760.1	8782.9
23930	1526.4	1786.9	8838.9
44198	1530.7	1781.1	8990.7
37980	1506.3	1723.8	8481.6
26292	1508.6	1689.2	8570.5
4905	1520.7	1793.5	8835.2
20345	1507.5	1714.1	8510.3
21276	1513.8	1737.9	8691.5
16826	1525.1	1814.8	9484.2
22478	1521.4	1793.6	8900.5
48829	1519.3	1738.2	8908.1
37365	1522.9	1774.0	9137.4
43636	1519.6	1777.0	9121.7
32043	1525.9	1796.5	8961.0
6395	1510.5	1740.1	8684.3
35302	1529.4	1796.6	9009.5
26724	1529.1	1805.1	9061.3
21750	1511.7	1734.0	8643.1
4000	1509.6	1724.5	8658.6
12818	1508.2	1728.8	8567.2
32156	1537.4	1796.8	8920.3
47767	1519.8	1765.0	8892.5
54377	1518.9	1738.0	8731.1
14646	1530.5	1837.6	9014.5
2497	1529.4	1788.5	9033.4
15531	1533.3	1780.0	9043.9
49411	1525.5	1832.8	8915.7
43138	1506.7	1743.4	8646.8
40666	1506.9	1751.2	8617.5
34838	1538.0	1794.4	9104.4
8152	1512.9	1780.8	8687.6
22407	1511.0	1734.1	8517.9
44512	1519.0	1749.5	8908.4
25813	1525.7	1744.1	8673.2
39177	1523.5	1821.9	8865.2
35193	1516.6	1709.9	8583.8
34419	1513.3	1720.0	8691.6
49231	1509.6	1713.1	8647.0
24949	1516.2	1766.2	8671.4
8757	1502.4	1759.4	8643.2
2071	1525.2	1815.8	8931.6
43741	1527.4	1768.9	8957.6
41170	1512.9	1777.1	8881.2
39020	1536.9	1773.0	8810.1
27885	1529.6	1807.9	9729.4
11897	1513.5	1747.4	8750.2
50892	1515.8	1757.6	8614.9
48328	1518.1	1756.4	8781.8
42662	1515.3	1744.0	8698.1
2020	1507.4	1740.8	8487.7
3173	1523.1	1777.6	8808.1
33672	1510.8	1804.2	8913.8
18465	1509.9	1774.2	9237.5
6178	1502.7	1724.2	8277.2
7460	1518.6	1751.8	8763.6
29047	1510.9	1720.4	8628.8
29494	1516.3	1754.0	8650.7
47079	1517.1	1743.8	8749.9
49149	1519.9	1767.7	8644.6
36193	1500.1	1673.6	8341.8
28414	1514.9	1753.5	8800.9
9529	1517.6	1778.4	8880.7
40746	1520.7	1809.6	8926.0
32992	1513.9	1733.5	8785.2
48888	1503.5	1742.6	8729.5
11488	1504.8	1734.9	8517.3
75	1516.0	1768.8	8849.2
186	1510.9	1728.6	8666.8
32632	1518.5	1785.0	8871.3
52606	1515.6	1755.9	8730.5
19254	1509.7	1723.6	8620.7
40805	1520.9	1754.1	8750.6
50492	1505.2	1730.5	8637.2
47926	1517.8	1764.8	8597.7
13422	1517.7	1743.4	8821.0
28611	1515.7	1738.3	8564.9
41813	1510.3	1730.6	8635.7
21589	1509.3	1754.7	8673.2
41888	1518.3	1735.8	8797.3
21851	1525.3	1704.5	8788.9
19979	1520.7	1741.7	8722.0
22319	1516.8	1732.9	8631.5
7688	1516.9	1803.9	8848.6
43311	1518.4	1735.6	8684.2
13207	1516.5	1792.8	8852.2
10946	1509.6	1756.3	8567.3
46683	1507.5	1743.5	8377.0
21661	1511.7	1722.3	8665.5
40551	1512.8	1707.1	8722.3
6068	1518.9	1762.3	8928.0
12786	1515.5	1758.0	8672.9
39734	1515.4	1777.4	8741.8
3656	1519.4	1780.5	8698.8
6254	1523.2	1784.7	8902.0
12490	1519.5	1803.7	8897.4
53443	1519.0	1755.1	8794.5
12362	1501.0	1695.3	8434.5
8268	1516.7	1731.3	8870.6
47754	1513.6	1773.3	8618.6
52760	1512.5	1735.8	8547.3
19134	1514.1	1788.9	8756.9
18830	1520.2	1791.1	8971.5
11830	1521.1	1773.4	8740.6
14138	1530.2	1820.2	9124.0
41223	1515.1	1736.4	8790.4
31726	1515.1	1712.3	8702.1
34161	1500.6	1681.9	8295.8
34377	1508.6	1741.6	8539.1
6085	1510.9	1795.5	8880.5
49255	1531.1	1747.6	8985.1
23343	1512.6	1772.4	8816.0
9674	1524.6	1807.0	8866.1
776	1509.7	1751.0	8542.2
3938	1511.1	1682.2	8514.5
15830	1531.6	1788.1	8854.2
9547	1501.3	1708.1	8459.6
46272	1511.9	1757.7	8726.7
2178	1509.3	1769.6	8538.3
24706	1531.1	1762.6	9164.2
15917	1521.0	1766.2	8907.8
31688	1505.7	1784.4	8716.3
5657	1526.4	1805.0	9177.3
4167	1522.3	1750.1	8674.6
43967	1528.6	1781.0	8922.2
35376	1508.8	1688.2	8553.5
25261	1522.4	1768.9	8853.5
20884	1525.9	1749.8	8761.1
42786	1533.9	1834.1	9056.8
44488	1526.9	1784.5	8870.2
44999	1521.1	1802.6	8807.2
32078	1524.0	1765.0	8825.8
34818	1517.4	1767.4	8708.2
25243	1514.0	1741.4	8704.4
26464	1520.4	1772.8	8746.6
34562	1515.4	1745.4	8709.1
52174	1501.8	1689.1	8458.2
11987	1508.4	1722.7	8623.2
8832	1528.5	1800.7	8870.5
11269	1504.8	1767.5	8847.9
3207	1529.5	1794.5	8904.6
41017	1506.1	1755.9	8671.7
455	1508.4	1783.2	8672.4
6100	1512.1	1747.0	8697.7
6067	1516.4	1790.4	9052.2
31583	1516.7	1765.9	8730.1
11129	1533.8	1818.8	8940.5
14608	1500.4	1718.2	8388.1
4325	1515.8	1735.8	8631.0
38677	1523.6	1778.2	9078.4
54288	1511.3	1694.7	8507.3
39607	1517.3	1720.1	8677.0
29667	1519.1	1755.5	8758.5
49729	1525.2	1767.2	8829.7
54575	1524.4	1759.1	8860.1
38191	1500.0	1699.9	8429.9
25902	1522.6	1753.3	8805.4
6189	1516.2	1716.3	8656.7
15220	1509.2	1714.3	8458.2
32617	1515.8	1757.5	9002.4
54512	1523.7	1774.0	8988.5
47172	1529.6	1824.9	9345.9
45083	1513.0	1734.6	8878.0
50113	1512.7	1757.6	9060.3
23194	1508.9	1729.6	8562.6
39739	1530.7	1826.0	9018.5
17873	1508.6	1715.0	8493.0
25728	1526.7	1750.4	8869.0
13161	1523.1	1778.5	8934.6
7074	1514.2	1713.6	8609.4
30871	1517.5	1744.0	8811.2
28708	1510.0	1767.7	8648.4
25669	1515.5	1771.2	8805.4
24003	1518.8	1783.1	8954.3
21467	1512.5	1700.3	8597.5
46398	1526.2	1742.0	8728.8
48787	1521.3	1783.8	8899.6
2292	1516.3	1755.1	8742.8
34336	1516.1	1714.0	8594.9
26352	1514.7	1752.1	8933.8
36670	1523.5	1798.0	8904.8
35016	1507.6	1750.8	8757.2
35965	1506.2	1731.7	8481.4
35206	1519.6	1754.1	8637.7
9293	1515.6	1770.7	8731.2
35176	1517.9	1790.2	8835.9
33180	1513.7	1760.4	8666.0
21311	1519.6	1759.1	9024.9
54051	1522.1	1766.5	8915.5
31659	1520.9	1734.5	8562.6
4446	1510.9	1798.4	8755.7
45461	1523.2	1774.1	8836.6
54363	1510.6	1741.3	8637.1
23415	1530.9	1801.3	8882.9
16081	1513.2	1719.4	8626.3
37774	1515.6	1784.4	8787.7
4497	1506.8	1705.2	8644.9
44852	1506.5	1746.9	8784.0
48942	1505.4	1733.6	8540.7
36168	1527.7	1788.4	8939.4
48082	1513.3	1735.5	8712.2
10130	1526.6	1803.4	9031.4
23983	1527.9	1737.8	9005.2
38237	1508.0	1776.7	8568.6
35686	1530.4	1825.2	8954.2
7139	1509.7	1771.9	8575.0
37596	1510.4	1740.4	8507.6
27539	1507.4	1709.7	8557.7
10443	1521.4	1778.2	8774.5
54716	1514.1	1754.6	8902.6
54728	1520.8	1764.2	9158.1
46399	1514.1	1763.4	8875.8
9194	1517.5	1779.7	8744.9
17297	1510.0	1745.1	8764.9
479	1520.8	1759.0	8724.4
5631	1512.6	1739.0	8560.4
52173	1522.5	1731.4	8800.8
8488	1528.5	1788.0	8797.1
45156	1527.2	1768.5	8991.6
31815	1511.8	1772.0	8935.3
24173	1505.8	1733.4	8648.0
51193	1507.8	1775.9	8722.8
12456	1517.7	1821.8	9078.9
16539	1520.3	1793.5	8841.8
52614	1513.8	1757.4	8866.8
33770	1519.3	1796.9	8923.9
47673	1525.8	1723.2	8765.2
8606	1532.1	1781.1	9052.3
15421	1520.6	1749.1	8675.6
10835	1503.3	1733.9	8507.0
22575	1504.0	1715.9	8572.4
4781	1533.6	1833.4	9020.8
35321	1517.5	1729.8	8605.0
26455	1522.8	1776.4	8922.9
26430	1510.3	1732.8	8582.5
9333	1513.9	1765.6	8926.7
53648	1519.7	1747.8	8789.9
48099	1522.5	1779.8	8805.7
9598	1518.1	1742.6	8811.3
4335	1533.1	1806.4	9071.2
22824	1508.1	1751.4	8883.8
31007	1516.5	1771.7	8747.9
8551	1512.6	1736.1	8561.1
32044	1507.0	1714.6	8670.8
50605	1509.8	1732.1	8828.6
5257	1511.9	1780.9	8796.6
38516	1514.6	1711.1	8501.1
45194	1511.0	1726.6	8589.6
15412	1527.5	1818.4	9086.2
8753	1510.0	1732.2	8781.0
33181	1519.0	1738.1	8700.1
7796	1526.0	1824.5	8916.0
25108	1507.9	1697.1	8519.6
13091	1513.8	1773.2	8715.2
31676	1522.9	1791.1	8977.3
40367	1515.0	1752.0	8648.7
51938	1520.1	1781.1	8865.6
49339	1510.4	1750.4	8898.0
43591	1522.3	1790.0	8757.6
38317	1519.0	1767.9	8829.3
30496	1509.1	1746.8	8551.9
4628	1526.6	1810.2	9236.2
14671	1516.1	1769.1	8915.0
29957	1526.6	1788.2	8913.9
18764	1514.2	1755.8	8692.1
21850	1535.5	1798.3	9000.5
20822	1520.6	1759.3	8929.9
782	1509.2	1753.6	8552.0
4752	1510.1	1730.0	8638.9
7962	1522.8	1759.6	8821.0
44051	1527.2	1800.6	9077.8
29922	1511.6	1710.2	8634.4
45353	1522.6	1753.7	8783.0
39502	1512.1	1771.5	8699.6
31477	1519.6	1766.2	8750.1
8936	1525.1	1800.7	8930.8
24492	1501.8	1730.8	8429.0
47700	1508.4	1723.2	8435.7
21241	1508.2	1717.1	8390.1
18055	1524.9	1789.5	9095.7
1427	1514.9	1749.6	8862.6
15519	1514.8	1745.3	8505.8
25135	1524.8	1707.3	8648.1
27858	1518.5	1786.6	8931.4
12744	1502.9	1717.7	8387.1
15427	1527.5	1775.0	9206.6
46442	1506.4	1701.1	8513.4
41802	1506.4	1773.2	8679.4
3254	1534.7	1851.0	9242.4
53188	1521.8	1806.6	8992.1
34347	1510.4	1742.7	8614.3
23810	1510.7	1731.0	8654.6
45573	1516.0	1782.1	8674.0
18338	1508.8	1711.9	8532.8
45442	1527.2	1763.0	8845.3
19472	1517.2	1786.8	8726.2
16477	1504.6	1679.6	8524.0
2106	1510.4	1741.0	8518.7
51913	1519.8	1725.9	8755.9
2748	1523.0	1765.7	8694.7
45699	1516.1	1794.0	9275.7
44466	1525.1	1732.2	8898.8
28542	1538.2	1819.6	9156.9
47404	1517.0	1720.6	8576.9
36566	1514.8	1766.7	8721.8
4157	1509.8	1755.0	8696.8
12653	1523.6	1792.7	8879.6
53859	1518.2	1699.1	8617.4
16080	1512.6	1724.3	8503.4
19508	1529.3	1784.5	8944.5
41356	1498.1	1690.1	8372.1
16551	1509.5	1746.2	8544.7
4253	1522.1	1800.9	8945.3
41665	1524.0	1739.4	8685.2
35120	1519.1	1779.2	8897.2
54800	1512.0	1782.9	8742.2
53906	1516.9	1760.5	8782.7
54224	1508.5	1705.1	8473.7
17453	1513.0	1778.6	8659.0
22482	1516.8	1735.9	8748.7
39779	1517.4	1762.0	8678.0
44677	1520.1	1746.1	8861.0
49723	1524.4	1801.3	9010.7
23401	1519.2	1772.6	8694.3
25543	1507.9	1772.5	8527.2
42555	1504.8	1720.2	8656.5
37737	1511.2	1722.8	8492.3
43737	1513.3	1762.5	8782.8
5038	1518.6	1756.8	8957.8
50902	1518.6	1765.3	8793.7
32404	1510.7	1732.9	8586.7
6818	1516.3	1749.0	8854.7
13560	1521.7	1775.8	8879.1
50703	1513.7	1732.2	8585.4
22637	1510.3	1731.7	8735.8
36302	1528.5	1774.8	8909.9
8258	1507.5	1727.8	8655.0
4637	1526.1	1790.1	8991.9
25995	1519.5	1772.8	8737.9
19965	1516.3	1771.4	8983.7
40583	1513.8	1775.6	8751.9
40002	1518.8	1739.7	8658.3
17344	1519.2	1743.4	8827.0
22667	1510.0	1732.5	8562.0
53939	1525.9	1811.3	9110.0
2078	1524.1	1750.5	8836.6
53071	1517.0	1714.2	8655.4
40510	1529.3	1834.5	8975.9
7167	1521.3	1738.7	8903.6
42581	1521.0	1726.5	8899.6
6672	1523.5	1771.5	8875.5
27788	1527.5	1824.4	9449.8
38760	1504.1	1724.7	8617.2
1623	1518.4	1780.7	8649.8
12153	1504.9	1716.6	8414.8
8761	1529.8	1809.4	9013.7
24081	1503.1	1740.9	8510.1
31217	1521.9	1806.3	9139.5
15016	1511.4	1748.9	8624.2
40100	1511.8	1716.5	8478.8
24253	1508.9	1779.3	9250.2
47074	1518.1	1750.9	8518.1
255	1513.5	1743.3	8557.8
35115	1516.2	1701.6	8531.5
18406	1505.7	1735.4	8506.6
39738	1520.6	1747.9	8815.9
5484	1527.7	1816.1	8928.6
29788	1519.4	1768.4	8860.3
54877	1497.5	1683.3	8302.9
40221	1521.8	1763.9	8740.7
47735	1524.8	1781.9	8817.9
25437	1524.6	1796.5	9062.4
53133	1521.1	1825.4	9057.5
8321	1516.5	1771.3	8699.1
11009	1516.5	1765.2	8700.5
42369	1519.2	1798.9	8865.9
52228	1516.9	1784.3	8949.7
48611	1525.6	1778.2	8974.3
19640	1511.8	1739.3	8625.7
26858	1528.0	1765.4	8886.1
3582	1522.6	1766.0	8983.1
51610	1514.6	1758.5	8659.1
50352	1522.2	1752.4	8812.7
6492	1514.1	1740.1	8777.8
38518	1520.6	1747.9	8875.1
3233	1521.5	1714.6	8647.8
36071	1509.7	1717.8	8707.2
12562	1503.8	1736.9	8476.7
2302	1517.5	1728.8	8649.4
28495	1525.4	1771.2	8898.7
51168	1516.3	1818.5	9360.4
52201	1510.1	1753.5	8832.9
20804	1516.4	1726.6	8687.5
1284	1503.6	1739.0	8350.8
2636	1505.2	1770.1	8577.0
53570	1515.9	1733.4	8620.1
39637	1514.5	1731.2	8885.1
10890	1514.0	1791.6	8743.6
50600	1524.2	1812.7	8949.3
17187	1509.3	1706.3	8585.9
14241	1531.9	1807.8	10487.5
35987	1512.4	1739.8	8709.7
41322	1504.9	1745.2	8767.2
20193	1514.5	1772.6	8867.0
33997	1496.8	1682.7	8441.3
15824	1515.7	1724.0	8639.1
51706	1538.0	1753.7	9111.0
8524	1520.6	1821.8	8943.2
31269	1520.0	1821.9	9005.7
33393	1514.3	1719.1	8592.3
39174	1526.4	1763.1	8946.5
39497	1528.1	1785.6	8862.8
8540	1508.3	1715.9	8946.0
2339	1519.0	1776.7	8762.7
44098	1531.7	1777.7	9065.8
4351	1526.3	1780.3	8944.6
42458	1523.8	1748.2	8959.0
48727	1517.6	1705.8	8623.0
6900	1532.2	1840.1	9115.9
1981	1526.2	1771.0	8737.8
19201	1514.6	1712.5	8756.3
21806	1510.6	1758.2	8653.3
14280	1522.3	1776.0	9031.6
3175	1518.7	1774.8	8701.4
18891	1527.7	1797.2	8859.8
19492	1533.2	1766.7	9017.1
13080	1516.6	1758.2	8718.6
22119	1533.7	1820.7	9179.0
40773	1516.6	1738.4	8694.1
31422	1522.9	1770.5	8869.7
15453	1521.3	1784.0	8760.9
8709	1520.1	1763.5	8730.5
5438	1516.3	1721.8	8583.2
27377	1510.1	1708.7	8498.6
3811	1512.3	1753.5	8578.4
1334	1528.7	1835.9	9206.4
31485	1520.2	1780.5	8773.8
17327	1508.8	1720.0	8548.6
48327	1520.0	1796.5	8982.3
15477	1520.4	1773.1	8897.5
39992	1503.7	1689.0	8563.7
2673	1512.1	1712.0	8560.2
135	1518.1	1745.2	8602.7
12231	1529.0	1848.7	8893.3
37254	1524.6	1768.2	8821.4
1431	1524.8	1774.6	8935.3
33208	1516.8	1738.9	8742.3
26744	1518.3	1770.0	9029.2
25482	1526.4	1764.4	8830.9
17811	1515.0	1756.0	8787.1
48994	1519.4	1800.2	8921.6
20931	1523.1	1789.9	8834.3
43029	1514.0	1730.8	8583.6
37199	1518.9	1731.3	8642.7
20969	1518.2	1778.0	8874.1
36341	1521.5	1770.1	8962.1
5481	1513.4	1721.0	8520.9
5384	1513.4	1721.0	8555.4
7567	1517.4	1747.7	8583.4
13990	1515.0	1765.2	8729.0
46263	1508.7	1698.0	8452.8
22723	1524.7	1744.2	9057.7
34869	1530.7	1844.0	9090.3
1727	1501.8	1701.7	8384.2
47101	1517.8	1732.0	8720.2
6999	1527.7	1787.4	9220.7
46643	1511.2	1751.8	8784.5
7690	1528.5	1789.9	9017.7
7651	1504.1	1722.3	8589.4
8293	1524.3	1790.5	8766.6
44636	1530.5	1825.7	9156.2
2697	1520.9	1757.3	8597.3
20383	1519.8	1805.3	8931.9
11319	1513.0	1773.7	8779.4
29981	1519.5	1786.2	8894.1
7884	1520.6	1749.5	8660.7
31529	1504.8	1718.3	8557.3
51335	1527.2	1744.6	8847.6
8749	1511.5	1718.3	8634.2
13908	1513.8	1752.2	8620.9
53864	1512.9	1756.2	8609.5
12682	1513.6	1754.7	8636.0
37085	1507.8	1726.0	8461.2
44153	1516.0	1770.6	8767.1
19014	1526.4	1745.1	8821.0
49429	1526.2	1784.1	8989.8
43260	1512.6	1766.3	9136.0
46591	1511.2	1757.3	8672.5
24432	1526.9	1753.4	8783.2
20135	1530.0	1832.1	9095.4
34059	1516.8	1749.7	8754.9
27084	1519.9	1719.9	8818.0
613	1506.0	1737.2	8541.0
20920	1523.8	1779.7	8786.0
3177	1530.4	1754.5	8805.7
23353	1519.4	1743.6	8758.2
41227	1516.9	1707.7	8729.1
12669	1522.9	1776.0	8927.6
14679	1522.1	1788.5	8850.2
19292	1515.0	1737.6	8653.3
47747	1522.3	1744.3	8727.4
47639	1506.4	1749.2	8547.5
8711	1525.8	1802.0	8926.9
4151	1522.6	1753.6	8795.7
53733	1521.4	1775.6	8942.0
9275	1511.5	1752.4	8922.3
13654	1518.5	1768.2	8826.0
36753	1524.4	1721.4	8705.6
3172	1516.2	1760.4	8693.3
35917	1517.9	1733.3	8550.8
45408	1512.5	1729.7	8681.9
52472	1504.4	1697.1	8434.6
18914	1523.0	1794.7	8850.1
46209	1532.2	1778.1	8909.9
52684	1508.6	1734.0	8720.4
7189	1522.3	1765.3	8803.7
43220	1517.1	1760.5	8757.5
53849	1530.1	1810.2	9080.8
18464	1507.5	1739.9	8522.3
12024	1510.2	1739.1	8612.8
25072	1508.4	1723.3	8431.0
20953	1499.2	1718.9	8651.2
13429	1522.0	1734.0	8768.5
2443	1509.4	1741.6	8553.9
39688	1522.0	1787.9	8726.0
46794	1530.3	1779.6	8922.8
16308	1530.5	1885.2	9019.5
44057	1522.6	1741.9	8747.5
48984	1529.0	1766.0	8979.2
41049	1516.6	1789.4	8908.9
40791	1511.4	1721.2	8873.9
12336	1527.4	1840.0	9018.8
36325	1517.5	1803.9	8854.0
48310	1521.5	1765.0	8891.9
29885	1510.6	1759.7	8710.0
9384	1502.9	1735.1	8598.8
45684	1503.9	1700.8	8334.6
36329	1527.3	1834.6	8965.0
20703	1518.0	1758.4	8652.1
38650	1513.6	1766.5	8878.6
45585	1513.3	1747.7	8688.4
3273	1521.5	1769.8	8849.0
45180	1510.6	1711.7	8514.3
50109	1520.6	1773.0	8879.3
514	1516.4	1741.4	8534.9
54165	1516.6	1763.6	8896.8
7893	1518.8	1720.1	8662.6
22235	1518.5	1739.9	8762.9
6091	1525.4	1762.3	8842.0
30489	1519.5	1761.2	8658.1
49759	1518.8	1740.2	8784.5
2385	1524.7	1792.9	8805.9
14922	1521.6	1775.4	8946.6
49305	1516.5	1759.6	8815.6
7255	1524.1	1803.4	9242.1
24906	1524.4	1805.6	9297.9
32620	1502.6	1731.6	8396.8
45720	1506.6	1727.3	8624.4
51102	1506.5	1705.4	8478.1
33902	1518.2	1729.7	8649.7
30245	1526.0	1816.4	8962.0
37990	1513.8	1701.5	8529.2
9409	1507.2	1737.1	8499.4
12206	1511.7	1782.8	8641.8
18104	1520.5	1753.6	8834.5
48902	1519.5	1784.4	8969.4
44655	1521.8	1752.6	8837.2
29426	1531.5	1776.7	8898.1
27227	1517.0	1803.7	8969.7
15527	1523.9	1749.8	8727.8
36884	1514.4	1713.1	8691.4
38460	1511.6	1703.6	8518.8
23429	1526.4	1788.7	8882.1
16943	1515.8	1733.9	8748.2
16406	1511.0	1692.2	8495.8
32155	1522.1	1740.4	8732.7
18956	1527.2	1786.6	9026.1
49606	1509.8	1704.9	8562.5
51895	1511.4	1768.5	8789.3
25999	1518.4	1706.6	8572.2
26893	1511.7	1751.3	8642.2
7508	1521.3	1789.2	8832.5
41927	1527.2	1761.8	8959.8
38274	1514.3	1744.2	8728.0
46172	1520.2	1798.3	8702.7
2444	1530.9	1758.7	8845.0
24422	1515.6	1724.2	8677.1
22256	1522.3	1780.9	8868.4
11344	1518.7	1834.6	8849.0
9733	1518.7	1739.6	8668.2
6180	1518.1	1783.5	9081.7
36648	1519.8	1733.7	8747.4
20402	1518.1	1731.1	8641.3
34731	1523.2	1780.1	9123.6
219	1510.9	1748.6	8766.9
33996	1520.4	1766.8	8886.4
22255	1521.9	1797.2	9035.3
42359	1511.8	1754.4	8555.7
38369	1519.7	1752.5	8758.7
49174	1518.4	1765.5	8735.0
54075	1518.7	1757.5	9020.7
41691	1501.0	1712.4	8377.4
40312	1529.9	1820.4	9255.5
28561	1504.7	1780.6	8769.3
27396	1529.5	1768.3	9055.3
12620	1502.6	1682.4	8374.7
14938	1522.4	1779.7	9033.3
5478	1513.0	1770.9	8572.9
40160	1514.9	1755.0	8756.4
19096	1515.1	1719.6	8905.2
26351	1515.0	1767.1	8796.4
7163	1513.1	1752.4	8607.1
12519	1518.3	1762.4	8838.0
11960	1517.9	1791.7	8778.5
24424	1511.5	1763.7	8714.4
31487	1521.1	1760.4	8978.7
26950	1514.9	1717.0	8671.5
34158	1527.3	1786.4	8980.4
29311	1512.0	1708.6	8564.4
32533	1522.0	1779.0	8804.9
53253	1509.8	1694.2	8422.3
25799	1533.7	1826.9	9153.7
32719	1512.9	1753.0	8672.0
23451	1517.3	1692.4	8536.4
51255	1507.1	1667.2	8406.5
52333	1524.3	1758.1	8826.6
26522	1520.4	1772.5	8856.6
43694	1523.2	1713.3	8609.4
13449	1520.3	1817.3	8912.9
38347	1509.4	1731.7	8530.4
7457	1515.9	1766.5	8702.4
15326	1519.6	1729.6	8766.0
33819	1512.4	1748.3	8608.4
21701	1510.1	1720.7	8538.2
23036	1517.8	1729.8	8628.7
29250	1516.2	1738.7	8714.6
34397	1532.3	1804.7	8869.0
34247	1517.3	1727.4	8745.9
13140	1512.8	1745.4	8566.7
44086	1513.7	1783.1	8839.4
34434	1513.9	1790.8	8892.8
6600	1508.8	1710.3	8421.2
40853	1503.6	1747.6	8666.3
32528	1518.6	1751.0	8802.5
10763	1510.0	1779.4	8739.2
33459	1530.1	1776.2	9125.5
19131	1500.4	1698.6	8634.0
27325	1511.0	1701.6	8560.2
18784	1515.7	1729.2	8905.6
32057	1524.6	1787.3	8953.3
23377	1526.3	1778.9	8951.5
10177	1516.9	1742.2	8647.0
52583	1511.1	1753.9	8758.1
53339	1533.3	1807.2	9289.6
35076	1528.7	1791.5	8878.4
24312	1512.4	1753.3	8740.9
53894	1516.1	1760.9	8718.1
26373	1519.5	1744.4	8751.1
49370	1510.2	1745.5	8521.1
36699	1522.9	1812.8	9059.6
17783	1498.0	1716.1	8361.5
21898	1517.6	1774.1	8919.4
54589	1524.8	1793.2	8925.9
14946	1503.2	1725.2	8591.5
48003	1526.5	1750.9	8940.8
5741	1508.2	1747.3	8638.6
28562	1528.1	1804.4	9102.3
44230	1514.7	1763.5	8839.2
1349	1520.1	1795.0	9034.3
50941	1518.7	1791.4	9024.1
37684	1523.4	1766.3	9010.2
15885	1516.6	1752.5	8707.3
27132	1526.3	1789.2	9086.1
27208	1503.9	1707.3	8471.8
1561	1505.9	1719.7	8749.1
14262	1514.3	1757.1	8702.9
32698	1511.0	1768.8	9445.4
17407	1508.3	1718.8	8439.4
18105	1517.3	1741.0	8660.8
22211	1529.5	1795.5	9030.7
12364	1514.5	1709.8	8640.0
17476	1517.8	1767.3	8848.0
14061	1518.6	1763.7	8911.0
45934	1509.1	1707.5	8601.2
19281	1520.5	1796.0	9015.4
4118	1532.7	1814.4	9276.0
377	1512.7	1776.5	8807.9
42263	1518.3	1726.2	8698.1
8686	1512.9	1755.3	8656.4
28465	1526.6	1821.4	8956.3
40739	1526.3	1780.0	9226.0
28558	1530.1	1805.5	8984.7
46183	1522.6	1779.9	8941.5
39336	1524.4	1725.5	8619.9
4705	1515.6	1759.8	8878.3
49034	1512.4	1736.5	8623.8
51923	1517.1	1752.9	8674.5
31520	1525.4	1792.7	9092.0
27929	1512.7	1777.3	8731.7
21825	1515.3	1767.2	8755.7
30763	1517.7	1783.7	8561.1
51239	1516.3	1722.5	8948.6
41279	1525.2	1763.3	8800.3
5440	1514.6	1757.7	8678.3
46309	1531.1	1769.8	8999.8
29004	1520.0	1801.1	8823.8
42882	1507.4	1707.1	8539.8
20564	1520.2	1749.7	8723.2
18757	1512.5	1759.3	8674.8
34485	1505.8	1747.5	8402.7
6057	1510.7	1713.3	8568.5
13652	1512.6	1772.6	8674.8
20370	1505.3	1737.8	8452.8
3347	1514.0	1781.7	8738.9
41138	1529.8	1822.7	8924.8
18037	1510.4	1744.1	8552.8
36231	1526.6	1762.7	8950.0
9946	1517.9	1767.2	8742.5
14815	1519.4	1769.9	8705.1
37908	1513.0	1693.6	8686.7
42038	1524.9	1750.0	9066.0
17680	1533.9	1828.8	8963.3
1759	1522.5	1772.9	8739.8
16795	1521.2	1745.7	8740.2
28453	1517.7	1779.1	8665.2
22104	1518.4	1746.5	8594.8
22882	1526.8	1790.1	8875.6
7307	1519.6	1762.5	8877.6
52251	1498.2	1669.9	8354.3
37611	1523.7	1730.7	8615.0
27434	1509.8	1761.0	8595.4
21440	1507.6	1700.7	8435.3
36643	1517.3	1725.4	8861.5
43448	1519.9	1799.1	9086.5
829	1524.0	1795.1	8770.5
38136	1515.7	1753.7	8919.7
54277	1524.2	1724.9	8954.7
22881	1513.3	1718.0	8607.8
34202	1517.1	1749.9	8693.6
51655	1515.1	1714.2	8623.0
49726	1532.2	1781.7	9096.7
4227	1515.9	1739.7	8647.8
18684	1517.5	1752.9	8801.1
43578	1519.5	1721.5	8591.3
49467	1502.8	1713.5	8543.2
19211	1529.0	1784.1	9010.2
42676	1525.6	1816.1	9054.5
1766	1531.4	1822.9	9021.9
31662	1512.5	1742.6	8425.5
14701	1512.6	1769.7	8651.0
9975	1504.7	1734.6	8724.7
1437	1512.6	1770.9	8883.3
51365	1515.8	1761.2	8673.4
9304	1522.4	1799.0	8990.6
39342	1514.5	1753.1	8747.7
33215	1518.9	1732.8	8666.4
2587	1527.8	1802.1	8931.1
46852	1516.3	1756.4	8886.5
15439	1517.4	1761.6	8709.0
44504	1519.7	1803.2	8940.0
18595	1521.6	1740.5	8853.0
3489	1512.7	1764.0	8673.7
26062	1511.4	1736.0	8587.1
10770	1519.2	1741.6	8823.8
26392	1528.8	1736.4	8872.0
47674	1533.1	1820.0	9467.6
40353	1512.9	1732.5	8840.9
1732	1513.8	1748.3	8624.0
34214	1519.9	1729.3	8813.5
51819	1524.4	1786.7	8941.4
35796	1504.4	1713.7	8528.9
46425	1528.9	1759.5	8959.5
39951	1520.4	1744.0	8633.2
49655	1515.7	1770.3	8884.4
45827	1514.9	1742.6	8732.5
21421	1515.8	1751.8	8537.0
32181	1524.8	1790.6	9067.8
19607	1514.8	1759.2	8782.6
1124	1515.8	1781.7	8629.1
33805	1517.3	1788.9	9038.5
2464	1517.5	1764.1	8613.0
8043	1515.0	1716.3	8540.1
41395	1517.1	1722.4	8708.2
48909	1508.7	1788.9	8892.5
9546	1513.5	1773.9	8827.3
46000	1523.3	1719.9	8898.6
48905	1516.0	1776.4	9020.7
10792	1517.6	1780.5	8867.1
27398	1520.3	1769.6	8747.9
42655	1524.3	1789.1	8992.8
9828	1507.8	1720.8	8575.7
14957	1513.6	1766.5	8715.4
38325	1515.7	1739.5	8729.1
12062	1513.2	1756.0	8750.3
41148	1533.4	1785.6	8939.2
17917	1514.2	1769.3	8853.6
33479	1525.4	1755.5	8804.2
23584	1511.5	1729.0	8822.1
22353	1520.3	1726.4	8673.2
23160	1511.9	1754.0	8668.0
20452	1511.3	1758.5	8666.3
4730	1510.9	1690.9	8558.7
48255	1529.2	1776.2	8921.4
25293	1525.6	1743.3	8941.8
23218	1522.7	1739.6	8722.2
14172	1515.1	1776.8	8680.2
14933	1514.7	1739.8	8615.6
31014	1519.8	1772.2	8841.7
6943	1523.9	1834.8	8990.4
39885	1517.4	1731.2	8746.9
13993	1530.0	1817.3	9031.1
17743	1526.8	1779.9	8850.5
44741	1522.3	1797.8	8901.4
1353	1506.9	1738.6	8667.8
18130	1513.7	1774.1	8680.2
18111	1515.5	1758.3	8730.1
14599	1513.1	1735.7	8661.7
40267	1515.7	1735.9	8648.8
28742	1508.3	1732.5	8575.1
52073	1520.5	1776.5	8944.2
51550	1512.6	1784.7	9146.8
41142	1520.0	1786.4	8829.2
3009	1515.1	1755.0	8745.0
987	1520.2	1798.8	8864.3
39461	1523.1	1793.7	8934.8
28235	1499.3	1733.1	8722.2
48194	1521.4	1737.0	9151.8
14749	1532.7	1823.5	9237.2
27922	1514.1	1734.1	8871.7
19244	1519.3	1785.6	8912.5
10393	1504.5	1714.5	8552.1
25590	1521.0	1786.8	8910.2
11425	1526.8	1777.3	8753.8
51798	1509.9	1729.1	8744.8
33789	1502.4	1686.6	8432.4
13895	1520.3	1760.9	8652.5
3431	1514.6	1802.3	9053.5
29198	1525.2	1757.6	8790.9
26110	1518.3	1770.7	8831.1
14817	1513.0	1772.0	8764.6
15429	1522.1	1772.2	8903.0
32507	1516.1	1778.9	8784.9
40544	1510.8	1720.6	8566.7
48156	1510.8	1696.6	8419.7
34630	1522.8	1762.3	8699.6
36464	1518.8	1797.1	8828.6
45020	1518.5	1793.1	8881.3
28754	1507.6	1768.4	8615.4
17437	1513.9	1736.8	8708.8
43553	1511.5	1733.7	8590.3
43230	1515.1	1775.5	8695.7
25628	1520.4	1766.7	8714.2
48067	1520.6	1754.5	8825.4
11666	1517.8	1758.5	8631.7
6805	1519.0	1803.7	8820.2
30360	1513.6	1742.2	8849.3
27502	1520.7	1778.3	8977.1
49263	1527.4	1822.3	9077.3
28529	1517.9	1806.6	8960.5
46364	1511.8	1726.9	8577.6
51296	1521.6	1811.1	8967.9
32531	1519.6	1784.7	8737.4
39225	1507.2	1704.0	8507.5
14209	1532.1	1799.5	9128.1
3975	1522.0	1774.7	8880.4
52438	1533.5	1778.7	8921.2
38882	1519.7	1726.1	8684.1
42687	1503.4	1732.0	8617.8
23458	1513.9	1696.5	8462.2
35211	1525.0	1798.6	9103.5
27545	1514.0	1730.5	8998.0
38438	1517.0	1758.1	8858.2
23450	1501.9	1755.1	8821.5
6985	1525.2	1803.4	8853.7
37933	1522.7	1754.2	8855.6
43991	1528.9	1784.0	9339.4
437	1534.2	1781.8	8843.3
47371	1519.6	1756.9	8895.1
33627	1519.0	1819.0	8816.1
41436	1505.8	1736.0	8638.4
22411	1523.3	1794.1	8869.7
18347	1502.3	1727.5	8468.5
2663	1523.6	1781.9	8850.6
22250	1519.0	1740.0	8736.0
45814	1530.7	1763.4	8980.5
40402	1512.2	1717.6	8631.3
12383	1512.1	1729.5	8606.8
50869	1517.9	1740.7	8705.9
33436	1522.8	1754.0	8789.5
8398	1525.7	1844.2	9404.3
53898	1500.3	1705.5	8349.4
48095	1513.2	1770.2	8780.0
2960	1517.2	1756.2	8765.7
1388	1507.0	1722.7	8491.6
19398	1517.1	1734.6	8905.9
52394	1509.0	1756.7	8654.5
44595	1503.8	1716.9	8419.0
27031	1527.8	1837.4	8914.7
26922	1523.1	1809.2	8778.8
43364	1525.9	1785.4	8867.7
53634	1519.0	1737.7	8841.9
17472	1502.7	1712.6	8484.0
41073	1521.8	1767.7	8871.4
19343	1505.9	1740.2	8570.6
33486	1526.6	1779.4	9094.3
29811	1512.2	1763.4	8615.0
32598	1517.8	1750.2	8578.4
19672	1531.6	1824.7	9016.9
21739	1516.8	1749.2	8647.8
44026	1518.9	1775.3	9008.5
33066	1521.5	1738.4	9033.8
38322	1503.6	1783.7	8795.0
40525	1510.7	1710.9	8562.7
45692	1523.3	1785.8	8937.0
49711	1518.3	1744.6	8655.3
34257	1510.9	1781.7	8738.9
12180	1516.9	1786.7	8780.3
21313	1523.2	1813.0	9105.1
41245	1513.9	1753.9	8902.2
20364	1511.8	1731.0	8647.0
23385	1516.9	1743.1	8622.8
29755	1512.5	1762.7	8740.0
24798	1513.4	1748.1	8679.5
2890	1515.2	1748.4	8711.4
11463	1522.3	1781.0	8874.8
29958	1520.7	1768.5	8742.7
5885	1525.6	1820.4	9163.3
5690	1512.1	1740.9	8623.3
20052	1508.1	1769.9	8804.8
50511	1532.1	1776.7	9002.2
17466	1510.4	1727.4	8604.0
14307	1520.9	1800.4	8930.2
50433	1504.2	1703.3	8413.0
52256	1522.5	1754.5	8846.6
17868	1512.3	1709.9	8649.3
28105	1518.6	1791.9	8774.2
18787	1524.5	1787.8	8866.9
