24932	1252.1	1487.1	4826.6
11471	1258.3	1479.3	4852.5
18529	1249.9	1508.3	4856.2
21754	1250.9	1516.4	4874.1
15868	1263.5	1554.7	4975.9
11815	1240.6	1463.9	4722.0
8077	1260.7	1499.6	4876.7
13553	1259.5	1497.4	4854.9
17120	1255.8	1507.6	4858.1
15932	1245.9	1485.5	4952.0
17798	1245.1	1507.8	4857.4
3760	1255.6	1477.1	4887.1
9645	1240.0	1434.8	4700.0
23431	1248.7	1505.9	4810.7
20159	1259.2	1481.6	4834.9
6465	1254.3	1541.2	5011.6
20021	1253.5	1459.5	4758.4
11513	1245.7	1528.3	4800.8
8807	1247.2	1473.9	4724.4
4172	1246.1	1489.7	4738.6
19871	1261.1	1492.3	4865.7
15590	1244.8	1419.0	4710.5
19497	1249.7	1457.3	4688.6
18784	1254.2	1477.3	4912.2
13485	1252.5	1463.1	4802.3
19012	1250.9	1499.9	4766.4
1162	1250.4	1464.3	4817.3
18414	1260.9	1552.6	4940.1
15335	1238.8	1460.3	4654.2
6111	1259.8	1481.2	4904.2
4975	1256.0	1489.3	4827.0
18131	1255.9	1503.9	4843.0
24754	1253.8	1471.8	4750.1
12392	1246.1	1451.6	4725.9
10291	1252.0	1518.8	4873.3
19980	1244.1	1455.8	4805.6
12683	1249.1	1518.5	4828.8
18957	1252.2	1527.0	4988.4
13263	1256.1	1474.5	4827.9
24167	1258.1	1525.1	4942.8
19162	1242.7	1472.1	4795.9
24182	1245.5	1445.9	4742.8
21629	1257.9	1538.3	4884.6
13716	1244.2	1476.0	4732.1
20884	1255.5	1487.2	4793.7
6064	1251.2	1481.9	4767.4
23220	1250.0	1498.9	4882.9
9635	1258.6	1539.6	5007.8
13900	1248.0	1484.9	4810.1
6595	1257.8	1527.3	4925.0
16981	1258.0	1550.9	5228.4
16098	1256.3	1514.9	4884.9
21576	1251.5	1445.8	4730.8
7424	1262.3	1537.8	4975.0
13017	1254.1	1486.1	4791.9
21307	1256.7	1558.3	4918.2
24635	1248.9	1480.6	4831.1
12045	1241.2	1466.6	4671.2
17535	1248.1	1442.3	4805.2
24912	1239.0	1467.4	4761.5
148	1262.4	1465.0	4864.6
23142	1252.3	1491.6	4786.8
21899	1252.1	1534.3	5009.3
20579	1241.8	1485.4	4751.5
979	1251.4	1498.4	4809.9
10897	1259.7	1533.8	5043.8
20097	1262.8	1519.4	4964.8
17275	1258.6	1547.3	4968.8
11970	1242.7	1491.4	4696.6
2264	1251.3	1492.2	4748.8
9272	1257.7	1518.3	4902.2
9695	1247.9	1470.8	4715.4
7675	1251.3	1489.6	4744.2
10240	1250.3	1453.7	4865.6
22199	1248.3	1494.7	4812.1
16997	1244.6	1446.7	4713.1
19843	1249.9	1493.2	4808.9
14582	1247.7	1467.7	4783.0
2944	1262.1	1498.0	4961.4
16061	1256.3	1486.4	4813.2
12170	1255.8	1490.4	4810.1
9913	1248.8	1526.5	4857.5
1860	1244.4	1552.2	4855.5
5861	1248.2	1526.7	4959.7
14635	1258.7	1520.1	4935.4
21718	1258.8	1517.5	4992.7
24717	1244.5	1463.6	4741.4
6692	1257.7	1525.6	4880.3
1181	1248.8	1497.1	4795.7
7094	1250.7	1488.3	4836.4
22464	1242.4	1523.9	4869.2
19619	1256.5	1515.7	4830.8
18497	1254.4	1465.7	4898.4
15854	1253.7	1496.5	4852.0
3749	1244.6	1459.1	4825.8
10215	1246.2	1488.9	4772.5
20243	1251.5	1491.9	4806.3
11761	1248.0	1455.8	4731.8
17823	1244.4	1451.4	4670.1
16016	1252.1	1534.4	5042.8
15665	1241.6	1474.1	4695.0
22383	1254.2	1528.0	4946.7
11371	1267.6	1542.3	4972.1
4028	1241.6	1471.0	4770.6
996	1245.2	1509.3	4769.2
19894	1245.9	1451.5	4691.2
18728	1255.4	1541.6	4960.4
17753	1257.5	1534.1	5139.5
12704	1250.7	1477.9	4827.6
5454	1255.8	1458.8	4821.4
23137	1259.4	1507.7	4967.6
21974	1245.9	1509.6	4895.0
19405	1253.4	1486.9	4834.7
977	1252.7	1537.6	4863.5
1501	1243.5	1471.1	4707.3
15329	1258.0	1564.5	4983.3
8435	1242.9	1503.4	4764.5
2865	1234.5	1423.7	4524.8
3446	1251.2	1478.9	4713.9
13233	1245.3	1459.3	4747.7
13436	1256.9	1465.8	4875.8
21409	1262.8	1547.3	5010.3
22347	1251.5	1553.7	5062.8
16474	1249.8	1471.3	4849.2
12948	1265.0	1542.1	4959.8
4388	1263.8	1567.7	5088.7
18538	1264.4	1530.2	4985.2
15024	1247.2	1483.8	4764.5
22229	1249.9	1470.6	4830.0
5277	1242.7	1439.2	4670.4
17007	1240.5	1453.9	4688.9
156	1246.0	1466.6	4804.0
14862	1254.5	1479.6	4875.0
23915	1249.2	1430.3	4820.5
8799	1232.5	1458.7	4646.7
18567	1245.7	1524.3	4918.5
22957	1249.0	1495.3	4851.6
21794	1239.1	1484.0	4823.9
6158	1247.9	1486.2	4814.8
13041	1249.6	1508.2	4773.5
19024	1257.6	1484.5	4988.4
9860	1246.8	1485.2	4777.7
19058	1260.1	1477.8	4853.2
9979	1246.7	1486.4	4758.9
9131	1250.3	1512.5	4835.8
10192	1259.2	1544.0	4966.1
3563	1252.9	1539.9	4963.4
19704	1262.0	1544.8	4986.3
45	1248.8	1471.4	4775.4
5041	1241.1	1475.3	4801.8
21232	1267.8	1548.7	5172.9
9896	1261.8	1507.1	4936.8
18454	1272.5	1562.0	5069.5
2832	1253.8	1527.4	4822.6
5876	1243.3	1523.8	4839.4
18084	1257.9	1524.2	4913.9
1741	1240.6	1497.1	4778.9
2919	1247.4	1462.8	4782.7
5744	1254.8	1475.7	4858.4
24294	1243.2	1472.7	4718.7
5686	1257.9	1554.9	5017.3
3833	1235.4	1443.4	4667.9
85	1267.1	1544.1	5002.0
23985	1249.3	1519.9	4880.6
8756	1255.6	1533.9	4923.4
8618	1246.1	1468.6	4757.4
5448	1246.6	1482.9	4818.8
6494	1247.8	1443.5	4716.6
18760	1256.5	1478.7	4793.2
14460	1241.8	1483.3	4682.4
15563	1251.8	1501.3	4828.4
15661	1258.7	1496.7	4848.2
2849	1259.7	1506.3	4897.4
22398	1246.4	1482.5	4825.1
10665	1256.5	1554.5	4953.8
4476	1261.8	1550.0	4990.3
447	1249.8	1488.5	4781.7
1880	1245.5	1468.3	4659.2
7264	1251.1	1545.6	4898.4
4420	1248.1	1452.5	4692.5
21048	1261.5	1475.9	4837.7
1085	1246.3	1511.1	4799.5
11285	1238.6	1477.5	4722.6
7306	1255.9	1470.4	4847.4
14446	1247.6	1475.8	4737.7
2662	1260.9	1555.4	5016.5
1988	1242.8	1451.9	4741.7
20005	1262.7	1511.6	4924.2
16116	1250.0	1501.7	4873.4
11538	1251.5	1520.4	4865.9
9557	1254.9	1577.2	5008.2
19471	1244.1	1482.6	4843.8
20242	1255.4	1561.5	5078.2
20473	1246.8	1482.7	4771.7
14625	1251.1	1513.1	4746.2
15865	1241.2	1496.6	4686.9
11532	1257.0	1552.8	5021.2
12085	1250.9	1468.4	4747.2
15750	1259.9	1465.8	4731.8
23721	1245.2	1468.7	4775.2
5534	1258.0	1527.1	5016.5
4107	1270.7	1583.2	5039.0
5210	1255.9	1509.4	4944.9
1562	1243.4	1505.8	4752.4
18672	1252.7	1511.4	4826.5
318	1236.7	1415.6	4546.8
2873	1250.4	1486.7	4795.6
2858	1264.1	1538.0	4845.0
14404	1259.2	1531.4	5036.0
5149	1242.3	1452.6	4716.8
6724	1252.4	1502.1	4799.6
2072	1257.0	1533.0	4967.3
17615	1246.2	1494.4	4752.1
24678	1254.9	1483.0	4857.7
18036	1253.5	1507.7	4817.0
13539	1255.8	1532.7	4947.5
22615	1255.9	1503.1	5096.7
24807	1248.6	1468.9	4713.2
17396	1250.2	1528.1	4837.8
11837	1254.1	1513.3	4931.9
2920	1261.2	1520.9	4956.9
7006	1253.6	1480.7	4813.5
14875	1248.3	1516.4	4796.2
24779	1256.5	1500.7	4956.6
21459	1257.1	1549.5	4878.7
20514	1258.0	1440.7	4838.1
22789	1243.3	1546.4	5005.7
10614	1254.6	1565.7	5102.1
18098	1245.7	1502.1	4778.8
8208	1250.3	1481.8	4817.5
97	1245.3	1484.5	4796.0
6078	1246.8	1418.4	4621.1
3326	1255.2	1443.2	4734.0
14088	1255.8	1525.3	5005.2
13110	1238.8	1461.1	4717.3
11736	1239.9	1507.9	4751.7
10983	1253.3	1509.7	4902.3
9837	1252.9	1537.7	4921.3
21110	1253.8	1495.5	4880.7
22190	1249.3	1444.4	4670.8
1168	1248.7	1485.9	4748.2
15657	1257.1	1516.4	4896.9
12047	1243.1	1409.8	4679.4
16712	1242.6	1431.1	4690.5
15965	1252.9	1527.1	4983.5
16394	1255.3	1533.0	4958.4
16051	1242.8	1483.9	4718.0
4336	1247.9	1420.8	4710.2
16038	1254.5	1526.0	4862.5
15136	1246.1	1459.1	4766.6
9770	1241.1	1464.2	4715.7
24571	1258.7	1514.6	4919.5
14449	1245.4	1465.2	4740.8
2148	1263.8	1522.2	4941.7
20688	1263.0	1497.3	4945.7
24712	1248.1	1478.6	4828.9
10723	1244.7	1445.0	4767.0
7409	1249.9	1509.9	4818.4
17214	1248.2	1543.3	5063.0
2174	1274.7	1546.5	5103.9
20413	1252.1	1503.7	4931.0
22262	1248.9	1502.5	4875.2
16489	1244.4	1464.1	4701.0
21873	1258.4	1505.6	4866.8
4722	1240.5	1446.7	4678.9
236	1247.1	1487.9	4764.9
17425	1241.2	1476.4	4726.0
16272	1256.3	1460.0	4791.1
3372	1245.0	1496.8	4777.8
17135	1253.2	1484.8	4937.0
12591	1255.5	1521.5	4898.1
4867	1248.4	1463.0	4746.2
24871	1261.2	1564.2	5030.2
24877	1262.8	1606.3	5074.4
21114	1252.6	1493.9	4892.4
4304	1253.0	1509.6	4874.1
7966	1252.9	1490.7	4829.6
368	1249.3	1505.4	4768.0
2696	1262.5	1512.1	4908.5
23722	1248.0	1490.5	4794.3
3988	1254.9	1473.6	4799.8
20553	1245.0	1506.6	4692.9
14526	1253.2	1485.9	4894.5
11074	1255.9	1496.2	4867.7
23280	1257.9	1528.2	4957.0
5782	1242.2	1470.1	4753.0
7627	1243.7	1451.9	4749.2
23922	1257.7	1511.1	4981.8
15411	1248.4	1481.9	4867.4
21691	1248.3	1466.4	4693.4
4046	1244.6	1487.5	5093.2
7124	1266.7	1545.6	5028.4
5053	1260.5	1511.9	4960.2
10356	1258.9	1539.9	5035.2
2320	1251.2	1516.6	4851.8
16112	1250.0	1509.1	4910.9
12109	1262.8	1508.9	4930.2
12098	1247.7	1520.4	4842.2
4378	1259.0	1546.2	4902.5
24389	1264.2	1537.0	4958.9
21883	1253.3	1459.8	4802.8
4499	1251.7	1515.2	4864.0
2123	1259.5	1537.0	5132.1
10472	1258.7	1521.6	4881.1
14167	1228.8	1427.6	4616.0
103	1247.4	1525.1	4858.6
84	1251.9	1508.7	4903.4
23015	1255.3	1509.8	4820.0
2542	1249.2	1504.9	4815.7
17558	1251.7	1490.6	4794.5
20573	1266.5	1538.3	4982.5
7128	1251.5	1518.4	4853.3
4122	1252.2	1501.8	4787.0
15150	1249.1	1474.4	4819.1
3691	1248.9	1503.4	4864.7
11506	1255.2	1493.7	4914.5
6082	1255.5	1456.0	4712.5
14472	1249.1	1464.5	4824.2
18395	1248.8	1508.5	4866.4
23618	1265.1	1548.2	4965.0
22445	1259.1	1502.8	4876.5
19850	1265.5	1564.3	4984.2
17470	1248.5	1482.7	4737.1
13940	1261.7	1538.0	5080.3
2266	1248.7	1480.7	4824.0
6799	1265.4	1520.4	5030.4
13698	1247.8	1491.2	4777.9
8647	1248.7	1469.4	4732.5
10040	1256.6	1540.3	4993.7
9576	1252.2	1502.8	4906.8
534	1251.3	1492.7	4947.6
2326	1257.3	1485.4	4885.7
3775	1245.7	1523.7	4781.0
20059	1243.7	1457.5	4756.8
13684	1260.6	1517.1	4940.1
20647	1263.8	1549.1	5128.5
18007	1251.0	1523.9	4958.4
14387	1256.1	1536.9	4994.3
4217	1258.8	1510.4	4903.7
11235	1246.0	1439.1	4656.0
21706	1257.1	1477.4	4832.7
9769	1243.9	1467.0	4735.5
8333	1254.8	1584.8	4980.6
832	1253.4	1529.9	4966.1
7189	1249.0	1494.3	4803.4
11527	1256.3	1458.7	4730.6
12756	1258.1	1503.0	4882.3
5939	1244.8	1494.2	4792.4
7149	1248.9	1529.2	4825.9
21140	1250.8	1480.6	4820.5
19047	1242.7	1445.3	4712.2
1660	1254.6	1479.2	4883.5
41	1245.2	1474.8	4866.9
15685	1244.0	1453.3	4696.9
10932	1246.3	1504.7	4835.8
20748	1259.0	1471.4	4876.5
8466	1256.8	1531.1	4866.1
20689	1248.4	1480.5	4851.0
8978	1260.6	1465.8	4809.8
286	1245.0	1515.6	4736.4
1147	1253.4	1507.2	4907.7
23608	1255.7	1448.7	4958.1
1437	1251.3	1519.1	4955.3
20806	1252.3	1497.5	4777.7
20250	1256.3	1492.4	4816.6
13070	1250.7	1471.2	4812.9
21575	1247.0	1458.2	4696.8
16688	1249.4	1478.4	4792.5
2076	1250.9	1514.5	4911.1
5907	1241.4	1454.5	4740.1
24485	1253.0	1509.6	4875.1
7453	1255.2	1523.9	4835.1
8999	1240.8	1500.4	4721.1
18849	1253.8	1477.4	4799.8
7667	1248.9	1499.9	4794.3
302	1264.8	1537.5	4981.4
18989	1246.8	1528.8	4872.8
248	1256.9	1518.4	4928.4
24909	1251.7	1455.3	4762.4
24507	1238.0	1481.1	4691.9
24650	1253.0	1512.0	4856.5
8076	1240.5	1474.3	4727.3
10343	1248.5	1509.3	4829.3
18139	1252.7	1522.9	5054.8
20347	1241.1	1482.5	4879.5
22621	1250.0	1449.3	4758.1
10759	1261.2	1494.8	4887.1
11724	1244.8	1472.1	4836.2
19391	1248.3	1521.8	5053.5
17220	1243.7	1468.2	4750.2
19924	1243.5	1479.0	4787.9
2485	1258.7	1486.1	4864.6
23153	1243.8	1471.6	4753.6
14818	1249.0	1466.0	4716.2
3288	1258.4	1543.9	5253.1
6327	1250.6	1508.4	4808.4
23064	1262.6	1525.3	5030.4
10417	1248.1	1490.5	4771.2
16575	1261.7	1500.3	4896.7
3939	1249.5	1511.7	4796.7
2309	1248.4	1487.3	4748.1
11932	1252.3	1486.6	4837.7
9216	1248.8	1488.9	4754.1
18505	1243.9	1464.3	4796.8
18243	1244.4	1482.1	4759.7
8036	1253.9	1503.9	4877.0
10434	1248.9	1494.2	4795.3
24522	1257.6	1524.6	5042.1
1160	1256.9	1529.4	4873.8
24131	1247.2	1499.5	4820.2
18473	1241.0	1459.2	4712.5
3454	1247.3	1438.6	4699.4
19406	1255.0	1469.6	4754.7
3232	1248.0	1478.7	4783.5
12743	1255.9	1504.4	4899.1
17685	1250.8	1490.4	4879.6
959	1236.3	1425.2	4687.3
5702	1257.1	1549.6	4987.1
4175	1256.0	1545.0	4957.1
11075	1251.0	1522.2	4918.4
14289	1259.3	1536.5	4918.6
6994	1255.6	1478.2	4882.8
18290	1244.6	1487.0	4750.0
11154	1250.8	1483.5	4829.3
21431	1263.6	1562.7	5062.1
24713	1255.4	1541.6	5013.7
16046	1259.1	1480.7	4902.7
8522	1239.1	1493.0	5037.5
18128	1252.5	1518.5	4925.2
2705	1255.1	1579.4	4935.8
13648	1250.5	1513.9	4863.5
24944	1254.7	1529.5	4935.4
18346	1244.6	1470.1	4731.6
21729	1262.1	1527.9	4906.1
11690	1241.7	1478.6	4806.5
24159	1241.6	1450.4	4680.7
3985	1248.1	1504.7	4828.3
5196	1241.3	1483.1	4766.0
19314	1261.1	1516.1	5093.4
23752	1248.3	1484.5	4865.9
22124	1248.1	1486.1	4826.1
9083	1241.8	1500.1	4786.3
12332	1259.1	1507.1	4884.4
1856	1248.0	1479.6	4819.9
23474	1247.2	1457.1	4748.9
22908	1257.2	1503.7	4931.7
3167	1255.8	1609.9	4962.3
17582	1255.2	1516.7	4827.8
1701	1237.9	1464.9	4787.0
16480	1249.9	1500.0	4826.2
5901	1249.4	1508.1	4822.5
1284	1244.2	1478.9	4656.4
13072	1246.3	1414.2	4651.2
23275	1242.4	1469.0	4688.3
23740	1250.0	1490.3	4860.0
9611	1245.3	1448.5	4679.0
829	1252.6	1522.3	4796.7
362	1244.3	1443.7	4733.8
24356	1252.7	1516.8	4805.5
18087	1247.5	1472.1	4849.1
5153	1243.7	1439.2	4698.8
23020	1249.2	1499.6	4790.9
7987	1257.9	1473.1	4849.0
6662	1265.3	1501.4	4918.6
16446	1249.1	1500.6	4803.9
18846	1250.3	1445.7	4743.4
9341	1246.9	1529.8	4831.3
15551	1260.5	1532.9	4941.2
7376	1247.2	1479.3	4724.6
23518	1259.1	1517.8	4988.9
4093	1254.0	1479.6	4838.1
14325	1254.7	1461.4	4852.7
15280	1258.9	1535.3	4959.7
17881	1255.0	1538.1	5026.3
18026	1249.3	1477.1	4722.3
4102	1251.3	1476.1	4855.4
1314	1248.7	1496.5	4851.1
20096	1254.2	1509.6	4913.2
2220	1259.7	1545.9	4976.2
19359	1250.2	1466.0	4789.0
22179	1257.6	1497.7	4782.4
3367	1251.3	1498.3	4818.9
1156	1254.3	1542.4	4896.8
8900	1257.3	1507.3	5042.2
10072	1242.5	1535.3	4921.6
6688	1264.8	1571.9	5248.1
1695	1263.4	1571.8	5032.4
8762	1259.6	1492.8	5049.2
9033	1261.9	1518.5	4921.0
6150	1259.3	1571.7	4963.8
95	1257.7	1486.9	4907.2
18603	1255.4	1549.6	4968.8
14398	1251.4	1491.8	4831.6
7219	1258.9	1512.9	4882.9
4187	1259.6	1496.4	4874.7
2717	1265.9	1507.1	4952.6
12581	1248.9	1506.5	5184.4
1987	1235.4	1488.8	4717.5
873	1247.7	1487.8	4758.5
14428	1260.4	1501.1	5033.8
8064	1247.0	1487.9	4786.0
22000	1257.2	1510.1	4864.0
7233	1254.8	1503.1	4930.9
18253	1249.6	1488.6	4928.9
1479	1252.0	1508.5	4807.8
18619	1248.4	1524.0	4923.2
5776	1258.8	1485.8	4891.1
17023	1254.5	1478.8	4786.0
922	1272.1	1538.7	5016.4
15205	1253.8	1509.2	4897.7
12300	1253.5	1525.8	4899.4
11734	1243.7	1497.6	4846.2
8286	1235.8	1441.9	4687.4
22301	1247.5	1489.0	4753.5
9689	1261.2	1486.1	4780.9
19620	1250.3	1527.2	4917.7
17000	1253.7	1532.4	4960.2
9707	1252.1	1477.0	4780.1
16615	1249.1	1456.7	4758.6
2748	1258.7	1498.5	4820.9
2706	1253.8	1538.6	4884.0
3687	1255.5	1565.8	5030.1
6573	1237.0	1446.4	4698.0
21074	1260.3	1492.6	5102.4
10498	1250.7	1429.4	4725.4
15955	1246.4	1500.3	4878.7
1065	1246.9	1489.6	4805.3
21451	1245.2	1514.9	4936.0
3435	1259.0	1505.5	5010.0
21245	1247.8	1496.9	4887.3
3746	1260.3	1523.8	4975.4
3729	1247.4	1497.9	4924.4
4018	1247.1	1471.3	4725.3
20344	1254.9	1463.1	4892.3
1505	1252.2	1486.9	4760.9
9450	1272.8	1552.5	4928.5
5379	1245.2	1478.0	4773.8
13762	1256.0	1561.9	5023.8
3837	1260.4	1553.6	5032.1
14458	1255.6	1519.4	4913.5
23354	1250.8	1487.2	4770.1
4227	1250.3	1468.2	4767.3
6544	1249.3	1482.4	4849.1
24490	1253.0	1524.6	4923.2
5995	1243.4	1524.0	4834.6
16954	1243.0	1467.6	4773.3
20129	1255.9	1479.4	4819.3
8840	1250.0	1533.2	4907.8
22498	1253.7	1522.8	4907.2
19728	1263.3	1531.5	4979.7
21224	1259.8	1554.2	4974.4
11274	1235.4	1477.8	4783.3
9345	1249.8	1430.1	4813.2
15597	1257.6	1506.8	4912.6
12466	1251.0	1526.2	4905.1
581	1244.9	1470.8	4752.4
9699	1246.5	1495.8	5013.4
1733	1253.7	1515.9	4821.1
10792	1251.2	1501.6	4859.9
18817	1253.5	1516.5	4963.5
5996	1250.0	1469.3	4807.8
6899	1251.5	1459.1	4736.9
8970	1257.7	1477.9	4820.5
21744	1246.8	1520.7	4832.4
21695	1262.8	1571.0	5252.7
4221	1255.1	1515.0	4864.3
2175	1257.7	1495.0	4970.4
24431	1243.8	1520.3	4774.2
175	1248.5	1479.4	5066.0
6442	1259.1	1479.6	4826.8
16810	1258.2	1570.8	4979.6
1738	1248.4	1526.0	4810.9
16435	1250.5	1478.1	4798.6
20695	1245.0	1474.1	4789.0
23865	1255.4	1500.2	4876.5
8805	1258.5	1512.0	4970.5
21054	1258.8	1471.7	4802.7
23960	1262.4	1483.2	4889.5
3544	1245.4	1425.2	4636.6
19713	1259.4	1515.1	4980.4
24483	1247.9	1504.7	4872.9
8605	1253.1	1493.4	5395.6
5716	1241.0	1453.2	4696.4
11571	1252.6	1528.0	4914.6
9723	1258.4	1488.2	4801.6
6348	1263.6	1533.3	5000.8
1419	1260.7	1510.5	4863.1
18130	1247.5	1503.0	4811.0
21318	1241.3	1463.7	4742.1
7641	1246.2	1505.3	4828.2
20090	1247.4	1471.2	4824.7
513	1250.9	1492.1	4884.9
18741	1250.0	1510.9	4851.6
18626	1257.8	1541.4	4933.9
83	1247.5	1508.8	4860.2
16623	1254.4	1459.6	4793.5
21999	1259.0	1494.2	4897.8
13734	1245.6	1491.8	4926.7
4539	1261.9	1604.8	5019.7
20821	1255.7	1538.5	4887.3
16625	1248.0	1495.3	4849.0
9617	1256.4	1504.0	4818.2
17666	1256.8	1493.1	4936.2
20777	1247.9	1538.3	4865.0
1801	1258.1	1510.4	4941.6
20596	1254.2	1486.8	5015.2
22806	1247.3	1413.1	4679.2
9721	1243.9	1475.3	4739.6
24625	1258.0	1459.9	4820.4
3875	1246.7	1487.5	4763.0
10307	1260.1	1486.7	4840.8
3068	1259.5	1516.1	4880.0
14009	1252.6	1490.7	4952.1
22650	1252.4	1460.7	4856.1
1408	1243.7	1443.1	4648.8
7029	1239.6	1473.4	4689.2
22446	1259.7	1531.1	4882.7
3593	1247.5	1517.5	4803.7
11507	1245.4	1483.0	4826.5
14966	1257.9	1526.2	4894.0
20839	1234.5	1439.7	4735.1
23252	1255.6	1523.8	4967.5
15541	1255.7	1508.6	4926.5
13902	1249.4	1514.8	4944.5
17374	1252.1	1547.2	5013.9
4562	1250.4	1538.7	4867.2
5817	1253.1	1506.6	4829.0
8461	1251.0	1505.9	4866.3
22266	1253.3	1441.6	4786.2
20363	1244.2	1524.7	4968.7
13537	1242.2	1471.3	4728.1
12552	1263.0	1498.4	4881.0
7308	1257.3	1503.7	5030.0
16880	1248.3	1472.9	4832.3
17587	1245.7	1458.7	4795.9
10850	1266.0	1542.2	5067.2
7944	1255.4	1485.4	4771.5
7704	1258.6	1534.6	4870.6
14762	1241.7	1477.2	4845.1
8847	1253.1	1490.2	4818.6
22583	1254.4	1490.5	4836.2
361	1253.2	1543.4	4922.6
12004	1251.1	1520.4	4822.2
12405	1258.9	1554.6	4904.6
3719	1257.6	1468.3	4933.9
19142	1237.4	1442.7	4715.8
17506	1258.0	1525.8	4830.2
21044	1237.1	1480.5	4744.1
1452	1260.4	1544.9	4966.5
11300	1256.4	1530.2	4997.0
10330	1248.4	1491.6	4847.1
5441	1251.3	1507.9	4834.5
4720	1242.8	1462.5	4712.7
3129	1255.2	1520.7	5164.3
16778	1251.0	1509.3	4793.6
9501	1248.1	1484.4	4847.1
15920	1248.5	1454.0	4709.2
11965	1258.7	1473.5	4866.9
15591	1258.4	1487.8	4890.5
10332	1258.3	1491.5	4934.1
19337	1250.5	1526.0	4837.1
17551	1243.0	1473.0	4726.2
22390	1256.9	1515.9	4864.8
24585	1253.4	1486.8	4789.2
19039	1257.9	1494.4	4903.7
18421	1239.6	1459.4	4662.2
13159	1259.0	1463.4	4942.0
12638	1251.5	1496.8	4887.4
6020	1267.8	1523.8	5056.5
7059	1259.3	1513.2	4904.4
2823	1257.0	1526.7	4898.8
18354	1253.7	1506.8	4863.4
8922	1249.7	1529.4	5220.9
12171	1242.7	1499.6	4778.0
3579	1254.9	1502.4	4897.5
5978	1258.0	1493.0	4906.5
5728	1254.5	1484.5	4823.9
11309	1254.4	1503.5	4904.1
317	1256.6	1573.4	4999.6
12441	1266.4	1533.3	4915.9
15668	1247.9	1489.4	4830.1
13499	1250.1	1431.7	4709.1
14941	1253.0	1483.2	4869.3
24218	1263.3	1541.5	4966.5
11927	1250.4	1461.6	4765.2
15025	1251.2	1530.2	4934.4
10876	1253.0	1488.1	4826.5
23324	1250.5	1483.4	4875.4
23806	1246.5	1478.8	4806.0
12252	1248.9	1499.9	4797.9
19939	1242.5	1463.9	4738.2
6401	1250.4	1496.9	4861.8
17546	1245.6	1444.7	4738.3
3720	1260.8	1518.9	5039.9
7243	1249.4	1452.8	4787.5
15520	1248.3	1460.2	4747.4
10097	1250.5	1457.9	4769.9
10694	1249.4	1467.5	4745.8
13476	1245.8	1476.2	4854.3
15779	1258.1	1548.1	4946.9
15712	1258.6	1494.3	4831.5
6267	1261.3	1530.4	4906.2
20116	1257.2	1544.0	5122.0
15797	1260.2	1515.1	5083.5
3342	1254.5	1556.5	4923.0
18670	1253.0	1518.7	4881.5
14944	1248.3	1455.1	4714.4
5206	1255.5	1534.6	4976.8
15362	1248.6	1481.7	4728.3
8951	1246.8	1412.7	4709.9
12618	1256.0	1493.6	4847.2
8796	1259.3	1480.9	4814.0
14735	1254.0	1543.4	4830.0
10852	1251.8	1471.9	4851.6
4947	1235.6	1482.9	4768.0
23919	1256.3	1505.7	4834.8
24257	1251.1	1508.1	4859.4
16087	1256.4	1466.6	4792.9
11272	1256.2	1450.2	4961.0
24505	1258.0	1513.9	4990.0
12195	1241.3	1445.1	4757.8
22482	1252.6	1475.8	4821.3
16814	1250.9	1499.2	4843.7
8353	1258.7	1470.3	4784.7
10194	1249.5	1488.6	4804.4
24816	1249.6	1490.6	4834.4
7085	1250.1	1561.9	4932.2
21870	1248.2	1482.8	4768.5
2970	1251.9	1466.8	4732.8
13176	1244.6	1496.9	4785.9
20183	1264.1	1492.6	5041.9
1007	1247.8	1540.4	4846.0
23185	1258.0	1492.3	4928.2
17257	1256.7	1562.4	4962.7
7509	1246.2	1542.6	4815.5
12538	1250.5	1517.6	4917.4
12573	1254.2	1502.4	4790.1
1105	1262.0	1540.9	4992.2
6785	1245.8	1464.1	4695.9
15028	1245.5	1532.8	4827.7
8192	1248.3	1536.8	4923.0
8504	1261.1	1568.6	5066.9
10340	1245.5	1414.9	4666.9
5938	1247.4	1516.7	4878.7
8224	1258.6	1534.2	5031.6
6698	1249.0	1496.4	4926.9
20947	1255.4	1501.2	4961.6
9032	1250.7	1497.1	4832.2
2254	1242.5	1485.0	4760.3
16113	1251.1	1447.4	4813.8
19306	1250.7	1465.2	4779.0
4298	1246.6	1475.1	4754.7
13139	1255.7	1520.8	5213.3
18625	1243.3	1495.2	4668.1
13181	1252.7	1493.6	4792.2
21059	1259.4	1504.2	4968.6
17999	1249.7	1518.3	4762.0
2521	1246.6	1503.3	4767.5
22333	1257.5	1606.8	5214.7
23625	1244.2	1484.4	4796.5
14506	1252.3	1495.2	4802.3
12902	1257.7	1505.8	4956.3
10174	1247.3	1529.4	4791.1
14169	1262.0	1522.3	4922.5
23319	1250.8	1517.4	4883.8
18868	1246.7	1527.7	4871.4
2854	1247.8	1439.6	4706.5
21116	1260.4	1514.9	4887.4
13384	1238.1	1433.6	4605.6
19585	1251.8	1492.3	5401.4
9614	1246.8	1458.4	4789.1
18	1253.6	1507.2	4896.4
15834	1242.3	1442.5	4759.3
3133	1253.6	1569.3	5086.8
6527	1251.1	1487.9	4855.3
9529	1253.6	1506.8	4942.3
1924	1258.4	1515.7	4912.2
18807	1247.8	1449.6	4736.5
8488	1262.4	1525.4	4860.4
518	1259.1	1529.1	5050.0
4874	1269.9	1534.8	4979.9
7049	1263.3	1539.2	5072.3
17365	1255.0	1514.5	4872.0
19210	1252.7	1522.2	5048.6
8331	1251.6	1490.6	4782.3
1220	1245.1	1497.1	4820.7
7936	1250.2	1440.3	4741.9
13143	1251.5	1511.3	4871.9
10308	1243.0	1498.5	4775.4
10656	1253.4	1517.2	4855.8
3700	1246.4	1506.6	4724.0
23772	1256.2	1473.3	4748.5
17234	1247.9	1446.1	4745.0
12690	1251.6	1490.1	4884.3
10013	1245.4	1485.8	4843.2
16803	1254.7	1478.1	4852.3
19842	1252.7	1545.6	5122.8
811	1243.7	1405.0	4712.6
322	1252.0	1495.2	4815.5
24677	1247.9	1504.7	4807.7
10659	1245.2	1481.2	4763.0
15714	1254.4	1518.5	5004.4
23506	1245.4	1448.9	4707.5
22645	1247.4	1487.5	4804.3
2332	1252.3	1479.5	4794.2
8786	1253.7	1512.9	4856.8
19901	1257.4	1513.6	4924.3
22530	1241.2	1443.8	4608.2
9023	1249.2	1462.6	4677.8
19498	1270.4	1503.2	5012.9
1236	1243.6	1443.1	4714.5
77	1245.5	1465.2	4728.5
7011	1249.4	1460.3	4720.6
4902	1246.7	1441.8	4703.1
1092	1245.9	1469.4	4772.5
23377	1257.0	1527.3	4948.1
4604	1253.3	1463.2	4797.4
18011	1257.0	1522.1	4915.6
15277	1252.9	1502.9	4862.2
1608	1239.1	1468.0	4616.7
21363	1258.8	1496.7	4841.4
7344	1252.4	1540.5	4913.0
20316	1240.2	1494.3	4920.0
8754	1249.0	1454.3	4714.8
2013	1261.1	1527.5	5031.0
12087	1250.8	1491.9	4858.8
5263	1254.1	1495.0	4794.6
12235	1256.3	1515.5	4881.5
21731	1256.7	1508.8	4952.7
18464	1242.8	1472.9	4691.7
1232	1250.0	1459.7	4819.4
15725	1236.6	1447.1	4702.2
23580	1245.5	1526.2	4909.6
16432	1256.6	1505.0	4872.2
21174	1251.1	1485.8	4807.1
18286	1244.5	1449.1	4671.8
216	1249.2	1518.0	4869.0
20908	1255.0	1539.2	4837.2
10020	1262.8	1589.7	5037.8
14820	1248.9	1473.4	4918.9
9212	1258.1	1542.1	4925.9
967	1263.6	1504.9	5136.2
15545	1248.7	1457.8	4766.0
1566	1258.0	1531.0	4882.4
4055	1249.6	1495.7	4831.9
18931	1253.2	1489.5	4778.0
22283	1257.6	1429.7	4830.5
4727	1243.9	1432.3	4772.9
20986	1244.0	1441.2	4787.2
22281	1242.0	1468.9	4699.3
5284	1263.1	1542.4	5031.7
793	1255.6	1499.7	4906.0
19494	1246.0	1493.1	4794.0
4855	1254.5	1488.1	4828.1
7143	1254.1	1513.8	4816.2
17564	1245.8	1469.7	4705.5
5853	1249.5	1461.7	4838.8
18823	1245.5	1524.3	5145.7
8464	1245.9	1536.5	4858.8
15404	1250.1	1467.2	4766.3
10992	1247.5	1478.1	4718.1
10443	1257.5	1525.5	4844.8
10803	1264.0	1540.0	5165.6
9596	1255.3	1521.7	4827.4
2587	1257.8	1539.2	4909.9
21993	1250.0	1482.2	4830.4
11756	1242.0	1479.7	4907.3
10831	1242.8	1419.0	4721.0
6798	1255.6	1535.0	4981.8
7138	1255.7	1526.6	5035.6
14307	1258.7	1543.8	4975.1
3578	1246.8	1495.9	4788.8
18262	1256.6	1572.0	5005.2
6721	1258.1	1538.3	4876.9
8393	1243.4	1486.6	4799.0
20427	1265.2	1494.4	4903.5
1088	1246.6	1459.0	4751.3
8566	1261.3	1533.4	4935.3
8558	1251.3	1501.4	4778.5
421	1244.9	1491.6	4804.4
18434	1249.9	1487.5	4816.3
13297	1244.5	1498.3	4805.1
23696	1254.3	1509.9	4950.0
23462	1259.9	1468.8	4757.0
18824	1258.5	1532.3	5004.4
1831	1242.9	1465.9	4686.2
931	1251.3	1477.0	4793.0
18075	1253.9	1492.4	4800.2
13074	1260.8	1542.9	4931.9
21967	1253.4	1476.7	4772.9
7065	1244.4	1459.2	4735.4
12935	1252.4	1489.3	4777.3
9068	1243.2	1442.2	4640.8
5125	1254.4	1520.6	4878.8
11897	1250.0	1481.9	4887.9
5586	1268.4	1526.3	5004.4
23573	1246.5	1480.2	4685.4
15550	1258.1	1571.5	5012.4
485	1246.9	1533.0	4881.1
2026	1252.8	1516.2	4872.2
13506	1243.1	1458.2	4735.5
12130	1250.1	1519.5	4909.9
7100	1257.8	1522.2	4890.9
7373	1251.6	1523.4	4855.6
14981	1250.1	1472.0	4773.9
18561	1227.1	1445.8	4648.7
21951	1255.5	1487.1	4991.3
15927	1258.5	1511.3	4981.2
16744	1242.8	1477.8	4743.5
20555	1250.0	1429.7	4739.3
13311	1254.0	1471.3	4855.9
8271	1263.0	1529.6	4954.1
19902	1242.6	1474.2	4745.7
19758	1236.9	1488.3	4664.4
11920	1245.3	1490.1	4733.8
21912	1260.0	1505.1	4891.1
5703	1244.3	1501.4	4730.6
3539	1248.0	1519.5	4789.1
14028	1248.0	1467.8	4871.7
346	1251.9	1530.6	4957.2
320	1257.5	1533.8	4979.9
13213	1249.7	1540.1	5075.4
21154	1250.6	1515.2	5077.4
23350	1256.2	1465.6	4947.6
14996	1264.1	1482.6	4948.5
17976	1248.0	1461.9	4722.5
6839	1258.4	1521.0	4936.2
2284	1239.0	1481.2	4715.3
23859	1252.7	1511.8	4817.5
17824	1258.7	1521.7	6169.6
19519	1241.9	1457.6	4744.3
10959	1253.7	1467.7	4841.5
16191	1260.8	1565.3	5098.3
12779	1246.5	1520.5	4783.2
17628	1238.4	1487.8	4709.1
10957	1237.6	1437.2	4690.7
3628	1258.1	1529.7	4897.9
17403	1251.8	1495.4	4987.8
20100	1261.8	1483.5	4902.6
5421	1243.8	1467.7	4732.7
21604	1247.9	1482.6	4860.4
15488	1251.1	1464.8	4786.4
18963	1255.2	1546.7	4975.8
10497	1245.7	1475.1	4760.0
8688	1243.3	1469.3	4687.7
1709	1252.6	1525.7	4955.7
10426	1255.2	1496.1	4834.9
20912	1261.9	1542.7	4999.5
18504	1251.0	1498.9	4754.9
6037	1252.2	1514.0	4893.8
23161	1247.6	1484.1	4846.7
15405	1258.5	1511.6	4883.7
4265	1250.8	1489.2	4959.7
24509	1246.9	1469.0	4778.3
21928	1261.4	1524.2	4990.0
1847	1247.0	1502.1	4770.4
1148	1256.9	1543.2	4965.0
9161	1254.4	1507.3	4910.9
23840	1252.3	1498.5	4948.6
20371	1254.1	1433.0	4791.2
12557	1259.4	1498.5	4821.0
12509	1256.3	1526.9	4950.7
19823	1242.8	1482.5	4964.6
24392	1247.2	1460.9	4786.9
8307	1246.3	1486.6	4799.5
18805	1264.5	1569.2	5081.4
9140	1255.8	1466.9	4758.0
15431	1250.6	1466.6	4736.6
13796	1250.8	1477.6	4795.6
15036	1242.2	1476.7	4808.3
9287	1254.9	1498.5	4850.3
10207	1255.8	1509.6	4899.5
20119	1256.1	1527.6	4915.4
15245	1242.2	1444.2	4735.7
17583	1244.1	1462.7	4787.3
18563	1244.0	1467.5	4762.0
20861	1258.9	1497.7	4957.0
22648	1247.3	1501.3	4715.9
15776	1258.5	1523.0	4967.3
5960	1249.4	1481.0	4773.8
10021	1258.8	1532.0	4938.1
18884	1247.5	1471.5	4759.0
9600	1251.2	1525.5	4934.4
10943	1263.7	1532.4	5043.0
13776	1245.5	1477.0	4802.7
11572	1247.9	1519.7	4779.4
1832	1265.2	1554.8	4969.4
5644	1248.9	1458.0	4745.2
13867	1252.0	1454.4	4863.5
3165	1240.0	1473.7	4699.8
3079	1244.7	1526.5	4814.2
9464	1250.9	1479.6	4874.7
23004	1250.7	1523.3	5121.1
8315	1246.4	1516.9	4791.0
6912	1251.7	1497.2	4856.2
22970	1246.8	1511.6	4865.2
23780	1240.2	1469.2	4772.8
8495	1250.0	1468.1	4786.6
13046	1251.1	1457.4	4821.3
8905	1254.4	1540.0	4934.0
