84490	1860.8	2047.3	13808.8
61900	1860.9	2084.6	13765.8
62835	1879.0	2165.5	14249.4
19582	1857.8	2129.9	13669.8
86273	1855.4	2060.0	13733.6
42160	1866.0	2117.1	13773.9
80841	1871.6	2102.8	14042.5
69342	1870.3	2121.6	14132.2
86881	1849.9	2031.8	13907.4
14493	1869.0	2071.7	13934.4
86047	1844.5	2050.0	13425.8
85000	1850.6	2115.6	13658.0
88834	1877.8	2120.3	14390.5
57945	1888.2	2096.3	14706.9
70147	1857.1	2145.5	13980.1
19491	1866.1	2131.0	13943.3
60682	1876.7	2139.3	14291.8
41319	1867.6	2121.0	13972.0
64904	1871.4	2116.2	13958.3
12136	1861.4	2133.3	13954.5
15000	1863.6	2049.5	13810.8
27872	1860.0	2133.9	13865.8
72071	1894.4	2189.4	14881.5
76558	1859.1	2108.5	14045.2
73650	1856.2	2083.3	13529.4
82117	1868.8	2124.6	13961.4
22675	1856.6	2114.1	13873.0
41410	1867.9	2064.7	13781.4
2767	1862.8	2118.9	13849.2
75611	1854.2	2127.9	14130.7
37916	1846.5	2090.9	13527.6
83091	1862.5	2087.3	13759.0
47320	1870.2	2073.9	13928.9
93134	1874.3	2127.9	14271.1
41837	1840.0	2063.5	13593.8
1151	1868.3	2133.2	14138.1
30123	1862.1	2100.2	13759.2
24022	1855.3	2119.0	13720.8
42827	1856.1	2070.0	13554.3
82692	1864.7	2118.1	14009.1
74676	1862.2	2177.0	14238.5
52913	1857.1	2018.9	13391.5
87712	1853.7	2105.4	13736.0
52864	1876.4	2115.4	14092.1
34248	1854.4	2068.0	13887.9
1900	1854.6	2103.6	13676.0
19593	1872.3	2105.1	14137.3
21999	1850.6	2051.8	13542.0
90670	1860.5	2097.1	13928.6
3015	1859.0	2114.4	13751.3
77287	1852.5	2093.1	13486.9
91723	1885.5	2165.7	14549.9
51575	1863.1	2182.4	14448.7
76462	1866.6	2078.5	14409.8
89481	1858.2	2036.9	13776.8
62366	1854.2	2065.2	13678.2
32815	1854.1	2153.7	13995.9
83453	1855.8	2130.5	14311.1
36135	1853.2	2079.0	13658.5
82526	1874.2	2106.0	13889.7
88212	1865.2	2101.6	14169.3
80936	1854.4	2097.9	13742.2
71259	1870.1	2166.0	14068.5
73008	1840.5	2069.9	13308.7
69202	1874.7	2094.9	13846.5
25413	1861.1	2085.4	13677.9
17455	1855.6	2127.0	13733.2
41012	1853.3	2099.3	13754.7
9920	1851.0	2095.8	13644.4
17026	1850.4	2058.7	13563.4
13921	1863.7	2060.9	13857.0
38747	1854.3	2078.6	13839.0
72740	1858.9	2028.3	13683.6
33399	1877.4	2141.0	14381.0
453	1873.4	2137.9	14054.3
53458	1863.4	2033.5	13574.5
71447	1871.6	2124.6	13919.9
55031	1867.5	2114.0	13922.0
75198	1854.1	2105.9	13652.4
16621	1877.5	2136.2	14430.7
66236	1854.4	2089.5	13545.6
83741	1861.6	2069.8	13917.1
72888	1881.8	2090.9	14225.1
33728	1871.7	2154.9	14036.3
87241	1843.1	2083.0	13758.5
72728	1864.6	2070.9	13632.0
35983	1865.1	2093.8	14050.0
79087	1869.0	2065.7	14154.1
22800	1863.2	2128.7	13844.4
73232	1868.2	2102.2	13948.4
12631	1843.4	2095.7	13669.5
56486	1852.5	2079.5	13573.3
22038	1862.4	2071.7	13619.9
31229	1871.0	2149.4	14184.7
41111	1860.5	2065.3	13475.0
16849	1872.7	2125.2	14463.9
8941	1859.0	2121.1	14074.5
14815	1848.3	2062.4	13534.2
5255	1849.1	2118.2	13724.1
58432	1862.1	2155.3	14201.1
83439	1865.2	2104.7	13980.9
2051	1873.3	2128.2	14119.8
79921	1861.9	2137.3	13988.9
86524	1871.1	2101.7	13836.8
29069	1867.5	2097.5	13892.4
36228	1855.5	2101.8	13876.5
90281	1859.0	2091.8	14000.3
7460	1849.1	2039.5	13519.4
72939	1854.0	2049.2	13622.7
8417	1860.3	2086.8	13655.8
20300	1864.6	2113.1	14050.2
93559	1848.7	2073.8	13824.2
59721	1852.8	2070.5	13721.9
41377	1851.0	2071.7	13705.6
65755	1874.7	2157.8	14268.5
67818	1868.7	2107.0	14305.8
52493	1861.3	2089.8	13670.2
26578	1862.0	2084.9	13838.2
40200	1853.2	2079.2	13535.7
71729	1864.9	2110.2	13885.6
8062	1851.0	2053.5	13535.9
57106	1869.3	2076.8	13899.7
92892	1868.5	2088.4	13930.3
30866	1874.5	2113.1	14037.3
74967	1867.6	2096.7	13901.1
2487	1868.1	2082.9	13895.1
86982	1870.4	2147.2	14143.2
164	1865.0	2153.4	14162.8
67564	1860.6	2081.0	13586.6
14036	1862.7	2077.0	13818.5
13980	1855.9	2066.2	13417.2
45701	1859.3	2169.8	14586.8
34391	1858.0	2088.9	13633.2
3899	1857.2	2124.8	13923.9
67316	1862.8	2161.9	14164.4
34525	1861.9	2081.8	13730.6
51851	1867.3	2121.8	13756.5
20561	1842.2	2103.1	13505.5
52983	1855.8	2074.4	13714.5
86669	1861.0	2120.1	13831.4
21208	1847.9	2015.4	13442.8
13992	1859.3	2123.6	13889.5
55536	1861.5	2071.3	13784.5
87842	1862.6	2108.1	14055.7
83556	1861.3	2107.4	14105.0
49388	1874.7	2162.6	14134.5
34182	1854.6	2047.3	13455.5
61497	1842.3	2014.8	13215.5
37038	1886.8	2137.9	14416.2
38992	1857.5	2066.3	13538.5
56512	1861.0	2071.6	13742.7
68111	1862.2	2062.4	13754.1
45656	1849.4	2035.7	13378.2
59097	1866.3	2110.6	13946.9
92558	1857.1	2098.9	13743.7
51444	1875.6	2106.0	14190.4
48782	1855.9	2092.4	13944.2
4203	1867.1	2100.5	13666.9
77685	1856.0	2115.8	13764.0
80938	1865.0	2087.3	13817.2
47257	1863.1	2082.2	13981.9
64750	1857.2	2065.6	13662.1
83945	1880.6	2137.3	14182.8
73951	1865.4	2106.6	13819.7
45118	1872.2	2104.8	14168.7
2333	1845.3	2025.3	13400.9
24212	1842.9	2076.3	13406.0
84395	1861.6	2052.2	13665.0
77268	1855.7	2029.9	13608.2
93468	1858.3	2047.4	13782.8
60297	1865.7	2111.9	13974.2
86399	1864.2	2093.4	13819.3
41434	1855.6	2128.4	13853.2
56394	1870.6	2117.1	13694.8
65341	1864.8	2127.4	14082.4
20109	1855.5	2082.5	13601.6
28348	1862.8	2066.4	13743.5
3000	1850.6	2073.8	13536.8
90885	1869.1	2127.4	14107.9
71659	1867.0	2161.8	14520.9
56437	1874.8	2130.6	13983.1
5797	1861.6	2156.7	14127.9
30930	1858.5	2063.9	13609.1
64035	1861.0	2098.8	13737.7
32652	1858.0	2079.3	13924.0
32541	1861.8	2167.9	14091.4
20803	1850.9	2066.8	13444.7
18539	1855.0	2069.8	14049.4
62033	1858.7	2132.6	14028.4
60725	1876.6	2142.6	14288.4
94897	1859.6	2122.0	14047.4
52909	1875.0	2198.2	14983.6
66914	1851.4	2055.3	13878.9
77024	1850.3	2026.7	13432.7
13410	1852.2	2070.0	13742.3
17394	1863.0	2097.6	13859.5
29099	1865.8	2121.7	14101.8
18550	1850.7	2064.3	13701.6
8842	1853.2	2120.8	13996.4
80678	1861.2	2084.6	13668.6
42551	1864.1	2083.3	13827.9
75422	1868.2	2113.8	14385.8
61316	1857.5	2054.8	13508.0
55537	1852.9	2092.1	13569.3
56641	1861.1	2146.0	14186.9
50057	1850.7	2111.0	13955.5
33163	1854.5	2070.3	13648.6
44113	1869.5	2091.0	13861.6
43080	1874.1	2139.6	14427.7
69052	1861.6	2068.4	13541.4
13624	1864.7	2145.1	14116.2
60411	1848.9	2083.9	13526.5
74415	1838.1	2006.4	13343.8
4128	1878.2	2154.6	14327.1
51559	1870.0	2076.4	14019.3
32848	1855.0	2150.8	14086.0
42389	1844.2	2086.0	13624.8
79639	1862.1	2144.0	14226.4
11227	1863.3	2099.0	13806.4
87132	1847.4	2071.4	13824.3
43208	1869.4	2119.0	13886.5
16795	1857.2	2068.9	13601.3
91724	1862.6	2083.1	13797.6
66012	1859.4	2123.2	14066.7
50378	1865.7	2099.5	14039.2
16449	1876.5	2141.7	14405.7
91950	1873.6	2119.9	14600.1
6262	1863.4	2151.8	14234.2
31751	1881.0	2128.8	14143.6
79437	1867.9	2118.2	14260.6
89728	1856.5	2100.2	13797.9
70607	1872.6	2089.8	14108.7
26981	1873.2	2141.4	14278.4
61350	1867.3	2098.8	13910.6
94714	1867.3	2095.4	13841.8
17661	1865.0	2182.2	14008.8
66661	1854.0	2080.5	13744.5
34772	1861.5	2077.0	13717.0
16456	1863.1	2064.7	13753.1
51232	1862.1	2049.2	13553.4
90543	1858.9	2084.8	13666.6
66451	1876.4	2132.4	14274.1
94498	1842.4	2036.5	13229.0
72393	1854.3	2062.0	13499.4
93819	1859.7	2070.6	13811.9
37322	1865.6	2136.6	13945.2
76658	1842.3	2065.8	14541.6
22812	1856.5	2081.2	13787.2
15471	1856.5	2061.6	13640.0
77956	1859.4	2109.5	13804.0
52134	1864.0	2045.6	13567.2
86510	1853.2	2118.3	13681.4
80286	1867.8	2108.8	14240.7
92982	1868.1	2118.0	13993.7
83216	1864.4	2097.3	13856.5
72599	1857.4	2078.9	13722.1
71207	1869.0	2145.5	14391.7
9530	1865.2	2135.4	13871.5
19873	1876.9	2127.3	14034.3
39340	1858.8	2061.6	13570.2
80283	1844.5	2062.6	13318.1
43882	1842.2	2055.9	13465.4
77567	1889.4	2164.2	14394.7
72954	1861.9	2127.6	13972.4
32131	1855.3	2092.9	14257.5
57613	1848.3	2099.9	14088.1
61371	1856.7	2048.1	13590.1
66156	1854.2	2061.1	13434.3
91961	1871.6	2108.8	14256.5
21146	1880.2	2131.8	14133.5
2350	1851.3	2108.5	13770.6
89093	1859.2	2114.4	13866.1
15976	1868.6	2147.0	13933.1
31505	1862.9	2133.4	13909.4
42465	1858.2	2057.4	13740.8
72832	1847.6	2044.3	13405.3
56267	1854.6	2145.1	13970.2
31207	1868.6	2115.3	13975.3
37793	1857.8	2041.1	13569.6
69552	1868.2	2119.8	14029.0
61366	1866.5	2110.8	13816.4
71482	1881.9	2132.7	14379.8
53447	1855.8	2056.4	13603.1
88808	1859.7	2143.0	14185.0
12430	1858.2	2120.4	13759.7
55698	1849.3	2101.5	13911.6
90580	1855.5	2063.7	13742.9
37152	1856.3	2043.5	13499.8
62964	1884.9	2135.0	14588.4
66112	1857.4	2108.7	14048.9
13263	1865.2	2119.7	13932.2
88881	1885.6	2132.9	14512.5
9674	1858.4	2084.9	13712.4
16550	1869.3	2142.6	14343.6
32203	1865.5	2093.6	14307.7
91626	1874.7	2116.8	14482.6
77883	1858.2	2033.5	13699.2
45172	1856.6	2130.3	14369.7
45661	1843.9	2042.5	13367.1
49514	1870.0	2069.1	14005.4
28750	1864.6	2089.4	13966.1
68030	1870.3	2176.1	16377.7
53579	1870.6	2095.5	14012.7
17213	1866.1	2077.8	13923.4
74097	1865.7	2086.0	14113.6
1952	1853.3	2132.6	13587.5
78327	1860.2	2102.0	13921.6
86742	1864.7	2081.3	13886.6
15314	1852.0	2114.4	13709.6
9605	1867.3	2118.7	13816.0
72218	1863.7	2125.6	14023.4
78489	1870.5	2090.4	13912.7
91935	1858.3	2046.7	13994.9
46523	1861.5	2146.7	14160.6
23388	1867.8	2143.9	14047.4
74171	1853.3	2100.4	13771.0
70504	1865.1	2087.8	13610.2
20992	1867.3	2113.7	13911.4
30695	1878.6	2168.2	14235.2
93040	1859.2	2095.7	13961.8
50677	1857.9	2053.6	14096.4
75928	1851.4	2090.6	13876.9
37014	1860.5	2087.3	13793.4
3114	1856.0	2135.2	13864.7
28407	1856.4	2095.9	13715.7
74556	1868.7	2107.7	14027.5
984	1869.7	2086.7	13837.6
79977	1877.4	2211.5	14463.4
37644	1854.9	2068.5	13625.7
69309	1864.2	2115.2	13839.8
42535	1869.2	2168.2	14148.2
10876	1864.4	2104.8	13963.0
89744	1864.2	2078.0	13723.8
78053	1862.5	2098.7	14097.9
49206	1879.2	2144.1	14223.0
15820	1862.2	2114.4	13766.8
3402	1866.1	2106.3	13796.1
34313	1873.9	2143.0	14108.5
92396	1873.6	2115.8	14006.4
22201	1853.6	2081.2	13845.9
61055	1871.4	2116.3	14058.2
35040	1873.1	2106.7	14222.7
73701	1890.2	2202.2	14928.2
16168	1859.5	2083.1	13929.5
8527	1870.0	2204.5	14474.8
48773	1876.3	2125.4	14277.4
42761	1860.9	2070.4	13875.7
82908	1856.1	2134.3	14981.9
43995	1856.6	2104.4	13642.6
72376	1859.4	2115.5	13960.8
28609	1857.8	2132.6	13939.7
24883	1877.4	2109.8	13980.5
90755	1868.5	2116.1	13734.4
49340	1871.5	2106.1	13954.2
50558	1851.5	2055.8	13507.9
57225	1855.5	2049.9	13708.5
7708	1860.5	2121.1	13843.3
35014	1869.3	2093.2	13919.4
60515	1869.1	2098.0	14256.2
1353	1875.9	2143.2	14110.3
78338	1876.1	2170.3	14456.8
426	1848.2	2063.3	13552.7
31463	1843.3	2017.1	13670.2
58407	1852.7	2077.9	13777.4
8744	1869.5	2147.4	14373.8
78163	1855.7	2069.2	13758.4
23908	1861.2	2121.8	13832.8
87089	1865.3	2077.5	14092.1
7737	1848.6	2025.7	13268.2
74936	1872.6	2083.9	14460.4
50492	1859.6	2097.5	13541.7
44880	1855.2	2127.7	14080.9
58589	1860.6	2081.8	13869.5
287	1847.2	2104.6	13911.6
45916	1865.4	2088.8	13863.9
83110	1855.9	2082.6	13643.7
68534	1857.2	2065.0	13585.4
93812	1859.2	2082.4	14051.8
83554	1880.6	2141.4	14256.4
30627	1854.1	2110.5	13936.0
87609	1871.7	2093.7	14035.7
93657	1873.4	2184.5	14260.7
20696	1867.9	2114.4	14116.9
1697	1880.5	2183.0	14317.0
6876	1853.6	2038.5	13765.3
35186	1872.7	2140.0	14131.8
54581	1873.0	2107.9	14029.6
36610	1855.0	2051.1	13251.1
18838	1864.3	2143.6	14031.9
23976	1864.3	2105.6	13809.0
22868	1867.5	2080.0	13974.9
33981	1851.0	2022.3	13491.8
32897	1853.6	2084.1	13478.6
14338	1856.7	2053.9	13768.1
26469	1852.9	2100.9	13574.7
38723	1882.1	2197.6	14933.5
9405	1852.7	2079.7	13494.1
38752	1860.3	2087.6	13691.1
2177	1867.1	2118.8	14142.9
23869	1857.7	2034.4	13700.6
63948	1861.2	2050.5	13643.4
6119	1865.6	2073.9	13680.9
55472	1850.0	2056.0	13559.3
23767	1864.7	2105.8	14377.1
30377	1862.2	2102.2	13997.1
12566	1859.7	2088.8	14197.6
42787	1868.0	2114.1	13932.6
23341	1876.4	2098.3	14170.0
23003	1852.2	2171.5	13754.7
1807	1871.3	2142.4	13939.6
81438	1857.4	2078.3	13420.4
5773	1864.7	2137.1	14163.3
88275	1856.7	2066.0	13540.8
44929	1837.2	1991.0	13106.2
54429	1861.6	2099.9	14190.0
55046	1867.4	2116.3	14001.3
70923	1861.0	2101.1	13961.3
87686	1868.2	2119.9	14035.6
62021	1849.7	2081.4	13697.6
54475	1877.5	2166.9	14444.6
7439	1862.4	2117.2	14076.0
24696	1859.0	2108.7	13970.3
22942	1857.2	2145.9	14667.9
56257	1864.1	2115.3	14027.2
551	1864.4	2115.8	13996.9
94908	1865.6	2085.2	14331.3
44698	1845.9	1993.8	13186.3
20437	1867.7	2129.4	14296.2
24532	1855.5	2131.7	13774.5
39016	1854.7	2103.7	14171.7
9281	1859.4	2049.6	13562.7
41169	1854.2	2144.6	14079.7
24484	1880.2	2204.1	14462.8
85385	1865.4	2091.7	14014.1
60824	1853.1	2071.4	13489.5
26001	1863.2	2057.9	13648.6
60498	1850.1	2127.2	13827.9
59755	1862.8	2113.6	13881.3
58663	1879.0	2106.9	14158.6
46759	1852.8	2113.9	13914.7
79068	1875.1	2095.8	14229.0
86144	1867.5	2097.1	14115.1
63812	1847.5	2078.4	13512.3
92797	1850.6	2105.4	14096.5
65627	1866.8	2136.1	14511.7
32032	1855.7	2128.3	13812.4
69667	1875.5	2148.7	14375.6
35601	1853.2	2083.9	13739.2
59561	1870.4	2169.4	14237.9
53040	1866.2	2081.6	13980.6
91720	1849.5	2049.3	13528.5
87116	1855.6	2050.6	13395.6
20821	1852.6	2056.7	13800.4
88729	1863.1	2097.8	13903.6
88436	1862.3	2061.4	13696.3
74237	1876.9	2105.9	14033.1
20237	1863.2	2089.1	13910.1
12243	1871.0	2106.1	13845.3
33226	1868.2	2155.4	14393.4
10519	1864.5	2088.6	13849.6
18177	1866.3	2150.6	14280.2
14620	1856.7	2088.0	13943.6
76611	1886.6	2125.7	14313.9
80474	1865.4	2127.3	14016.5
85444	1860.9	2070.6	13794.5
21244	1842.6	2032.0	13623.8
63054	1848.4	2093.1	13713.0
55203	1881.4	2156.5	14493.3
25617	1873.7	2129.2	14310.9
18723	1852.1	2047.9	13437.2
85277	1864.2	2174.9	14358.9
18637	1854.3	2144.6	14085.2
53147	1860.1	2057.4	13466.3
78086	1867.1	2139.8	14579.3
60157	1849.2	2062.8	13571.1
4452	1853.5	2122.0	13804.0
92266	1861.8	2110.8	13626.2
6387	1868.3	2140.5	14024.8
81316	1870.5	2118.6	13812.0
32291	1872.2	2169.9	14196.9
44399	1870.1	2120.9	14095.1
8226	1871.2	2154.8	14408.2
94184	1852.4	2036.2	13446.3
13213	1863.4	2146.3	14014.8
63447	1860.0	2121.6	14012.9
4811	1858.9	2102.3	13911.0
66986	1843.0	2141.7	13641.4
91026	1866.1	2074.1	13860.1
80583	1852.3	2064.8	13868.7
2682	1864.0	2116.3	13887.3
26979	1839.2	2099.8	13312.5
25056	1867.7	2177.9	14586.1
32968	1862.9	2129.8	13994.3
24095	1852.5	2125.4	13792.4
60438	1869.0	2150.8	14054.5
60008	1852.6	2109.2	13735.8
52746	1866.5	2129.1	14394.5
20986	1862.3	2133.7	14215.2
64218	1854.3	2053.7	13466.5
70485	1858.8	2056.3	13625.5
54490	1854.8	2113.3	13806.0
24837	1868.1	2069.1	13813.2
33469	1854.4	2071.7	13775.1
33976	1866.2	2167.0	13876.7
30770	1853.5	2084.8	13733.8
85470	1862.4	2078.2	13708.0
28016	1845.7	2082.1	13672.1
88002	1875.8	2133.9	14704.7
49314	1845.8	2048.6	13904.7
84685	1860.8	2040.2	13603.5
75582	1869.1	2105.3	13954.4
45402	1858.9	2142.6	13901.1
70859	1850.6	2095.6	13810.2
6521	1860.9	2149.5	14059.7
31831	1857.8	2057.2	13540.1
46496	1866.3	2086.5	13930.3
65606	1867.1	2087.5	13910.9
6480	1860.6	2103.2	13835.4
51366	1853.5	2070.3	13466.6
19588	1862.1	2081.5	14134.8
3739	1865.2	2149.0	14110.5
77823	1856.3	2068.6	13539.5
40160	1856.7	2125.6	13757.7
20568	1867.2	2137.8	13995.7
68012	1870.4	2088.4	13984.4
37881	1855.2	2102.2	13758.2
19164	1848.1	2102.6	13700.2
11982	1865.3	2147.5	14303.6
3600	1873.5	2139.0	14240.8
28711	1866.9	2158.0	13999.2
13027	1867.0	2123.9	13881.8
28503	1860.6	2106.6	14169.1
85526	1869.5	2125.9	14435.1
92712	1866.5	2101.9	13822.1
49808	1876.8	2141.5	14005.3
73139	1875.3	2062.8	14109.6
92674	1855.5	2069.0	14137.5
76285	1867.9	2077.3	14117.9
77699	1886.7	2175.6	15395.7
93189	1852.8	2051.5	13440.3
80855	1850.6	2026.9	13353.6
51279	1859.5	2144.5	13864.3
28315	1869.4	2091.9	14260.1
70398	1868.6	2163.1	14160.5
91688	1865.8	2135.2	14194.3
42941	1863.7	2064.6	13610.3
44001	1869.3	2148.9	14214.4
92283	1865.9	2063.3	13828.1
74002	1866.2	2073.0	13676.8
72088	1860.2	2069.6	13881.5
27143	1855.6	2137.4	13641.8
75990	1862.3	2099.0	13929.6
93183	1847.3	2051.7	13469.5
28607	1864.7	2075.6	13698.9
53108	1850.8	2065.9	13562.1
25581	1876.3	2150.1	14282.9
13250	1851.9	2059.7	13433.0
36469	1849.1	2092.3	13768.7
93587	1850.6	2067.6	13411.3
12754	1861.7	2102.5	14012.5
18599	1884.7	2171.8	14305.0
88836	1862.1	2119.4	14004.6
61615	1856.7	2115.3	13750.4
27830	1852.8	2084.8	13603.7
42565	1857.8	2046.3	13444.8
90669	1867.5	2104.1	13853.3
9105	1879.4	2206.1	14535.4
25970	1862.7	2146.2	14023.4
57989	1869.2	2092.6	14230.8
65581	1860.8	2101.3	13791.0
27344	1851.4	2091.1	13615.4
2422	1868.0	2145.7	14155.1
82841	1858.0	2103.9	14351.0
68992	1864.1	2091.9	13657.1
48790	1862.5	2096.5	13699.6
69882	1849.9	2004.9	13284.9
1244	1865.6	2130.1	14865.1
67033	1868.3	2058.0	13835.9
63635	1878.1	2111.8	14013.6
53401	1872.4	2140.2	14239.8
34673	1861.3	2072.7	13654.9
50826	1846.3	2043.4	13329.0
32248	1856.9	2049.2	13533.7
71685	1846.3	2048.5	13698.3
5997	1853.6	2159.1	13916.4
31479	1866.3	2126.6	13953.3
65207	1876.1	2144.5	14279.3
87247	1855.9	2100.8	13991.2
38605	1875.6	2111.0	14154.6
21110	1877.2	2144.0	14230.0
61662	1856.5	2099.2	13463.5
23536	1853.3	2153.3	14024.8
9504	1866.3	2093.1	13816.2
11895	1868.2	2122.4	13857.5
5338	1874.4	2195.6	14180.8
29230	1862.5	2104.6	13752.8
18245	1847.9	2099.2	13430.8
13073	1870.2	2128.8	13964.6
53190	1868.0	2138.8	14220.4
44093	1874.2	2076.4	13942.7
23072	1858.8	2081.8	13859.5
70480	1871.0	2103.8	14074.4
41820	1858.4	2093.1	13792.9
66725	1852.0	2067.1	13458.1
56970	1889.9	2193.5	14466.8
17370	1872.1	2146.7	14191.8
48188	1846.3	2075.3	13539.0
60309	1856.2	2057.6	13597.0
87683	1859.9	2095.1	13969.5
53585	1874.6	2122.7	14178.3
68700	1861.6	2070.3	13890.0
4992	1855.9	2064.1	13598.6
12208	1854.7	2105.0	13741.0
94294	1854.1	2041.3	13616.1
47774	1867.1	2138.0	14400.4
35289	1870.0	2092.6	14074.9
30629	1856.0	2070.8	13771.2
79848	1865.5	2111.6	13679.1
55112	1856.5	2082.9	13509.7
70796	1871.6	2129.9	14343.9
1060	1860.7	2110.3	14325.4
76504	1857.7	2053.7	13604.0
9908	1868.3	2115.4	14055.4
28344	1855.2	2091.9	13733.7
33786	1858.7	2018.3	13582.6
81831	1863.8	2089.4	13981.4
13365	1859.1	2102.5	13653.2
93186	1867.9	2119.6	14359.3
41925	1859.3	2128.9	14290.5
63493	1859.6	2055.9	13601.6
56891	1866.6	2100.6	14085.0
52018	1865.2	2112.8	13904.8
70243	1861.4	2101.6	14245.8
60067	1879.5	2136.5	14404.0
15965	1853.1	2069.1	13545.6
93380	1853.5	2070.3	13697.3
4239	1844.2	2035.2	13290.5
94916	1889.9	2184.7	14392.9
55047	1867.6	2152.1	13955.5
20858	1866.4	2129.5	13968.1
58780	1858.2	2123.3	14510.4
79902	1857.7	2075.7	13606.5
45551	1872.9	2153.0	14014.3
93060	1872.4	2202.2	14322.9
2575	1890.4	2135.0	14253.0
1928	1845.5	2036.8	13366.5
50143	1858.7	2104.8	13667.3
15359	1863.8	2123.4	13780.7
35086	1845.5	2053.0	13138.4
80687	1866.2	2097.2	13971.5
60336	1860.8	2087.2	13687.9
46955	1873.7	2180.4	14141.4
82191	1862.6	2130.3	13874.4
84184	1867.2	2061.0	14020.7
72037	1857.6	2083.2	13633.0
12894	1857.4	2100.0	14038.6
34613	1860.5	2064.3	13473.2
84852	1861.2	2098.4	13696.8
28687	1858.3	2074.0	13802.5
87626	1875.3	2136.3	14195.2
57256	1864.9	2119.6	13903.0
53175	1859.6	2078.1	13657.9
4587	1845.7	2078.7	13555.6
23396	1863.0	2109.5	13742.7
30722	1871.3	2161.2	14345.2
72108	1860.5	2083.4	13863.4
59193	1863.9	2076.8	13844.6
86001	1858.1	2059.3	13717.4
93093	1867.3	2089.8	13893.9
24362	1864.7	2118.0	13883.5
73580	1861.5	2143.8	14183.0
10286	1869.9	2146.3	14749.6
5519	1864.2	2127.8	14143.3
14494	1860.2	2087.4	14044.3
20265	1861.8	2135.7	14341.9
17803	1859.1	2081.2	13769.6
64013	1857.2	2081.8	13748.7
9086	1847.3	2054.9	13556.4
44649	1863.5	2062.3	13876.0
61468	1846.0	2085.5	13577.0
58842	1870.0	2081.0	14596.8
75209	1859.7	2063.5	13662.4
32520	1859.9	2119.7	14089.2
69771	1855.5	2069.6	13584.0
43406	1870.1	2119.4	14008.2
94661	1848.5	2057.1	13419.1
45864	1859.5	2080.0	13816.6
68601	1855.6	2068.0	14041.5
23490	1860.3	2121.5	13823.0
41285	1859.2	2092.8	13769.5
73497	1859.2	2043.2	13738.3
64601	1838.6	2018.7	13146.9
33510	1871.0	2125.7	14589.2
30605	1875.2	2108.9	14456.7
15138	1854.4	2075.6	13601.8
45061	1863.5	2116.4	14012.8
25986	1877.4	2132.2	14135.3
66826	1859.4	2085.6	13935.9
55141	1866.3	2126.9	14009.0
46575	1858.0	2103.9	13616.4
39161	1854.9	2069.8	13457.1
92443	1866.2	2089.3	14082.2
77000	1856.6	2060.8	13672.4
33493	1852.5	2138.3	13841.6
49161	1871.7	2117.1	13969.0
73320	1859.1	2068.2	13446.2
35467	1852.5	2049.2	13344.0
23739	1871.1	2133.7	14136.6
5733	1854.7	2094.5	13462.4
80773	1870.0	2084.4	13902.4
69598	1852.9	2059.0	13438.3
43238	1861.3	2083.1	13759.0
2228	1869.7	2162.9	14704.4
58511	1868.1	2098.4	14052.5
93453	1858.7	2077.8	13697.3
86777	1843.1	2034.6	13488.1
48718	1864.7	2096.6	13772.0
94610	1877.4	2117.9	14129.3
7789	1855.6	2102.9	13639.5
69580	1863.2	2046.2	13718.2
44354	1875.6	2133.5	14171.9
49264	1869.7	2150.7	14046.4
64706	1862.2	2065.7	13725.4
55530	1861.2	2070.2	13800.7
90531	1850.7	2093.7	13752.5
40320	1857.8	2091.1	13799.9
94082	1859.0	2097.0	13817.9
93402	1859.0	2051.0	13860.7
62332	1855.7	2013.1	13541.1
46323	1857.4	2123.5	13801.9
51437	1865.1	2113.2	13863.2
81634	1856.1	2058.7	13834.4
72833	1860.1	2092.4	13733.4
70709	1858.8	2091.5	14087.4
63404	1869.1	2118.8	13969.0
25459	1878.5	2140.5	14787.5
47646	1852.0	2086.9	13574.0
85305	1863.5	2120.0	13899.8
10983	1864.5	2119.9	13952.4
6052	1859.5	2081.5	13877.5
11487	1866.6	2124.9	13899.3
57369	1858.2	2087.4	13815.8
30821	1858.4	2098.0	13903.1
84214	1868.3	2132.8	13924.9
64815	1861.9	2111.3	13880.2
23183	1856.1	2134.8	13948.4
18786	1860.6	2075.7	14078.0
64593	1860.4	2115.7	13860.1
3394	1856.5	2101.0	13814.2
72670	1840.5	2021.2	13361.8
22884	1871.7	2152.6	14171.4
70817	1860.8	2083.2	13863.3
12651	1855.9	2082.8	13797.5
69801	1853.5	2086.7	13626.6
82040	1849.1	2024.9	13231.5
51369	1847.3	2061.1	13587.0
92117	1851.1	2020.7	13329.6
24487	1862.9	2118.0	14077.4
27923	1884.4	2156.8	14519.9
86094	1866.0	2098.7	14028.7
62315	1836.7	2035.9	13238.6
85319	1857.7	2060.2	13749.5
85281	1853.3	2029.8	13474.7
25088	1849.5	2073.5	13423.4
52938	1865.3	2099.4	14113.3
60643	1851.7	2037.2	13443.1
8389	1873.0	2155.4	14318.1
35541	1868.0	2098.0	14096.6
55929	1847.1	2100.4	13615.5
52578	1857.0	2078.3	13748.1
69827	1870.8	2141.7	14068.8
220	1878.0	2104.7	14265.7
81459	1872.1	2100.4	14005.4
23041	1860.3	2059.2	13517.4
80419	1867.2	2148.8	14245.5
27208	1853.2	2067.1	13789.4
50509	1876.4	2148.7	14098.0
85208	1871.4	2108.0	14007.3
51290	1858.5	2047.7	13661.5
86920	1860.8	2079.8	14298.3
4159	1853.6	2111.7	13728.1
76993	1868.7	2098.9	13690.4
59084	1852.0	2099.9	13824.7
8059	1859.8	2107.9	13688.6
46074	1873.4	2140.2	14051.5
53624	1857.9	2115.1	13717.0
89972	1862.2	2086.2	13801.1
22298	1876.3	2118.7	13996.4
23546	1868.8	2127.7	14394.0
51627	1864.2	2042.9	13514.2
10294	1848.8	2120.3	13603.7
90006	1848.9	2065.0	13590.7
37788	1862.5	2080.6	13821.0
71896	1864.3	2073.9	13757.9
19459	1862.8	2133.4	13936.0
19180	1873.9	2158.9	14344.3
87834	1857.3	2109.2	13828.2
35051	1866.8	2102.2	13873.9
27784	1858.0	2090.5	13566.5
73419	1866.9	2046.6	13915.8
58674	1855.7	2085.8	13719.3
19955	1864.9	2082.5	13935.9
51839	1868.9	2165.1	14159.4
52751	1854.0	2063.8	13646.4
91162	1857.7	2103.2	14120.5
52255	1847.8	2047.9	13502.8
18417	1871.0	2097.5	13810.9
18032	1864.2	2123.9	14137.2
65086	1851.5	2077.7	13655.7
83203	1866.3	2082.4	13937.5
75230	1852.5	2056.6	13585.5
46697	1876.1	2135.0	13971.1
89874	1865.2	2088.8	13925.5
17992	1846.1	2038.8	13361.7
87133	1878.5	2105.4	14362.0
15045	1863.1	2150.9	13990.5
5473	1852.6	2072.1	13503.8
23365	1858.3	2121.1	13774.4
42446	1834.5	2047.7	13356.9
38547	1861.9	2091.0	13883.1
88745	1853.7	2147.7	13788.8
69166	1851.0	2086.6	13741.8
82892	1844.5	2063.0	13511.8
17044	1861.8	2143.9	14141.7
62496	1865.5	2123.3	14105.6
39685	1862.6	2120.5	14067.6
2541	1854.5	2106.6	13616.5
83002	1868.5	2119.0	14038.6
67145	1860.0	2078.5	13964.3
80661	1876.9	2158.8	14456.6
51224	1866.1	2118.3	14043.0
24873	1874.4	2145.3	14356.6
7165	1857.0	2135.9	13733.0
33716	1878.9	2094.6	14012.2
21553	1862.2	2094.2	13720.5
39959	1870.3	2101.4	13987.8
28400	1887.6	2199.5	14513.8
17264	1844.3	2082.4	13611.5
36789	1860.4	2082.2	13669.6
56813	1861.8	2040.7	13533.8
30803	1866.3	2133.2	13935.5
54572	1864.5	2109.5	13886.3
73696	1865.2	2156.6	14105.6
8557	1859.3	2152.7	13971.6
51184	1857.3	2084.2	13671.9
71112	1856.5	2074.5	13594.2
72716	1851.3	2036.9	13537.1
87303	1862.4	2107.4	14238.1
35819	1863.7	2078.8	13828.1
10546	1875.4	2190.4	14731.1
53264	1869.1	2102.4	13999.2
25610	1867.9	2106.4	13776.6
14226	1870.5	2147.4	14305.0
86720	1851.9	2090.3	13743.7
59750	1870.7	2092.9	13967.2
80652	1864.9	2067.8	13789.6
39370	1864.1	2104.0	13717.6
83802	1873.0	2100.7	14134.9
20822	1857.5	2143.7	13990.3
79154	1863.4	2099.5	13777.2
44449	1862.2	2113.1	14002.1
57543	1855.0	2097.3	13735.7
91205	1871.8	2099.1	14039.9
61403	1877.9	2088.6	13956.5
91487	1874.0	2135.0	14421.0
62691	1853.6	2096.7	13691.2
73063	1850.7	2054.5	13412.4
70433	1864.3	2109.1	13863.8
90225	1866.1	2115.1	13888.7
15531	1847.7	2038.5	13338.6
31814	1860.9	2105.6	13676.5
88424	1861.8	2078.0	13907.5
59522	1860.2	2076.8	13706.4
5147	1849.3	2038.3	13610.8
39006	1854.3	2095.9	14057.6
71322	1870.5	2070.7	13921.0
23404	1878.3	2152.0	14104.1
78655	1856.2	2066.7	13967.6
49122	1866.3	2060.3	13647.0
2757	1844.0	2086.3	13704.3
40294	1851.4	2105.8	13617.4
37766	1859.8	2076.5	14088.3
91983	1861.0	2086.0	14061.8
78903	1850.4	2051.0	13730.8
75354	1844.2	2054.5	13515.9
31330	1846.8	2071.5	13590.3
44162	1887.4	2150.4	14462.1
84256	1866.2	2095.9	13934.6
86641	1868.2	2110.7	13754.8
54567	1857.0	2068.2	13539.3
36672	1868.6	2158.6	14027.3
34878	1857.1	2106.5	13740.1
34559	1863.0	2096.2	13745.3
75514	1871.5	2148.7	14180.2
13833	1866.9	2100.0	14125.8
46959	1861.2	2073.3	13828.1
26635	1855.8	2075.7	13676.6
40371	1871.2	2150.8	14744.1
91861	1852.3	2074.7	13676.8
1674	1855.6	2036.0	13272.7
48047	1853.3	2074.1	13497.5
9243	1862.1	2134.4	13862.5
90712	1844.2	2062.2	13448.7
47822	1864.0	2134.8	14559.3
6854	1856.5	2085.9	13691.5
13105	1857.8	2061.8	13593.4
9507	1877.8	2177.6	14969.3
90436	1852.6	2049.9	13373.4
51832	1868.1	2087.5	13812.0
41782	1850.1	2087.1	13499.7
10851	1861.1	2111.7	13828.7
81790	1865.7	2051.3	14001.6
31225	1857.5	2086.8	13777.5
14741	1859.7	2130.2	13745.5
76065	1844.2	2043.0	13392.4
14331	1844.7	2076.0	14062.9
88710	1874.3	2096.9	14101.7
6645	1854.0	2137.1	13754.9
80716	1858.2	2117.4	14084.7
76263	1860.6	2058.6	13725.6
53814	1862.1	2111.0	14057.5
93781	1880.6	2147.2	14076.7
38981	1860.3	2153.2	13831.1
50241	1863.0	2125.2	13978.0
48031	1856.6	2062.0	13542.3
56132	1870.3	2108.7	14131.3
63605	1851.9	2077.7	13622.9
14213	1862.7	2150.1	14054.5
88994	1863.2	2101.5	13849.5
41576	1863.2	2098.7	14171.2
62020	1864.8	2125.2	14008.1
66939	1868.7	2111.8	13927.5
5014	1857.9	2113.5	14339.1
82326	1852.2	2052.1	13735.3
49717	1850.5	2018.7	13377.6
28048	1856.0	2083.2	13725.5
37896	1863.5	2124.8	14017.1
84662	1865.7	2088.2	14313.4
73622	1853.4	2061.1	13859.8
15133	1866.5	2129.8	14234.0
46478	1873.5	2105.0	14265.3
23726	1867.4	2161.7	14219.7
57934	1864.5	2122.2	14029.5
65875	1854.1	2121.0	14223.1
50742	1859.0	2077.8	13595.2
42345	1861.4	2103.0	13822.0
25265	1844.1	2075.6	13641.2
27259	1854.2	2078.5	13923.8
40907	1860.1	2049.7	13651.6
73619	1852.4	2055.0	13601.3
14765	1869.0	2064.6	13836.9
70527	1845.7	2045.5	13498.2
28903	1853.8	2114.5	13885.7
66506	1858.4	2044.5	13768.6
92068	1853.3	2062.4	13611.8
44141	1850.2	2108.9	13655.8
69472	1856.6	2124.6	14136.4
26669	1879.9	2185.5	14923.9
70803	1859.9	2056.3	14045.6
94922	1860.4	2101.4	13953.0
35262	1862.8	2034.7	13754.4
27791	1862.6	2062.6	13740.2
41474	1859.7	2099.9	13729.2
85821	1872.6	2120.5	14108.3
53694	1880.4	2161.1	14252.2
37439	1871.5	2137.9	14086.2
63768	1850.2	2087.9	13505.9
48073	1861.0	2067.8	13843.5
53392	1848.9	2066.7	13448.8
61418	1869.2	2106.7	14030.3
49211	1870.6	2134.9	14213.6
48363	1860.1	2100.7	14031.4
80587	1846.7	1978.8	13161.9
9965	1867.0	2130.9	14200.0
25275	1870.5	2141.9	13999.3
66015	1882.8	2176.1	14576.8
41639	1866.2	2119.8	14737.4
10114	1853.3	2117.5	13851.8
87070	1847.9	2073.4	13545.1
88341	1865.3	2082.9	14070.0
69492	1861.5	2086.6	13615.8
12691	1853.0	2062.7	13522.2
60522	1849.7	2036.5	13361.4
75647	1865.6	2107.6	14074.4
82099	1852.0	2030.6	13535.6
28057	1857.5	2070.5	13684.3
29002	1869.7	2089.9	13920.6
11514	1875.1	2110.7	14537.4
28838	1874.6	2079.4	14002.4
1790	1840.6	2051.1	13314.1
54312	1883.9	2101.1	13962.0
55178	1870.3	2071.5	13722.5
17490	1854.2	2081.2	13883.2
17431	1868.4	2091.5	13806.3
49088	1858.2	2055.3	13802.1
11942	1866.6	2101.8	13982.7
65628	1853.7	2073.0	13494.9
22849	1858.0	2122.7	13832.4
67073	1857.4	2088.8	14019.9
89317	1854.3	2087.4	13697.7
