23213	1515.3	1817.2	8846.5
14893	1532.5	1793.4	9112.4
12696	1522.1	1743.4	8864.8
46569	1517.8	1737.1	8589.2
49844	1529.4	1774.2	8847.0
34408	1523.9	1728.8	8920.0
28681	1516.6	1745.6	8675.1
34588	1506.4	1717.0	8466.4
22578	1523.9	1776.2	8671.5
45832	1508.1	1735.1	8455.7
1137	1524.5	1758.3	8835.2
15071	1509.4	1716.7	8583.2
46014	1519.1	1754.3	8731.4
22820	1509.3	1761.0	8680.6
47669	1526.3	1789.3	8910.0
13713	1524.4	1792.6	8878.9
33111	1531.0	1824.8	9147.7
53207	1517.4	1738.8	8765.4
49555	1520.7	1726.5	8848.2
41599	1502.4	1726.1	8476.5
52093	1515.2	1754.5	8759.9
30232	1509.0	1746.4	8790.5
11433	1525.9	1785.9	9089.8
54026	1518.4	1743.3	8736.7
34254	1509.0	1764.5	8798.8
46037	1522.5	1798.7	9016.9
33329	1510.3	1754.2	8687.3
47202	1502.1	1688.9	8403.3
22368	1516.8	1736.0	8635.1
44599	1515.4	1727.1	8597.9
11969	1515.6	1730.4	8709.8
3822	1517.1	1810.3	8685.0
52963	1516.4	1739.8	8610.4
27042	1530.0	1783.6	8894.3
10590	1506.6	1669.5	8517.3
45460	1503.1	1739.8	8504.6
33260	1511.4	1771.4	8534.6
6874	1499.7	1706.2	8377.7
28161	1501.0	1717.8	8414.2
23371	1514.5	1742.2	8624.5
29389	1520.1	1771.3	8944.0
20704	1519.0	1765.4	8548.3
51938	1506.1	1745.1	8573.6
595	1509.6	1723.3	8579.5
41879	1524.7	1801.8	8806.5
37084	1517.9	1718.5	8688.3
21014	1509.6	1763.2	8686.8
11273	1523.8	1787.5	8958.2
17771	1521.5	1772.3	8743.3
38602	1506.6	1735.7	8493.5
5962	1523.9	1765.1	8794.5
35899	1516.7	1774.7	8851.0
39931	1509.4	1739.1	8738.3
29011	1517.6	1742.9	8616.7
9605	1530.0	1784.9	8974.6
49497	1530.1	1836.9	9026.6
14181	1515.9	1734.2	8623.5
37595	1526.3	1753.0	8774.3
50583	1511.6	1719.3	8524.9
19278	1511.4	1762.7	8702.8
50293	1505.3	1745.0	8569.0
2363	1533.8	1777.3	9109.8
49454	1517.6	1787.3	8761.7
40311	1520.5	1707.2	8639.6
31207	1530.0	1869.2	9249.1
48015	1528.7	1783.4	8897.3
29128	1523.5	1778.1	8886.1
18143	1516.6	1753.8	8764.3
41891	1513.7	1738.4	8645.8
39133	1509.1	1743.7	8511.2
48715	1505.2	1706.1	8522.2
10796	1518.5	1860.1	9135.7
40603	1511.7	1688.0	8469.8
37186	1522.7	1757.4	9014.4
28643	1518.9	1735.6	8863.6
50923	1527.7	1783.8	8760.5
49545	1509.7	1778.9	8667.4
24422	1511.5	1728.9	8631.5
20729	1521.1	1807.3	8949.9
27915	1506.7	1751.8	8550.8
12001	1503.1	1732.5	8751.0
17596	1508.5	1790.3	8582.7
53095	1517.0	1754.1	8891.6
35422	1503.8	1717.4	8463.9
7708	1523.7	1794.6	8798.8
6061	1525.1	1838.3	8954.6
34574	1534.3	1768.3	8991.8
30192	1517.1	1726.5	8577.8
11825	1511.0	1787.8	8787.8
39228	1509.3	1715.2	8376.5
24299	1504.0	1755.2	8599.2
25590	1505.0	1723.1	8451.7
10085	1528.9	1800.0	9071.9
30044	1528.4	1767.6	9138.9
4846	1523.6	1800.7	8761.7
26529	1515.1	1769.0	8657.8
9809	1516.9	1788.5	8844.1
24564	1524.0	1754.0	8814.8
38413	1520.1	1807.1	8881.9
38846	1534.6	1744.4	9001.8
47721	1513.7	1722.2	8560.1
42031	1511.8	1763.9	8633.7
2777	1511.4	1761.9	8770.8
40408	1513.7	1762.3	8731.4
30884	1526.7	1778.3	8870.0
46904	1523.6	1809.4	8906.6
48328	1520.6	1794.4	8908.7
29768	1510.5	1685.5	8416.6
52634	1528.0	1804.5	8986.9
45366	1516.7	1787.6	8654.4
25401	1512.5	1737.3	8575.1
12297	1515.0	1797.6	9047.3
27402	1510.7	1772.2	8690.4
16705	1522.3	1777.2	8838.6
24187	1513.4	1762.0	8704.8
968	1529.1	1782.5	9499.8
41477	1524.6	1788.3	9031.8
52156	1514.1	1765.3	8728.5
39414	1510.5	1719.6	8519.6
15817	1504.6	1735.5	8625.5
16675	1517.5	1711.2	8599.3
36048	1511.9	1739.7	8598.7
34898	1504.0	1712.3	8430.1
18055	1529.1	1773.4	8877.1
2000	1519.0	1794.6	8871.2
26534	1521.1	1762.3	8735.7
22829	1511.1	1728.0	8521.5
19772	1521.2	1779.9	8804.4
32204	1514.8	1728.7	8492.6
50988	1522.3	1761.3	8674.2
35038	1514.8	1764.9	8558.7
12817	1507.4	1813.1	8677.6
45374	1520.6	1777.2	8669.9
15631	1530.2	1776.0	8863.5
43274	1519.8	1795.7	8807.4
22012	1515.5	1761.5	8693.9
45437	1532.0	1809.2	9175.2
35082	1528.1	1771.0	8962.6
5033	1519.5	1704.1	8554.1
48126	1520.1	1731.7	8683.8
10235	1523.8	1759.3	8650.6
32692	1513.4	1751.1	8638.6
29448	1519.1	1746.2	8724.1
1217	1523.9	1791.9	9011.8
31861	1523.7	1787.9	8858.2
4189	1511.1	1761.7	8471.7
52435	1520.2	1777.5	8724.1
2298	1521.1	1807.5	8774.0
51315	1515.4	1791.0	8788.6
4809	1519.2	1785.8	8857.3
53644	1522.3	1773.6	8921.2
41402	1511.3	1767.0	8678.4
29481	1518.4	1782.0	8771.0
38331	1507.1	1733.3	8591.4
35644	1523.9	1772.2	8921.4
11291	1510.3	1738.4	8563.9
7329	1511.5	1720.5	8657.8
47234	1522.2	1728.4	8786.3
51656	1515.4	1702.3	8647.6
24171	1511.6	1724.2	8585.0
39928	1513.9	1801.2	8730.0
41524	1519.1	1726.0	8809.7
14512	1524.9	1756.5	8711.3
21682	1524.2	1741.1	8822.4
51373	1516.3	1710.7	8881.0
5182	1517.2	1790.0	8928.1
24143	1523.6	1742.0	8718.4
49664	1527.8	1736.4	8855.0
44569	1520.6	1782.2	8665.7
29390	1518.0	1757.2	8709.3
28149	1512.1	1701.9	8397.1
15066	1514.0	1798.2	8597.0
11716	1502.4	1738.8	8386.2
29026	1507.6	1699.9	8507.2
2393	1516.2	1799.9	8921.1
26761	1515.0	1738.5	8766.5
4549	1503.3	1747.8	8475.2
37571	1511.6	1723.5	8595.8
30693	1507.7	1763.4	8547.8
2470	1519.2	1793.5	8709.9
36213	1516.8	1758.0	8648.1
35921	1516.8	1752.2	8743.9
13296	1504.3	1701.7	8437.3
16488	1523.2	1814.9	9104.3
35867	1510.0	1750.4	8837.5
6850	1520.2	1738.2	8736.5
51025	1505.3	1699.2	8304.3
5785	1514.2	1723.4	8766.3
1155	1526.2	1801.7	8756.0
10006	1523.0	1778.2	8884.5
27936	1514.1	1814.5	8944.1
51906	1522.1	1737.0	8556.1
10577	1516.4	1752.1	8603.9
10737	1518.0	1791.7	8771.2
10504	1507.4	1768.2	8564.7
227	1515.7	1777.2	9056.2
18891	1521.7	1743.8	8800.0
50217	1511.1	1741.3	8499.2
11882	1515.1	1762.9	8686.4
5263	1515.8	1799.8	8843.6
13493	1512.4	1719.7	8628.3
43714	1507.0	1762.5	8884.8
51031	1510.8	1728.8	8384.2
18903	1511.8	1786.2	8787.3
41143	1520.1	1775.9	8825.7
8911	1521.4	1785.0	8774.6
48772	1529.4	1763.6	8922.8
40869	1514.8	1784.7	8945.8
6588	1507.1	1721.1	8441.5
27601	1513.9	1758.5	8807.4
34781	1517.5	1784.8	8662.1
38733	1514.3	1714.6	8556.8
12264	1520.7	1764.6	8703.2
594	1521.8	1827.4	8797.5
16053	1514.5	1755.3	8548.0
22028	1526.9	1777.4	8916.6
43728	1525.0	1768.5	9002.9
19129	1517.6	1787.0	8748.2
31139	1530.3	1777.9	9042.4
11632	1529.0	1784.3	8914.1
14121	1518.2	1789.3	8806.2
40894	1530.2	1746.8	8903.4
46385	1516.3	1735.7	8598.7
42757	1518.5	1760.1	9403.7
27968	1523.2	1775.5	8937.4
16137	1513.5	1730.3	8568.8
14158	1514.8	1759.2	8661.3
26312	1511.8	1721.7	8536.5
17734	1526.3	1799.5	8909.8
44395	1526.3	1726.2	8708.8
9296	1513.5	1794.8	8750.4
4234	1509.6	1766.3	8634.8
25139	1504.6	1704.5	8314.1
6615	1513.0	1752.1	8697.4
45474	1505.2	1680.8	8297.0
31933	1523.9	1729.1	8822.6
1593	1511.9	1761.0	8511.4
40553	1522.8	1772.5	8731.2
53708	1515.4	1748.2	8678.9
46311	1518.0	1752.4	8871.3
28749	1521.3	1750.9	8774.5
34475	1518.6	1760.6	8806.6
53845	1509.8	1721.8	8578.7
40575	1526.9	1763.5	8847.3
19867	1506.8	1717.5	8498.8
48192	1521.1	1812.7	8833.4
21404	1518.7	1719.4	8800.6
46900	1509.6	1759.0	8488.7
29492	1511.4	1737.2	8518.4
52772	1522.9	1767.9	8772.2
1025	1507.5	1754.4	8414.7
51456	1519.2	1748.3	8956.5
2837	1524.1	1781.2	8802.2
25799	1516.8	1786.6	8733.0
45851	1529.9	1800.3	9084.8
33465	1515.7	1778.6	8914.4
49054	1514.6	1735.0	8620.9
25100	1527.9	1788.1	8726.3
15109	1514.8	1759.2	8699.0
43644	1519.2	1811.3	8873.3
42949	1501.8	1708.9	8368.7
14925	1525.6	1773.4	8797.0
47431	1511.5	1762.4	8735.5
36155	1519.6	1803.2	8931.7
35425	1514.2	1749.0	8582.9
28079	1518.0	1734.8	8693.7
16509	1527.6	1837.4	10435.8
5197	1510.8	1772.7	8572.8
9211	1502.3	1706.9	8287.4
33443	1509.3	1673.9	8417.6
5096	1516.9	1788.1	8681.8
44573	1508.1	1778.1	8638.2
3306	1517.5	1773.4	8785.9
49290	1509.3	1711.6	8434.2
38221	1524.4	1760.7	9010.7
40412	1525.9	1814.4	8966.7
41740	1520.3	1777.2	8716.5
32089	1524.7	1770.5	8718.1
39520	1509.7	1773.1	8692.0
18185	1519.9	1777.8	8676.1
29463	1512.5	1746.3	8642.6
27878	1517.8	1766.9	8639.5
8740	1511.7	1758.4	8650.9
38151	1522.3	1781.4	8725.8
34255	1514.2	1729.0	8826.5
35282	1511.1	1746.0	8778.4
24040	1515.9	1759.9	8759.3
10813	1526.2	1793.5	9170.3
52877	1502.7	1712.5	8339.8
33939	1511.9	1754.4	8493.6
2664	1523.4	1785.1	8857.0
4880	1510.6	1780.7	8655.0
23388	1516.6	1746.3	8637.7
12729	1526.1	1785.2	8921.1
10845	1507.2	1735.5	8447.8
46567	1526.1	1776.0	8944.7
25289	1517.2	1757.9	8681.0
211	1518.6	1774.6	8702.2
1946	1529.2	1783.6	8966.2
48035	1525.3	1789.0	8855.0
5376	1524.3	1777.4	8906.8
2100	1515.1	1767.4	8711.0
35161	1522.7	1805.2	8714.6
48269	1522.7	1742.0	8654.5
15918	1521.9	1802.8	8850.7
35394	1523.4	1766.4	8791.6
46301	1523.4	1814.7	9011.3
15268	1515.1	1755.2	8583.0
7290	1523.4	1791.8	8856.5
28077	1514.3	1798.5	8825.3
30643	1523.1	1779.1	8730.2
42956	1518.2	1725.2	8650.2
39184	1503.8	1693.0	8464.6
36486	1517.0	1712.9	8484.7
42492	1513.0	1738.5	8646.4
9780	1514.0	1750.2	8610.3
41103	1507.3	1674.3	8363.4
21741	1506.3	1780.0	8860.6
39227	1501.5	1689.6	8356.9
32411	1521.5	1770.6	8918.9
52123	1524.6	1769.5	8814.0
7827	1521.2	1822.2	8863.5
42534	1523.1	1763.7	8875.9
15075	1512.8	1773.6	8700.5
36179	1523.8	1793.8	8729.3
42470	1525.5	1747.3	8784.0
50022	1523.8	1754.7	8970.0
33542	1525.7	1774.1	8793.8
17321	1520.4	1804.4	8840.1
1899	1511.9	1764.8	8638.7
10021	1528.7	1862.2	9103.0
26802	1531.2	1809.2	8960.0
11873	1523.2	1758.9	8656.9
54028	1532.8	1773.9	8872.5
4162	1519.2	1763.0	8755.5
10478	1521.7	1805.9	8720.6
8498	1517.6	1744.8	8681.3
11031	1523.3	1788.4	8743.9
18845	1529.2	1779.9	8936.9
21609	1516.3	1823.1	8697.2
14296	1516.2	1745.0	8711.8
31672	1516.9	1781.1	8715.8
13973	1521.3	1792.1	8863.1
34249	1516.9	1735.4	8549.8
54868	1521.0	1785.5	8837.7
53183	1512.1	1737.9	8630.2
46625	1513.6	1729.3	8837.8
50783	1531.0	1827.9	9190.1
42403	1515.6	1759.4	8533.4
51068	1520.6	1733.1	8768.9
47385	1525.3	1741.0	8923.8
32028	1515.4	1787.4	8705.9
50838	1515.1	1730.6	8544.4
42527	1531.4	1828.5	9350.2
33615	1513.0	1746.3	8523.8
20343	1518.8	1739.0	8691.3
17472	1509.5	1750.3	8670.3
9023	1525.5	1770.5	8705.9
31765	1519.4	1810.3	8762.7
53229	1522.0	1779.5	8753.9
39034	1518.2	1761.0	8718.9
38046	1512.3	1731.0	8609.9
28941	1515.7	1770.8	8728.9
36940	1514.7	1737.5	8674.7
6468	1525.2	1727.3	8642.8
34630	1509.8	1773.0	8677.1
42469	1518.8	1750.5	8786.6
40339	1521.8	1712.6	8786.1
27215	1526.1	1789.1	8854.0
18165	1521.6	1771.2	8777.2
4972	1525.7	1803.6	8826.5
44047	1521.3	1754.6	8728.6
18880	1516.5	1748.2	8804.2
14398	1512.5	1808.6	8873.0
28682	1513.2	1783.0	8718.5
23891	1523.0	1785.6	8838.6
40424	1521.1	1734.1	8805.8
37745	1523.1	1743.9	8702.4
26842	1494.7	1717.7	8385.8
29779	1533.3	1817.2	9194.6
9798	1526.7	1797.2	8994.0
42239	1509.9	1718.7	8744.8
14854	1513.9	1763.8	8733.8
100	1523.3	1810.1	8980.5
381	1525.6	1821.6	8916.7
9843	1521.3	1780.0	8890.5
16525	1514.9	1771.2	8847.5
46238	1525.8	1767.7	8806.5
40259	1525.9	1737.7	8759.5
21665	1521.2	1774.4	8739.7
48377	1517.8	1728.1	8711.1
48333	1519.1	1771.5	8747.6
3235	1503.3	1730.8	8425.8
5828	1505.9	1717.3	8532.1
48394	1520.9	1728.5	8693.4
15554	1505.8	1728.3	8387.7
51034	1514.2	1724.0	8693.3
24048	1526.8	1753.4	8894.0
25540	1508.3	1753.7	8630.5
34859	1538.4	1817.9	9283.3
40647	1515.6	1797.3	8972.7
44846	1523.3	1770.4	8841.3
10328	1519.3	1783.0	8797.4
37096	1520.0	1794.4	8767.1
8987	1520.6	1757.5	8678.1
22175	1518.1	1730.4	8569.7
11711	1505.3	1729.8	8486.7
2230	1512.8	1749.3	8541.8
33687	1508.7	1728.4	8556.2
37348	1508.9	1754.9	8538.0
41285	1515.4	1757.2	8774.1
1750	1512.8	1758.8	8561.1
45712	1512.4	1768.6	8624.1
51427	1510.3	1714.7	8513.8
54911	1532.2	1787.9	8983.9
12649	1509.8	1732.4	8541.0
37088	1525.8	1758.4	8679.8
36595	1515.3	1729.2	8593.7
13861	1521.0	1752.8	8817.2
15897	1517.3	1796.3	8924.1
25385	1527.5	1761.1	9041.1
35059	1519.8	1791.4	9014.5
33617	1517.7	1754.2	8614.0
49356	1522.8	1734.3	8982.7
24651	1521.1	1789.6	8856.4
44868	1528.2	1794.4	8855.9
54908	1520.5	1758.3	9108.2
27634	1519.3	1734.4	8741.4
33768	1510.4	1775.9	8646.7
48451	1516.3	1717.7	8616.6
45044	1506.7	1730.4	8502.8
44076	1514.3	1757.1	8765.7
28523	1511.1	1713.7	8525.1
18026	1507.9	1693.6	8420.3
46456	1507.7	1727.7	8597.5
14161	1517.5	1779.7	8948.1
202	1522.5	1748.6	8808.6
10839	1514.8	1750.8	8698.8
12583	1535.7	1841.9	9138.7
52143	1523.8	1747.6	8843.7
15304	1508.3	1803.0	8743.5
37284	1524.3	1783.6	9420.2
42389	1518.3	1748.3	8728.6
22203	1502.0	1777.6	8688.5
10288	1506.8	1720.0	8373.2
47804	1520.6	1773.5	8936.8
16370	1522.8	1817.2	8757.3
42489	1514.2	1730.4	8652.8
5921	1515.7	1779.1	8919.9
42895	1516.9	1797.0	8630.5
2026	1519.6	1775.5	8921.9
40002	1513.5	1761.9	8667.4
42332	1513.3	1777.1	8722.2
20395	1524.2	1818.5	8920.6
10516	1516.4	1763.4	8571.4
26894	1509.9	1746.0	8627.6
33674	1520.4	1732.9	8614.9
31802	1517.6	1721.1	8521.8
40326	1515.7	1750.8	8663.7
32247	1513.5	1696.6	8552.8
49654	1523.2	1786.5	8992.0
1167	1511.5	1702.4	8553.2
39674	1515.8	1726.4	8694.4
28748	1510.8	1753.7	8564.1
49058	1500.3	1708.1	8369.4
20175	1525.1	1790.7	8958.6
9576	1518.1	1777.7	8758.8
50160	1513.6	1731.8	8501.0
35953	1512.6	1750.3	8589.4
24200	1503.2	1712.4	8373.1
14491	1517.0	1728.7	8538.8
28734	1531.0	1844.6	9225.2
9056	1508.9	1741.1	8634.3
50310	1518.7	1700.2	8643.4
45034	1504.4	1731.2	8567.0
18883	1522.6	1798.1	8870.3
36642	1518.3	1785.7	8670.7
44831	1511.2	1703.9	8573.9
47042	1508.5	1726.7	8753.1
33439	1515.8	1734.0	8668.4
23130	1523.1	1771.0	8779.4
49254	1519.0	1737.4	8651.2
37438	1524.4	1800.3	8843.1
17328	1509.8	1758.3	8450.3
11669	1511.9	1717.5	8437.4
29016	1514.7	1780.7	8728.5
35973	1517.8	1721.0	8805.1
47106	1514.9	1743.5	9464.7
2930	1502.1	1742.3	8478.5
26468	1510.9	1748.5	8567.5
51040	1511.5	1750.8	8809.9
38265	1520.3	1789.1	8732.4
40196	1528.6	1752.2	9033.0
30341	1515.3	1768.4	8751.4
22624	1508.7	1805.0	8687.8
49816	1515.9	1746.0	8571.0
50355	1512.7	1764.7	8586.1
41909	1519.2	1764.6	8619.0
44520	1524.8	1774.5	8749.7
35099	1518.6	1769.3	8703.5
44956	1513.1	1697.6	8554.8
1533	1511.8	1710.5	8447.6
7247	1520.2	1756.5	8726.6
37613	1522.5	1745.7	8695.5
39664	1512.5	1714.1	8641.3
22726	1508.8	1733.7	9269.3
47627	1518.0	1699.7	8609.0
36756	1521.4	1755.7	8856.0
34739	1514.5	1733.8	8724.2
53752	1507.4	1742.3	8638.0
19901	1518.1	1779.0	8712.2
48224	1525.2	1788.9	8939.0
8660	1514.9	1741.9	8619.1
35114	1521.5	1751.6	8677.5
27700	1507.5	1727.4	8462.6
38541	1519.1	1762.5	8712.0
28347	1518.8	1734.0	8671.7
30907	1507.2	1690.5	8437.9
3674	1509.1	1714.5	9165.8
44714	1516.4	1744.4	8939.8
9799	1514.2	1810.0	8847.2
39190	1514.3	1751.9	8703.3
3656	1520.1	1780.7	8719.1
7987	1524.3	1787.0	8949.7
41860	1513.5	1739.9	8727.2
48173	1516.8	1751.3	8802.9
22641	1515.2	1754.1	8773.0
44439	1516.0	1751.9	8609.7
47157	1512.1	1729.8	8423.6
12437	1523.5	1742.1	8685.6
19989	1529.4	1790.6	9099.8
42139	1525.7	1763.1	8956.8
41650	1510.3	1699.8	8497.8
17243	1527.1	1781.5	8917.5
5884	1514.9	1756.8	8722.2
123	1504.8	1732.2	8416.4
38857	1524.2	1721.6	8740.5
13877	1498.7	1739.2	8392.4
28632	1526.6	1753.4	8798.4
22831	1509.5	1750.3	8613.9
53286	1522.5	1700.8	8693.4
2785	1516.4	1748.7	8652.7
37255	1524.7	1737.2	8744.7
15195	1507.3	1717.0	8455.7
46907	1520.9	1715.1	8749.9
38268	1509.3	1727.4	8576.6
16598	1511.2	1720.6	8719.5
3912	1513.3	1818.9	8875.6
3229	1517.5	1796.2	8755.3
28421	1508.0	1714.9	8472.2
36582	1506.4	1733.4	8440.0
11144	1518.2	1748.6	8744.2
204	1521.9	1782.9	8875.4
2045	1521.8	1747.6	8809.2
51780	1518.8	1784.5	8678.7
10047	1520.5	1755.4	8574.8
42039	1523.8	1739.7	8963.5
18580	1523.0	1770.5	8872.4
8244	1504.4	1698.9	8416.4
20864	1509.1	1738.4	8536.6
20986	1516.2	1793.4	9028.6
3328	1519.4	1789.4	9174.8
731	1519.6	1787.7	8682.7
28789	1519.5	1808.6	8725.4
25759	1529.0	1792.9	8925.2
53308	1519.6	1762.4	8712.6
158	1514.7	1753.1	8530.1
53448	1506.1	1710.1	8543.6
16673	1529.0	1775.8	8757.2
25187	1524.5	1788.5	8977.0
36856	1507.5	1712.9	8466.4
15711	1506.3	1761.6	8501.8
30791	1528.2	1791.5	8848.4
47883	1517.8	1760.4	8690.5
51337	1515.0	1748.9	8715.9
16179	1513.0	1762.0	8820.9
38532	1532.0	1811.0	9096.4
10453	1521.8	1794.4	8856.6
33867	1519.4	1792.3	8805.9
3963	1509.5	1750.7	8857.7
10803	1513.8	1787.3	8726.4
18245	1520.3	1793.7	8819.4
17723	1512.9	1758.9	8646.2
54625	1529.5	1800.4	8834.7
46076	1517.5	1739.4	8641.8
33744	1514.8	1700.9	8499.3
21525	1530.8	1806.8	8973.0
25760	1518.0	1734.1	8697.6
21988	1507.8	1805.4	8622.6
4722	1516.8	1735.1	8633.2
7641	1532.9	1766.7	8842.3
50333	1522.7	1761.0	9077.6
4582	1505.1	1806.3	8672.6
53654	1518.9	1725.0	8686.8
51299	1518.1	1756.7	8597.3
42155	1520.8	1801.0	8846.2
9858	1516.7	1748.1	8513.9
48478	1521.8	1798.3	8873.3
44601	1515.5	1780.7	8741.3
41300	1519.6	1747.4	8754.5
46996	1516.7	1775.5	8722.6
22678	1528.9	1823.3	9332.5
51703	1520.4	1774.9	8879.7
37473	1521.8	1754.2	8638.7
23446	1522.7	1776.8	8748.0
2820	1519.3	1750.8	8789.9
32233	1521.1	1819.3	8819.2
54448	1516.7	1705.4	8562.8
40448	1513.2	1747.5	8758.9
36554	1518.0	1784.0	8922.2
5689	1518.3	1750.8	8595.5
14331	1516.6	1786.1	8874.2
9827	1519.1	1814.2	8944.2
42064	1508.5	1738.5	8427.0
8836	1522.2	1797.8	9126.5
37362	1533.1	1838.3	9385.1
15086	1514.2	1749.7	8811.6
37394	1528.5	1808.7	8945.3
30366	1523.6	1807.9	8827.9
3501	1510.2	1776.2	8663.8
36120	1528.5	1772.8	8819.4
4155	1503.7	1694.1	8426.7
29630	1522.7	1770.2	8934.1
213	1521.7	1778.5	8888.8
47971	1515.5	1769.0	8746.7
24190	1522.2	1773.4	8751.1
9945	1516.0	1758.8	8662.1
2959	1522.4	1791.1	8852.1
34828	1521.2	1781.9	8689.2
47796	1506.3	1689.5	8392.1
42067	1527.7	1747.4	9027.8
17415	1521.1	1795.8	8856.5
20543	1523.1	1747.9	8754.7
15480	1511.1	1747.5	8673.6
19873	1504.0	1702.3	8449.4
20666	1518.1	1728.7	8480.5
2815	1523.5	1759.2	8738.4
27934	1503.7	1733.1	8595.5
27872	1511.3	1748.0	8599.1
3907	1525.3	1811.4	9046.7
47315	1512.4	1743.1	8596.9
13363	1516.9	1801.6	8807.6
28823	1525.3	1740.7	8826.4
13053	1523.6	1708.6	8624.6
129	1525.2	1783.4	8670.2
48767	1511.0	1769.6	8663.5
32722	1520.5	1793.8	9001.6
13618	1511.6	1747.0	8530.7
19321	1515.2	1734.4	8559.3
50747	1510.1	1680.5	8470.6
15140	1516.8	1730.8	8666.3
13204	1505.8	1753.5	8511.5
43028	1512.3	1742.1	8596.2
33220	1506.0	1741.0	8728.5
36832	1514.4	1712.8	9335.0
52092	1526.3	1742.4	8911.1
23127	1529.5	1871.5	9178.6
12996	1508.1	1750.0	8474.3
16257	1521.4	1781.8	8725.6
1682	1498.9	1771.0	8380.7
18368	1533.4	1790.1	9007.1
39941	1530.7	1741.2	8826.2
15106	1527.2	1742.5	8786.8
6663	1530.3	1763.7	8837.4
49895	1517.4	1762.2	8727.0
31282	1516.9	1729.0	8878.0
10608	1521.1	1785.7	8806.6
34200	1499.1	1708.5	8368.5
54670	1509.4	1685.4	8418.4
33936	1515.6	1771.8	8760.9
45551	1513.1	1724.0	8539.8
1087	1519.4	1790.1	8785.5
11935	1512.7	1723.8	8534.9
18465	1507.2	1741.4	8465.3
47346	1515.2	1754.0	8627.8
44193	1517.5	1759.8	8585.5
41930	1502.6	1736.9	8481.9
45858	1517.5	1749.4	8681.9
54100	1513.0	1796.8	8694.0
39301	1515.1	1779.7	8798.6
15244	1522.6	1767.4	8631.5
27514	1519.0	1773.8	8919.6
46773	1509.4	1743.9	8685.3
36507	1519.2	1787.8	8695.9
52326	1527.6	1757.8	9194.0
40060	1520.9	1751.1	8704.4
12296	1512.6	1793.2	8740.6
14155	1512.5	1768.4	8749.0
44432	1524.8	1753.8	8784.1
9417	1516.8	1772.4	8749.3
2360	1519.4	1783.0	8774.3
47128	1517.4	1711.2	8575.6
48354	1529.2	1786.9	8883.0
28448	1521.6	1788.2	8964.5
9531	1515.0	1707.6	8533.5
37825	1523.2	1730.7	8809.2
39485	1511.5	1738.4	8530.5
6303	1513.3	1728.0	8592.3
30986	1522.6	1771.7	8642.8
38295	1517.4	1789.7	8863.5
724	1530.0	1768.2	8772.1
3232	1521.7	1785.1	8902.0
6994	1523.1	1773.2	9004.7
35066	1517.1	1769.8	8668.9
47811	1517.1	1766.9	8685.0
22357	1515.8	1746.3	8662.4
10650	1511.6	1712.0	8462.2
44470	1521.2	1791.4	9007.1
15179	1510.2	1712.8	8607.2
28782	1516.0	1802.0	8950.8
1671	1515.9	1787.0	8689.3
15920	1519.1	1799.4	8801.1
35608	1527.6	1844.3	9023.5
20961	1520.3	1755.8	8690.3
23478	1507.5	1732.1	8619.8
31727	1516.4	1714.6	8639.7
52329	1506.3	1684.0	8430.8
54252	1517.4	1793.7	8828.2
50687	1519.0	1749.5	8820.3
43999	1521.1	1746.8	8633.1
38099	1522.0	1741.1	8680.2
3735	1513.5	1744.1	8521.3
977	1516.7	1730.0	8608.9
19837	1523.7	1785.3	9043.1
8507	1522.1	1776.4	9262.7
955	1519.2	1777.3	8881.1
29163	1517.1	1732.8	8798.6
4911	1528.6	1734.3	8731.3
35032	1517.4	1745.1	8695.0
27241	1512.1	1712.7	8536.4
36063	1518.3	1763.7	8663.2
47879	1524.6	1763.2	8666.7
1427	1516.8	1762.5	8531.5
4949	1512.3	1777.1	8558.8
13928	1523.1	1765.2	8884.8
51539	1517.4	1752.4	8637.3
16126	1527.2	1847.8	8948.8
13943	1512.7	1720.9	8629.9
25464	1506.6	1710.1	8406.3
9395	1521.1	1814.5	8950.1
11060	1529.6	1816.0	9094.1
46626	1514.3	1769.7	8791.7
6662	1514.6	1694.4	8679.2
49063	1510.8	1730.1	8396.3
20613	1518.5	1773.0	11306.2
46222	1521.2	1713.9	9192.5
39341	1518.2	1728.7	8662.9
9946	1512.1	1697.9	8511.7
38092	1517.7	1767.6	9086.4
10690	1516.5	1769.2	8790.6
8687	1513.2	1713.2	8577.7
53025	1524.1	1766.1	8956.7
3901	1501.4	1688.9	8449.4
24196	1514.9	1746.8	8608.2
34834	1509.9	1763.2	8508.9
25028	1513.2	1778.5	8758.4
19020	1507.6	1746.3	8516.1
1975	1520.8	1792.7	8842.7
46169	1513.8	1773.9	8857.5
9046	1519.1	1760.5	8832.8
5146	1507.2	1702.4	8645.5
4991	1512.5	1709.7	8585.9
20162	1530.3	1817.0	9269.4
5814	1509.7	1749.5	8615.3
14094	1518.3	1743.2	8715.9
24767	1523.5	1782.0	8810.9
43463	1513.5	1767.1	8665.0
31588	1508.0	1709.6	8642.0
40615	1512.0	1754.6	8655.7
37190	1514.6	1718.3	8742.8
54582	1521.2	1756.0	8733.1
22286	1511.0	1736.7	8602.6
39830	1503.8	1761.9	8530.1
51032	1504.0	1692.9	8318.0
53640	1516.6	1729.2	8687.6
32643	1515.1	1744.5	8640.4
52545	1519.1	1720.6	8618.4
52287	1520.2	1732.0	8578.7
13946	1517.0	1719.7	8540.6
30582	1510.2	1798.7	8829.5
39734	1507.5	1741.7	8644.2
32430	1518.5	1712.2	8552.8
16352	1521.0	1765.7	8714.3
22065	1508.4	1643.1	8313.9
5302	1519.9	1752.1	8716.9
44052	1526.4	1789.5	9070.0
37748	1507.1	1731.8	8589.2
29413	1496.7	1688.1	8278.1
49597	1513.6	1768.2	8665.7
3998	1499.4	1724.2	8455.4
9787	1514.8	1795.5	8768.7
29648	1502.4	1717.4	8557.8
46071	1532.4	1794.4	9012.3
39246	1539.7	1835.3	9357.9
48971	1518.0	1739.9	8831.8
908	1502.8	1695.7	8385.7
27458	1514.0	1743.4	8561.4
32212	1515.2	1773.2	8700.8
47576	1512.8	1720.5	8629.4
22339	1517.1	1773.4	9007.6
9760	1513.9	1765.0	8682.2
5714	1515.7	1729.7	8567.2
47438	1528.5	1784.6	8950.4
19675	1516.9	1772.5	8803.2
580	1525.8	1817.3	9202.1
42093	1522.2	1772.8	8771.7
46251	1520.3	1766.0	9078.3
27460	1507.2	1764.9	8704.7
35703	1517.8	1772.4	8842.2
49168	1510.3	1749.8	8563.9
37071	1516.2	1756.0	8731.8
778	1520.5	1761.9	8809.0
39989	1519.0	1772.6	8662.8
15813	1519.8	1775.6	8606.5
31168	1512.9	1751.9	8504.3
10497	1508.7	1782.5	8617.3
16953	1513.8	1747.7	8562.4
49451	1508.6	1708.6	8453.4
29756	1512.1	1747.6	8691.4
10421	1504.4	1729.4	8628.3
11633	1516.1	1782.3	8725.9
34668	1528.2	1808.0	9122.6
15193	1515.6	1784.8	8770.7
5789	1520.7	1795.2	9118.3
5112	1522.6	1795.8	9004.1
20294	1513.1	1742.7	8533.0
45878	1509.6	1757.1	8701.9
31873	1520.2	1814.8	8947.8
39026	1520.9	1770.8	8846.2
15462	1518.6	1739.1	8572.9
20369	1522.4	1780.0	8838.4
43639	1514.1	1759.8	8621.1
9921	1517.9	1787.1	8862.5
6878	1510.6	1743.7	8602.8
35412	1517.2	1722.9	8566.8
37715	1508.0	1757.3	8555.0
47948	1505.8	1717.8	8507.5
23811	1512.2	1728.8	8532.8
50159	1526.7	1766.6	8883.7
23120	1513.1	1802.5	8711.3
43272	1532.4	1796.5	9131.1
19528	1516.3	1760.9	8644.3
8085	1509.4	1735.3	8508.1
43790	1518.4	1694.9	8666.4
24229	1540.2	1815.4	9107.3
23166	1520.4	1754.0	8707.6
3065	1520.9	1771.8	8651.5
17991	1504.8	1733.4	8379.9
53589	1520.1	1813.7	8825.9
27425	1516.7	1756.5	8668.7
50999	1516.5	1755.1	8753.2
30899	1515.8	1750.4	8657.6
24677	1523.3	1757.0	8790.8
14712	1511.7	1710.3	8616.4
32781	1523.8	1787.1	8886.2
26957	1509.5	1771.1	8961.4
8878	1520.1	1779.3	9126.7
34845	1507.7	1789.1	8895.2
45921	1515.3	1734.6	8618.0
24153	1516.7	1786.3	8836.1
28550	1520.0	1786.8	8672.1
7999	1510.3	1736.7	8627.1
7511	1517.0	1773.5	8875.9
4471	1515.7	1782.3	8796.8
47596	1514.4	1724.2	8669.1
18713	1521.7	1770.5	8947.5
11007	1520.2	1760.3	8989.0
23004	1515.1	1779.5	8809.7
44042	1513.6	1737.7	8568.4
51556	1509.4	1757.1	8545.7
4340	1499.2	1723.2	8295.9
16967	1511.8	1715.7	8975.1
9838	1517.4	1790.3	8812.9
34642	1515.5	1826.2	9100.6
11005	1517.9	1755.4	8609.3
22082	1520.6	1745.7	8754.0
32391	1511.6	1707.3	8484.9
2971	1514.5	1721.3	8520.8
46789	1511.6	1739.3	8607.3
48009	1522.0	1799.7	8853.3
51123	1525.4	1756.8	8873.8
34886	1518.0	1779.7	8749.3
45603	1525.4	1809.2	8960.9
48351	1519.5	1750.3	8821.4
14909	1507.0	1776.9	8562.8
21825	1518.1	1799.2	8825.4
11071	1515.0	1812.9	8871.7
18626	1507.0	1752.8	8455.6
15467	1512.6	1742.5	8604.6
12199	1515.2	1726.7	8596.1
9718	1498.1	1699.1	8305.0
42767	1509.1	1746.0	8635.0
3008	1516.7	1727.9	8522.3
30852	1510.9	1746.3	8538.3
10794	1520.8	1812.8	8889.6
41305	1509.6	1729.0	8455.8
52364	1525.2	1813.4	8999.0
21753	1515.0	1744.3	8529.0
23964	1515.1	1761.9	8726.5
24643	1518.4	1775.7	8810.7
12033	1510.9	1714.6	8402.5
3777	1534.5	1806.8	9145.7
5019	1517.9	1761.2	8712.7
41660	1516.2	1754.6	8689.2
27597	1506.3	1706.4	8294.1
29198	1513.7	1779.6	8712.8
16725	1519.9	1760.0	8708.7
29294	1514.3	1797.2	8607.6
4324	1512.7	1741.1	8621.9
36433	1516.1	1731.8	8681.0
15011	1519.2	1752.3	8797.1
44168	1520.9	1773.8	9028.9
25374	1510.0	1745.0	8569.4
26087	1523.2	1790.5	8867.6
27088	1520.2	1739.2	8591.8
31196	1508.5	1716.5	8673.8
36086	1524.1	1777.5	8902.7
34252	1518.4	1745.3	8785.5
16134	1528.4	1808.5	8924.5
48839	1523.7	1808.5	8881.6
10034	1524.0	1768.7	8714.0
14495	1526.5	1784.0	8924.9
8434	1516.6	1717.8	8644.3
13083	1513.9	1756.5	8656.8
17658	1507.5	1715.3	8446.9
9695	1523.1	1736.9	8789.9
27867	1514.9	1706.4	8573.0
20757	1524.0	1738.2	8753.8
47027	1524.9	1786.9	9161.3
21978	1509.9	1713.4	8626.9
23089	1518.5	1741.5	8642.3
31889	1508.2	1703.7	8444.8
8110	1520.8	1801.8	8686.1
37017	1500.4	1689.3	8486.6
32418	1523.3	1772.7	8766.0
46780	1521.5	1787.5	8839.1
33881	1526.8	1770.2	8828.6
23070	1517.6	1796.8	9018.2
19722	1530.5	1728.5	8671.9
27371	1509.8	1726.9	8641.5
35373	1511.5	1746.1	8532.7
44608	1510.1	1746.3	8595.9
4559	1521.3	1763.9	8838.9
44335	1527.9	1771.7	8952.3
3580	1521.6	1781.9	8796.3
938	1536.3	1828.9	9042.4
48617	1506.6	1683.5	8486.6
40322	1518.0	1771.7	8705.7
9048	1522.6	1746.4	8713.0
29419	1514.5	1725.1	8551.6
9402	1530.1	1846.6	9190.6
37351	1523.4	1783.9	8914.1
25670	1516.8	1756.8	8766.4
13622	1513.5	1752.6	8627.8
7251	1516.4	1747.7	8776.3
28056	1514.5	1749.9	8624.8
48782	1518.1	1754.8	8959.2
4318	1519.8	1790.3	8864.0
24315	1505.4	1701.8	8347.4
18118	1513.9	1756.5	8604.3
19142	1516.0	1780.9	8588.3
1449	1511.5	1758.6	8779.1
52994	1510.9	1749.6	8479.4
50353	1521.9	1782.5	8805.9
36902	1506.6	1748.2	8690.2
23102	1525.5	1744.4	8890.4
23383	1517.5	1764.6	8674.8
48893	1507.1	1701.1	8442.6
193	1525.9	1768.0	8698.8
40531	1516.5	1724.0	8619.6
41587	1504.7	1739.8	8603.4
35434	1518.5	1741.4	8723.5
53793	1524.4	1763.0	8891.3
32762	1518.1	1757.5	8866.7
7799	1517.4	1707.6	8623.1
43582	1514.2	1736.0	8500.8
10360	1519.1	1773.0	8577.0
18005	1522.1	1759.4	8828.3
21516	1515.4	1776.5	8775.1
4389	1536.0	1851.2	9212.5
10347	1515.9	1794.0	9238.1
26068	1529.4	1801.9	8898.2
46016	1513.1	1742.8	8810.4
11626	1515.7	1694.2	8494.7
47647	1527.6	1795.8	9159.8
42755	1514.6	1784.9	8544.1
19428	1520.9	1767.7	8749.7
13846	1517.8	1738.4	8716.5
48580	1514.8	1759.9	8803.6
35446	1515.0	1730.7	8533.5
43738	1513.5	1723.6	8784.5
166	1506.1	1742.3	8728.7
1110	1510.4	1736.1	8579.2
41354	1508.3	1722.8	8481.8
33671	1517.1	1773.9	8695.1
36389	1507.9	1732.9	8499.1
51158	1512.3	1739.4	8516.1
13153	1510.1	1717.7	8476.2
37601	1505.2	1696.1	8389.1
54943	1538.8	1787.3	9251.1
