5929	1222.1	1487.6	2628.9
4353	1215.2	1472.6	2612.2
1251	1216.5	1494.5	2626.5
2363	1223.9	1498.8	2715.4
8900	1209.5	1448.0	2526.1
4193	1207.6	1442.9	2540.0
3250	1212.5	1456.8	2607.2
2493	1212.0	1424.2	2561.7
7177	1213.2	1453.8	2640.7
1207	1218.6	1492.6	2605.3
3982	1223.0	1473.8	2624.7
4109	1210.3	1425.2	2568.5
9470	1219.5	1427.5	2639.7
1146	1214.4	1482.6	2579.3
8119	1231.4	1552.6	2716.3
1693	1215.8	1419.6	2623.3
8018	1215.6	1506.3	2720.4
9605	1214.7	1464.6	2552.7
2300	1211.3	1428.4	2560.8
9905	1217.5	1476.1	2628.6
5395	1210.3	1464.3	2616.4
9468	1211.1	1474.3	2601.4
7607	1217.8	1518.8	2710.1
9843	1218.2	1436.9	2611.8
8735	1218.4	1459.5	2557.7
3246	1209.5	1433.8	2548.7
2770	1208.6	1441.4	2523.0
7097	1215.6	1486.0	2578.1
4912	1212.2	1441.2	2555.2
9373	1214.0	1420.3	2579.7
4028	1213.7	1506.6	2660.0
5427	1209.4	1446.4	2568.3
2428	1216.4	1444.8	2580.9
1176	1211.3	1468.1	2639.7
6526	1214.5	1453.4	2577.7
1691	1213.2	1476.8	2594.6
987	1222.2	1462.2	2594.3
3116	1205.9	1409.9	2467.6
9873	1215.6	1490.3	2587.5
606	1222.3	1501.3	2666.4
8810	1219.9	1521.2	2584.1
5722	1213.6	1500.8	2677.4
369	1209.9	1413.2	2566.9
3345	1209.5	1486.3	2627.8
3231	1207.2	1439.5	2537.5
5805	1213.0	1467.1	2594.0
9774	1208.9	1424.9	2520.8
2500	1215.0	1462.9	2564.3
5707	1209.0	1416.4	2540.5
5045	1223.6	1473.7	2683.5
5554	1212.3	1478.8	2575.8
5068	1213.0	1472.8	2577.3
9915	1222.8	1519.2	2648.3
5739	1217.6	1492.9	2613.8
6925	1209.3	1471.2	2548.5
9583	1213.0	1546.0	2759.5
2544	1218.2	1531.2	2672.2
326	1214.2	1473.6	2615.9
9285	1202.9	1395.9	2507.1
4948	1211.5	1499.5	2580.3
8365	1212.7	1481.0	2583.6
4276	1212.0	1479.7	2930.6
2251	1210.4	1458.8	2557.2
5968	1217.7	1443.1	2582.3
6835	1209.1	1456.6	2503.8
505	1216.2	1435.8	2552.7
531	1216.1	1508.8	2616.4
3358	1213.5	1516.8	2624.8
3161	1210.3	1448.0	2534.2
2774	1217.6	1471.3	2586.4
503	1221.8	1461.4	2597.7
85	1217.0	1468.9	2623.2
1144	1223.0	1492.6	2668.7
710	1216.8	1495.0	2613.9
7505	1214.2	1458.7	2582.1
7418	1206.6	1415.6	2483.8
8496	1213.6	1449.2	2563.3
3151	1213.0	1467.4	2546.6
9757	1215.2	1490.8	2661.8
8263	1207.3	1443.9	2619.5
5715	1205.6	1410.7	2504.5
6224	1222.3	1508.1	2637.7
3007	1218.1	1475.3	2630.1
1823	1212.2	1417.5	2551.0
3457	1218.6	1427.7	2590.7
3201	1205.4	1440.0	2523.3
4502	1219.0	1437.6	2578.8
8965	1214.7	1444.1	2630.4
8429	1227.0	1509.0	2672.6
4196	1209.9	1468.7	2572.6
4200	1217.6	1451.2	2567.2
8468	1223.0	1504.8	2596.3
7465	1209.7	1447.4	2557.2
8187	1226.9	1528.5	2699.1
2965	1210.4	1483.8	2590.6
2732	1215.8	1497.3	2676.7
1622	1218.5	1478.7	2569.6
9892	1205.5	1442.3	2619.9
7073	1214.2	1416.4	2544.1
8535	1216.4	1499.2	2611.7
4271	1221.9	1525.9	2713.9
1907	1213.4	1432.7	2564.3
766	1221.6	1472.1	2655.8
6181	1221.5	1481.8	2651.0
4947	1212.7	1470.9	2554.7
1851	1216.8	1444.7	2608.3
5879	1219.1	1430.8	2601.0
1725	1212.4	1465.5	2549.7
2808	1209.1	1433.2	2543.9
4804	1215.2	1451.9	2572.2
1859	1208.5	1505.0	2589.4
6017	1213.5	1465.7	2610.7
4875	1205.5	1446.9	2581.2
6432	1219.2	1450.5	2583.0
1372	1221.8	1492.7	2655.3
2270	1217.4	1445.9	2597.1
5478	1217.3	1510.6	2685.1
9235	1212.3	1399.8	2584.0
7455	1213.5	1422.4	2571.1
5126	1207.5	1431.0	2512.7
6170	1207.5	1443.0	2538.0
654	1222.4	1481.1	2623.1
3610	1218.0	1480.0	2581.8
3441	1221.6	1524.6	2632.6
4553	1220.7	1451.9	2612.0
6438	1223.1	1483.9	2838.6
5756	1209.8	1438.3	2562.0
7547	1214.1	1429.5	2580.4
2453	1204.3	1415.9	2501.0
3426	1220.1	1525.9	2692.5
5614	1214.8	1424.5	2557.6
131	1224.4	1517.0	2660.9
1214	1220.7	1418.9	2618.4
4471	1218.3	1502.8	2594.4
2260	1212.3	1410.7	2527.4
3293	1211.6	1454.2	2605.1
6026	1207.5	1425.4	2550.1
6938	1220.7	1461.9	2580.7
6347	1225.3	1493.2	2673.6
6519	1213.8	1450.5	2578.9
8120	1212.9	1451.9	2576.7
3976	1206.0	1460.5	2540.2
1043	1208.1	1477.5	2603.5
437	1209.3	1444.8	2597.2
696	1216.3	1442.9	2571.8
1268	1213.2	1460.6	2558.7
6080	1215.0	1489.3	2614.8
4779	1213.6	1442.7	2538.8
6869	1217.3	1464.4	2559.0
5689	1212.0	1443.4	2554.6
8868	1203.2	1419.4	2539.0
5475	1221.9	1442.9	2618.2
120	1214.9	1429.6	2591.0
8689	1214.3	1534.4	2678.1
2634	1216.7	1436.9	2629.4
4581	1217.8	1441.2	3300.5
5705	1217.9	1475.8	2714.4
6477	1214.3	1464.7	2578.9
2598	1206.8	1439.4	2560.6
4634	1213.7	1495.9	2574.0
1437	1211.3	1517.1	2628.8
9642	1215.2	1421.8	2589.6
147	1225.8	1428.2	2602.3
9546	1203.8	1416.7	2486.2
3864	1222.8	1469.6	2669.5
7093	1212.9	1479.9	2578.7
261	1210.3	1435.3	2545.1
9386	1223.9	1495.3	2635.0
1967	1222.1	1501.9	2667.0
6233	1223.7	1510.1	2664.1
6055	1213.2	1432.7	2535.5
1155	1213.0	1504.7	2616.8
7236	1219.2	1463.2	2633.5
6021	1219.4	1512.9	2686.7
6873	1208.7	1446.8	2576.0
2535	1218.8	1480.5	2619.4
4178	1221.6	1510.4	2643.8
4887	1208.5	1419.2	2560.6
4672	1214.8	1471.8	2601.7
9561	1215.9	1475.3	2581.1
1152	1210.2	1466.7	2554.6
2425	1210.6	1434.1	2588.2
4720	1212.5	1459.6	2560.3
580	1210.0	1445.4	2533.7
5219	1217.0	1488.8	2588.8
8679	1213.5	1423.7	2582.6
5119	1225.1	1515.1	2721.5
794	1216.1	1459.1	2607.2
1156	1212.4	1500.4	2583.4
7269	1219.0	1461.5	2554.3
1681	1209.8	1420.6	2468.4
972	1219.6	1464.8	2574.6
7959	1208.7	1430.7	2604.0
5980	1210.2	1482.4	2708.1
745	1212.8	1465.5	2641.9
1786	1213.2	1468.1	2576.1
6524	1207.0	1415.1	2510.8
3788	1222.3	1524.7	2668.8
1763	1213.1	1474.0	2596.3
5439	1213.9	1447.9	2556.6
8807	1207.2	1415.7	2548.9
1569	1214.7	1467.8	2558.5
1183	1216.8	1500.8	2635.9
1339	1212.3	1450.9	2572.5
9687	1229.0	1502.9	2676.5
7257	1211.6	1439.6	2527.9
7134	1205.7	1407.8	2582.4
6812	1218.4	1496.7	2755.4
9600	1214.5	1458.6	2534.7
8368	1214.6	1504.8	2669.8
9628	1216.9	1446.0	2604.1
8635	1218.0	1475.8	2581.3
8840	1227.1	1540.0	2804.7
9567	1208.4	1466.3	2592.5
5308	1206.6	1439.7	2564.1
1585	1212.9	1418.8	2537.5
6700	1221.9	1455.3	2630.9
6098	1203.1	1416.9	2531.6
4670	1209.8	1451.5	2606.8
9372	1206.9	1449.8	2520.8
9270	1219.8	1462.6	2618.5
1890	1213.7	1427.9	2540.8
8366	1207.7	1465.4	2536.2
4272	1213.0	1499.3	2643.6
7040	1215.0	1478.4	2617.5
4211	1211.7	1434.8	2570.4
1429	1220.1	1493.6	2608.4
3800	1207.6	1472.3	2585.7
5783	1213.4	1448.7	2630.0
6317	1209.1	1420.4	2535.2
4388	1208.3	1520.7	2554.2
8225	1212.3	1456.5	2532.3
9797	1212.0	1480.4	2595.2
930	1214.5	1459.1	2565.5
4403	1211.6	1432.8	2517.2
7871	1211.5	1445.9	2555.8
2847	1203.3	1426.8	2491.6
1121	1213.7	1457.4	2564.2
6178	1221.7	1498.3	2668.4
1802	1207.4	1403.1	2533.0
8507	1227.9	1519.0	2718.6
3502	1213.6	1484.3	2623.6
5612	1217.5	1465.7	2582.1
7620	1211.0	1457.3	2539.0
4905	1203.7	1386.7	2498.5
5156	1208.3	1385.4	2469.4
9378	1215.4	1474.5	2593.4
603	1209.5	1451.3	2535.2
7132	1216.1	1442.5	2562.8
2817	1219.3	1529.6	2638.6
3167	1207.1	1448.3	2609.6
2581	1207.1	1412.2	2579.3
436	1226.5	1478.5	2604.0
9488	1221.5	1454.3	2589.2
638	1223.1	1506.3	2676.1
5540	1202.9	1475.6	2528.5
8934	1216.5	1501.1	2602.4
9097	1220.0	1479.1	2589.5
3731	1217.0	1462.5	2604.0
4572	1209.4	1469.1	2567.9
2466	1214.5	1463.4	2585.9
4339	1215.5	1477.6	2835.0
1341	1213.9	1477.0	2580.8
2922	1214.3	1451.5	2576.3
7592	1218.2	1487.1	2612.0
422	1214.1	1486.7	2570.6
9280	1206.0	1481.3	2543.4
7502	1213.4	1490.7	2615.6
3360	1221.1	1490.6	2635.4
8707	1200.9	1430.1	2479.9
4545	1222.8	1491.3	2625.4
6309	1218.8	1490.9	2626.8
563	1214.5	1481.6	2720.1
1756	1221.2	1497.6	2648.2
9401	1219.2	1530.1	2638.6
1322	1204.2	1412.4	2506.4
8724	1203.9	1427.0	2493.7
1957	1215.2	1458.8	2701.6
107	1211.8	1479.9	2646.8
9821	1220.2	1449.6	2638.3
9469	1209.5	1460.9	2545.4
9433	1217.7	1480.6	2605.9
3767	1211.1	1441.9	2511.0
3887	1216.4	1466.5	2642.1
6866	1219.0	1473.9	2624.7
3993	1205.8	1455.0	2518.1
5668	1215.8	1435.6	2550.4
5878	1219.6	1485.7	2689.2
2048	1223.8	1468.8	2644.1
604	1208.4	1503.8	2615.5
3912	1218.7	1471.1	2637.5
1112	1217.0	1458.7	2628.6
6768	1214.5	1483.8	2622.1
7001	1216.5	1492.1	2624.8
8090	1220.7	1457.7	2581.5
7913	1229.7	1521.3	2647.7
5435	1207.6	1405.3	2507.5
8264	1216.7	1463.2	2677.3
2667	1213.1	1460.9	2588.5
1118	1214.3	1487.6	2604.2
5024	1215.0	1471.0	2575.3
877	1206.2	1447.2	2519.7
7329	1215.0	1491.7	2609.8
3825	1220.0	1505.7	2670.5
7201	1201.9	1475.2	2500.4
4707	1218.2	1490.3	2569.6
4818	1213.0	1463.2	2552.3
8462	1208.1	1438.8	2598.2
2565	1222.7	1488.5	2632.1
3801	1212.0	1434.5	2519.7
7228	1213.8	1447.1	2538.9
2458	1208.8	1459.5	2526.2
5751	1214.7	1452.6	2610.9
5826	1206.0	1466.4	2522.8
7390	1212.3	1465.5	2575.2
307	1212.7	1436.2	2540.3
4224	1208.7	1450.2	2536.0
7368	1207.6	1483.1	2601.0
5186	1213.1	1443.4	2555.0
9936	1213.5	1467.7	2555.4
9224	1214.5	1445.5	2588.3
9760	1215.0	1468.5	2598.8
2047	1202.6	1410.9	2458.3
3369	1223.6	1495.3	2635.8
3530	1220.3	1473.0	2623.8
4240	1207.1	1441.7	2622.6
737	1215.8	1432.4	2550.9
8991	1215.9	1454.3	2581.0
6230	1214.5	1493.5	2574.2
1238	1218.4	1420.5	2619.3
5117	1224.0	1496.8	2662.3
9666	1207.7	1438.4	2514.9
7414	1216.5	1462.3	2573.6
8688	1215.7	1461.0	2595.6
1735	1215.2	1482.9	2610.1
4448	1214.9	1418.4	2531.3
6776	1212.9	1474.6	2532.3
135	1211.5	1453.9	2538.4
9692	1202.6	1415.7	2557.1
981	1218.5	1439.2	2581.3
8411	1218.3	1464.5	2595.8
6640	1213.9	1428.6	2512.5
7327	1209.0	1440.2	2564.1
3908	1215.6	1439.9	2739.3
3720	1213.3	1435.9	2568.9
9279	1218.6	1477.4	2609.1
8951	1211.0	1435.7	2567.5
5737	1216.3	1476.5	2621.4
4332	1198.4	1379.4	2468.4
1457	1215.5	1456.1	2578.4
8838	1223.5	1518.6	2777.8
5979	1229.9	1538.8	2793.4
2329	1210.6	1436.2	2550.7
828	1216.2	1470.3	2566.4
9857	1211.2	1418.9	2519.8
4246	1215.6	1480.8	2567.8
3247	1223.3	1492.6	2687.5
1132	1214.6	1484.0	2599.2
544	1216.8	1459.8	2569.5
5182	1216.0	1450.5	2633.0
8071	1208.5	1446.6	2506.3
50	1214.0	1469.5	2617.4
417	1209.9	1498.9	2636.5
1719	1216.7	1436.3	2565.7
8759	1208.8	1408.2	2517.9
6975	1219.1	1441.1	2590.3
3985	1209.4	1449.7	2581.9
6441	1222.5	1474.0	2598.9
483	1215.6	1442.7	2521.2
9028	1220.9	1519.7	2675.6
5226	1212.7	1480.5	2615.5
8276	1220.5	1474.0	2620.1
6904	1214.5	1442.4	2605.2
6293	1212.9	1470.0	2554.1
6512	1212.5	1452.1	2560.6
6740	1217.3	1475.2	2613.4
3446	1209.0	1471.5	2570.2
4510	1212.2	1422.7	2534.0
4908	1211.0	1428.4	2535.1
628	1213.5	1446.2	2616.8
1282	1218.7	1486.0	2595.1
6448	1217.7	1526.9	2611.7
9260	1213.0	1453.1	2504.8
6758	1210.4	1421.9	2576.8
3620	1214.8	1467.6	2573.8
9573	1209.1	1436.2	2546.9
9207	1208.1	1450.0	2532.9
7027	1213.9	1431.2	2580.8
7211	1210.3	1489.1	2583.4
6278	1212.7	1492.3	2621.6
4960	1210.5	1487.5	2583.3
7046	1219.6	1498.0	2610.2
726	1210.8	1499.8	2589.0
4097	1213.0	1449.7	2586.1
3819	1212.9	1486.9	2616.9
7564	1216.8	1481.1	2600.9
8959	1215.9	1481.7	2675.6
1369	1219.8	1465.3	2578.3
9968	1214.6	1432.8	2567.9
1446	1203.2	1415.5	2515.5
2241	1208.8	1458.5	2538.6
2100	1215.1	1461.2	2587.2
4460	1208.3	1439.4	2566.1
6688	1204.4	1426.9	2458.4
291	1219.8	1479.0	2614.3
685	1212.1	1459.8	2576.8
4313	1215.6	1480.8	2593.4
4649	1218.9	1459.0	2569.4
7917	1220.8	1493.2	2644.3
8250	1214.5	1468.1	2632.8
5007	1215.9	1481.7	2576.2
821	1215.4	1448.6	2589.7
1487	1226.7	1525.8	2712.5
1870	1215.2	1479.8	2594.0
723	1205.1	1413.1	2464.8
8960	1212.0	1427.3	2588.8
3353	1214.5	1442.8	2539.0
4043	1207.7	1404.9	2503.4
8672	1219.7	1508.2	2699.8
8190	1209.7	1412.9	2524.3
2223	1217.2	1463.4	2559.5
4506	1208.3	1478.9	2530.3
5559	1211.2	1483.5	2656.0
8734	1210.7	1440.7	2554.2
1971	1208.0	1464.8	2550.3
8595	1221.6	1515.4	2741.7
6739	1205.1	1406.9	2533.4
9452	1200.7	1432.5	2501.2
7633	1214.7	1448.8	2595.4
9180	1214.9	1467.2	2656.0
8956	1220.4	1484.2	2618.3
7530	1205.2	1421.3	2612.9
4001	1209.7	1439.0	2523.5
457	1222.4	1437.1	2619.0
9059	1212.5	1437.7	2584.7
3434	1218.1	1483.8	2679.5
3871	1208.6	1438.0	2554.6
3705	1222.0	1499.6	2722.4
9730	1223.2	1503.6	2639.9
8260	1210.4	1471.2	2552.7
6335	1211.6	1401.3	2574.9
6129	1214.2	1448.2	2576.0
3207	1227.9	1547.2	2659.8
1395	1219.1	1440.4	2605.4
9389	1211.2	1481.6	2604.7
4662	1218.2	1486.2	2749.7
8189	1220.2	1467.4	2575.5
1822	1213.8	1458.6	2575.1
7363	1209.6	1433.7	2556.3
8969	1218.9	1435.8	2566.6
3571	1215.0	1496.1	2598.6
5578	1212.8	1422.1	2526.7
3994	1212.5	1490.4	2571.9
7226	1209.4	1434.1	2504.1
4712	1214.9	1445.7	2591.3
1209	1213.7	1444.7	2582.1
8821	1223.4	1504.9	2665.5
2040	1216.1	1459.2	2623.2
2989	1220.5	1451.3	2591.1
5122	1215.0	1435.9	2581.8
3455	1215.5	1441.6	2549.1
1537	1223.1	1514.5	2649.0
2551	1216.4	1485.0	2613.8
3759	1223.4	1468.3	2622.6
8815	1205.8	1446.6	2503.3
8801	1215.1	1469.6	2619.5
3984	1210.4	1460.1	2593.0
6039	1214.3	1467.4	2589.0
5002	1219.0	1468.8	2598.2
2702	1202.1	1429.7	2500.4
9965	1216.8	1521.3	2597.3
1452	1212.9	1441.8	2556.7
416	1213.4	1448.1	2596.6
8985	1218.7	1445.3	2563.2
8207	1213.0	1458.4	2588.1
9405	1223.2	1485.9	2661.8
9385	1215.0	1409.9	2518.4
4523	1210.1	1421.8	2540.8
6678	1217.4	1420.4	2548.2
3808	1216.3	1475.1	2562.0
7225	1210.9	1518.3	2756.1
984	1213.9	1480.7	2593.0
8757	1208.4	1459.5	2559.9
702	1215.0	1454.9	2648.0
4550	1209.8	1459.7	2628.2
7274	1219.4	1500.3	2668.8
7783	1207.8	1440.7	2536.1
254	1211.4	1422.5	2551.2
4856	1219.3	1472.7	2671.9
3646	1218.7	1459.8	2613.6
3876	1200.1	1381.6	2430.9
3245	1212.7	1463.3	2572.0
9785	1212.6	1499.6	2599.1
1576	1219.5	1449.1	2595.4
4918	1210.1	1463.5	2648.0
5209	1217.2	1489.7	2641.3
2627	1206.3	1457.4	2531.6
5525	1202.7	1443.5	2527.1
9126	1219.2	1454.3	2618.5
4105	1207.6	1463.1	2638.8
469	1209.3	1454.4	2583.8
8580	1215.4	1456.8	2600.4
1642	1215.7	1464.4	2588.8
5549	1215.0	1450.9	2573.8
1854	1213.6	1425.6	2558.4
8710	1224.0	1507.9	2658.6
5767	1206.7	1438.8	2557.0
139	1219.7	1469.1	2608.6
3752	1207.5	1432.6	2466.8
9291	1221.1	1524.1	2659.0
1303	1219.4	1504.6	2639.9
5631	1211.0	1445.9	2562.1
5948	1212.6	1400.2	2519.2
2776	1215.4	1436.7	2619.9
5216	1214.4	1432.4	2550.3
7848	1210.0	1430.1	2544.3
3275	1211.7	1450.7	2551.6
8863	1208.8	1452.2	2608.1
9813	1213.2	1438.0	2553.7
8691	1217.9	1474.5	2574.7
4285	1206.5	1446.2	2528.5
6498	1214.2	1462.5	2573.8
347	1210.7	1486.1	2554.8
7406	1205.9	1469.9	2552.0
5278	1219.0	1493.3	2638.9
2983	1205.8	1484.5	2570.0
7656	1220.7	1465.9	2635.2
2863	1210.3	1449.6	2551.8
2426	1207.0	1480.2	2580.3
9346	1208.4	1415.5	2566.3
7858	1218.1	1531.7	2671.9
3186	1221.0	1466.5	2610.8
3727	1212.1	1401.4	2546.4
4451	1211.2	1438.7	2598.3
6634	1214.0	1441.6	2654.7
6390	1220.8	1474.6	2640.0
1589	1208.8	1461.7	2545.0
4532	1217.1	1457.3	2607.3
6366	1226.2	1514.8	2687.1
1706	1221.1	1454.4	2592.4
1234	1217.1	1505.9	2634.6
6376	1210.0	1454.1	2594.4
5011	1214.5	1463.2	2654.6
9345	1215.7	1474.1	2646.7
7548	1219.3	1445.3	2608.4
2487	1208.6	1437.3	2564.2
1151	1213.5	1498.4	2618.7
9925	1231.1	1569.4	2709.8
9993	1213.0	1453.6	2572.4
8240	1215.0	1479.6	2630.7
5953	1225.6	1510.4	2634.1
3765	1208.0	1460.8	2561.1
6253	1218.9	1460.4	2616.3
4800	1215.7	1486.4	2634.1
4250	1223.2	1487.1	2665.5
7146	1207.4	1416.8	2573.9
1601	1224.6	1487.0	2633.1
8778	1213.9	1480.4	2613.0
1848	1212.7	1483.7	2614.3
7549	1212.4	1466.5	2637.6
4584	1204.9	1425.4	2550.5
1153	1221.7	1491.7	2585.8
5375	1219.9	1552.7	2661.8
2217	1213.1	1471.4	2596.9
1274	1217.9	1475.8	2721.7
9035	1213.9	1447.2	2670.0
1230	1218.1	1460.5	2538.2
9654	1206.3	1477.7	2536.1
1571	1221.2	1496.3	2656.9
6353	1222.5	1495.6	2634.2
1985	1214.0	1459.0	2572.3
2134	1206.2	1428.6	2522.0
7732	1207.8	1440.8	2529.2
6914	1204.2	1426.1	2515.5
8074	1220.0	1486.3	2597.4
8014	1213.7	1465.8	2623.1
8896	1213.7	1480.3	2627.3
2135	1217.7	1464.4	2578.3
5378	1211.1	1458.0	2549.3
268	1215.8	1482.0	2636.3
9705	1215.0	1482.8	2593.3
5940	1209.6	1456.5	2553.7
2617	1215.8	1467.3	2560.0
9079	1216.9	1488.2	2663.3
4048	1217.1	1448.7	2595.1
6337	1210.9	1398.8	2508.3
594	1228.9	1542.0	2718.7
7922	1211.6	1492.2	2646.7
7221	1207.4	1448.8	2612.7
4780	1226.0	1500.9	2666.7
7522	1223.6	1484.2	2704.2
1127	1209.2	1452.9	2550.3
3923	1213.3	1502.0	2599.2
5779	1218.0	1427.2	2569.9
6749	1212.0	1405.1	2571.6
9044	1212.6	1445.8	2595.3
5670	1221.9	1516.7	2616.4
5975	1211.8	1465.3	2562.6
7356	1215.7	1441.3	2556.8
8329	1212.6	1531.3	2681.6
1050	1211.8	1462.2	2570.8
7232	1216.3	1470.2	2646.9
9649	1206.3	1454.8	2546.8
3366	1213.4	1435.0	2577.6
6736	1211.9	1439.6	2556.8
5026	1215.9	1471.3	2631.6
4852	1217.0	1432.8	2558.5
6316	1213.7	1449.0	2562.4
7176	1213.0	1411.7	2519.9
1405	1212.4	1475.8	2575.6
7927	1213.5	1522.8	2654.8
7163	1226.0	1490.6	2718.1
4283	1227.5	1486.3	2663.5
7438	1206.2	1412.3	2490.4
7937	1216.3	1488.0	2599.4
7250	1217.0	1470.8	2572.6
6483	1214.7	1488.9	2591.5
1694	1224.8	1519.3	2685.3
2415	1206.3	1468.9	2591.1
5814	1218.5	1462.8	2571.6
7972	1215.6	1474.2	2585.6
636	1211.7	1467.5	2584.1
9375	1219.0	1472.8	2648.0
3051	1216.9	1465.8	2583.3
5520	1215.5	1488.8	2621.4
6348	1204.6	1419.3	2473.5
8902	1221.4	1503.7	2617.7
7576	1208.5	1418.6	2496.2
1753	1210.6	1458.6	2573.7
5275	1202.8	1426.1	2536.9
5786	1212.2	1461.9	2577.7
689	1215.9	1468.6	2601.7
1148	1218.5	1469.3	2632.2
781	1209.1	1460.8	2535.9
5599	1215.6	1471.6	2597.3
2571	1199.6	1437.0	2490.6
9984	1215.3	1484.0	2568.4
6831	1212.7	1490.7	2628.0
8936	1204.8	1388.0	2518.4
8939	1220.0	1504.5	2686.5
7773	1211.1	1424.5	2525.9
3999	1211.1	1422.7	2568.5
6600	1213.8	1481.8	2563.4
7411	1215.7	1445.9	2526.6
5183	1213.8	1443.7	2540.2
1899	1212.3	1416.0	2566.1
8352	1213.9	1411.1	2542.8
6551	1226.9	1459.2	2671.2
1469	1223.0	1512.6	2680.4
642	1207.6	1434.0	2584.5
7462	1210.4	1486.6	2614.8
402	1221.7	1486.1	2737.1
4799	1215.7	1474.2	2607.8
7741	1210.7	1459.1	2558.2
165	1214.7	1409.8	2508.2
8227	1220.3	1491.1	2598.2
4715	1212.6	1499.8	2621.4
4243	1214.1	1535.7	2595.4
9657	1216.9	1444.4	2583.7
4288	1211.4	1470.3	2546.6
2560	1207.9	1442.2	2514.6
4257	1208.7	1447.0	2512.4
3403	1214.5	1457.3	2591.0
1240	1217.8	1482.2	2622.8
5359	1209.3	1469.8	2591.6
8186	1206.0	1429.6	2535.2
9287	1219.4	1460.2	2566.2
6659	1221.9	1458.5	2614.5
3574	1225.0	1502.5	2614.4
5248	1225.0	1535.1	2693.9
1779	1213.4	1436.1	2561.1
4156	1210.6	1482.6	2548.5
8875	1221.6	1498.0	3021.2
9231	1213.4	1480.3	2565.8
1023	1207.6	1459.6	2499.9
2225	1220.2	1493.8	2694.4
3677	1216.9	1470.8	2654.1
1955	1218.7	1453.6	2632.3
2200	1220.6	1510.1	2615.1
4829	1216.0	1501.1	2696.9
5693	1213.1	1431.5	2566.7
1566	1223.8	1483.6	2627.0
9690	1218.1	1483.0	2607.5
2174	1217.7	1472.3	2637.4
8375	1214.4	1427.8	2559.4
8054	1204.7	1378.0	2484.7
4849	1215.1	1483.7	2635.4
1040	1218.8	1520.1	2673.0
4068	1215.1	1499.6	2657.7
9475	1222.2	1437.3	2591.3
2913	1214.4	1462.6	2572.5
9593	1214.5	1468.4	2599.6
2204	1209.1	1440.6	2560.8
8038	1193.5	1419.7	2435.4
7150	1213.0	1436.2	2579.5
283	1220.7	1444.3	2627.4
7208	1210.5	1508.9	2679.5
8791	1214.9	1455.1	2601.0
7413	1210.8	1442.6	2607.2
8986	1211.8	1416.3	2517.0
2616	1212.8	1467.1	2567.9
9065	1217.6	1503.2	2678.8
4382	1209.9	1435.3	2599.5
6086	1220.4	1492.4	2639.1
1072	1214.3	1468.9	2622.4
4573	1212.2	1495.9	2716.8
1645	1222.1	1472.9	2590.1
4113	1214.9	1477.3	2574.9
9539	1232.5	1579.9	2886.5
7473	1224.6	1493.6	2683.2
9684	1221.5	1498.5	2666.5
277	1216.5	1484.8	2609.5
4241	1223.9	1479.5	2622.6
4359	1214.4	1461.1	2575.6
3947	1215.0	1476.6	2552.5
2113	1230.1	1527.2	2685.5
5240	1216.1	1458.0	2578.2
6699	1208.9	1453.3	2583.6
6875	1212.9	1513.0	2636.5
2133	1205.4	1449.7	2531.8
801	1213.9	1443.4	2614.5
1936	1220.1	1468.5	2591.9
3833	1203.1	1415.8	2486.8
8372	1205.8	1461.9	2529.2
7485	1209.5	1463.8	2589.0
5047	1218.3	1456.7	2633.2
721	1215.5	1472.5	2570.9
2228	1211.5	1442.8	2544.2
3936	1211.1	1424.4	2563.0
8712	1212.5	1437.0	2547.5
3396	1203.4	1383.5	2473.1
5956	1205.3	1423.2	2475.4
5908	1217.6	1432.0	2566.6
3300	1210.9	1451.4	2560.7
7190	1210.5	1438.8	2550.0
2842	1202.4	1435.6	2481.8
1863	1199.5	1439.5	2532.2
9841	1219.1	1489.6	2627.7
3131	1211.8	1450.2	2571.7
9505	1206.2	1446.7	2528.6
1407	1210.1	1404.5	2495.7
7677	1207.3	1446.9	2525.5
4117	1228.6	1529.2	2784.8
7256	1217.1	1433.7	2619.1
8294	1207.4	1473.3	2589.3
8380	1215.3	1445.6	2558.7
7691	1220.2	1477.8	2689.8
5706	1220.4	1444.9	2758.9
5901	1213.3	1430.4	2549.0
9913	1219.5	1495.2	2645.9
5862	1219.5	1485.9	2614.8
7734	1211.1	1400.6	2494.8
2043	1216.3	1452.7	2614.2
4490	1206.1	1432.6	2524.0
4606	1208.1	1457.8	2567.5
3456	1222.2	1535.7	2709.5
37	1209.2	1462.9	2551.8
831	1215.9	1469.9	2667.5
6025	1216.4	1488.3	2608.4
1603	1209.5	1477.2	2647.1
5861	1218.5	1465.2	2595.8
4724	1210.9	1437.5	2523.5
3030	1218.6	1483.4	2643.8
9220	1198.6	1403.6	2447.4
6655	1215.5	1429.6	2581.8
9560	1207.5	1474.5	2561.3
7903	1204.0	1427.7	2486.6
9167	1221.5	1478.5	2627.0
4588	1222.3	1465.5	2611.7
5646	1207.8	1455.5	2606.3
5868	1207.9	1446.8	2525.0
7738	1218.1	1470.8	2715.5
7651	1211.5	1454.7	2572.1
7054	1223.7	1496.1	2639.6
1884	1208.4	1406.7	2484.4
373	1218.9	1508.7	2643.8
1970	1224.4	1490.1	2651.1
8204	1208.5	1415.8	2512.4
8999	1207.8	1448.1	2565.4
6744	1211.1	1504.4	2617.2
6024	1208.5	1406.0	2525.0
6408	1220.6	1513.7	2624.5
3445	1212.5	1435.6	2512.3
8610	1206.3	1446.2	2529.2
8550	1205.5	1431.2	2527.6
92	1209.3	1456.9	2529.4
2	1218.8	1507.6	2614.5
3573	1213.2	1517.7	2714.6
2368	1206.5	1458.5	2486.2
9867	1220.5	1491.7	2569.3
9034	1216.6	1488.1	2589.6
1352	1206.3	1427.1	2568.8
1845	1217.7	1440.2	2591.5
820	1216.3	1491.0	2599.4
8268	1212.9	1440.5	2548.6
1288	1209.7	1466.9	2558.0
1758	1221.3	1478.1	2593.4
4637	1210.2	1428.8	2551.6
834	1222.1	1504.1	2721.1
9856	1210.8	1427.2	2539.9
8802	1215.8	1396.0	2583.9
9681	1215.5	1442.7	2554.5
592	1221.3	1524.7	2651.4
459	1213.2	1453.6	2583.4
9506	1210.5	1445.0	2559.5
3630	1222.4	1483.6	2665.5
4213	1220.1	1488.7	2626.7
3332	1212.3	1453.0	2616.7
509	1218.2	1466.2	2601.3
7096	1216.9	1448.0	2603.8
8230	1207.4	1459.0	2510.2
1743	1218.6	1488.2	2589.1
3267	1210.8	1429.2	2559.5
1059	1211.2	1457.1	2588.3
7929	1216.5	1440.0	2602.9
6863	1212.5	1413.1	2523.2
7714	1205.8	1482.5	2563.2
3763	1225.7	1449.3	2602.0
8259	1211.2	1469.5	2540.4
1590	1207.8	1408.6	2495.3
3708	1208.5	1467.3	2603.0
6423	1220.6	1532.8	2665.0
6313	1209.8	1481.0	2612.6
3599	1214.1	1432.7	2544.9
3736	1212.2	1503.1	2638.9
901	1210.1	1465.0	2626.8
5994	1209.2	1487.2	2567.0
4847	1217.6	1445.6	2575.7
3121	1219.1	1470.1	2610.4
3651	1213.4	1442.2	2527.3
9427	1213.3	1489.6	2587.5
802	1221.2	1483.9	2630.1
8432	1211.2	1400.9	2554.2
7371	1207.5	1440.7	2547.2
980	1209.9	1480.3	2600.0
7829	1217.1	1467.7	2568.7
1249	1215.5	1527.8	3019.6
8249	1203.2	1440.4	2519.1
5844	1215.3	1434.6	2602.9
8871	1217.5	1489.7	2640.9
9023	1209.9	1442.2	2524.9
5858	1216.9	1480.0	2629.1
8075	1202.2	1423.8	2534.9
4968	1209.1	1436.5	2531.7
6715	1214.7	1463.8	2609.8
904	1220.8	1492.0	2899.8
7032	1204.7	1434.2	2549.3
8270	1218.6	1477.8	2629.6
701	1209.8	1444.2	2531.3
2233	1211.2	1466.3	2560.2
1944	1224.0	1510.0	2654.4
1715	1206.4	1443.4	2512.6
9499	1216.0	1483.3	2621.0
442	1211.2	1387.3	2537.8
7720	1223.0	1453.8	2591.5
393	1210.2	1430.4	2534.1
6308	1210.1	1442.2	2513.1
1828	1205.7	1425.5	2488.5
167	1219.1	1506.7	2623.8
1045	1227.0	1468.7	2668.4
2602	1219.7	1474.5	2615.4
4923	1218.3	1465.8	2636.5
1109	1217.6	1490.7	2629.1
2229	1232.9	1545.8	2751.7
3692	1214.7	1428.0	2531.4
1142	1207.5	1404.1	2527.3
9134	1214.8	1455.4	2573.8
4746	1212.8	1445.8	2533.3
9052	1208.2	1436.6	2535.1
584	1204.9	1443.0	2511.9
8088	1210.5	1411.4	2513.0
6865	1208.3	1423.4	2520.7
4595	1212.9	1451.8	2563.3
4821	1223.3	1541.1	3061.0
569	1214.2	1468.1	2640.7
9295	1218.4	1423.6	2600.6
6148	1230.9	1515.6	2664.9
5649	1212.6	1432.2	2556.6
8911	1219.0	1503.0	2602.9
3713	1212.7	1489.7	2676.2
1120	1214.8	1463.0	2555.4
9276	1223.8	1508.3	2717.2
5159	1224.6	1532.9	2759.2
1138	1220.4	1516.5	2675.5
5796	1225.7	1474.4	2631.2
9425	1217.4	1482.8	2660.2
8781	1211.7	1435.6	2553.7
3988	1219.2	1464.5	2628.8
9507	1214.5	1458.5	2616.5
4327	1210.8	1452.3	2551.7
2407	1223.6	1428.4	2611.4
8820	1217.4	1472.8	2578.5
4737	1221.4	1495.5	2648.0
1424	1215.1	1530.2	2621.2
9580	1210.6	1432.4	2516.0
5301	1214.4	1469.9	2580.6
3524	1209.2	1436.9	2552.2
9569	1203.8	1424.6	2471.6
7562	1209.1	1433.7	2593.5
2149	1208.1	1483.6	2580.3
4557	1215.7	1444.6	2613.0
3654	1220.1	1466.7	2602.4
289	1202.9	1412.3	2483.1
8680	1212.5	1465.0	2626.2
9361	1224.3	1502.6	2784.6
2730	1206.6	1490.1	2589.7
5969	1219.5	1447.5	2576.7
2711	1221.9	1496.8	2665.7
9185	1216.0	1449.2	2598.2
709	1224.1	1538.2	2667.1
8576	1211.7	1415.2	2585.9
9308	1210.8	1431.7	2548.1
3680	1217.6	1466.9	2609.8
5634	1210.4	1495.7	2586.4
2503	1214.3	1465.3	2629.3
6184	1209.2	1444.6	2527.6
2460	1216.6	1460.4	2591.3
5388	1211.9	1421.1	2525.6
5579	1211.5	1446.4	2546.0
1761	1219.5	1439.2	2569.9
6510	1213.8	1483.8	2589.0
6669	1210.1	1461.4	2583.3
7333	1210.8	1442.4	2560.1
611	1221.2	1463.2	2582.7
388	1216.3	1479.4	2637.3
7905	1213.0	1480.8	2607.1
479	1223.0	1472.5	2669.2
1167	1210.8	1456.8	2540.0
8976	1215.5	1448.2	2563.5
3671	1199.6	1405.1	2484.5
9362	1211.4	1413.7	2532.6
8461	1206.8	1485.6	2605.2
3435	1220.7	1461.1	2590.8
6034	1214.9	1456.0	2644.9
4806	1226.2	1492.9	2739.0
458	1228.5	1469.9	2680.7
2153	1212.6	1450.2	2538.7
9609	1210.7	1475.0	2598.1
1713	1216.3	1429.1	2551.4
819	1214.2	1476.5	2596.2
3157	1213.6	1478.6	2618.7
104	1210.0	1442.4	2565.2
4343	1212.0	1391.5	2527.7
6890	1213.2	1471.4	2611.8
9049	1217.1	1390.1	2581.6
6044	1220.2	1472.0	2601.8
42	1213.3	1412.3	2533.9
2222	1220.8	1451.6	2597.7
6602	1213.2	1459.9	2604.7
8761	1217.7	1447.5	2682.4
9514	1210.0	1428.1	2582.1
9382	1210.1	1406.2	2574.2
8287	1223.2	1482.5	2641.7
1905	1204.4	1452.2	2524.1
6829	1215.5	1441.5	2574.4
6813	1221.5	1483.8	2641.4
2805	1214.4	1470.4	2598.8
6145	1219.1	1505.0	2630.7
6781	1217.7	1464.3	2623.5
1781	1224.5	1520.9	2668.1
1687	1213.7	1436.5	2609.7
6867	1219.6	1481.1	2668.4
8789	1214.4	1497.2	2632.8
6599	1207.3	1391.3	2504.3
5924	1214.5	1483.8	2567.9
536	1213.7	1464.9	2583.9
7478	1217.0	1452.1	2651.9
9367	1224.3	1488.0	2627.2
6845	1208.4	1443.4	2536.4
5360	1218.9	1464.2	2694.4
3031	1214.5	1487.1	2611.0
6286	1219.8	1513.8	2616.6
5825	1209.5	1491.0	2588.6
6800	1210.5	1457.9	2519.4
4560	1223.0	1473.0	2697.1
1279	1218.4	1500.2	2623.3
4675	1216.0	1465.6	2598.6
6108	1214.1	1460.9	2565.2
5602	1213.2	1449.4	2554.2
640	1219.4	1522.1	2678.3
6276	1214.5	1426.4	2564.3
5170	1212.7	1466.6	2578.9
4036	1222.3	1505.8	2663.7
2532	1211.5	1509.5	2631.1
4406	1210.3	1414.4	2512.0
5995	1214.2	1449.4	2561.9
5709	1224.1	1487.3	2633.8
6075	1210.5	1468.6	2687.3
3380	1213.1	1485.5	2575.6
733	1206.3	1398.7	2506.4
8280	1212.1	1478.4	2609.0
9352	1208.2	1380.1	2490.1
2903	1216.8	1439.2	2616.0
4066	1209.8	1475.4	2565.4
5000	1214.4	1453.7	2573.4
4539	1196.5	1494.8	2647.4
3514	1212.3	1449.9	2546.4
9203	1218.9	1513.5	2673.5
4379	1203.7	1386.9	2508.7
8742	1222.1	1483.8	2629.9
