44472	1695.1	1965.0	8052.9
32650	1694.1	1947.0	8007.9
9376	1686.4	1907.2	7759.3
17709	1690.8	1935.3	7914.0
66748	1689.3	1920.5	7822.0
31431	1692.2	1950.9	7958.0
24352	1686.7	1901.9	7740.2
18670	1690.3	1922.5	7886.7
53814	1690.8	1943.2	7865.9
9002	1688.4	1916.5	7828.8
29828	1691.5	1918.2	7909.1
30781	1684.6	1904.5	7702.6
71021	1691.4	1918.8	7911.2
8520	1685.7	1926.8	7723.2
60878	1685.3	1906.9	7739.0
12623	1688.8	1915.7	7824.8
60115	1684.9	1891.4	7716.0
72038	1687.7	1905.7	7778.0
17160	1693.4	1960.4	7969.6
74288	1679.3	1829.4	7495.1
40406	1685.7	1893.5	7730.4
71008	1684.4	1907.3	7676.2
57021	1693.9	1940.5	8027.3
73825	1689.0	1919.4	7841.0
65494	1696.6	1976.6	8094.6
24237	1696.7	1992.4	8072.1
20655	1690.2	1935.7	7885.9
53180	1690.6	1943.8	7938.1
36750	1684.8	1875.3	7697.3
70288	1690.1	1926.4	7884.9
30099	1689.1	1910.3	7822.7
40613	1690.9	1915.4	7863.1
18053	1691.8	1945.1	7954.9
8633	1684.6	1927.9	7680.2
48869	1690.8	1939.9	7895.7
12498	1692.1	1965.8	7942.1
7197	1685.2	1903.7	7691.8
23207	1696.0	1978.5	8067.9
74051	1687.9	1889.7	7815.8
4311	1689.6	1939.0	7844.2
66050	1684.9	1905.0	7690.5
42806	1691.6	1964.5	7920.0
2507	1686.3	1907.9	7704.2
24907	1692.5	1953.2	7910.1
24041	1688.3	1969.8	7806.8
43418	1688.8	1921.8	7800.5
73302	1684.3	1889.6	7699.1
18524	1690.7	1968.6	7890.4
42673	1689.4	1966.4	7816.1
37680	1686.7	1897.7	7754.6
41516	1688.0	1948.8	7785.7
37851	1687.8	1932.9	7765.7
74365	1691.9	1954.0	7949.7
42900	1691.7	1963.0	7926.0
51833	1689.1	1930.9	7837.6
71862	1688.9	1926.4	7830.1
18807	1688.7	1932.1	7815.1
2085	1693.3	1939.5	7981.4
69614	1685.6	1900.2	7732.1
36917	1688.7	1918.3	7844.4
62675	1692.4	1933.1	7944.0
31845	1692.4	1935.1	7965.6
16572	1694.2	1943.6	8016.1
44599	1692.3	1946.5	7927.0
51133	1693.4	1941.0	7994.3
3390	1685.3	1895.1	7731.2
3579	1697.6	1998.5	8114.6
24900	1689.9	1933.4	7870.7
23403	1690.1	1930.7	7879.5
20479	1687.0	1915.8	7748.6
3340	1692.8	1957.2	7975.9
176	1690.6	1945.5	7897.8
8167	1693.9	1941.8	8006.2
4887	1683.5	1917.5	7668.5
56172	1690.9	1947.2	7908.3
55510	1686.3	1902.2	7757.3
63652	1689.9	1948.4	7836.8
23290	1690.9	1938.3	7887.8
73167	1686.8	1882.7	7780.7
61885	1684.0	1858.5	7675.9
42640	1685.9	1889.7	7745.2
46481	1688.7	1896.1	7845.6
22180	1691.2	1935.8	7907.2
13228	1688.6	1929.6	7838.1
25570	1688.2	1919.6	7812.7
23633	1689.3	1927.8	7835.6
33455	1686.2	1894.9	7737.4
67179	1685.4	1900.9	7724.0
63131	1686.1	1877.1	7753.8
31132	1682.5	1865.7	7625.3
31159	1677.3	1852.3	7439.8
63420	1688.3	1927.1	7789.5
55838	1699.1	1989.7	8173.3
61294	1694.9	1943.7	8035.4
21805	1685.1	1908.0	7707.5
20040	1686.9	1911.2	7752.3
11640	1681.4	1908.4	7598.2
74190	1692.4	1942.1	7934.8
52860	1690.6	1944.2	7904.8
63922	1691.1	1929.3	7934.3
31661	1680.2	1864.6	7543.1
13768	1685.2	1902.3	7692.9
5126	1691.3	1949.8	7946.7
46102	1689.8	1927.1	7855.0
36759	1682.9	1863.8	7637.4
13325	1689.1	1938.2	7826.7
43809	1687.1	1929.1	7781.6
12355	1694.4	1928.7	7993.8
20556	1691.5	1942.4	7942.5
35661	1685.0	1915.0	7683.0
13357	1690.4	1946.8	7899.8
44840	1697.3	1964.7	8101.7
36185	1687.2	1929.1	7793.4
47980	1681.9	1879.2	7588.9
9648	1692.7	1959.1	7939.3
16446	1684.5	1896.2	7682.0
40744	1690.1	1943.9	7881.9
69208	1692.0	1918.9	7942.9
55722	1688.6	1923.8	7794.9
38064	1681.4	1869.6	7610.5
45978	1685.7	1897.3	7764.3
4166	1687.3	1921.0	7722.2
26562	1688.1	1933.5	7822.9
25278	1691.2	1929.6	7922.6
33706	1683.1	1864.8	7651.2
47993	1691.5	1953.1	7924.4
42825	1685.9	1917.6	7706.0
56401	1686.1	1896.7	7732.6
17765	1690.7	1960.8	7897.5
25142	1694.0	1963.4	7977.7
41733	1688.9	1941.3	7845.8
134	1692.1	1964.1	7914.4
8345	1685.8	1910.9	7723.9
33049	1685.5	1902.8	7726.4
16272	1690.9	1927.9	7916.7
24106	1679.6	1842.8	7537.2
44842	1693.2	1961.5	7974.3
51761	1691.8	1956.8	7924.5
47274	1685.9	1905.7	7743.9
48577	1688.3	1916.7	7825.3
60732	1685.7	1894.7	7713.4
29263	1690.0	1940.6	7878.3
6984	1691.4	1953.4	7898.7
2376	1699.8	1989.7	8183.8
4337	1687.3	1902.1	7805.6
8677	1689.3	1947.5	7857.7
45223	1693.9	1974.8	7963.5
35337	1692.9	1939.3	7940.2
51214	1687.7	1906.4	7801.2
42244	1690.6	1937.8	7885.6
66402	1692.4	1929.8	7932.5
40618	1686.0	1904.3	7691.3
45894	1693.2	1946.2	7970.2
65036	1686.6	1911.1	7757.0
19010	1688.7	1924.2	7829.3
33803	1687.5	1921.6	7789.4
42348	1690.4	1920.0	7898.3
48215	1693.0	1965.5	7993.0
18717	1692.6	1945.7	7934.7
34194	1696.1	1993.2	8054.9
9877	1694.9	1978.4	8054.1
72284	1695.7	1968.5	8061.9
35288	1686.0	1922.5	7737.5
71549	1681.9	1860.4	7621.2
28316	1682.8	1895.6	7626.6
52886	1693.3	1959.7	7935.2
894	1686.6	1903.7	7762.4
70330	1687.8	1911.0	7794.0
13863	1689.3	1921.0	7867.9
46333	1689.0	1921.2	7816.7
44974	1691.0	1918.7	7897.0
7665	1688.4	1932.2	7805.7
53958	1689.4	1945.5	7864.1
44706	1688.0	1922.6	7823.5
51194	1684.7	1886.7	7698.1
18154	1681.8	1871.4	7593.3
30659	1682.7	1888.3	7642.5
36057	1694.6	1970.4	8015.2
34413	1682.9	1890.8	7639.2
71655	1687.6	1916.3	7758.2
7589	1686.2	1910.8	7739.7
17282	1696.9	1986.7	8112.1
34771	1689.1	1940.9	7857.4
3212	1689.4	1918.5	7842.6
38562	1686.5	1915.5	7753.9
64936	1694.9	1946.6	8037.4
37797	1686.2	1909.2	7762.2
4821	1688.7	1953.8	7825.5
7572	1689.3	1939.1	7820.3
54182	1683.9	1905.9	7670.5
11560	1693.7	1972.8	8004.5
6149	1688.3	1930.8	7805.2
59437	1696.4	1984.9	8067.2
44340	1685.4	1885.6	7718.5
4403	1696.4	1981.7	8053.0
12339	1686.6	1912.7	7760.6
48481	1688.7	1944.8	7808.0
27605	1689.8	1934.2	7847.7
12146	1686.3	1913.1	7713.0
40191	1687.4	1913.4	7822.0
65897	1689.8	1917.0	7862.5
10648	1688.2	1899.1	7823.3
7694	1690.3	1953.9	7891.9
8881	1683.3	1896.0	7634.8
72610	1682.4	1876.7	7611.5
54055	1686.0	1906.2	7754.0
53115	1690.2	1911.8	7881.6
50654	1692.0	1946.4	7938.4
71948	1689.5	1905.9	7856.3
62536	1687.5	1913.3	7765.5
72162	1695.9	1982.5	8040.1
64577	1688.1	1922.2	7836.6
66143	1696.4	1939.1	8101.2
71698	1690.0	1903.6	7857.9
39145	1681.1	1868.6	7592.4
10691	1694.8	1963.2	8031.5
49777	1689.0	1921.0	7843.7
45173	1691.7	1950.6	7914.1
34260	1686.0	1922.6	7747.4
70199	1687.0	1893.8	7771.3
69424	1693.3	1955.6	7975.2
12990	1688.5	1923.8	7848.0
62511	1692.9	1953.2	7990.9
31191	1687.4	1916.4	7768.0
52362	1694.2	1981.2	8021.3
30723	1688.0	1910.7	7803.8
9434	1688.9	1932.4	7821.7
27570	1690.1	1935.3	7870.2
42738	1687.3	1922.2	7770.5
46819	1688.9	1915.6	7822.0
32054	1690.9	1948.5	7894.8
61421	1690.2	1909.7	7891.3
73446	1690.5	1932.2	7876.6
5571	1682.2	1869.7	7606.1
32151	1688.5	1916.4	7829.2
58703	1686.8	1894.0	7787.0
20235	1688.9	1939.2	7862.6
7012	1689.8	1942.7	7808.3
45732	1686.0	1917.0	7746.5
12214	1694.3	1940.5	8028.6
63567	1689.9	1898.3	7845.4
25226	1692.9	1961.1	7987.1
41384	1684.5	1885.4	7708.3
56772	1685.4	1864.9	7713.0
35966	1690.3	1936.0	7875.9
37885	1679.7	1857.5	7528.5
70234	1688.1	1897.8	7796.8
2977	1689.2	1932.1	7870.9
53022	1691.6	1946.3	7965.9
19938	1688.4	1912.7	7815.2
22614	1697.5	1981.6	8108.8
18121	1689.5	1939.3	7861.7
1664	1685.4	1905.7	7726.3
71076	1680.9	1846.0	7582.2
3202	1692.2	1950.9	7963.5
40792	1691.1	1933.2	7901.0
66828	1687.1	1914.3	7782.2
68075	1683.6	1891.5	7684.8
26907	1696.6	1978.5	8103.2
33352	1689.1	1908.6	7838.2
17191	1690.7	1949.4	7877.6
31558	1700.4	2009.9	8241.8
8543	1686.4	1934.8	7754.3
20678	1679.6	1840.9	7520.3
56517	1689.1	1909.6	7866.4
1470	1688.2	1948.6	7777.8
69477	1697.9	1981.3	8138.9
55825	1689.0	1910.4	7847.9
24016	1687.4	1910.7	7826.1
65072	1698.4	1978.0	8187.7
33105	1693.7	1975.9	8012.8
46653	1687.2	1898.8	7733.9
2512	1688.0	1950.4	7804.1
11672	1683.8	1895.8	7654.0
70400	1684.8	1899.4	7715.7
8322	1698.3	1971.1	8114.6
65200	1685.4	1920.5	7690.8
13194	1690.2	1940.6	7898.2
11403	1690.7	1933.2	7899.4
73626	1689.1	1935.8	7853.5
70924	1690.5	1902.3	7907.9
70641	1697.0	1987.9	8117.3
27081	1687.7	1899.3	7780.0
28001	1690.9	1939.0	7894.1
50900	1693.0	1964.2	7981.3
28806	1693.4	1949.0	7980.9
41682	1688.0	1891.9	7789.8
43300	1694.5	1936.8	8028.2
13830	1686.1	1908.6	7730.6
2719	1685.2	1901.5	7694.4
28162	1702.1	2021.0	8246.3
6611	1692.7	1943.5	7952.6
50128	1693.3	1945.1	7987.5
51920	1683.3	1909.3	7665.5
60299	1689.8	1921.6	7847.3
58939	1694.7	1948.5	8027.8
39857	1690.1	1930.9	7879.3
61641	1682.3	1876.0	7614.7
18542	1683.2	1871.8	7668.5
6607	1696.2	2006.4	8097.3
36683	1685.3	1930.0	7727.2
4739	1690.4	1940.5	7909.4
54434	1692.9	1954.0	7995.3
27438	1688.2	1935.1	7809.5
53437	1693.6	1942.3	7991.7
34227	1690.5	1934.9	7892.0
35076	1693.7	1956.8	8006.0
63154	1692.2	1950.0	7905.5
3	1681.4	1907.1	7587.1
27225	1693.6	1956.4	7976.6
53637	1693.6	1944.6	8018.5
16865	1688.8	1916.1	7805.5
42243	1690.8	1950.8	7882.6
42823	1687.5	1919.8	7762.7
54877	1691.6	1932.0	7951.9
63140	1694.4	1962.5	8012.5
30455	1693.5	1959.9	7942.5
54707	1685.8	1891.8	7720.0
37868	1690.3	1907.7	7866.1
74511	1693.4	1933.6	7988.8
69017	1692.1	1931.1	7935.1
73152	1695.9	1977.9	8088.8
13635	1689.1	1920.4	7836.8
23829	1689.2	1915.5	7843.3
25071	1687.6	1931.3	7790.7
30544	1682.7	1876.0	7622.3
3498	1685.3	1923.7	7724.3
67210	1691.6	1930.0	7913.9
45897	1689.4	1929.0	7874.0
7347	1692.7	1954.5	7942.7
37297	1691.4	1955.9	7909.9
72427	1693.2	1902.9	7957.2
55034	1687.3	1910.6	7774.3
64871	1690.1	1934.8	7879.4
11161	1692.1	1964.5	7934.6
32111	1694.0	1969.9	7999.7
50091	1689.7	1943.7	7851.5
23179	1688.8	1968.6	7814.2
72621	1676.8	1844.4	7466.7
5305	1686.1	1895.4	7721.7
62720	1694.1	1952.0	7998.3
49029	1682.6	1898.3	7645.6
54339	1691.6	1967.0	7909.5
27908	1692.3	1920.9	7945.4
26449	1690.8	1927.1	7924.4
69432	1683.4	1877.9	7636.8
66895	1690.0	1948.2	7893.9
42032	1692.0	1947.7	7939.1
31163	1689.7	1941.1	7868.1
8922	1693.7	1955.1	8025.4
66017	1689.9	1928.9	7867.1
43894	1691.6	1933.3	7908.5
15650	1689.8	1944.2	7856.2
4029	1689.7	1924.7	7881.3
73899	1697.1	1965.8	8114.1
30471	1688.1	1905.5	7808.8
22734	1686.6	1911.3	7766.6
6358	1692.2	1979.5	7929.7
1803	1685.9	1918.2	7747.1
37700	1692.5	1937.9	7921.3
60066	1686.8	1933.3	7768.9
40573	1694.3	1972.6	8017.5
791	1690.6	1931.6	7900.9
10869	1692.3	1944.2	7889.3
65394	1685.9	1890.3	7726.5
51572	1687.7	1915.0	7779.3
28407	1689.8	1909.6	7871.6
47432	1692.9	1955.3	7951.0
1260	1695.3	1975.8	8045.1
67468	1686.8	1879.6	7761.6
38006	1696.1	1990.0	8062.5
61644	1687.9	1908.9	7832.6
51007	1694.1	1971.9	7963.8
46266	1700.0	1987.2	8189.3
47965	1685.8	1889.7	7747.3
49724	1687.4	1914.9	7788.6
24184	1696.7	1978.6	8069.5
32433	1688.0	1920.3	7790.7
35513	1690.1	1920.6	7855.0
2311	1686.9	1905.1	7757.5
7379	1686.5	1898.7	7754.8
47452	1682.5	1876.6	7623.7
69261	1693.4	1920.4	7968.3
49850	1689.4	1931.2	7864.4
25494	1690.8	1958.9	7877.3
71690	1689.0	1912.8	7848.3
68849	1691.8	1926.1	7946.6
51928	1688.2	1915.5	7800.2
53358	1690.2	1943.4	7889.9
46112	1684.9	1903.7	7715.3
35872	1692.1	1928.1	7935.9
52070	1690.3	1901.5	7863.4
2987	1688.2	1902.9	7813.6
29159	1693.5	1973.3	7959.2
26999	1684.5	1868.8	7687.1
56080	1689.8	1912.3	7857.3
66916	1690.9	1933.3	7909.6
7953	1692.5	1973.0	7947.0
74755	1684.7	1880.8	7694.1
8538	1687.7	1918.7	7794.2
14709	1689.4	1917.2	7871.2
13611	1690.3	1936.2	7886.6
31942	1685.0	1889.7	7695.5
49262	1688.2	1909.1	7847.4
5912	1694.3	1958.3	8019.3
2587	1690.0	1949.1	7854.0
30783	1688.8	1921.2	7799.4
33397	1689.8	1915.9	7877.9
58808	1688.6	1910.0	7845.2
61390	1692.1	1950.5	7954.5
36169	1689.6	1907.4	7854.8
3606	1693.0	1986.9	7972.9
8779	1694.5	1984.9	8018.1
11749	1689.6	1934.6	7852.5
2819	1688.6	1932.4	7854.4
66910	1692.6	1945.0	7942.3
23274	1694.8	1951.3	8031.1
28637	1690.2	1944.9	7907.6
64664	1694.2	1969.9	7989.4
60913	1695.9	1956.8	8056.6
14461	1690.4	1939.2	7881.1
32230	1686.5	1908.0	7747.5
40424	1684.8	1895.4	7695.5
65146	1684.6	1894.6	7694.0
12475	1686.6	1890.7	7765.6
64061	1686.5	1905.6	7761.8
49606	1688.3	1920.1	7834.0
70732	1690.4	1953.4	7890.9
56565	1690.0	1926.2	7901.8
68617	1692.5	1933.2	7958.9
66868	1690.4	1944.2	7901.7
55753	1688.9	1935.8	7847.2
28247	1691.8	1974.4	7923.1
627	1690.0	1943.0	7902.3
67669	1688.6	1901.3	7831.9
23821	1690.2	1924.5	7870.1
27222	1691.2	1937.2	7905.7
25923	1689.5	1955.1	7852.6
72899	1694.6	1943.7	8022.9
61434	1688.3	1901.1	7796.1
46416	1683.9	1892.4	7720.1
44807	1690.1	1926.8	7866.5
22011	1690.7	1936.6	7926.8
7870	1689.6	1909.2	7833.0
246	1684.9	1902.4	7697.3
259	1689.9	1921.8	7872.5
60872	1686.9	1922.9	7770.9
11180	1693.1	1966.2	7988.5
54420	1689.1	1910.3	7874.7
66955	1693.2	1967.6	7997.0
24813	1691.1	1943.8	7909.4
40481	1690.1	1944.5	7879.4
28111	1691.0	1939.2	7892.9
53342	1683.7	1869.5	7662.2
33712	1690.6	1965.5	7877.8
6346	1689.7	1940.1	7792.8
65793	1688.2	1910.6	7816.4
12826	1689.9	1920.8	7871.0
20237	1690.8	1929.8	7876.9
36890	1687.7	1910.5	7778.0
23867	1687.4	1894.3	7792.0
8872	1686.5	1935.0	7752.0
16789	1695.4	1971.4	8045.1
26228	1689.2	1919.8	7855.3
65737	1691.7	1938.1	7901.0
65629	1693.8	1937.4	7967.2
27972	1684.5	1903.9	7690.2
44035	1689.8	1929.2	7893.4
35923	1687.5	1927.6	7799.6
17932	1684.1	1875.0	7669.2
74728	1683.7	1878.3	7644.0
8144	1688.8	1914.7	7844.9
23012	1688.3	1921.4	7804.3
67065	1692.6	1948.7	7922.0
60980	1687.0	1934.5	7820.5
70345	1687.8	1906.5	7792.0
70189	1693.5	1958.4	7974.4
32145	1688.8	1900.2	7836.1
49004	1688.4	1890.6	7843.4
26541	1691.5	1943.4	7913.8
53278	1685.0	1880.6	7709.4
4420	1688.7	1958.9	7841.5
65274	1686.8	1900.0	7747.6
2199	1684.7	1902.2	7736.4
32331	1688.7	1926.8	7825.8
53657	1688.7	1916.2	7836.8
57638	1688.1	1919.2	7786.5
1674	1685.5	1902.5	7741.9
34708	1685.1	1901.7	7732.6
25225	1691.3	1947.3	7879.3
27026	1693.4	1963.5	7985.4
22074	1689.9	1895.3	7858.1
73319	1695.6	1962.0	8052.4
8988	1695.4	1977.4	8064.2
35175	1695.1	1950.7	8059.2
37445	1697.0	1999.5	8083.6
17206	1689.9	1914.7	7837.6
39921	1686.0	1926.4	7744.8
68151	1695.0	1972.1	8043.4
28779	1687.7	1907.3	7785.3
17774	1680.3	1870.6	7573.6
63869	1687.7	1886.9	7781.5
9448	1693.6	1948.7	8015.8
40092	1686.6	1943.9	7771.5
11099	1692.8	1952.4	7972.3
64879	1690.8	1933.5	7911.8
41789	1694.5	1974.4	8019.0
47687	1692.5	1968.8	7958.2
25971	1692.0	1947.3	7906.3
69435	1689.9	1916.3	7841.3
6738	1688.1	1925.5	7800.6
40705	1695.2	1985.2	8038.4
43193	1690.0	1952.1	7851.9
18281	1689.2	1932.8	7832.3
37436	1690.8	1939.3	7903.9
58101	1686.7	1916.1	7763.2
22188	1697.5	2008.7	8117.2
66073	1687.5	1914.8	7782.6
73536	1682.6	1876.2	7613.9
64721	1687.9	1902.4	7798.2
30107	1691.1	1928.5	7904.5
47490	1693.2	1946.9	7984.6
41504	1689.7	1972.1	7817.1
54619	1683.3	1897.0	7634.1
37890	1691.6	1949.3	7972.5
19847	1689.2	1934.9	7857.8
56577	1688.2	1906.4	7799.0
18897	1694.8	1973.9	8009.4
15457	1688.2	1921.8	7815.5
69858	1689.9	1918.7	7858.8
58158	1687.6	1893.7	7773.5
21415	1695.6	1994.0	8035.5
25668	1680.6	1897.4	7566.9
31355	1689.7	1932.6	7916.8
48526	1686.5	1901.5	7741.1
46601	1689.0	1932.5	7799.7
8821	1692.4	1963.5	7935.5
31977	1692.5	1945.4	7953.7
46406	1688.2	1893.7	7779.5
9724	1692.6	1970.1	7913.7
6004	1691.4	1972.7	7907.0
46473	1685.2	1907.3	7730.8
35731	1681.2	1859.7	7559.4
69844	1691.6	1934.3	7890.4
55696	1700.3	1982.7	8199.0
15843	1688.6	1920.6	7847.2
5311	1688.7	1944.4	7839.7
74409	1691.0	1918.9	7921.1
74950	1690.1	1938.2	7887.3
61141	1687.2	1892.1	7802.0
43123	1689.1	1931.9	7852.1
25879	1688.5	1928.0	7829.2
45478	1694.0	1945.9	8012.4
34023	1686.8	1912.8	7742.1
29684	1689.4	1933.7	7897.7
52507	1695.5	1988.5	8090.3
8794	1694.2	1975.8	7986.8
65370	1689.7	1903.0	7851.3
10731	1685.6	1877.3	7756.4
55674	1686.7	1919.4	7748.6
32298	1694.8	1963.9	8014.8
5232	1684.1	1898.3	7700.0
38523	1686.0	1909.5	7722.2
13615	1685.9	1888.1	7735.7
6170	1691.4	1965.3	7890.8
67388	1692.0	1926.9	7907.1
5811	1693.1	1980.0	7963.6
72270	1693.5	1947.7	7951.7
8489	1692.1	1947.3	7925.9
46222	1686.8	1924.5	7754.9
11739	1690.2	1943.2	7865.7
12912	1685.1	1899.1	7694.3
57096	1690.5	1948.2	7900.1
50641	1688.1	1924.5	7830.6
59798	1685.6	1914.2	7753.2
59319	1690.3	1897.2	7882.6
66283	1689.8	1947.9	7862.2
12882	1698.6	1989.0	8154.0
38496	1684.4	1884.5	7673.1
22549	1684.8	1921.2	7682.8
72670	1682.4	1868.6	7612.6
42927	1689.0	1920.6	7860.5
16668	1689.8	1941.4	7865.6
67726	1687.3	1901.8	7800.7
27967	1694.0	1948.0	8013.2
46051	1691.8	1949.5	7957.3
655	1684.2	1881.4	7675.2
58573	1688.0	1920.1	7775.3
53030	1681.1	1881.6	7591.6
33728	1691.1	1935.2	7926.7
55406	1692.9	1964.9	7955.1
4830	1696.5	1957.0	8100.2
26938	1689.5	1927.1	7843.1
41613	1692.8	1952.3	7960.8
49283	1693.5	1954.3	8014.4
67440	1686.6	1913.0	7747.3
40741	1686.4	1922.8	7735.3
43152	1687.5	1923.0	7766.7
54076	1690.7	1916.3	7883.2
61778	1692.2	1940.5	7937.5
4168	1686.7	1927.1	7754.6
53093	1692.4	1948.1	7988.2
72222	1687.5	1909.2	7793.7
22484	1697.5	1990.4	8143.3
49162	1688.8	1931.7	7860.5
35620	1688.7	1948.6	7801.3
34235	1685.3	1886.1	7723.9
45827	1687.5	1909.4	7812.6
52633	1692.0	1933.7	7944.2
6919	1684.5	1898.9	7682.5
58577	1685.8	1890.1	7732.7
52522	1686.6	1899.5	7735.7
29704	1692.7	1961.3	7927.3
54700	1688.9	1940.4	7837.1
58653	1690.8	1930.5	7924.4
53203	1690.5	1945.6	7880.7
47129	1691.1	1926.7	7889.8
9160	1689.2	1894.7	7813.1
14870	1686.2	1915.0	7779.8
41811	1690.8	1928.9	7883.5
58921	1693.9	1966.6	8027.9
742	1693.2	1960.6	7952.7
70047	1695.6	2005.7	8068.6
19886	1684.5	1884.9	7689.9
39465	1690.3	1938.9	7863.4
46032	1689.9	1927.1	7867.8
66288	1692.5	1975.3	7928.9
55767	1693.2	1942.0	7960.2
9556	1683.0	1894.7	7639.7
37505	1692.1	1935.2	7919.8
41553	1692.9	1939.8	7980.5
1098	1686.7	1934.0	7713.2
4731	1686.2	1903.9	7717.0
1810	1688.7	1945.9	7785.6
40061	1689.5	1939.0	7837.1
16010	1686.4	1908.2	7728.0
74880	1688.7	1932.6	7818.6
49831	1679.4	1882.1	7522.3
66552	1698.6	1965.0	8176.6
66572	1685.4	1876.4	7706.3
57315	1688.7	1921.7	7844.7
27328	1689.0	1941.9	7863.5
47983	1693.4	1967.6	7951.4
54433	1686.4	1916.5	7718.9
36722	1687.0	1905.2	7755.8
10619	1690.0	1945.8	7864.5
61901	1691.9	1940.1	7929.3
47585	1689.9	1935.4	7869.1
7181	1691.5	1956.4	7944.0
47969	1692.7	1943.4	7985.2
54819	1687.4	1920.5	7760.9
30946	1690.0	1954.9	7884.7
33640	1685.2	1910.8	7734.2
57036	1692.3	1940.2	7938.9
51879	1688.2	1935.3	7845.7
60897	1692.6	1953.1	7958.0
32952	1693.2	1941.9	7967.7
29192	1689.4	1944.6	7829.4
72275	1687.4	1930.5	7790.8
29540	1687.8	1928.3	7827.5
15787	1688.6	1915.5	7861.5
29292	1687.6	1892.3	7789.2
603	1685.8	1905.7	7768.4
5258	1688.7	1952.3	7822.3
38052	1690.8	1942.7	7872.3
60556	1696.3	1978.6	8097.2
69323	1692.9	1925.2	7977.1
48395	1692.0	1953.8	7906.2
23820	1686.3	1891.7	7753.2
37149	1691.1	1944.8	7902.3
9506	1690.3	1944.4	7863.5
28438	1683.0	1888.8	7612.1
66042	1695.1	1940.8	8059.3
68874	1685.0	1881.2	7730.7
3460	1685.5	1890.9	7710.5
13031	1686.8	1913.2	7749.9
24599	1689.4	1928.0	7842.2
10866	1689.7	1928.1	7833.5
12813	1682.9	1891.6	7656.0
33776	1686.4	1909.3	7761.5
40662	1687.2	1899.8	7799.9
7741	1680.8	1887.5	7537.3
72530	1693.3	1953.5	7973.2
12581	1686.8	1889.5	7769.1
62043	1687.3	1894.4	7829.2
59475	1690.5	1912.1	7914.1
33905	1686.7	1904.5	7756.2
3504	1690.1	1943.5	7879.7
27666	1690.5	1916.2	7899.0
70816	1687.9	1895.2	7784.4
18438	1690.0	1936.6	7884.0
71757	1681.9	1853.0	7594.3
12770	1686.9	1919.5	7769.3
59339	1688.9	1921.4	7853.5
52243	1687.5	1915.4	7775.0
26185	1693.8	1963.9	8020.0
52705	1690.7	1928.2	7889.4
65345	1693.3	1945.4	7997.7
54336	1689.6	1926.9	7802.5
66903	1692.1	1947.0	7962.5
16008	1690.8	1934.3	7897.8
67535	1685.3	1900.9	7688.1
30115	1692.3	1941.7	7957.0
43728	1684.7	1896.4	7691.3
3647	1686.1	1916.7	7766.1
31627	1693.9	1980.7	8019.6
8215	1689.8	1954.2	7870.5
27937	1689.1	1929.0	7871.5
71319	1683.3	1882.0	7672.5
54801	1688.9	1920.3	7818.4
72475	1688.6	1908.4	7834.3
10676	1692.0	1980.9	7920.9
28943	1684.9	1912.8	7720.4
29880	1684.6	1884.2	7664.6
26583	1679.2	1842.4	7510.3
11906	1688.7	1940.3	7813.9
36919	1683.5	1895.9	7677.2
48586	1686.9	1926.7	7770.1
49994	1693.1	1957.1	7969.9
12041	1693.2	1966.7	8010.6
1373	1685.8	1916.2	7706.5
10455	1687.8	1918.7	7797.1
25633	1682.5	1892.2	7614.2
61968	1686.1	1909.2	7753.0
54865	1689.5	1922.7	7831.4
35341	1689.9	1923.9	7857.9
10422	1685.1	1884.4	7694.3
12750	1680.0	1877.6	7529.9
26428	1690.0	1928.6	7863.8
64681	1692.2	1942.8	7936.6
22090	1693.8	1976.7	7995.4
42600	1692.3	1943.8	7954.3
42216	1690.0	1896.3	7887.5
21309	1693.0	1944.3	7955.2
52482	1693.8	1931.9	8027.4
17625	1694.5	1971.0	8055.0
9776	1692.0	1969.5	7949.0
73732	1685.9	1880.2	7740.4
19930	1690.7	1957.6	7882.8
71035	1686.0	1859.4	7762.1
6089	1687.7	1930.1	7783.7
56372	1689.5	1931.3	7866.5
27820	1678.3	1837.1	7491.2
52993	1696.7	1992.5	8115.1
61319	1693.0	1959.6	7945.1
62005	1693.2	1960.7	7978.6
56479	1687.4	1910.3	7733.0
40546	1692.6	1931.9	7961.7
42111	1681.5	1899.5	7598.6
74301	1696.5	1983.3	8089.1
41791	1690.7	1929.8	7881.7
56809	1686.2	1915.2	7770.8
11123	1696.1	1986.6	8091.9
30764	1688.4	1921.1	7823.5
31690	1697.1	1994.8	8111.0
22446	1695.3	1970.3	8079.3
19717	1689.8	1925.3	7857.8
1353	1690.7	1957.9	7854.0
43070	1695.2	1977.6	8025.4
7547	1690.4	1943.1	7891.1
41750	1689.2	1901.9	7826.8
32611	1683.1	1882.2	7644.0
18994	1696.9	1996.9	8112.2
68738	1685.3	1905.1	7717.4
48118	1692.4	1939.0	7961.7
71467	1688.4	1926.8	7828.2
58149	1688.8	1949.3	7791.4
68307	1694.7	1946.7	8037.8
31484	1678.5	1854.6	7496.6
39988	1700.6	2010.7	8193.5
41770	1682.5	1872.8	7623.8
56810	1691.2	1930.2	7933.3
56113	1693.1	1933.9	7988.8
51307	1691.2	1958.9	7904.8
9710	1688.0	1922.6	7821.9
45178	1693.0	1947.4	7962.3
10386	1687.6	1937.3	7800.9
60548	1698.2	1971.8	8142.1
66947	1683.4	1892.0	7654.5
48797	1683.8	1872.5	7653.9
42998	1686.8	1916.0	7799.1
46084	1689.8	1951.4	7846.4
22225	1690.6	1932.2	7889.3
63810	1684.6	1906.2	7694.6
63325	1692.4	1943.2	7987.2
54585	1689.7	1922.9	7862.8
4536	1690.9	1941.7	7912.8
23232	1686.3	1896.3	7777.0
13522	1690.5	1924.7	7872.4
73934	1694.6	1954.3	8045.2
67223	1694.1	1940.0	8005.0
546	1694.7	1965.0	8034.7
9280	1681.1	1882.3	7562.9
1014	1692.7	1931.8	7950.1
61040	1689.4	1912.0	7871.2
4775	1682.0	1908.3	7586.8
8559	1684.4	1889.7	7700.8
31764	1689.7	1906.6	7847.2
1092	1689.9	1938.0	7862.3
73845	1689.5	1904.3	7854.6
65338	1691.8	1955.4	7942.5
72430	1693.0	1939.2	7979.0
25986	1690.8	1955.3	7870.2
35647	1690.0	1941.4	7885.0
71017	1691.8	1975.4	7936.2
23602	1697.3	2015.2	8101.0
28302	1689.4	1912.7	7879.6
21188	1694.5	1958.6	8020.4
69278	1692.2	1946.7	7950.3
51561	1691.1	1930.0	7891.6
60716	1687.2	1909.3	7778.0
8342	1690.9	1947.2	7891.9
20639	1691.0	1938.5	7924.1
2802	1694.6	1981.6	8040.9
58277	1688.6	1898.8	7879.8
49664	1683.8	1885.1	7653.6
56537	1692.8	1937.8	7973.3
24617	1694.6	1987.4	8024.9
60937	1696.8	1954.9	8116.4
7055	1686.4	1905.2	7766.9
24160	1682.4	1894.3	7588.0
46096	1689.5	1937.4	7817.4
45208	1687.5	1912.0	7751.6
23262	1692.4	1933.0	7969.5
24368	1689.5	1914.5	7873.7
1445	1685.1	1893.0	7713.4
42613	1695.4	1971.7	8009.0
33338	1694.7	1970.0	8073.0
19374	1693.1	1942.5	7982.0
23654	1691.1	1948.1	7917.8
70370	1691.5	1936.7	7900.2
25846	1689.4	1907.6	7825.4
62318	1682.9	1869.1	7619.2
53729	1683.1	1861.3	7614.2
2022	1685.7	1916.5	7726.6
57436	1687.0	1923.1	7769.0
4186	1683.4	1901.0	7652.8
60831	1685.4	1923.2	7706.1
41359	1686.8	1885.8	7793.9
65866	1685.0	1870.3	7704.9
67097	1694.1	1966.7	8008.0
41470	1690.4	1917.7	7892.4
59414	1697.8	1970.7	8126.5
34249	1685.4	1922.7	7737.8
48397	1695.3	1991.0	8077.3
1327	1690.3	1951.3	7860.5
50959	1690.9	1941.3	7885.0
60984	1692.4	1947.1	7948.8
67425	1690.5	1927.8	7893.1
12068	1687.4	1903.4	7774.7
9720	1691.0	1930.6	7924.2
7854	1688.2	1915.7	7842.1
70945	1686.2	1885.8	7705.0
19939	1688.2	1915.1	7823.4
56518	1686.6	1920.7	7733.1
27147	1687.4	1902.9	7801.6
45069	1692.2	1918.8	7936.9
8733	1681.4	1875.9	7595.9
70028	1692.6	1956.8	7965.3
2370	1683.8	1864.0	7668.8
14997	1682.1	1879.8	7600.4
33821	1688.9	1939.5	7830.6
2866	1691.3	1925.2	7875.9
11953	1689.6	1911.5	7861.0
23815	1692.1	1936.7	7965.6
3116	1682.3	1884.6	7593.7
67973	1689.1	1926.6	7841.2
32353	1690.4	1946.7	7904.7
67309	1686.9	1909.6	7771.7
26680	1688.5	1903.4	7802.6
59476	1691.6	1940.9	7948.5
49545	1682.4	1890.7	7642.0
31110	1691.0	1961.8	7893.1
32944	1687.6	1903.9	7798.5
45379	1690.1	1918.0	7876.1
808	1686.7	1914.1	7709.5
43711	1690.9	1929.8	7896.5
39655	1687.8	1922.4	7833.2
66152	1687.2	1893.3	7781.0
23913	1686.7	1907.5	7782.1
2832	1689.4	1959.3	7864.1
69116	1695.0	1956.0	8014.3
35655	1687.0	1911.5	7750.2
2958	1697.4	2010.7	8149.3
40825	1687.9	1911.3	7775.2
70326	1690.7	1921.5	7928.3
65087	1687.4	1916.4	7800.7
26113	1687.9	1899.2	7778.3
70993	1689.7	1911.2	7852.5
28858	1694.6	1983.4	8051.7
13232	1686.4	1906.3	7766.2
65400	1690.1	1946.0	7894.1
32183	1694.3	1980.1	8004.5
5220	1685.7	1917.4	7734.4
71588	1689.9	1942.8	7876.8
36757	1690.4	1940.6	7902.7
22290	1685.2	1897.1	7730.7
71496	1690.2	1936.5	7905.8
55153	1690.1	1908.1	7868.6
11079	1690.5	1941.2	7904.3
30686	1688.5	1917.2	7840.0
23328	1684.3	1887.8	7657.9
48418	1689.1	1913.8	7832.4
64253	1688.8	1896.7	7844.1
69798	1690.3	1926.5	7873.6
15778	1690.2	1907.4	7872.6
42164	1691.6	1943.9	7938.2
15614	1693.6	1944.9	7991.3
68360	1683.8	1899.5	7652.6
54412	1689.0	1900.4	7829.0
63395	1686.5	1907.2	7763.1
69361	1690.9	1929.5	7898.8
23481	1685.7	1878.1	7727.7
39409	1692.0	1948.3	7945.0
13872	1683.5	1900.3	7636.3
43887	1695.2	1988.4	8042.1
13508	1690.6	1943.6	7903.5
37389	1691.9	1945.7	7945.3
38940	1694.8	1981.5	8005.7
7793	1681.5	1871.5	7581.5
46529	1688.9	1938.9	7844.9
47821	1683.1	1903.7	7657.7
53240	1682.6	1854.4	7654.7
51852	1691.9	1967.8	7883.7
52240	1693.7	1934.7	7992.0
57901	1683.5	1886.0	7658.0
24456	1690.4	1950.3	7897.5
2891	1686.2	1899.9	7745.6
66644	1687.1	1912.1	7784.4
23326	1691.2	1925.2	7906.1
69790	1693.7	1974.2	7997.1
62432	1696.4	1961.6	8105.0
21384	1685.2	1915.8	7721.9
42607	1685.9	1901.1	7735.9
32574	1688.2	1902.3	7826.5
17722	1686.9	1915.8	7747.8
10886	1685.7	1920.0	7719.7
71810	1689.8	1924.4	7880.7
7277	1690.2	1957.6	7883.9
6264	1685.9	1922.2	7740.8
19070	1683.4	1915.7	7640.8
33694	1688.3	1954.2	7816.7
28755	1686.3	1904.2	7754.4
49576	1687.8	1922.5	7823.0
67224	1684.0	1901.2	7685.5
42650	1687.9	1921.0	7814.3
67056	1682.0	1859.2	7606.7
11384	1689.5	1925.2	7799.6
47208	1694.9	1972.3	8028.0
64868	1689.1	1936.2	7859.5
71030	1687.7	1921.4	7855.8
69944	1683.4	1870.1	7641.6
60985	1684.9	1887.6	7719.2
8747	1686.9	1929.3	7798.2
49051	1683.9	1872.8	7685.8
48915	1689.6	1909.1	7906.0
16099	1686.5	1912.0	7771.1
43442	1687.9	1924.6	7810.5
48642	1692.9	1943.8	7965.2
7698	1685.0	1911.3	7693.6
6920	1692.0	1958.8	7930.9
49342	1687.2	1908.7	7786.5
65081	1686.2	1913.6	7742.7
47137	1688.3	1914.8	7794.9
41606	1688.9	1899.3	7853.7
6081	1687.7	1924.4	7771.5
698	1683.1	1895.6	7651.8
69818	1686.3	1915.3	7757.1
49147	1685.8	1898.0	7751.9
36970	1683.8	1869.1	7655.7
17869	1684.5	1904.9	7687.2
44555	1689.2	1929.7	7854.9
40771	1685.0	1898.6	7707.1
48762	1691.0	1942.3	7915.8
30390	1695.0	1955.2	8018.2
3472	1693.1	1972.6	8021.1
31321	1693.7	1937.0	8011.8
43074	1689.4	1929.6	7880.9
38917	1692.6	1946.6	7963.6
56733	1691.2	1945.1	7902.6
44447	1692.3	1940.6	7955.4
35364	1694.8	1986.6	8000.2
26050	1687.1	1895.3	7764.0
13704	1689.4	1918.4	7839.4
29082	1688.8	1929.5	7842.1
42124	1694.0	1994.7	7976.5
39769	1689.7	1921.3	7884.4
42774	1683.8	1906.1	7686.3
20635	1686.4	1910.5	7769.0
19971	1694.4	1955.0	7996.2
60876	1690.2	1949.1	7879.0
69684	1684.7	1876.1	7705.1
16693	1690.0	1916.6	7903.3
26245	1691.9	1958.9	7947.3
33917	1681.9	1847.1	7582.6
30123	1690.5	1927.0	7887.0
21693	1686.0	1912.4	7722.2
68454	1692.8	1940.5	7978.4
28795	1684.9	1894.3	7695.0
64658	1683.7	1863.5	7666.2
