5351	1476.4	1739.4	8258.8
1134	1472.9	1745.2	8108.5
19080	1476.7	1735.7	8012.2
30388	1479.4	1763.2	8205.5
23562	1488.0	1764.9	8394.9
35554	1481.0	1670.4	7943.9
12583	1489.9	1707.6	8139.3
31878	1482.6	1673.8	7937.5
27955	1471.4	1725.4	7926.4
35993	1475.0	1754.2	8162.9
22152	1485.0	1796.4	8549.5
46637	1479.3	1717.1	7993.4
42037	1469.1	1700.2	7837.5
11065	1492.0	1727.5	8171.0
8184	1470.7	1708.0	7936.4
45164	1480.2	1686.9	8064.5
17541	1492.2	1725.4	8419.3
14910	1469.7	1694.3	7897.5
11536	1488.1	1729.8	8358.0
36325	1488.0	1688.0	8105.4
28537	1481.3	1694.3	8041.4
10832	1469.2	1717.4	7878.4
33463	1470.8	1672.6	7755.2
43314	1485.4	1746.4	8243.8
21434	1497.1	1774.8	8513.8
5160	1468.7	1719.6	8066.2
24958	1474.0	1697.1	7943.2
37290	1487.2	1713.7	8066.4
10613	1467.4	1669.7	7801.6
23854	1481.8	1743.1	8132.2
21892	1481.3	1722.9	7978.3
9070	1494.1	1735.6	8291.7
32739	1480.1	1744.6	8447.3
21848	1491.3	1705.4	8120.5
44187	1485.8	1745.1	8363.7
9484	1486.1	1686.4	8040.8
13635	1474.7	1709.5	7978.9
28549	1482.0	1729.6	8238.3
21719	1475.6	1736.0	8223.3
14534	1477.1	1706.9	7958.8
7870	1477.9	1695.6	8089.3
48548	1488.0	1687.5	8076.2
21922	1469.0	1665.0	7875.2
38371	1480.6	1732.6	7956.6
44672	1475.2	1654.4	7930.8
33513	1479.7	1655.9	7967.4
1847	1474.2	1718.9	8006.4
27911	1472.0	1720.3	7971.7
1761	1478.9	1726.8	8115.2
43041	1489.1	1771.2	8326.4
8724	1491.2	1755.2	8240.1
24906	1479.2	1659.5	7948.5
39256	1476.2	1650.0	7861.3
40146	1476.7	1693.7	8026.8
33013	1487.1	1694.5	8091.2
31339	1475.0	1710.1	8063.0
3820	1483.2	1711.0	8163.4
49689	1486.5	1735.5	8262.2
48849	1476.1	1690.2	8078.3
17767	1487.2	1742.4	8086.7
35572	1485.6	1757.8	8156.8
12027	1479.4	1712.1	8115.8
20477	1498.1	1782.7	8859.6
31923	1488.7	1762.3	8599.7
12179	1474.5	1718.3	8077.8
20102	1477.2	1689.8	8017.2
25208	1498.7	1739.2	8270.2
35705	1490.9	1738.3	8615.4
13552	1469.7	1685.1	7762.6
22116	1498.7	1788.7	8500.1
29447	1474.8	1690.4	7992.9
26348	1480.0	1712.0	8060.3
7191	1491.9	1741.3	8214.5
36806	1486.3	1747.9	8211.1
11574	1481.3	1678.0	8048.0
36974	1484.2	1781.3	8301.1
39076	1475.9	1734.2	8058.6
39380	1478.7	1677.4	7990.0
46567	1488.7	1761.5	8584.5
12789	1489.5	1677.8	7934.9
46322	1488.1	1703.0	8149.4
22633	1481.8	1720.0	8123.3
5537	1473.4	1738.9	8161.0
5417	1491.5	1721.8	8263.2
34277	1476.0	1828.5	8420.8
26671	1480.6	1735.7	8176.5
28772	1482.6	1716.9	8502.6
41136	1493.5	1712.8	8472.1
40201	1480.5	1709.0	8216.8
4319	1484.6	1738.6	8128.1
48362	1483.8	1678.8	7986.2
25869	1486.5	1751.6	8219.1
22617	1481.2	1751.6	8179.5
39185	1500.6	1839.0	8548.0
3457	1482.1	1751.9	8216.5
27124	1499.1	1751.9	8470.4
20535	1474.9	1725.8	8013.4
1086	1473.8	1733.3	7929.9
43500	1478.6	1674.5	7879.6
13811	1481.2	1699.4	8048.6
49415	1482.6	1725.4	8131.8
14871	1471.0	1708.4	8038.6
11156	1488.0	1766.6	8315.0
40533	1486.2	1766.0	8436.5
44913	1475.6	1691.4	8021.3
6210	1481.5	1702.0	8019.9
49904	1488.3	1739.2	8181.7
2478	1482.3	1692.0	8052.6
40445	1483.2	1735.5	8160.2
25119	1472.0	1654.3	7845.3
21107	1485.3	1749.1	8256.4
17868	1469.8	1668.9	7798.5
3575	1476.5	1704.5	8001.5
19782	1496.0	1727.2	8251.6
35455	1480.4	1687.7	8034.1
9690	1468.9	1687.1	8011.9
33185	1479.4	1754.2	8223.9
11266	1470.7	1767.7	8247.1
11301	1475.6	1697.8	7824.2
31485	1489.0	1768.5	8327.3
22512	1488.2	1701.6	8107.2
3301	1477.5	1721.9	8158.7
25858	1477.8	1709.4	8003.0
4374	1477.7	1701.9	8019.9
40324	1482.6	1690.4	7957.1
45656	1469.0	1652.0	7844.5
12707	1477.8	1709.8	8173.3
9089	1477.4	1745.1	8451.6
26874	1475.8	1673.1	7794.9
10260	1472.5	1719.2	7993.9
38488	1474.7	1719.3	8071.4
34206	1483.8	1719.5	8034.1
39054	1482.4	1722.2	8160.1
27143	1484.6	1736.5	8151.8
47472	1483.3	1720.3	8070.8
16185	1475.8	1714.1	7943.1
10324	1485.9	1728.7	8141.6
25401	1482.6	1725.3	8083.4
17136	1481.2	1672.7	8091.9
35850	1491.7	1749.9	8435.9
28144	1475.8	1695.9	8002.8
25340	1483.6	1705.0	8189.2
9132	1484.4	1747.8	8133.8
22442	1487.2	1725.3	8158.3
7287	1483.3	1746.2	8149.8
69	1485.0	1706.0	8209.4
4606	1487.5	1728.4	8254.3
48122	1484.4	1721.0	8027.8
5685	1482.0	1722.5	7996.2
8113	1492.7	1793.3	8298.1
8730	1497.6	1753.7	8315.4
33643	1467.9	1693.5	7945.3
11061	1478.7	1704.1	8143.8
21213	1487.0	1711.0	8202.7
14151	1477.9	1742.8	8143.6
17012	1468.3	1663.7	7869.7
11437	1491.9	1679.8	8271.3
541	1482.4	1748.5	8115.8
16063	1482.8	1731.0	8281.8
12532	1484.9	1735.5	8126.4
41819	1485.9	1721.3	8122.6
18586	1479.2	1713.1	8072.8
44645	1481.7	1724.2	8248.0
11630	1479.1	1753.1	8302.5
19097	1487.5	1716.3	8119.1
20733	1486.3	1725.4	8118.7
10114	1488.4	1751.7	8472.7
2809	1476.6	1700.6	8085.0
26441	1489.6	1741.5	8661.7
9312	1485.3	1743.7	8226.1
38059	1489.8	1722.9	8373.2
46748	1477.9	1684.3	7984.3
45508	1478.8	1714.3	7970.6
29466	1488.0	1752.1	8281.0
9914	1495.0	1738.4	8257.9
22748	1488.6	1754.7	9271.8
44206	1475.2	1705.0	7921.4
4996	1490.7	1743.4	8441.4
37994	1485.4	1732.0	8231.8
5269	1484.0	1724.2	8012.2
15575	1470.0	1728.7	8041.7
34630	1483.6	1723.5	8032.0
38275	1477.7	1718.2	8016.4
16735	1484.1	1706.2	8151.2
48167	1484.5	1717.7	8103.4
2111	1499.8	1807.4	8553.2
24714	1472.1	1695.8	7912.7
34048	1489.6	1754.5	8230.5
48783	1483.3	1793.8	8289.8
17229	1483.7	1753.8	8229.9
46389	1494.3	1765.3	8294.2
7882	1482.9	1781.2	8402.2
20945	1488.7	1704.7	8119.8
45199	1490.8	1723.5	8291.5
12191	1475.4	1716.4	8058.4
25255	1481.3	1682.6	7885.4
37502	1501.8	1771.5	8321.8
4015	1478.7	1693.8	7969.3
21372	1483.6	1731.0	8098.4
3440	1478.5	1710.7	7944.4
6869	1472.0	1713.0	8093.2
15760	1490.0	1770.2	8372.1
39871	1473.7	1682.0	7950.8
46611	1484.4	1754.2	8334.1
16040	1488.9	1738.6	8149.3
17202	1483.4	1742.8	8321.1
24398	1495.0	1794.6	8394.6
22084	1482.6	1736.3	8238.0
10262	1485.0	1741.7	8091.1
13675	1484.4	1752.4	8225.0
43311	1492.9	1741.2	8314.9
27659	1484.6	1753.0	8178.9
5757	1484.3	1710.0	8092.7
1100	1481.2	1705.5	7915.7
9547	1495.2	1767.3	8402.8
29112	1466.7	1687.1	7871.9
26135	1487.4	1685.6	8211.0
29971	1492.8	1781.4	8344.6
32870	1481.6	1713.5	8018.8
27917	1477.6	1714.6	7967.6
1261	1487.0	1717.1	8084.6
22882	1489.6	1745.0	8301.7
6301	1488.4	1792.3	8363.2
2341	1484.6	1749.9	8307.6
45525	1486.2	1722.3	8058.5
55	1475.3	1711.9	7986.2
26929	1490.2	1794.8	8382.5
3851	1487.3	1717.7	8122.1
29036	1486.9	1740.7	8226.9
22276	1483.2	1723.5	8105.1
27206	1478.8	1729.2	8133.0
39789	1497.9	1745.0	8453.0
17010	1479.0	1693.0	8154.5
26960	1469.7	1669.4	7798.4
4076	1487.6	1762.0	8536.1
8031	1487.6	1754.2	8428.5
40797	1481.6	1713.5	8044.7
36585	1474.6	1719.7	8082.3
29768	1486.6	1703.0	8149.9
46811	1473.7	1683.9	7997.8
44076	1490.7	1742.7	8636.0
21774	1477.3	1695.4	7928.0
38791	1480.9	1729.7	7959.4
6113	1482.0	1741.3	8048.8
6986	1489.4	1753.7	8211.6
40373	1473.1	1683.7	7908.6
637	1492.7	1719.2	8166.2
3269	1475.6	1717.0	8104.9
44732	1480.3	1651.3	7948.8
36757	1477.1	1714.4	8311.9
10535	1488.4	1774.7	8187.3
42075	1469.0	1696.2	7970.8
3832	1486.5	1710.4	8043.3
29355	1485.7	1745.3	8215.5
24784	1476.2	1712.7	8162.3
31972	1482.7	1756.4	8092.2
26113	1478.8	1715.8	7941.6
35621	1479.7	1703.7	8064.2
25297	1485.8	1729.8	8096.7
17207	1475.6	1700.7	7990.7
49201	1496.1	1766.5	8345.2
44954	1469.4	1674.1	7835.7
18305	1485.3	1762.4	8300.7
41657	1473.5	1708.4	7969.4
39752	1481.7	1724.2	8303.6
1372	1477.5	1744.7	8130.0
34845	1471.0	1736.0	8078.1
46219	1491.5	1772.4	8301.8
27881	1480.9	1752.1	8104.5
31372	1479.9	1660.5	7970.6
39220	1486.9	1706.7	8120.2
30264	1487.6	1743.2	8352.2
35672	1476.8	1714.7	8036.1
23850	1479.8	1736.1	8065.6
20902	1492.3	1743.7	8216.9
25032	1488.5	1731.2	8381.6
47076	1481.9	1704.7	8108.5
36005	1478.6	1675.5	7942.0
15561	1486.0	1730.6	8186.3
10218	1471.6	1705.1	7989.6
25626	1480.1	1650.9	7906.8
32271	1479.0	1703.3	8010.5
42250	1471.8	1720.4	8146.9
37725	1490.4	1754.9	8230.3
8981	1476.7	1647.6	7942.5
42047	1484.0	1729.3	8161.5
42859	1480.6	1767.0	8204.9
825	1473.5	1679.7	7982.7
35369	1477.3	1722.4	7963.5
1704	1488.6	1719.7	8166.2
45433	1495.3	1779.1	8485.0
47663	1479.8	1712.0	8028.7
39238	1493.0	1718.5	8296.5
20520	1485.4	1764.6	8220.3
37808	1468.9	1706.2	8130.9
25172	1479.4	1690.9	8030.4
45560	1482.1	1736.6	8166.2
27711	1465.8	1696.3	7913.0
27552	1470.9	1687.6	8048.8
1933	1485.4	1752.4	8174.9
37923	1473.5	1695.6	7963.6
12194	1491.0	1753.2	8328.2
3670	1474.3	1686.0	8454.0
3328	1473.3	1708.0	7981.5
1552	1485.5	1702.2	8052.1
1773	1482.3	1722.3	8296.3
18118	1480.3	1742.9	8054.4
40061	1490.6	1744.8	8165.8
40449	1485.1	1734.9	8184.4
9703	1484.2	1752.6	8118.3
14308	1487.7	1728.0	8221.3
18953	1491.9	1783.3	8386.5
37566	1499.6	1748.0	8285.0
22839	1482.7	1698.6	7982.4
49657	1488.3	1769.0	12693.1
45748	1477.9	1700.0	8064.7
7998	1492.0	1727.6	8260.3
49566	1483.3	1745.6	8221.3
14974	1486.3	1695.3	8118.0
37469	1488.0	1716.0	8107.8
37243	1484.9	1703.6	8089.7
32840	1480.4	1760.6	8189.0
7833	1474.6	1717.7	8033.9
45628	1482.9	1688.6	7967.8
44497	1487.4	1755.0	8333.7
1258	1494.7	1750.4	8630.4
37595	1492.1	1729.8	8297.9
34704	1484.1	1776.9	8489.3
25687	1466.7	1698.7	8149.8
18824	1486.2	1782.1	8163.1
26754	1473.5	1714.5	7944.2
29951	1477.9	1677.4	7997.6
29401	1486.2	1704.8	8221.7
41187	1488.5	1718.1	8226.7
19685	1482.8	1692.2	8193.0
16251	1478.2	1738.4	8184.8
9700	1476.5	1693.8	7898.8
31863	1481.9	1758.6	8366.2
43718	1481.5	1689.4	8094.4
38795	1478.4	1714.3	8135.7
4556	1475.3	1720.6	7894.6
10890	1483.9	1705.1	7942.6
43479	1486.2	1679.2	8053.1
38502	1477.5	1703.1	8131.0
6323	1486.9	1711.6	8082.3
32793	1487.7	1791.6	8444.0
37057	1473.7	1742.1	8071.1
20056	1469.5	1699.5	7861.0
13512	1490.8	1825.8	8444.3
31135	1496.3	1733.8	8470.3
27303	1471.8	1729.9	7936.1
13507	1474.3	1712.6	7917.7
7228	1484.9	1758.4	8070.1
9809	1479.3	1723.1	8167.7
11079	1485.4	1795.9	8804.7
26510	1487.0	1731.8	8315.9
30451	1488.9	1739.3	8140.0
33799	1488.8	1737.8	8225.9
25163	1470.3	1690.9	8025.5
32851	1479.8	1747.7	8088.0
47033	1466.5	1658.4	7723.0
16192	1486.9	1723.4	8267.1
4321	1483.7	1755.5	8429.7
43050	1483.8	1695.8	8077.3
699	1476.1	1718.2	7982.4
4037	1473.2	1694.1	8044.1
26619	1481.0	1717.5	8083.5
1755	1477.8	1741.9	8055.3
16895	1495.3	1789.2	8541.6
19837	1481.3	1710.9	8164.2
7673	1487.8	1741.3	8168.9
33407	1474.5	1719.2	8014.1
4030	1486.6	1688.6	8110.2
7781	1468.9	1696.7	7920.1
13406	1487.2	1774.2	8365.1
5647	1484.6	1727.3	8112.2
48935	1489.1	1758.9	8512.5
798	1498.0	1798.4	8553.2
6174	1480.1	1676.7	7917.0
1020	1487.5	1741.1	8037.2
37044	1473.0	1647.6	7857.7
44888	1478.3	1746.4	8123.8
20553	1471.6	1739.4	7979.4
28906	1496.5	1750.6	8540.4
27415	1475.3	1703.1	8000.7
12567	1479.0	1700.2	8183.4
37777	1486.3	1739.7	8357.1
46256	1485.5	1744.0	8187.6
26519	1484.5	1737.5	8169.3
16720	1484.1	1769.1	8136.2
13110	1477.3	1660.1	8079.5
222	1490.7	1754.4	8224.3
5104	1466.1	1671.1	7892.1
34395	1482.3	1742.2	8176.8
19629	1480.5	1738.9	8206.2
22983	1482.2	1709.8	8350.1
25315	1477.4	1686.7	7931.6
48918	1484.7	1712.8	8255.1
45077	1471.4	1725.5	8044.0
18468	1483.0	1699.7	8015.3
13444	1485.4	1730.7	8104.5
13619	1485.1	1758.2	8318.2
37346	1485.5	1761.4	8308.0
32267	1485.8	1734.7	8054.3
1915	1473.6	1702.2	8027.3
10490	1482.8	1705.6	7974.7
23108	1486.4	1693.8	8101.0
4980	1476.7	1684.6	7872.3
16028	1493.1	1765.0	8335.0
17435	1480.6	1686.8	8133.6
3289	1483.9	1751.0	8297.9
34363	1494.5	1764.5	8293.8
15584	1485.9	1677.6	7988.2
38538	1486.3	1738.2	8166.7
32755	1467.0	1674.1	7843.3
7416	1471.0	1662.7	7792.5
42966	1487.0	1732.2	8235.8
10472	1475.2	1658.7	7942.6
22187	1480.9	1685.3	7818.6
34403	1493.3	1789.5	8626.6
43112	1463.0	1652.1	7774.8
28455	1475.6	1678.0	7871.3
47330	1476.5	1692.4	8070.1
40842	1484.0	1701.5	8067.8
19674	1483.5	1766.5	8371.6
37664	1491.2	1723.1	8316.1
38912	1484.1	1761.0	8383.0
27754	1494.6	1809.5	8571.8
1285	1465.4	1657.1	7740.3
32935	1477.3	1682.1	7950.0
41768	1476.0	1689.9	7928.5
3107	1487.4	1711.0	8150.3
7560	1477.8	1733.6	8127.5
35535	1467.5	1712.8	7886.0
1377	1486.1	1734.8	8119.6
34433	1471.5	1740.4	8059.3
4087	1481.1	1721.7	8330.1
49893	1479.5	1677.4	7916.2
41134	1475.3	1687.3	7986.8
30063	1477.7	1715.3	8036.1
15491	1495.7	1744.0	8743.3
27306	1476.9	1753.7	8183.0
35364	1487.9	1747.8	8136.9
44404	1480.7	1720.9	8031.4
41144	1479.6	1713.4	8224.1
10537	1472.6	1636.5	7805.3
41025	1484.1	1735.0	8074.0
853	1477.2	1728.5	8154.1
38153	1482.7	1724.4	8307.6
39802	1468.2	1662.9	7968.9
4400	1472.6	1695.1	7890.6
26944	1477.8	1691.7	8163.0
42750	1481.1	1696.6	8069.5
2434	1478.0	1689.0	7904.1
24070	1476.3	1673.3	7986.4
25434	1489.7	1774.1	8405.2
28651	1476.8	1662.3	7936.7
43364	1489.1	1707.0	8072.4
11469	1480.7	1755.2	8098.8
5341	1487.2	1742.3	8145.7
40607	1487.8	1691.6	7993.2
26479	1486.3	1707.1	8084.6
7414	1478.3	1686.1	8089.2
13301	1483.4	1702.0	8195.1
17090	1465.0	1713.9	7855.7
45398	1468.1	1686.3	7928.8
36204	1469.9	1701.4	7869.3
39396	1490.4	1688.1	8051.8
30639	1488.8	1767.4	8100.6
13487	1481.2	1706.4	7999.3
49039	1479.5	1717.0	8087.2
49902	1471.6	1654.1	7832.9
31921	1479.8	1681.2	7922.8
20610	1485.0	1760.7	8266.8
10459	1467.4	1714.9	7923.7
13514	1471.6	1669.2	7757.8
19984	1470.0	1679.7	7995.2
29379	1485.9	1762.1	8233.0
35158	1488.5	1719.2	8141.2
27737	1493.2	1721.1	8218.0
8417	1477.4	1771.1	8348.0
45667	1484.5	1731.9	8113.4
35199	1484.4	1723.8	8173.3
9184	1494.4	1739.8	8478.4
22679	1484.2	1751.9	8152.7
24122	1475.4	1686.0	7975.0
1349	1486.4	1722.6	8239.2
12021	1477.2	1689.4	7946.6
17142	1482.6	1713.9	8207.0
15395	1489.9	1733.9	8168.1
22792	1475.8	1677.1	8024.9
8094	1470.2	1700.0	8023.2
7940	1488.3	1770.4	8344.2
2154	1492.6	1788.8	8354.2
17211	1476.5	1772.5	8540.1
43294	1486.7	1730.9	8188.9
22719	1481.9	1710.4	8245.0
47765	1495.0	1770.9	8470.9
1069	1483.4	1712.4	8090.3
14009	1485.9	1746.3	8216.6
46139	1491.2	1743.0	8218.7
41184	1484.7	1724.5	8192.3
28464	1470.3	1683.2	8005.3
37854	1487.7	1719.3	8196.6
12881	1484.2	1728.6	8222.6
45238	1474.6	1687.4	7986.3
11428	1474.8	1674.4	7907.7
35433	1476.0	1712.4	8181.0
24945	1489.5	1768.5	8238.7
28967	1481.3	1716.4	8283.6
24532	1497.5	1794.5	8525.0
5242	1475.6	1751.5	8213.9
25518	1487.8	1735.5	8174.8
46736	1484.9	1782.1	8177.7
23047	1491.1	1776.9	8189.0
38241	1481.6	1701.6	7979.7
40377	1482.0	1709.7	8041.0
20810	1463.0	1680.0	7778.2
8493	1488.9	1810.7	8257.0
25902	1475.2	1699.0	7977.2
27344	1469.3	1697.6	7935.4
28146	1484.4	1767.0	8167.5
538	1483.7	1744.1	7998.4
32251	1475.6	1734.1	8896.8
24627	1473.3	1683.8	7877.1
31265	1489.5	1764.6	8378.9
12849	1463.4	1676.9	7994.4
26572	1483.7	1728.8	8223.6
21320	1472.7	1734.5	7994.0
6037	1481.3	1715.0	8146.1
793	1476.2	1704.3	8127.6
12243	1490.9	1776.5	8346.3
45948	1467.5	1675.6	7952.6
49620	1474.8	1743.0	8058.7
11459	1483.5	1735.5	8189.2
2186	1484.8	1778.4	8262.3
1099	1472.0	1694.8	7888.7
43444	1474.9	1718.3	8038.2
39301	1477.9	1686.6	7976.9
40841	1487.8	1730.1	8305.0
28384	1497.8	1748.0	8319.2
43358	1502.1	1804.6	8644.2
66	1481.2	1720.9	8032.8
33089	1490.8	1748.7	8220.2
10005	1491.7	1761.3	8541.0
27531	1485.5	1737.5	8096.0
31987	1473.0	1676.2	8123.1
3549	1481.9	1743.4	8169.5
43964	1490.9	1760.3	8253.0
29397	1471.4	1691.6	7930.3
7360	1485.2	1746.2	8202.1
46438	1493.0	1786.5	8423.7
6029	1480.8	1712.5	8223.6
18358	1498.6	1788.2	8422.7
31834	1482.4	1719.9	8035.3
14475	1487.9	1712.8	8151.6
40394	1489.0	1744.5	8247.6
31157	1478.1	1689.9	7900.8
34644	1483.2	1720.0	8115.3
21884	1488.7	1771.6	8272.9
41777	1472.0	1685.5	7867.3
29809	1479.6	1732.4	8199.2
38910	1484.3	1742.2	8326.5
19531	1485.8	1761.1	8221.8
8979	1485.4	1719.9	8434.2
10505	1481.8	1729.5	7986.0
47594	1485.3	1721.3	8157.0
1612	1490.2	1769.8	8214.8
39992	1488.2	1732.7	8155.1
38330	1487.0	1766.8	8232.4
32593	1485.1	1686.5	8046.6
1122	1492.9	1787.4	8420.3
4387	1470.8	1682.7	7757.1
49440	1482.8	1739.5	8325.7
7399	1486.7	1694.2	8054.7
2815	1489.8	1795.6	8355.4
46971	1478.4	1695.6	8026.4
12747	1480.9	1755.2	8204.6
12617	1468.4	1658.4	7802.8
9034	1493.6	1770.6	8475.7
2572	1480.2	1770.6	8203.1
22430	1491.5	1775.3	8342.7
8516	1486.5	1724.0	8113.5
45504	1481.5	1713.8	8211.9
33796	1484.3	1740.4	8215.7
1079	1471.2	1715.4	7832.2
26802	1477.5	1695.5	8083.7
47248	1469.9	1680.3	7885.5
8118	1481.5	1703.3	8088.0
46828	1483.4	1734.8	8320.3
5809	1488.9	1737.5	8040.4
17511	1488.3	1751.2	8388.8
45698	1476.7	1697.7	7875.2
49676	1483.5	1679.2	8060.8
47537	1470.5	1645.6	7745.5
45605	1483.8	1731.3	8128.7
189	1490.8	1776.1	8196.9
4213	1480.8	1708.5	8041.4
13908	1481.3	1750.3	8177.1
46003	1482.9	1738.8	8261.0
24560	1488.3	1715.0	8216.9
7970	1482.6	1741.0	8188.0
19935	1502.3	1786.8	8455.3
22174	1470.9	1713.7	8075.8
11537	1500.0	1789.6	8520.8
8226	1477.1	1759.3	8237.2
8536	1490.9	1817.4	8406.4
41448	1483.7	1752.1	8205.6
7393	1484.8	1744.1	8223.4
34482	1473.1	1697.6	7864.2
17815	1473.6	1723.1	8075.5
46013	1474.6	1688.1	7955.2
23186	1470.4	1686.0	7851.5
15649	1486.5	1746.0	8213.8
21226	1490.1	1741.7	8200.9
43725	1487.0	1681.9	7955.6
15988	1486.3	1731.0	8488.5
28518	1472.0	1748.5	8070.4
27756	1493.7	1763.8	8314.3
13408	1486.8	1724.9	8175.3
24842	1487.5	1734.8	8129.0
7236	1495.2	1767.8	8220.7
13892	1485.3	1737.9	8016.6
41130	1481.3	1735.0	8088.7
28972	1499.1	1762.2	8486.9
35416	1493.6	1742.6	8349.8
7299	1485.6	1745.8	8022.1
41641	1467.1	1700.3	7950.1
10706	1475.7	1720.9	8060.2
30862	1489.2	1766.1	8513.4
17692	1469.2	1641.2	7825.3
11056	1496.4	1754.4	8475.5
46132	1486.1	1708.8	8254.5
38908	1481.4	1693.5	7802.5
19769	1495.4	1758.5	8346.3
24862	1495.5	1715.4	8183.6
21948	1485.8	1720.9	8316.9
34684	1475.9	1680.3	8000.4
26196	1494.9	1721.2	8214.1
11470	1483.7	1732.6	8291.1
37161	1480.0	1782.7	8241.4
24790	1481.6	1735.4	8163.3
507	1486.1	1741.9	8232.6
40334	1480.3	1680.2	8101.2
5474	1472.8	1747.8	8043.0
40785	1475.3	1711.4	7992.3
12472	1498.3	1753.1	8293.2
16776	1485.9	1754.8	8276.3
28571	1477.8	1684.3	8095.5
23215	1485.9	1707.4	8108.0
33167	1483.2	1684.0	8155.9
8832	1487.3	1768.9	8503.0
39670	1481.1	1685.7	8146.0
2943	1479.4	1723.8	8038.8
23809	1480.4	1733.1	8153.4
44082	1479.5	1696.3	8025.2
35636	1473.9	1670.8	7938.3
36148	1484.0	1755.3	8187.2
8216	1485.6	1778.8	8540.8
14989	1479.4	1730.2	7974.9
44681	1478.2	1710.5	8113.8
44325	1497.7	1791.1	8664.1
6979	1478.5	1754.8	8133.5
20012	1482.0	1702.8	7923.3
3733	1481.1	1722.2	8008.6
33957	1477.7	1723.0	8071.3
7322	1479.9	1684.9	7956.6
19313	1478.4	1718.3	8052.1
11384	1479.2	1742.6	8036.6
13221	1471.4	1726.0	8009.6
14895	1481.5	1716.1	8220.4
6380	1480.0	1723.3	8079.8
28956	1477.7	1669.3	7900.9
39387	1478.4	1748.0	8155.6
22247	1483.1	1715.1	8117.9
8235	1487.5	1701.2	8215.0
16820	1485.8	1753.2	8139.2
48134	1477.1	1671.8	8013.3
12363	1471.0	1691.1	7942.6
19004	1478.6	1723.3	7939.7
49265	1486.0	1720.7	8124.5
44308	1493.4	1742.7	8347.0
12718	1496.1	1848.2	8599.9
15057	1475.2	1709.5	8144.2
44637	1479.3	1667.7	8130.9
49768	1489.3	1751.7	8197.5
36003	1496.8	1753.3	8313.4
27006	1480.9	1757.0	8235.3
8255	1474.9	1693.5	7989.3
8196	1480.4	1760.5	8081.1
6028	1483.8	1709.2	8232.6
39458	1488.3	1739.5	8240.1
22069	1484.3	1750.7	8306.5
22967	1474.6	1753.0	8142.6
44226	1479.3	1758.7	8302.5
20356	1489.8	1775.0	8710.5
34506	1488.7	1751.2	8391.5
6947	1480.0	1751.5	8201.7
6156	1480.4	1699.6	7997.3
47208	1484.5	1733.1	8216.5
43939	1482.3	1769.9	8294.1
36521	1476.0	1707.7	7932.8
46010	1484.5	1715.5	8115.1
48651	1482.0	1731.1	8104.1
24840	1478.5	1716.9	8085.8
48736	1487.4	1718.8	8203.8
37947	1475.3	1722.1	7980.1
13947	1481.5	1741.0	8231.9
13654	1485.3	1718.2	8189.2
45044	1479.1	1679.1	8076.8
34426	1486.3	1712.4	8314.9
13393	1491.8	1725.5	8208.0
49839	1501.6	1759.3	8360.9
34786	1479.2	1743.1	8140.2
3484	1485.6	1749.5	8212.4
28429	1476.6	1695.3	7971.0
40030	1487.2	1749.0	8256.9
18934	1483.9	1743.5	8199.8
24531	1476.7	1704.6	8161.7
4647	1489.5	1747.9	8188.5
6330	1478.0	1666.1	7901.7
1089	1476.5	1696.8	7984.7
26314	1479.8	1713.4	8093.3
38599	1497.6	1736.3	8354.7
35262	1474.6	1686.8	7864.8
29033	1476.9	1718.5	8074.2
1512	1488.9	1747.7	8507.7
15933	1481.4	1676.2	8014.9
38909	1484.1	1730.9	8193.4
1046	1482.4	1764.7	8351.5
28897	1469.1	1668.8	7727.8
48602	1478.8	1706.7	7927.8
41958	1468.0	1651.5	7854.1
20673	1467.2	1620.0	7785.7
25034	1475.1	1750.6	8043.5
23123	1493.0	1843.5	8523.1
42476	1481.0	1739.7	8027.3
44292	1480.0	1742.5	8109.0
25100	1470.1	1671.7	7869.5
36349	1494.0	1801.1	8613.0
5501	1478.4	1732.1	8089.7
13944	1469.2	1677.4	7769.8
23028	1491.9	1748.0	8276.5
36940	1494.1	1747.9	8375.5
29430	1480.5	1729.5	8078.8
19545	1474.4	1724.8	8098.4
5816	1485.8	1738.3	8088.5
49151	1480.4	1743.3	8322.0
39778	1473.2	1726.1	7974.9
22282	1474.8	1700.6	7961.8
15746	1492.7	1761.0	8212.9
44675	1480.3	1731.0	8101.7
19102	1487.0	1739.0	8221.2
42334	1488.9	1722.3	8210.2
49486	1485.5	1695.2	8019.5
18557	1485.0	1770.3	8245.8
29236	1479.9	1719.8	8051.2
49133	1492.5	1730.6	8269.3
26192	1491.9	1731.9	8156.7
7270	1490.4	1798.2	8330.4
17919	1471.2	1671.7	7758.7
32410	1482.6	1731.3	8083.8
1270	1495.4	1770.1	8349.2
39494	1492.7	1738.1	8297.9
47153	1477.9	1683.2	7839.0
36297	1492.7	1730.3	8289.4
31541	1484.2	1765.1	8172.6
46747	1486.9	1719.9	8128.4
27245	1494.0	1789.0	8478.2
12846	1484.5	1758.2	8340.9
5075	1491.2	1791.3	8210.6
8307	1488.3	1706.1	8143.9
31094	1481.6	1694.9	8004.3
45249	1476.0	1684.2	7932.0
3377	1486.4	1756.6	8272.9
21655	1489.5	1724.3	8207.0
35539	1475.1	1717.7	8063.4
48326	1485.9	1713.8	8240.8
11572	1498.4	1795.3	8482.8
44249	1487.9	1743.9	7951.8
17670	1482.8	1684.7	8020.9
44607	1484.3	1724.2	8250.5
23672	1470.8	1681.0	8379.4
48451	1479.6	1723.3	8427.2
14659	1480.7	1730.2	8249.0
17458	1479.0	1697.7	7899.6
31929	1488.1	1707.6	8163.1
5776	1472.3	1669.7	7860.9
6297	1484.6	1752.9	8147.6
11002	1480.0	1709.1	8164.4
47237	1497.5	1732.8	8341.3
16370	1476.1	1699.9	8017.3
36943	1478.0	1690.3	8032.4
4751	1490.4	1784.2	8565.1
42710	1479.2	1693.3	8079.5
3399	1460.6	1676.5	7732.2
22818	1482.9	1725.2	8149.3
39030	1482.6	1730.4	8091.5
35631	1491.0	1769.4	8371.6
34771	1486.1	1701.6	8236.2
31412	1477.7	1729.2	7965.6
11107	1500.3	1804.1	8913.4
2123	1484.8	1733.8	8185.8
39794	1486.7	1715.1	8102.7
2740	1480.0	1700.8	8054.1
9425	1479.5	1739.4	8119.7
2778	1493.9	1795.3	8326.7
27673	1490.9	1712.1	8186.2
15680	1479.1	1694.0	7906.2
22185	1484.5	1671.7	8068.8
19663	1479.3	1671.9	7964.2
39704	1482.2	1729.8	8109.6
41948	1483.3	1720.4	7985.0
30932	1479.2	1709.3	8067.7
5968	1494.5	1785.4	8395.7
4506	1478.1	1693.6	8171.3
1688	1476.3	1692.3	7996.2
29134	1478.8	1743.1	8546.5
48807	1483.8	1733.1	8070.1
32180	1486.0	1747.2	8148.6
29542	1483.9	1730.7	8291.7
5418	1476.4	1697.2	7966.7
14560	1478.6	1721.0	8057.3
35915	1480.7	1713.7	8035.1
9091	1474.2	1694.7	7914.6
37771	1480.9	1731.5	8126.7
12773	1463.5	1712.0	7843.1
41826	1467.6	1688.6	7803.1
5185	1487.0	1762.1	8262.9
4984	1497.9	1794.1	8481.1
30536	1463.8	1661.3	7924.3
1215	1468.9	1716.3	8106.2
37521	1483.3	1678.7	8062.7
46428	1473.3	1737.4	8208.8
5721	1490.0	1723.9	8303.3
7625	1486.7	1772.5	8378.3
26040	1478.7	1700.9	7931.6
11448	1477.2	1705.0	8027.4
17880	1482.1	1711.2	8043.4
41739	1481.2	1743.7	8225.4
32921	1473.8	1683.6	7984.7
9751	1493.2	1769.8	8644.9
32806	1494.3	1771.8	8380.5
44190	1471.3	1703.0	7928.8
43156	1489.5	1718.9	8193.8
9624	1487.4	1766.9	8245.2
27629	1489.0	1731.4	8242.2
28859	1477.0	1673.8	8021.6
21358	1466.6	1692.5	7828.4
12256	1479.9	1731.1	8025.2
4635	1476.4	1698.1	8076.1
34361	1485.5	1697.0	8085.7
39450	1474.3	1698.5	7973.3
45994	1486.5	1720.9	8148.5
33333	1475.2	1697.0	7877.6
42176	1490.3	1711.1	8113.1
48923	1488.6	1717.0	8104.6
35571	1471.2	1650.6	7747.5
29909	1463.4	1689.0	7836.5
38415	1476.3	1688.3	7882.6
2883	1474.9	1724.7	8279.9
23372	1485.8	1745.7	8262.0
25728	1487.0	1706.0	8147.0
45225	1477.9	1680.7	7916.6
42977	1479.9	1748.3	8050.2
6638	1478.6	1735.6	7933.6
47368	1482.4	1716.7	8146.6
12639	1476.6	1699.2	7948.2
13286	1479.1	1736.6	8010.2
42228	1486.2	1728.8	8147.8
37081	1486.6	1742.0	8267.8
40216	1482.8	1693.2	8076.7
1232	1485.8	1746.0	8206.8
33292	1489.9	1734.1	8067.0
32061	1478.5	1702.4	8064.6
48314	1471.1	1714.5	8119.0
33274	1480.3	1693.7	8498.1
31387	1483.3	1750.7	8365.3
26218	1483.9	1679.9	7995.6
29496	1484.5	1736.3	8098.6
15462	1483.5	1727.0	8166.6
38600	1493.7	1763.7	8257.8
11218	1477.2	1707.5	7902.3
18884	1489.0	1759.2	8217.5
5843	1481.5	1725.5	8105.0
1110	1484.6	1740.6	8203.2
2267	1480.0	1735.1	8116.5
46494	1492.6	1685.2	8071.0
10129	1482.3	1709.1	8088.9
20293	1478.1	1700.7	7907.9
31250	1483.8	1695.3	8077.1
6522	1476.0	1679.3	7895.4
40348	1482.1	1694.9	8198.0
48581	1482.9	1751.0	8392.8
25663	1475.6	1742.2	8030.5
22486	1504.9	1786.4	8552.1
30587	1485.9	1714.9	8141.1
26272	1477.7	1670.5	7973.9
12142	1489.6	1805.1	8395.6
42772	1484.4	1676.3	7985.0
35989	1484.8	1736.2	8452.9
26350	1484.2	1757.7	8175.5
21363	1472.8	1734.5	7964.2
37668	1487.7	1716.8	8194.1
20273	1484.0	1760.5	8216.8
47573	1492.0	1723.7	8236.9
40296	1471.0	1701.1	8031.3
45654	1471.3	1761.0	8114.8
32736	1480.2	1734.6	8062.9
39410	1477.9	1666.5	7982.6
9339	1484.6	1728.4	8338.5
29525	1493.6	1787.1	8278.7
28078	1474.9	1719.7	8084.1
29901	1478.1	1735.0	8154.5
27325	1489.8	1722.3	8065.9
28096	1483.8	1767.2	8287.0
12321	1493.1	1735.8	8476.2
13249	1484.1	1728.6	8044.7
26455	1490.2	1734.2	8178.7
803	1493.8	1732.4	8358.9
47722	1483.1	1710.4	8166.1
11769	1473.3	1726.9	7988.8
33039	1471.4	1694.3	7897.0
49536	1473.4	1703.2	7950.4
26826	1484.4	1731.7	8118.1
4961	1481.8	1735.8	8209.9
35071	1482.7	1720.6	8119.1
35438	1483.5	1781.5	8520.6
32163	1480.9	1735.8	8267.2
34978	1474.5	1707.2	8106.0
3387	1483.6	1713.0	8182.4
15831	1470.8	1708.3	7951.0
24717	1478.3	1721.3	8125.9
5771	1495.2	1760.7	8722.6
29799	1484.7	1730.4	8219.7
36633	1486.2	1719.6	8320.7
38779	1467.4	1659.2	7815.6
11617	1469.5	1675.2	7888.2
435	1478.3	1713.6	8178.9
34814	1478.8	1713.5	8110.4
44790	1483.1	1714.2	8005.1
7291	1484.1	1719.1	8073.1
19391	1484.8	1713.6	8038.2
29878	1494.0	1735.8	8530.6
48806	1489.0	1732.0	8249.1
29915	1491.0	1753.0	8473.1
22198	1481.0	1695.9	8030.9
8692	1483.3	1681.3	7926.4
41658	1482.5	1727.1	8088.0
46856	1474.4	1701.2	7954.7
19623	1468.3	1656.7	7817.6
42106	1494.6	1776.2	8400.6
28221	1487.5	1728.3	8133.6
35942	1495.1	1793.3	8343.5
11712	1468.1	1698.1	7850.4
42204	1481.6	1688.9	8005.7
26767	1489.1	1715.9	8130.2
10470	1472.3	1665.2	7770.2
7578	1499.1	1756.1	8284.1
1180	1484.2	1692.7	7933.6
21779	1483.0	1749.6	8244.8
3705	1478.3	1724.1	8117.0
23716	1484.2	1704.5	8008.3
5166	1479.1	1748.1	8264.4
6807	1480.9	1743.4	8258.2
22918	1488.9	1742.8	8430.7
2955	1486.8	1757.3	8218.6
29359	1493.1	1772.5	8420.5
25336	1483.7	1707.0	8014.9
28552	1479.7	1690.0	8075.9
20290	1478.3	1694.5	7990.9
41743	1481.4	1763.3	8268.2
25303	1485.0	1686.1	8089.6
23633	1472.7	1675.0	7816.1
30377	1487.9	1787.6	8498.1
44514	1471.6	1700.4	8126.7
559	1484.0	1714.2	8158.2
863	1475.0	1732.7	8073.0
33401	1489.3	1774.1	8881.4
6257	1483.4	1776.7	8347.4
8204	1483.6	1683.5	8025.8
16813	1480.6	1724.5	8169.4
45349	1494.1	1693.6	8203.6
20588	1482.7	1693.9	8017.8
7078	1485.8	1734.4	8407.5
32945	1478.4	1711.8	8118.5
24871	1479.0	1730.5	8116.5
4762	1474.1	1705.8	8095.8
27775	1486.6	1778.0	8268.3
37656	1493.0	1789.6	8327.1
36589	1479.4	1728.7	8171.7
1405	1472.3	1655.6	7784.0
18394	1485.0	1717.8	8130.9
37954	1474.8	1721.9	8204.2
36145	1475.0	1746.4	8008.6
40792	1488.1	1766.0	8077.9
37252	1486.9	1791.8	8523.3
48088	1497.6	1766.3	8353.4
38419	1469.8	1709.0	7945.9
25545	1486.7	1732.3	8079.2
