33765	2464.3	2742.8	21557.5
21663	2452.1	2676.8	21417.8
18466	2434.1	2720.5	21805.1
67736	2442.0	2680.8	21261.2
72501	2443.5	2659.3	21071.6
50048	2458.4	2651.7	21349.1
41717	2450.1	2688.2	21314.9
50309	2459.7	2663.9	21522.5
32839	2457.5	2710.7	21369.4
66665	2466.1	2722.1	21873.1
1649	2445.6	2648.4	21323.0
21917	2440.8	2676.4	21252.3
66929	2450.9	2700.8	21528.3
33190	2445.0	2719.4	21821.0
69336	2455.2	2681.5	21519.5
19941	2439.0	2687.0	21211.4
48159	2451.7	2696.9	21355.1
77392	2451.0	2653.1	21125.1
72080	2433.7	2603.5	20808.7
60506	2447.3	2635.5	20938.7
75771	2448.0	2692.6	21428.2
43970	2448.6	2661.2	21122.8
16622	2450.2	2697.7	21425.7
78583	2444.7	2633.7	21535.4
49820	2460.2	2718.1	21821.7
66962	2468.4	2645.8	21482.8
48474	2456.7	2678.6	21589.9
68656	2438.1	2700.5	21611.9
32528	2456.2	2725.2	21577.8
64868	2442.3	2651.4	21260.8
17399	2438.7	2672.1	21323.4
5546	2451.0	2734.6	21336.3
77037	2454.9	2684.9	21530.2
39327	2461.9	2721.8	21622.3
15392	2436.4	2655.9	21247.6
66120	2433.7	2619.0	21027.2
48372	2445.6	2664.0	21074.8
9983	2461.9	2690.9	21535.3
40954	2467.7	2738.6	21798.7
33984	2441.9	2696.0	21319.0
42739	2437.9	2655.1	21369.9
30104	2458.2	2692.7	21381.9
75546	2458.3	2648.1	21339.1
846	2456.7	2713.6	21678.6
60911	2453.8	2661.0	21323.5
53934	2443.6	2665.9	21209.7
30554	2451.2	2700.1	21230.8
16380	2460.1	2757.5	21818.3
25835	2440.6	2605.3	20772.6
56142	2456.9	2740.5	21422.1
8651	2449.1	2674.5	21306.4
52208	2439.2	2700.3	21200.7
58076	2450.6	2713.3	22054.1
42187	2451.3	2726.8	21568.4
13951	2457.1	2713.0	21872.2
71993	2462.8	2733.4	21676.1
20608	2465.4	2674.2	21756.0
54676	2456.4	2688.8	21517.3
73574	2452.6	2651.2	21244.4
28024	2441.8	2661.8	21243.1
73151	2469.7	2717.5	21854.0
3411	2436.8	2670.0	20920.2
71931	2468.6	2626.7	21412.4
58627	2443.2	2646.2	21196.9
45379	2466.6	2709.5	21682.6
69836	2460.5	2742.9	21800.5
42354	2452.4	2717.8	21528.8
26369	2436.7	2684.1	20974.0
60925	2457.8	2697.9	21822.1
56913	2459.3	2705.3	21312.6
70854	2428.5	2635.6	21036.3
15678	2446.3	2695.6	21400.2
59051	2456.4	2688.9	21653.7
54078	2448.8	2694.2	21376.1
41646	2456.9	2713.5	21347.1
74067	2453.2	2676.1	21517.8
72062	2450.3	2661.8	21332.4
35504	2456.1	2691.1	21802.9
30129	2454.3	2580.6	21271.9
40587	2457.4	2706.1	21575.8
17427	2449.9	2632.6	21244.8
25569	2457.3	2748.1	21521.5
77229	2455.2	2641.0	21405.2
51509	2451.6	2703.7	21470.0
11179	2433.1	2666.2	21137.3
8781	2426.0	2686.7	20906.3
50274	2461.5	2749.7	21701.9
43898	2460.3	2699.8	21555.1
17169	2471.2	2713.1	21970.6
57048	2464.3	2698.5	21480.2
35321	2470.4	2748.8	22093.6
37200	2450.8	2683.8	21162.8
14636	2468.9	2737.5	21715.2
43681	2446.1	2648.4	21313.7
7010	2441.8	2693.5	21288.9
38565	2443.5	2715.0	21727.5
14232	2452.1	2748.2	21944.3
35705	2451.1	2659.5	21297.3
55860	2460.2	2705.7	21461.2
56491	2436.0	2657.7	21033.5
69406	2457.5	2719.6	21650.8
61126	2462.3	2724.9	21981.4
3995	2437.0	2701.0	21238.7
58763	2445.0	2685.0	21800.0
44902	2447.7	2666.4	21301.5
68217	2470.9	2700.1	21851.3
70290	2445.5	2620.4	21218.0
43277	2455.3	2699.1	21627.3
76556	2467.3	2684.0	21630.0
65978	2435.6	2652.0	21093.0
36920	2436.2	2612.4	20996.2
17847	2435.6	2676.9	21138.8
39833	2443.2	2681.3	21389.8
24263	2440.3	2656.9	21224.9
35152	2469.4	2707.1	21856.5
1356	2444.0	2689.4	21173.6
60317	2452.6	2667.6	21429.1
75861	2466.1	2689.9	21826.4
57315	2453.9	2699.3	21303.6
22969	2461.3	2759.5	22011.1
24217	2451.1	2683.0	21517.6
52415	2450.8	2675.7	21597.7
50741	2454.2	2615.1	21354.9
26224	2460.9	2731.3	21780.2
2855	2450.5	2610.2	21090.5
95	2459.2	2727.1	21623.1
33172	2450.9	2664.1	21424.3
28723	2455.5	2690.0	21450.0
46818	2442.7	2660.1	21387.2
74161	2447.0	2604.7	21407.9
50942	2458.6	2739.8	21870.2
18597	2454.7	2707.1	21455.1
65988	2437.4	2704.7	21320.0
22692	2464.3	2706.4	21644.0
62931	2473.6	2760.4	21988.8
31981	2456.5	2695.8	21367.8
66080	2458.7	2648.1	21357.8
51006	2476.8	2679.0	21765.8
7264	2448.0	2681.0	21382.3
69994	2440.2	2640.3	21134.7
14836	2456.5	2720.5	21432.5
47526	2444.8	2670.4	21505.0
42804	2448.6	2707.1	21612.9
1707	2462.6	2705.8	21436.4
46316	2458.3	2667.4	21535.3
6033	2454.0	2714.5	21613.2
76266	2452.2	2672.9	21379.5
3279	2466.1	2723.9	21564.2
74636	2469.6	2658.1	21862.7
6934	2454.1	2739.2	21609.9
78025	2445.1	2696.1	21313.2
60205	2451.4	2684.7	21298.1
42849	2447.6	2682.4	21673.7
55733	2462.6	2755.4	21658.9
51822	2452.9	2648.0	21181.5
16368	2457.8	2707.0	21566.7
10598	2446.8	2697.3	21477.0
68694	2443.6	2639.6	21329.1
75132	2453.7	2728.1	21866.2
35117	2456.2	2722.8	21766.3
58058	2462.5	2713.5	21900.7
60380	2450.6	2688.9	21291.1
21054	2428.4	2617.1	20948.3
31493	2467.0	2647.3	21424.1
74720	2447.2	2692.0	21345.3
7470	2443.7	2679.4	21330.6
35076	2453.5	2685.1	21386.7
72232	2441.7	2620.2	21429.7
64814	2451.1	2736.1	21521.4
42713	2450.4	2687.2	21338.2
40906	2458.1	2652.8	21312.6
21857	2450.0	2695.4	21419.6
16980	2457.9	2739.9	21726.5
42183	2458.5	2740.1	21533.3
3405	2454.9	2720.8	21675.3
38884	2447.0	2699.5	21533.2
6544	2472.2	2733.3	21805.1
54623	2461.7	2733.9	22045.4
44608	2440.5	2714.1	21101.1
3515	2453.2	2672.0	21454.6
52646	2458.7	2654.6	21439.4
52221	2445.9	2683.7	21245.0
19276	2459.7	2734.7	21900.2
23924	2447.9	2647.5	21247.0
52141	2444.0	2700.2	21398.2
9890	2465.2	2727.5	21981.6
74212	2440.8	2596.1	20860.9
8339	2456.9	2746.0	21904.4
1597	2440.3	2677.4	21468.8
14484	2444.6	2720.2	21517.0
40592	2454.7	2723.9	21658.0
75494	2453.2	2672.7	21577.6
15314	2439.1	2611.5	20815.5
15547	2441.7	2666.3	21159.8
15207	2451.1	2675.2	21461.4
242	2473.0	2699.3	21660.3
27419	2449.9	2661.2	21266.3
73036	2458.0	2706.1	21607.5
17213	2443.0	2633.9	21217.3
7574	2437.9	2635.2	21030.3
19558	2451.9	2765.6	21979.0
63566	2456.9	2705.7	21762.7
74220	2439.5	2682.5	21518.8
27434	2441.8	2643.0	21236.2
59822	2466.4	2683.2	22075.4
12884	2458.8	2728.4	21789.5
70931	2456.5	2713.6	21488.6
59422	2463.9	2687.6	21863.7
9499	2454.2	2616.8	20981.1
40100	2441.5	2641.1	21097.3
50556	2461.5	2647.0	21526.7
56311	2473.9	2758.2	22047.0
17763	2442.6	2613.1	21067.8
767	2456.8	2666.7	21456.7
23281	2458.4	2746.6	21769.3
135	2459.8	2705.2	21479.5
63584	2452.7	2722.8	21581.5
27759	2458.6	2746.6	21575.7
45251	2463.2	2670.1	21552.8
16840	2463.3	2726.5	21953.7
20466	2472.8	2779.6	21755.1
59457	2467.2	2722.7	21802.8
67454	2456.1	2656.5	21408.7
62170	2450.9	2659.9	21455.7
40630	2466.7	2679.6	21470.3
23400	2458.1	2720.3	21581.8
20517	2434.5	2686.2	21248.5
38218	2449.4	2671.3	21306.4
25724	2445.8	2723.5	21325.5
64554	2438.4	2668.1	21197.0
13435	2453.3	2688.2	21553.9
6062	2446.5	2676.7	21240.3
36509	2467.2	2708.1	21598.5
9528	2449.7	2687.0	21156.1
66126	2454.5	2693.0	21321.0
46403	2460.7	2659.4	21558.0
2213	2472.0	2748.6	21863.8
58958	2455.8	2710.7	21854.6
78119	2460.0	2705.7	21722.7
67345	2455.0	2670.3	21448.3
41765	2458.5	2706.6	21463.1
50104	2437.6	2632.3	21241.0
78318	2448.2	2640.5	21431.6
58989	2441.5	2646.9	21506.3
28827	2455.5	2716.5	21651.3
70084	2445.3	2676.9	21331.7
31064	2460.5	2744.9	21941.2
68202	2452.6	2710.5	21414.1
42845	2443.4	2695.3	21461.3
76754	2455.7	2734.4	21507.6
1379	2437.9	2638.8	20854.2
74838	2441.4	2681.8	21178.6
4018	2453.1	2719.8	21664.3
37465	2460.9	2715.4	21506.3
66673	2456.8	2742.4	21868.5
48632	2440.0	2666.4	21137.3
71339	2473.8	2750.0	22147.3
36446	2445.9	2672.9	21150.2
21892	2444.3	2682.1	21417.2
63459	2448.2	2644.8	21106.7
62446	2442.6	2703.9	21283.9
21623	2471.5	2730.1	21761.2
68975	2449.9	2713.1	21564.1
52548	2458.3	2684.0	21313.9
51485	2457.8	2691.2	21715.6
40784	2455.2	2627.2	21566.7
23928	2467.0	2781.2	22175.0
7448	2439.1	2677.3	21057.3
13296	2431.3	2606.0	21003.9
48597	2441.7	2707.3	21558.0
7300	2452.8	2682.3	21757.8
64811	2453.1	2669.5	21312.2
4692	2459.1	2654.6	21361.8
71682	2459.1	2709.0	21469.7
55556	2459.6	2689.5	21782.2
58747	2447.8	2701.9	21420.6
60682	2445.3	2650.7	21281.4
46623	2462.5	2711.6	21755.1
57448	2462.4	2744.3	21729.8
26366	2447.3	2700.7	21427.1
42797	2444.2	2685.2	21299.1
40486	2453.4	2662.8	21444.9
12605	2454.9	2666.7	21262.6
55452	2453.2	2686.3	21627.7
49776	2438.7	2641.5	21326.7
51273	2466.4	2676.1	21487.3
34893	2458.4	2685.3	21536.5
15623	2455.2	2698.3	21467.8
76907	2465.1	2665.4	21504.3
49315	2449.7	2691.1	21549.7
3750	2442.5	2679.4	21268.7
6977	2458.9	2693.2	21610.5
33942	2454.9	2704.3	21426.8
18413	2445.8	2745.2	21566.7
15667	2449.0	2659.2	21067.4
67713	2451.7	2718.8	21700.3
36711	2459.0	2696.2	21573.1
56299	2439.7	2675.2	21476.8
2699	2445.5	2734.8	21386.6
69852	2456.8	2716.2	21719.1
7696	2448.5	2715.5	21460.5
2923	2451.8	2617.7	21222.6
51093	2454.4	2675.9	21843.1
70193	2453.0	2703.3	21309.0
23055	2448.3	2722.9	21520.4
51432	2454.5	2712.0	21474.8
67325	2456.9	2685.1	21457.3
22107	2451.7	2676.9	21455.3
10482	2453.0	2699.5	21468.6
40771	2454.0	2682.6	21421.3
44509	2453.0	2718.4	21653.6
62450	2424.7	2665.0	20987.3
56954	2470.8	2690.4	21946.7
53022	2444.2	2623.1	21117.7
61774	2443.1	2679.4	21283.6
14107	2452.6	2699.9	21439.0
59750	2435.5	2697.8	21225.5
31536	2444.0	2628.3	21166.0
57016	2444.5	2659.3	21083.1
47083	2451.9	2702.7	21679.0
75807	2446.6	2654.1	21389.7
11260	2434.8	2625.6	21050.9
61835	2460.8	2714.9	21515.3
21820	2446.4	2686.5	21425.3
52574	2451.7	2653.6	21285.4
61741	2457.6	2671.7	21540.9
72746	2452.9	2684.3	21183.1
48730	2456.3	2688.7	21545.9
25091	2478.4	2746.7	21859.1
2617	2439.7	2671.1	21519.9
14453	2456.8	2659.4	21564.2
38908	2450.4	2716.7	21311.0
17152	2468.5	2754.6	22288.3
78584	2438.4	2672.6	21214.7
5913	2452.3	2693.8	21348.1
15116	2449.1	2670.7	21090.9
12232	2453.8	2799.0	21622.1
15923	2450.8	2738.9	21392.9
27309	2455.1	2710.3	21470.6
31338	2457.1	2723.2	21467.2
20679	2467.7	2674.9	21709.3
46002	2445.2	2676.6	21138.7
20208	2478.7	2808.6	23604.8
49758	2455.4	2712.4	21830.2
79808	2443.5	2683.2	21898.8
77352	2464.4	2717.7	21875.7
67794	2458.6	2638.9	21484.3
73854	2473.5	2734.4	22278.9
61641	2473.2	2711.1	21848.3
74270	2463.2	2737.4	21850.2
68902	2439.6	2637.0	21062.0
46520	2450.9	2677.7	21373.4
73934	2447.5	2659.8	21109.1
61822	2450.7	2656.9	21315.3
48832	2459.4	2688.4	21477.4
29488	2445.9	2696.6	21312.5
25302	2452.7	2644.9	21379.0
12989	2437.0	2658.2	20857.4
46135	2470.1	2765.9	21953.5
77420	2456.9	2658.7	21296.2
56729	2468.1	2749.1	22133.6
55289	2460.9	2680.7	21386.4
42018	2457.7	2649.7	21614.9
53677	2457.3	2717.9	21870.8
9261	2454.4	2705.9	21490.8
7	2452.7	2698.9	21791.3
61736	2456.9	2703.1	21702.9
58630	2438.1	2669.4	21191.3
39500	2424.2	2607.4	20623.8
26310	2440.0	2694.3	21271.8
7079	2446.6	2670.3	21290.4
64035	2441.4	2666.6	21481.7
27350	2473.3	2699.2	21794.6
20817	2449.6	2697.0	21241.7
41638	2460.8	2714.6	22349.7
34653	2464.7	2703.3	21554.3
58753	2449.8	2683.8	21495.0
54849	2455.1	2664.1	21537.8
38955	2435.0	2628.1	20904.2
43236	2449.3	2640.1	21231.9
14109	2437.2	2693.2	21283.2
61399	2458.0	2699.1	21847.8
21478	2462.5	2753.0	21816.1
69389	2452.1	2699.5	21511.5
61398	2463.5	2722.9	21850.9
14173	2451.7	2696.4	21411.7
23912	2441.8	2659.7	21527.2
67228	2451.4	2635.7	21308.7
58511	2467.1	2754.7	21614.7
31405	2449.5	2672.7	21356.1
70345	2430.4	2654.1	20903.8
70281	2461.5	2638.6	21420.5
4537	2446.5	2711.0	21275.8
8316	2436.2	2682.0	21119.4
70370	2445.2	2636.1	21219.8
22494	2464.8	2717.5	21745.8
74218	2475.6	2711.8	21612.7
34877	2460.7	2691.1	21567.7
37052	2449.2	2684.5	21178.7
50637	2447.1	2696.5	21712.8
59075	2441.6	2645.6	21302.9
65197	2476.1	2652.3	21650.0
14873	2449.5	2685.4	21289.1
53898	2438.8	2641.0	21024.8
12917	2439.1	2663.0	21066.3
32145	2449.3	2674.7	21359.4
16889	2439.3	2641.4	21189.0
3065	2464.8	2756.8	21474.2
48927	2455.6	2653.9	21463.7
54264	2454.8	2739.3	22253.3
60005	2445.2	2685.8	21298.1
2364	2474.8	2748.3	22296.7
66458	2451.0	2670.3	21492.6
74791	2453.4	2737.8	21668.7
79871	2450.4	2704.8	21368.4
18253	2443.5	2680.5	21418.3
53884	2470.3	2730.9	21846.5
53165	2443.5	2670.2	21300.1
20018	2450.7	2719.1	21717.9
22986	2451.3	2638.5	21268.7
36821	2462.6	2673.5	21396.8
50925	2461.0	2740.1	21685.4
48823	2456.9	2709.4	21744.7
71771	2461.9	2737.4	21864.3
35749	2445.8	2693.5	21394.4
65228	2451.0	2677.8	21383.3
79867	2431.7	2633.0	21192.1
40098	2450.9	2668.0	21344.3
49041	2457.9	2679.7	21573.8
70451	2458.1	2695.5	21692.9
65483	2464.6	2707.3	21493.3
64072	2453.8	2639.9	21274.5
41393	2441.5	2628.0	20972.9
26086	2459.9	2755.1	21963.5
67541	2447.0	2718.5	21345.8
20450	2470.0	2710.0	21930.0
74213	2445.4	2704.7	21315.0
15605	2459.5	2669.4	21327.5
18148	2440.1	2641.3	20909.4
75835	2443.4	2670.0	21277.8
22116	2451.9	2718.9	21427.0
54167	2458.8	2703.9	21658.1
61610	2466.9	2745.5	22224.6
32175	2455.5	2734.3	21516.3
14800	2471.3	2718.6	21948.4
69507	2458.0	2751.0	21539.0
23668	2467.6	2675.0	21529.3
61756	2468.5	2717.2	21887.4
8429	2468.9	2755.8	22040.1
62347	2446.5	2698.2	21426.2
2749	2466.8	2716.8	21535.4
58128	2462.6	2664.4	21562.1
61527	2466.9	2717.9	21741.7
29535	2452.0	2681.0	21590.4
15128	2431.1	2706.4	21342.4
39012	2462.2	2691.3	21609.7
48899	2447.7	2674.1	21245.5
46169	2435.5	2682.1	21334.1
58600	2463.0	2692.7	21901.3
128	2471.9	2786.6	22028.2
72203	2455.7	2674.5	21543.3
1491	2460.5	2723.2	21618.3
57648	2434.3	2632.9	20882.9
41714	2458.6	2694.1	21774.0
71335	2460.1	2667.1	21425.1
29210	2449.9	2658.9	20986.5
13753	2453.7	2678.6	21274.1
72941	2452.9	2770.6	22394.2
181	2447.7	2685.9	21254.7
35080	2455.9	2758.9	21813.5
20920	2461.5	2707.0	21642.9
41692	2428.6	2636.2	20915.8
12993	2439.4	2653.2	21288.7
73160	2459.9	2738.1	22060.8
65465	2451.8	2699.0	21443.1
27323	2453.3	2759.1	22826.0
53224	2456.5	2721.1	21516.9
65168	2452.9	2701.0	21202.0
68394	2439.3	2610.9	21032.5
48552	2467.4	2669.9	21601.6
33516	2446.8	2710.9	21643.0
71620	2440.0	2663.1	21261.3
54386	2458.0	2686.5	21704.6
25053	2446.0	2670.3	21212.9
16799	2439.0	2665.8	21198.4
42101	2461.0	2685.8	21507.0
52247	2448.2	2663.7	21210.9
68486	2461.9	2753.6	22009.8
4050	2463.8	2699.8	21646.6
38383	2468.6	2772.5	21959.8
74224	2429.7	2635.3	20853.1
55590	2457.6	2709.8	21511.9
58406	2443.7	2664.6	21405.5
44031	2445.3	2691.6	21377.2
32774	2465.5	2689.9	21671.4
72439	2463.0	2674.3	21428.2
73224	2441.6	2646.0	21278.3
60904	2462.6	2689.8	21799.7
64713	2456.3	2662.1	21451.9
50971	2446.9	2745.3	21634.9
65348	2448.3	2674.1	21555.9
2007	2435.8	2664.4	21058.4
10342	2457.0	2673.2	21371.6
54637	2448.8	2647.3	21205.2
57628	2445.6	2669.8	21195.7
32920	2455.5	2661.2	21406.8
69245	2442.6	2659.0	21127.2
53386	2456.9	2690.9	21527.4
50444	2457.5	2678.7	21801.3
78180	2442.8	2664.3	21022.9
28798	2471.2	2727.6	21758.3
70115	2443.7	2643.9	21315.4
12399	2462.9	2700.7	21728.3
50990	2440.5	2671.8	21026.6
40174	2460.2	2686.4	21496.4
55989	2458.3	2687.6	21843.7
41118	2451.4	2663.1	21255.9
44853	2442.0	2679.5	21616.2
5123	2447.8	2694.7	21454.1
64994	2432.9	2657.3	21015.6
14057	2466.7	2725.3	21860.9
56935	2445.2	2658.3	21349.5
5094	2451.1	2689.7	21503.0
11412	2441.9	2698.0	21289.2
60831	2474.5	2750.8	23718.0
70040	2456.9	2729.6	21648.1
32790	2434.0	2603.9	20927.0
64592	2449.1	2676.0	21587.2
68558	2446.2	2657.3	21565.8
17903	2464.0	2698.8	21821.4
28920	2430.1	2682.6	21099.3
61236	2455.4	2712.2	21483.0
60523	2455.5	2675.2	21487.6
24913	2432.4	2657.0	21130.6
8340	2453.2	2637.1	21398.0
26097	2454.6	2682.9	21470.4
56447	2454.3	2673.9	21480.1
20000	2455.6	2708.2	21583.4
41529	2440.6	2708.0	21646.9
33064	2440.2	2697.1	21075.5
77499	2457.7	2682.7	21620.7
3815	2457.6	2708.0	21637.4
54110	2471.6	2750.8	22007.8
21921	2454.9	2740.3	21379.9
68192	2456.7	2675.7	21475.4
55587	2455.3	2750.0	21833.8
23967	2464.6	2733.1	22013.0
5458	2462.9	2709.0	21526.9
4461	2460.5	2710.4	22039.7
41218	2453.9	2681.6	21710.5
53126	2455.6	2666.0	21281.0
16008	2453.7	2670.7	21493.6
59781	2475.1	2744.6	22045.3
2730	2436.2	2674.7	21156.9
75302	2464.2	2710.2	21706.0
14406	2458.3	2649.1	21460.7
61088	2439.6	2672.8	21342.0
26857	2443.5	2657.5	21171.0
11773	2443.5	2735.3	21267.5
30188	2461.1	2676.3	21398.9
30366	2461.5	2719.3	21739.6
4600	2431.7	2614.2	20950.3
808	2441.8	2638.8	21323.3
41752	2477.0	2802.2	22669.0
37331	2455.7	2668.5	21516.7
77532	2445.1	2672.1	21464.3
75121	2449.0	2689.4	21297.4
77735	2480.5	2711.6	22292.7
24070	2473.6	2731.1	21851.9
36494	2433.9	2670.7	21223.1
53522	2455.7	2684.3	21577.8
22665	2458.4	2686.3	21992.4
44671	2442.7	2686.3	21778.3
69614	2455.4	2744.0	22043.4
74655	2445.7	2666.3	21103.8
23347	2447.7	2656.5	21621.0
55967	2448.5	2674.1	21373.5
14990	2465.3	2711.3	21741.8
49159	2445.3	2698.5	21433.7
5517	2445.3	2670.2	21332.4
15499	2441.8	2607.8	21145.5
26361	2455.4	2741.3	21511.5
25599	2469.9	2782.7	21913.9
79452	2460.7	2698.4	21503.3
66976	2452.1	2665.1	21422.3
48979	2444.7	2693.6	21581.5
31146	2460.8	2659.5	21699.5
37326	2438.5	2637.6	21137.2
31821	2444.2	2685.1	21271.9
6621	2464.3	2696.3	21807.9
10881	2449.6	2676.9	21183.7
73189	2450.2	2708.3	21436.4
6416	2453.1	2703.0	21323.6
78036	2453.6	2731.8	21601.5
74599	2437.6	2651.2	21298.4
61252	2449.2	2670.2	21347.5
14115	2422.8	2659.5	20948.0
70482	2459.9	2703.7	21483.2
64822	2456.4	2734.0	21989.8
60004	2452.8	2707.9	21469.0
68318	2442.5	2639.3	21002.1
32824	2430.8	2640.0	20798.5
75188	2431.7	2625.6	21044.3
54418	2443.2	2675.2	21453.7
33944	2466.3	2717.7	21608.7
3838	2461.7	2746.2	21956.3
46769	2449.9	2664.9	21371.9
79195	2453.0	2664.6	21601.5
58760	2458.5	2684.9	21322.6
53076	2464.9	2697.5	21653.0
8023	2456.0	2669.3	21292.1
20638	2446.7	2705.0	21454.9
14063	2445.0	2680.5	21324.7
61119	2445.3	2659.1	21281.3
12616	2444.9	2743.0	21373.8
54254	2446.0	2691.3	21633.1
21738	2460.6	2749.5	21744.1
54300	2461.3	2670.3	21575.4
44042	2454.0	2706.5	21351.2
4826	2434.0	2675.5	21304.0
52441	2455.7	2672.1	21408.2
5780	2446.0	2643.2	21179.5
42966	2432.4	2636.8	20995.7
74597	2457.3	2689.0	21510.9
69740	2468.4	2690.7	21551.9
35024	2448.3	2669.6	21324.4
14231	2461.3	2738.1	21692.3
4031	2427.5	2688.2	21201.5
50553	2467.0	2745.7	21878.1
69484	2438.0	2653.8	21089.0
61120	2446.6	2656.7	21384.5
25133	2449.4	2681.0	21443.0
29698	2456.5	2683.6	21449.0
22308	2467.1	2755.5	22080.3
28720	2451.9	2713.9	21507.1
29878	2458.3	2671.2	21429.0
3817	2467.7	2755.1	21816.6
40487	2453.6	2668.3	21495.9
40397	2435.8	2654.7	21018.2
5410	2477.1	2788.6	22242.9
68781	2466.4	2751.3	21929.1
19215	2460.3	2736.3	21874.9
41785	2438.5	2629.9	21138.7
18761	2462.9	2673.5	21464.7
74143	2476.5	2694.9	21823.9
70901	2433.0	2664.7	20947.1
47476	2452.8	2706.2	21457.7
19584	2451.5	2702.4	21233.6
27910	2445.3	2662.7	21206.2
73790	2466.6	2695.1	21748.1
21806	2462.0	2771.7	21870.5
18978	2428.5	2594.1	20836.1
62520	2460.2	2663.6	21705.9
48201	2449.0	2683.8	21526.3
53475	2448.6	2652.3	21404.3
75754	2446.6	2664.9	21234.9
33465	2447.2	2705.6	21691.1
18673	2468.7	2724.4	21734.6
23433	2444.0	2638.7	21281.2
2153	2444.8	2691.6	21640.2
26515	2438.5	2627.8	21069.6
58014	2452.2	2712.5	21439.3
21752	2453.9	2689.3	21558.1
9424	2463.7	2766.6	21607.0
72546	2447.8	2654.8	21420.6
45370	2463.8	2683.1	21434.7
15183	2443.6	2709.2	21166.5
49630	2442.4	2683.4	21254.4
79518	2450.7	2711.3	21998.9
49243	2449.5	2657.2	21379.9
66203	2442.3	2629.7	21257.2
1278	2453.1	2692.1	21684.0
17118	2453.9	2654.3	21222.3
26653	2467.3	2697.9	21916.1
68823	2446.1	2715.7	21112.1
64219	2468.0	2707.1	21831.4
60915	2447.7	2729.4	21343.4
66650	2441.5	2657.5	21450.7
78686	2457.0	2669.3	21619.0
57076	2435.0	2666.0	20998.3
21948	2455.0	2679.7	21511.9
39865	2446.0	2709.1	21432.4
67987	2458.1	2694.1	21782.9
52995	2462.1	2695.8	21330.4
76096	2460.4	2691.4	21762.2
58184	2445.4	2701.4	21388.0
17641	2454.5	2770.9	21441.4
20355	2442.2	2687.6	21065.6
64568	2455.3	2686.2	21510.9
13434	2444.9	2707.7	21322.6
3128	2450.4	2711.5	21495.6
68505	2452.3	2688.0	21253.5
70295	2458.2	2668.7	21522.9
41225	2433.6	2638.1	20978.7
13600	2461.8	2669.6	21346.1
54919	2447.4	2671.4	21450.9
57342	2458.8	2687.7	21428.4
8885	2447.0	2721.2	21399.2
44930	2450.9	2713.3	21517.4
55604	2455.7	2706.6	21498.9
735	2433.9	2621.4	20887.2
4398	2448.9	2693.7	21375.7
9891	2446.0	2730.4	21380.6
50889	2466.8	2699.7	21891.1
69501	2452.2	2711.9	21535.4
32326	2453.5	2724.2	21429.4
15229	2460.6	2660.0	21400.3
64622	2437.7	2634.5	21206.4
21843	2447.5	2698.8	21594.5
41709	2447.3	2663.1	21332.5
2113	2450.3	2649.4	21341.1
22923	2468.3	2719.4	21790.6
51678	2471.5	2704.9	21817.3
30286	2466.6	2707.9	21505.9
33962	2457.2	2727.3	21782.8
46009	2448.6	2722.0	21393.4
76099	2456.1	2718.6	21447.4
78908	2462.3	2697.4	21716.3
73701	2459.6	2691.8	22278.1
63933	2468.6	2685.5	21828.7
55315	2454.4	2645.9	21536.8
5124	2469.7	2653.1	21755.7
1095	2475.7	2819.0	22130.9
28641	2463.3	2692.2	21865.7
12091	2458.1	2712.5	21637.7
1062	2436.2	2690.2	21124.3
42262	2471.7	2700.9	21662.0
6839	2453.2	2674.6	21485.6
50835	2456.7	2739.3	21743.1
39454	2444.3	2617.2	21127.3
52340	2448.6	2681.3	21375.3
69598	2453.6	2729.3	21774.8
1747	2453.6	2688.8	21456.6
6891	2472.4	2752.9	21984.2
20007	2468.0	2679.5	21571.0
74945	2445.2	2687.0	21566.8
23217	2448.5	2678.6	21346.3
20027	2459.6	2689.7	21506.7
36856	2433.6	2633.4	21028.5
13383	2450.2	2691.9	21231.8
15815	2457.1	2659.6	21336.0
67767	2449.5	2715.9	21431.0
9389	2458.3	2698.0	21717.1
71327	2460.6	2693.4	21656.6
29769	2451.9	2702.1	21548.5
67178	2455.3	2622.6	21067.8
57125	2463.5	2732.4	21546.6
14184	2477.3	2712.8	21637.3
55300	2455.8	2710.0	21377.3
15271	2445.1	2635.3	21028.6
12346	2467.1	2734.1	21815.7
77115	2440.5	2617.5	21043.8
5353	2446.6	2693.7	21324.0
35001	2449.5	2663.5	21385.5
50541	2439.5	2668.0	21456.2
36215	2451.8	2704.6	21433.6
27438	2446.0	2685.8	21389.9
2537	2462.7	2745.4	21656.0
67099	2462.1	2715.3	21705.4
12865	2453.4	2637.0	21274.8
7168	2461.5	2694.1	21646.4
6941	2462.4	2786.2	22001.4
29105	2475.0	2729.8	21880.5
8143	2466.2	2749.4	21894.7
20239	2457.3	2705.3	21590.4
35831	2460.8	2680.0	21661.2
63145	2456.8	2682.0	21552.4
45796	2480.5	2750.1	22066.0
58984	2464.1	2684.0	21716.1
53979	2453.0	2655.6	21614.7
79390	2444.7	2665.0	21241.7
32204	2442.7	2654.7	21022.5
57837	2442.0	2642.0	21295.1
74203	2431.0	2633.7	21052.8
78013	2446.9	2712.2	21374.0
47336	2454.4	2633.5	21289.7
76414	2444.8	2698.7	21277.9
76036	2443.8	2696.5	21299.6
418	2441.1	2654.8	21188.4
44324	2451.7	2688.0	21671.6
57696	2457.7	2714.7	22060.1
47023	2449.9	2714.1	21569.8
23532	2467.3	2708.8	21493.5
31879	2472.3	2751.5	22752.2
7386	2454.8	2761.9	21902.7
64004	2454.9	2660.3	21355.6
54793	2430.9	2657.0	20975.0
42614	2459.0	2721.7	21893.7
72105	2439.2	2648.5	21162.5
5479	2440.9	2687.8	21208.4
13936	2443.9	2634.6	20909.7
42956	2455.7	2677.1	21267.9
66953	2456.1	2737.5	21829.3
56980	2447.2	2670.6	21431.5
71191	2440.9	2605.3	21092.1
961	2449.5	2698.9	21416.2
39756	2455.4	2700.7	21858.5
46702	2450.8	2666.2	21268.2
69152	2443.6	2625.0	21280.1
32274	2446.7	2696.2	21292.3
13893	2444.2	2667.1	21051.1
7980	2439.1	2659.0	21024.6
68951	2459.8	2701.6	21603.9
28381	2460.3	2692.8	21789.5
15416	2458.7	2704.9	21740.9
61139	2472.8	2709.8	21806.7
67215	2458.9	2728.6	21593.0
39755	2439.9	2686.0	21141.0
51801	2450.8	2688.9	21876.7
71477	2455.2	2722.8	21987.8
53800	2455.5	2650.3	21453.3
20006	2462.7	2683.7	21718.0
58064	2443.7	2628.3	21098.8
22734	2450.0	2713.0	21223.6
45173	2447.0	2692.4	21302.9
14964	2449.7	2714.5	21310.5
24399	2464.3	2729.9	21806.6
71891	2458.6	2662.9	21450.5
43109	2471.0	2754.5	21703.6
14852	2438.6	2695.2	21107.7
22	2443.4	2702.0	21452.8
50287	2454.7	2726.8	21900.3
21825	2445.9	2734.7	21556.3
8081	2440.8	2701.7	21495.5
7091	2450.6	2666.1	21290.8
29279	2445.8	2733.2	21504.4
66669	2460.7	2685.2	21426.9
46200	2467.5	2686.1	21668.4
56654	2458.8	2678.2	21563.7
22216	2450.0	2733.1	21851.0
29386	2445.0	2649.6	21015.0
63396	2464.5	2713.9	21625.5
14116	2456.4	2688.7	21629.5
9668	2440.4	2676.1	21072.5
51372	2453.4	2783.0	22086.2
54737	2461.5	2700.6	21541.4
69693	2453.1	2703.2	21581.8
34415	2454.6	2706.0	21531.9
72925	2454.9	2675.8	21305.6
33405	2452.3	2669.0	22505.0
62859	2451.7	2681.1	21769.8
28154	2464.2	2654.8	21545.9
11429	2467.3	2730.5	21703.4
63615	2442.6	2605.7	21019.2
625	2457.3	2700.6	21717.0
33470	2461.6	2805.2	22137.2
4089	2446.4	2704.2	22217.4
25905	2433.1	2641.0	20901.8
77937	2457.6	2676.7	21550.4
39695	2457.9	2731.5	21405.8
74152	2444.7	2633.5	20987.4
44772	2448.6	2723.8	21391.7
35677	2469.5	2713.1	21880.6
21110	2462.1	2699.1	21881.6
47523	2453.4	2671.2	21386.9
39009	2453.1	2712.4	21706.2
12582	2447.2	2679.8	22370.1
50539	2450.4	2763.8	21573.0
66728	2457.4	2722.6	21462.2
34909	2464.5	2737.0	21984.0
41337	2452.9	2683.8	21814.0
11295	2462.3	2727.5	21807.9
10581	2456.4	2680.6	21456.6
6138	2463.0	2729.2	22152.3
69178	2440.7	2687.2	21113.1
26955	2453.6	2677.9	21216.3
15691	2446.6	2678.1	21145.6
33227	2459.2	2707.5	21635.3
63981	2451.6	2660.0	21307.0
74965	2442.3	2747.2	21599.8
5942	2444.2	2667.7	21196.9
24402	2484.7	2753.1	22218.4
13979	2443.7	2642.8	20997.5
50239	2462.3	2659.8	21302.6
15684	2448.5	2654.7	21166.2
31877	2453.0	2674.3	21476.9
46949	2462.3	2707.2	21760.2
3938	2444.3	2663.6	21120.1
67996	2472.7	2730.4	22056.4
69780	2450.3	2655.6	21279.2
74333	2452.7	2701.4	21528.7
50595	2442.8	2666.0	21234.9
66262	2453.2	2681.6	21503.8
70279	2448.1	2688.5	21550.5
21389	2448.8	2692.7	21580.7
31500	2468.4	2720.0	21812.3
15777	2458.3	2707.3	21707.2
26821	2439.6	2703.7	21078.7
22203	2428.9	2708.9	21193.9
17424	2458.6	2667.9	21435.6
13796	2468.8	2698.3	21684.5
62115	2461.4	2741.9	21659.0
3985	2455.0	2712.7	21445.6
44695	2455.2	2716.7	21471.6
15369	2462.3	2706.6	21686.0
59977	2451.8	2670.1	21527.1
76146	2445.2	2676.3	21378.9
31391	2453.2	2691.8	21807.4
34622	2443.3	2740.9	21631.4
35616	2446.3	2680.6	21539.3
17178	2454.6	2689.0	21577.8
5107	2466.3	2713.4	22107.2
6922	2458.0	2726.5	22330.2
60496	2454.0	2707.9	21695.8
39934	2448.8	2738.9	21590.7
42274	2450.7	2688.9	21682.4
24037	2454.6	2680.2	21576.3
42414	2443.1	2668.1	21487.7
5903	2464.3	2672.3	21461.3
52852	2459.0	2657.5	21107.8
21529	2469.6	2697.5	21713.7
64162	2439.3	2639.0	21217.4
36680	2451.4	2695.8	21385.3
37723	2467.3	2743.4	21688.4
39186	2449.9	2680.8	21304.4
45194	2446.7	2680.7	21606.6
52344	2450.6	2746.5	21972.5
49661	2453.9	2715.8	27458.6
23167	2447.0	2712.8	21522.0
70991	2456.6	2675.7	21470.6
14248	2451.5	2684.6	21756.4
20770	2458.3	2673.7	21324.9
11907	2446.5	2698.5	21471.1
18704	2446.0	2694.1	21380.8
25395	2466.1	2707.9	21704.6
13750	2446.4	2720.4	21518.9
40323	2448.6	2678.1	21098.9
29925	2432.0	2647.3	21013.7
68340	2447.2	2606.0	21138.9
31711	2464.4	2705.1	21789.4
33334	2444.3	2664.8	20970.0
46203	2466.3	2676.5	21712.6
842	2449.7	2641.8	21273.2
53703	2447.9	2669.1	21215.5
46977	2459.5	2771.5	21803.5
67979	2453.3	2685.3	21798.8
49115	2475.4	2731.2	22009.4
33305	2454.5	2704.1	21452.9
28408	2453.1	2707.6	21407.6
39594	2459.0	2687.0	21324.1
51297	2451.0	2710.3	21581.9
64802	2463.7	2751.2	21688.7
6233	2459.9	2702.8	21712.8
64403	2443.7	2662.4	21601.1
4799	2462.4	2698.7	21672.2
28407	2456.5	2693.3	21615.1
70665	2462.8	2730.2	21979.5
58534	2452.6	2664.4	21379.3
12795	2452.3	2719.7	21413.1
42587	2460.5	2754.1	21591.7
13311	2452.7	2720.3	21483.4
54187	2450.3	2680.6	21295.8
37104	2445.6	2655.3	20959.7
19482	2444.6	2706.7	21095.2
10164	2451.9	2662.6	21119.9
40593	2440.3	2691.8	21011.7
70906	2453.9	2675.7	21600.2
5872	2459.8	2708.0	21460.7
35121	2458.0	2730.7	21685.4
26056	2440.7	2617.7	20927.5
27554	2453.5	2752.2	21808.8
1675	2451.2	2709.9	21385.9
77066	2456.7	2726.7	21938.2
73203	2456.8	2703.4	21565.7
53529	2460.3	2700.5	21762.3
33344	2462.5	2656.8	21628.6
33755	2464.2	2760.3	22081.9
71068	2454.0	2641.8	21293.8
15258	2449.7	2734.1	21509.4
58837	2447.9	2658.4	21285.8
60381	2453.7	2702.7	21530.8
51381	2443.3	2692.0	21318.0
78234	2453.9	2723.4	21438.3
47472	2473.6	2699.3	21901.2
10957	2443.1	2672.3	21249.3
63298	2447.7	2682.1	21190.1
14703	2452.1	2707.0	21740.9
25886	2459.8	2700.9	21562.0
31021	2458.2	2699.5	21764.7
5968	2444.6	2689.9	21359.7
14682	2470.4	2787.6	22080.9
37678	2456.3	2694.3	21446.4
66859	2455.5	2691.1	21419.2
16552	2460.0	2708.9	21459.5
69244	2454.0	2679.5	21437.1
62087	2450.2	2703.3	21387.3
27964	2448.5	2724.7	21553.0
19798	2464.7	2738.5	21483.3
70608	2458.0	2700.2	21914.4
51395	2450.8	2665.1	21341.9
63525	2447.1	2660.4	21140.9
34860	2448.5	2754.4	21682.9
1166	2438.6	2655.0	20935.5
60037	2462.9	2713.6	22234.6
48798	2459.8	2688.8	21558.0
52774	2456.2	2694.8	21229.5
74380	2451.3	2639.0	21157.7
18780	2457.0	2672.0	21697.4
54546	2441.2	2681.2	21222.7
79917	2460.4	2746.8	22021.8
