1917	1562.8	1835.8	6589.1
8437	1562.0	1824.2	6565.5
14896	1562.5	1805.6	6557.9
27400	1561.3	1809.0	6544.8
53064	1561.5	1794.7	6525.7
96	1567.3	1879.3	6701.5
36331	1558.1	1773.3	6428.7
11037	1562.0	1827.9	6538.3
40371	1559.8	1787.8	6473.6
3191	1557.1	1790.6	6391.6
32107	1562.8	1809.0	6576.8
34001	1557.4	1805.4	6400.4
8321	1556.4	1782.4	6366.3
31833	1555.9	1769.8	6374.0
51577	1563.6	1809.1	6587.8
32947	1562.0	1825.2	6545.9
13281	1564.9	1810.4	6648.3
27542	1561.1	1815.1	6538.8
55201	1560.3	1792.2	6492.6
12448	1560.7	1772.1	6524.3
51209	1560.3	1820.8	6535.2
16187	1556.7	1776.2	6404.4
6959	1562.0	1832.3	6555.7
21464	1564.0	1878.3	6633.1
51943	1558.7	1792.5	6454.7
39915	1565.5	1834.0	6636.5
2709	1563.2	1870.6	6580.4
39468	1556.9	1765.8	6402.0
10606	1555.9	1788.1	6372.8
36622	1564.7	1847.8	6641.9
38240	1557.0	1739.1	6408.6
4853	1559.2	1817.0	6465.4
18894	1565.3	1845.7	6656.2
5215	1554.3	1761.8	6329.1
6680	1566.4	1853.2	6690.5
54695	1560.9	1798.4	6525.1
49831	1556.5	1779.8	6405.0
16399	1567.3	1872.4	6676.1
25185	1559.0	1784.7	6432.8
58684	1561.0	1801.2	6517.8
24849	1563.3	1836.0	6602.1
49007	1565.1	1825.6	6668.0
12950	1555.9	1775.7	6370.3
29120	1555.7	1772.9	6365.4
32843	1557.9	1804.9	6399.2
9908	1564.7	1834.8	6624.1
31884	1564.0	1840.7	6602.9
29540	1560.3	1806.0	6497.7
36497	1559.6	1792.1	6499.5
8576	1558.1	1790.2	6408.2
3388	1558.4	1803.5	6420.0
49561	1563.2	1822.9	6569.2
28833	1556.8	1775.6	6403.0
40016	1555.5	1777.0	6334.0
43846	1561.8	1819.6	6506.2
20456	1563.2	1838.1	6584.2
30940	1560.4	1801.0	6479.9
38999	1562.7	1839.4	6548.1
4849	1564.6	1832.6	6645.4
31300	1558.2	1781.3	6432.7
39270	1562.6	1808.6	6581.5
457	1557.9	1780.6	6446.7
52148	1557.2	1766.5	6397.6
2107	1561.2	1817.6	6512.3
700	1562.5	1817.8	6554.2
7366	1556.4	1781.9	6397.1
53411	1557.4	1765.9	6393.3
55390	1562.5	1796.5	6534.8
40263	1558.0	1772.0	6433.6
14907	1558.2	1781.4	6428.0
19659	1556.5	1750.4	6363.1
21295	1557.9	1784.4	6414.4
3431	1558.2	1798.3	6441.1
39462	1561.0	1806.5	6503.5
58070	1565.7	1838.8	6643.0
52100	1558.5	1771.2	6433.8
14776	1561.6	1813.4	6531.5
43140	1566.5	1840.7	6698.0
55204	1554.3	1776.4	6325.8
5518	1555.8	1765.4	6373.3
30898	1552.1	1733.5	6263.1
31973	1558.1	1788.0	6442.8
32619	1559.0	1771.0	6457.9
11758	1568.1	1861.6	6733.4
41444	1561.5	1810.4	6515.0
1244	1564.4	1851.1	6644.8
22282	1561.5	1826.3	6549.9
36338	1560.4	1777.6	6492.0
7617	1560.2	1785.4	6504.7
15985	1560.8	1789.5	6544.7
13731	1558.8	1805.2	6459.0
13712	1561.4	1827.7	6532.9
14357	1572.0	1906.0	6866.8
7376	1557.4	1795.5	6399.6
58259	1559.4	1784.7	6452.4
34484	1568.1	1838.5	6737.0
22361	1562.7	1814.7	6582.4
23167	1560.2	1805.9	6496.6
56531	1560.4	1769.0	6526.1
3650	1560.0	1803.6	6510.8
50893	1555.8	1748.1	6382.7
5708	1551.0	1739.6	6208.6
2364	1558.1	1796.8	6446.7
35481	1559.1	1786.4	6459.0
29982	1559.1	1776.8	6454.6
46745	1564.3	1831.0	6617.6
44449	1563.2	1804.4	6570.5
44577	1558.0	1787.4	6408.8
6197	1560.7	1808.3	6495.0
33593	1558.8	1771.0	6448.8
49648	1565.1	1835.9	6676.3
15021	1559.7	1798.4	6496.8
21760	1561.0	1831.2	6506.5
21423	1559.4	1796.0	6451.5
11093	1555.7	1773.1	6361.6
1802	1567.1	1864.5	6721.2
48808	1558.1	1755.0	6385.9
42404	1562.3	1822.5	6563.7
6082	1556.2	1759.2	6382.9
17258	1566.9	1875.7	6658.7
3403	1557.9	1790.4	6408.1
34157	1560.5	1818.0	6511.8
42937	1554.1	1749.6	6321.5
56315	1564.1	1838.9	6596.6
3510	1556.4	1778.4	6373.3
49506	1554.5	1753.4	6309.2
43178	1559.5	1794.6	6474.3
42465	1556.5	1763.4	6397.7
31571	1561.2	1812.0	6563.5
2993	1559.3	1820.1	6472.0
55994	1553.9	1756.8	6309.3
5174	1559.9	1808.2	6485.7
38606	1556.5	1769.4	6396.3
11929	1562.9	1845.6	6578.9
32468	1556.8	1770.9	6386.2
917	1558.6	1781.2	6478.7
48588	1560.5	1809.4	6510.4
36558	1561.9	1827.8	6551.3
3019	1557.9	1778.6	6455.1
31930	1564.0	1822.8	6589.3
12488	1558.5	1800.1	6464.7
53222	1563.2	1823.4	6587.7
16059	1559.6	1781.2	6465.9
51121	1563.2	1784.2	6576.2
25880	1556.0	1761.7	6359.4
46666	1558.3	1779.6	6446.5
32321	1567.6	1846.5	6693.4
5019	1558.9	1793.9	6458.1
18853	1561.7	1833.4	6523.2
44062	1562.3	1796.2	6558.7
8369	1562.0	1813.6	6550.3
2087	1555.8	1780.2	6384.7
17618	1554.3	1760.1	6309.4
42154	1560.2	1800.9	6497.3
22551	1562.6	1809.0	6583.3
33603	1565.5	1834.2	6630.8
19374	1555.9	1769.0	6389.8
47290	1559.1	1755.0	6479.3
6259	1563.6	1829.7	6596.0
23710	1552.0	1735.3	6224.7
18290	1566.5	1848.8	6662.1
47310	1561.9	1806.6	6513.0
35178	1561.5	1820.8	6515.9
14635	1561.7	1835.2	6540.5
5666	1569.4	1888.3	6763.7
48970	1563.7	1793.5	6595.2
45337	1556.6	1759.7	6343.4
48585	1559.7	1766.0	6494.0
43808	1561.1	1816.1	6488.6
47392	1556.6	1753.1	6372.7
23469	1560.1	1804.2	6485.6
48920	1559.3	1766.0	6470.6
43333	1561.7	1789.4	6549.3
3056	1558.2	1803.2	6420.4
17747	1555.7	1756.0	6372.7
6996	1559.0	1805.8	6453.4
4755	1566.1	1867.4	6679.3
34733	1567.4	1859.0	6688.4
39397	1564.2	1797.6	6631.4
32087	1560.2	1807.9	6498.6
43886	1564.6	1804.7	6633.3
10641	1562.2	1836.7	6550.8
21354	1560.4	1810.6	6516.2
24111	1557.4	1802.0	6413.9
56290	1562.6	1820.0	6581.7
28626	1562.1	1806.0	6547.8
23226	1562.6	1838.0	6541.0
18827	1561.6	1795.2	6566.2
37415	1557.9	1760.7	6424.6
8071	1559.9	1792.4	6523.4
8408	1565.4	1835.3	6638.2
41291	1561.4	1811.5	6509.3
43625	1562.9	1818.5	6579.8
8625	1562.3	1836.2	6567.1
5125	1558.2	1785.4	6440.4
19619	1558.8	1775.2	6443.4
56709	1562.3	1779.1	6565.7
12933	1557.3	1770.8	6419.3
28054	1558.1	1790.2	6429.2
41488	1566.1	1840.4	6651.7
35968	1556.8	1784.9	6374.1
5671	1553.3	1750.0	6300.1
34549	1562.2	1815.4	6536.8
21671	1559.9	1801.1	6496.9
13015	1560.8	1825.2	6514.7
25041	1559.3	1808.5	6481.2
13439	1559.8	1819.1	6501.8
20534	1562.0	1821.9	6532.5
26899	1560.4	1787.5	6489.4
57489	1563.5	1812.1	6587.5
5075	1560.1	1812.8	6469.6
13360	1560.0	1811.9	6500.4
43216	1560.4	1797.1	6482.1
43385	1560.7	1784.9	6510.5
50308	1560.0	1780.3	6503.0
53624	1556.1	1750.1	6354.4
7337	1556.8	1762.9	6392.3
55589	1555.3	1748.2	6349.6
399	1565.8	1866.2	6708.0
46675	1563.5	1804.3	6568.4
5733	1554.8	1752.7	6334.4
21124	1564.5	1852.0	6606.7
50444	1559.3	1773.5	6452.8
58379	1558.0	1781.3	6403.0
44766	1559.2	1767.2	6472.4
6265	1565.1	1857.4	6645.3
22507	1552.0	1758.1	6255.3
18388	1554.8	1755.7	6343.7
44731	1552.0	1743.8	6235.9
24382	1560.1	1807.9	6497.2
28499	1556.8	1773.1	6398.4
2235	1564.6	1830.6	6630.6
34865	1564.6	1851.3	6628.5
35370	1556.6	1761.5	6387.8
7563	1565.7	1849.4	6674.0
41496	1556.1	1763.3	6368.7
12377	1559.6	1793.9	6481.9
26730	1562.1	1803.4	6557.1
10946	1565.2	1836.1	6644.0
18713	1560.0	1800.8	6500.5
26173	1563.8	1835.1	6611.1
34953	1562.3	1811.3	6535.8
17116	1559.0	1786.0	6457.4
17947	1562.8	1827.7	6573.0
41585	1562.4	1800.4	6544.0
15686	1562.3	1826.8	6563.8
12321	1567.0	1855.6	6681.4
42616	1560.1	1793.0	6454.9
42177	1562.2	1811.2	6545.7
2940	1566.3	1855.6	6672.3
8903	1559.6	1797.7	6470.5
24276	1558.4	1778.3	6454.3
46047	1555.4	1781.4	6333.4
39905	1568.2	1842.3	6724.2
42895	1562.8	1818.7	6575.6
6549	1565.2	1839.1	6642.9
36321	1564.6	1828.6	6645.9
164	1556.2	1795.2	6378.0
43204	1558.9	1777.9	6460.2
58454	1563.0	1829.5	6588.5
2318	1571.4	1878.2	6842.5
14819	1562.5	1821.7	6559.0
6884	1560.3	1808.6	6531.3
12417	1559.2	1774.9	6471.9
12546	1561.9	1815.8	6547.2
49479	1559.4	1804.0	6478.2
7976	1555.9	1795.4	6370.9
32385	1560.2	1796.2	6493.7
46236	1560.4	1778.4	6508.8
26567	1558.3	1793.7	6454.5
19367	1558.5	1781.1	6465.7
41440	1560.0	1807.7	6482.8
49498	1560.4	1792.6	6520.4
6806	1559.9	1792.4	6447.9
51198	1559.2	1792.0	6514.3
54882	1566.2	1837.3	6678.0
54378	1554.4	1763.3	6318.5
47242	1561.6	1807.3	6528.6
3072	1566.4	1870.2	6679.0
30605	1563.5	1815.3	6604.6
18515	1558.8	1794.6	6447.1
59860	1566.9	1848.2	6705.7
2823	1557.6	1797.9	6441.6
28158	1560.5	1807.2	6502.5
35597	1563.0	1807.9	6558.8
22050	1560.6	1786.7	6527.5
618	1559.6	1835.7	6464.8
34469	1563.4	1829.8	6558.2
7973	1558.4	1797.2	6455.6
41008	1561.7	1839.5	6529.6
44913	1567.9	1868.1	6695.6
2667	1560.8	1810.4	6533.7
21324	1550.6	1716.5	6186.6
17119	1564.3	1854.9	6637.3
42330	1555.5	1773.7	6371.1
50131	1559.4	1772.6	6477.3
133	1558.5	1791.7	6427.9
28404	1560.4	1792.4	6495.8
10481	1561.8	1834.7	6542.1
50152	1558.1	1764.2	6439.2
11777	1563.8	1833.1	6592.7
48494	1562.4	1813.8	6537.5
29776	1555.9	1764.4	6354.2
45441	1558.7	1770.0	6442.0
1509	1559.7	1782.0	6460.6
57802	1553.6	1733.6	6283.1
19091	1557.9	1793.2	6452.1
15945	1563.0	1820.3	6546.1
16607	1559.0	1779.3	6479.2
48351	1552.7	1740.0	6252.2
24283	1558.2	1784.3	6452.9
26762	1561.1	1803.4	6503.0
42731	1558.7	1797.0	6441.7
4644	1557.8	1789.7	6426.6
47077	1559.7	1794.7	6476.1
15791	1563.5	1865.3	6573.7
11012	1554.9	1759.1	6324.8
51505	1563.5	1797.9	6586.7
49068	1563.7	1798.5	6590.6
51757	1557.0	1764.8	6401.4
50849	1561.9	1814.6	6560.9
52520	1558.5	1791.0	6455.2
45572	1560.1	1782.9	6493.2
44071	1564.6	1825.0	6623.1
48342	1555.2	1721.0	6358.9
5070	1561.5	1829.9	6527.8
24458	1561.1	1802.1	6513.9
50896	1557.7	1781.0	6423.2
13395	1559.9	1801.2	6522.4
11023	1562.2	1811.7	6571.1
11354	1563.9	1820.5	6617.8
25814	1558.7	1802.0	6442.6
29424	1567.8	1873.8	6696.6
24774	1560.4	1815.7	6467.7
12149	1562.2	1827.4	6557.0
21370	1552.9	1731.5	6273.1
47796	1565.3	1838.6	6621.0
49719	1559.6	1792.2	6496.8
22183	1556.6	1772.3	6377.3
14226	1563.9	1848.7	6562.6
29432	1560.0	1786.8	6468.2
41260	1563.9	1826.6	6595.2
57537	1560.7	1809.1	6507.6
9710	1556.1	1807.9	6368.0
43685	1559.8	1775.0	6487.2
43994	1562.2	1814.6	6569.1
13647	1562.3	1809.8	6551.3
44314	1558.1	1793.5	6420.1
42212	1559.1	1790.5	6447.5
57529	1558.7	1760.2	6474.3
30016	1558.9	1810.2	6430.0
9143	1559.5	1786.8	6463.8
1371	1568.8	1861.4	6777.9
48643	1566.8	1831.1	6697.2
54367	1556.1	1748.8	6389.5
1227	1556.2	1770.6	6372.3
26566	1554.6	1758.0	6333.0
33039	1560.2	1786.4	6496.3
44021	1558.3	1776.7	6449.1
43562	1560.9	1812.9	6533.2
45966	1566.8	1860.9	6702.3
28352	1555.3	1764.5	6356.7
52828	1563.1	1849.7	6562.3
23461	1553.3	1757.4	6283.1
55639	1560.8	1786.3	6495.1
37214	1558.1	1764.5	6451.0
1873	1560.8	1827.7	6497.9
12278	1569.7	1870.4	6759.8
374	1564.0	1820.4	6586.7
58502	1555.3	1760.8	6356.3
15689	1561.1	1828.8	6539.5
11069	1566.1	1855.4	6670.2
7391	1557.4	1810.2	6428.9
3935	1560.4	1798.6	6482.7
33943	1563.7	1843.8	6596.6
49267	1553.3	1733.6	6291.0
48348	1556.1	1758.7	6376.7
59337	1558.8	1768.5	6463.5
16	1566.8	1859.2	6715.0
58349	1557.7	1759.5	6421.6
56618	1557.3	1761.4	6419.7
43926	1556.0	1740.6	6392.2
28368	1562.6	1818.7	6585.5
13064	1554.3	1761.6	6315.2
57414	1556.9	1765.7	6399.9
15284	1563.8	1822.3	6587.1
28493	1566.4	1838.4	6692.3
6292	1552.8	1758.1	6250.3
16845	1564.2	1872.3	6614.4
53457	1556.9	1780.6	6378.3
34658	1556.4	1762.7	6354.0
43472	1565.1	1856.6	6631.3
22817	1566.8	1831.6	6677.4
5030	1561.6	1836.9	6529.0
21033	1559.7	1802.3	6491.8
9335	1564.0	1837.0	6621.6
13451	1564.1	1829.3	6610.7
59779	1562.7	1814.1	6572.3
5265	1562.8	1826.4	6540.2
28828	1563.4	1835.6	6602.1
54959	1557.5	1756.5	6441.1
29156	1564.0	1844.3	6595.7
25958	1559.6	1794.7	6466.8
2349	1563.3	1819.1	6566.4
5128	1558.6	1791.7	6437.2
8479	1561.5	1831.4	6500.1
9935	1556.1	1761.7	6387.2
42487	1566.2	1809.2	6652.9
41912	1557.8	1787.1	6398.4
9868	1562.2	1801.2	6571.5
22634	1563.3	1830.3	6592.4
1713	1557.7	1786.5	6421.2
56834	1559.1	1761.9	6437.8
14870	1561.6	1813.9	6518.9
29249	1554.7	1752.3	6354.3
40568	1552.9	1749.0	6255.7
20633	1557.2	1758.3	6390.9
19602	1559.6	1795.2	6474.5
52567	1557.3	1787.9	6400.2
21077	1559.7	1795.8	6492.6
7232	1561.7	1817.9	6542.5
16880	1555.4	1769.1	6324.6
15040	1557.8	1772.8	6414.5
48605	1558.7	1789.0	6444.3
24668	1557.0	1757.1	6387.5
13839	1561.1	1822.2	6524.1
45707	1561.5	1800.2	6525.0
31478	1564.2	1844.3	6593.8
38109	1562.0	1797.8	6568.9
28501	1559.7	1768.4	6466.1
12298	1561.5	1793.5	6542.7
42061	1563.9	1850.4	6603.6
3574	1561.9	1812.7	6551.2
59863	1555.1	1758.5	6338.4
20928	1562.0	1811.7	6532.0
39045	1561.0	1803.5	6521.2
44504	1559.9	1814.2	6474.9
6028	1566.5	1848.1	6692.4
9654	1556.8	1774.4	6398.9
26938	1557.5	1779.9	6401.1
30301	1559.0	1774.6	6469.9
19329	1560.4	1789.7	6507.5
41504	1564.2	1801.8	6625.4
27189	1556.1	1760.2	6394.5
58531	1555.4	1747.5	6343.0
25143	1556.1	1769.6	6366.2
49805	1565.2	1805.8	6632.2
39067	1557.6	1786.0	6411.6
46426	1562.2	1805.1	6547.9
39904	1562.4	1805.3	6586.1
23842	1556.2	1779.7	6411.9
44746	1556.9	1750.6	6389.6
11705	1558.6	1814.3	6418.5
2404	1559.0	1774.2	6462.7
50672	1557.3	1774.5	6387.6
55166	1559.7	1789.7	6464.4
6456	1558.6	1779.6	6451.8
5655	1562.2	1821.7	6566.2
51472	1560.2	1808.9	6492.8
56578	1558.2	1769.3	6448.8
13416	1556.6	1772.4	6379.9
10890	1561.3	1825.0	6548.6
57082	1560.4	1790.9	6506.6
30278	1560.7	1802.8	6505.2
57034	1559.8	1803.5	6485.0
4734	1563.5	1857.3	6622.8
24643	1566.1	1837.2	6656.9
58098	1557.7	1789.9	6433.6
52550	1555.3	1734.3	6346.9
554	1561.4	1798.4	6522.5
3068	1557.8	1786.0	6413.4
27570	1555.9	1769.5	6354.0
55366	1555.7	1738.2	6379.6
66	1560.5	1804.5	6502.5
28990	1556.2	1776.3	6368.3
57286	1560.9	1801.6	6495.7
45848	1561.7	1816.9	6528.0
1527	1560.5	1812.6	6511.5
49179	1558.1	1773.7	6425.7
7153	1552.6	1759.9	6279.8
34638	1555.4	1752.1	6358.6
3893	1564.0	1834.5	6592.9
56611	1555.7	1761.6	6358.6
22463	1558.0	1784.8	6427.9
56026	1561.1	1790.2	6487.0
8129	1562.2	1823.3	6549.2
47277	1565.1	1823.4	6648.6
30788	1560.0	1809.5	6482.8
54354	1564.9	1840.1	6606.0
20473	1557.1	1790.3	6415.1
36349	1556.9	1774.3	6414.2
5413	1554.6	1760.4	6350.2
53150	1560.5	1810.9	6483.3
15954	1560.4	1785.2	6519.9
46241	1563.5	1826.9	6594.8
20975	1562.3	1845.5	6557.3
2654	1557.1	1769.8	6383.9
57227	1553.8	1752.9	6305.0
59519	1559.3	1775.8	6474.9
46196	1556.9	1761.3	6401.0
30967	1560.0	1818.6	6466.9
5277	1560.0	1824.1	6492.9
44464	1561.4	1820.5	6514.6
38830	1557.2	1768.4	6424.9
7782	1562.4	1821.9	6571.9
14542	1553.4	1734.1	6285.5
52108	1569.2	1843.8	6751.9
38617	1565.0	1839.3	6619.2
48319	1568.5	1866.8	6729.9
30521	1562.1	1805.7	6537.2
47048	1555.4	1738.7	6341.4
23264	1566.6	1851.9	6683.5
21921	1558.8	1799.0	6435.3
43782	1568.4	1853.6	6744.5
30407	1557.2	1777.5	6401.8
55939	1561.5	1799.8	6508.2
32004	1566.9	1839.7	6690.4
18561	1560.2	1810.0	6486.5
11088	1562.5	1809.2	6560.4
36589	1560.8	1814.8	6545.5
48782	1558.7	1757.9	6461.8
22990	1557.3	1801.4	6405.3
41846	1567.9	1864.0	6681.0
45918	1555.6	1765.7	6356.8
40976	1566.5	1822.6	6679.5
13918	1569.9	1900.7	6793.6
58764	1566.3	1809.7	6689.0
56978	1562.9	1837.8	6570.0
19820	1557.6	1777.9	6439.6
57554	1553.9	1755.2	6308.4
40264	1561.9	1812.1	6566.4
52229	1558.6	1803.5	6465.5
11499	1566.2	1850.4	6669.2
40202	1565.2	1848.1	6640.8
24582	1558.9	1782.4	6462.0
33859	1555.5	1748.2	6349.0
40652	1564.0	1841.5	6629.3
20209	1563.8	1809.6	6595.4
54384	1565.5	1845.0	6646.1
2029	1555.8	1754.0	6356.6
49902	1560.5	1818.8	6508.5
3044	1566.8	1846.4	6704.3
38654	1559.9	1803.9	6522.9
58005	1566.5	1855.1	6684.4
37697	1562.9	1813.9	6592.5
41796	1555.2	1783.6	6354.0
43121	1555.7	1773.4	6348.0
36113	1560.5	1821.0	6498.7
35533	1552.7	1732.4	6253.9
47604	1556.5	1755.3	6373.2
34194	1559.4	1792.6	6488.4
31996	1562.9	1835.8	6570.1
4868	1562.2	1814.9	6541.1
15569	1560.7	1819.2	6517.5
27939	1562.3	1825.0	6529.9
30190	1557.1	1770.9	6405.8
3381	1558.5	1812.5	6429.6
2284	1554.8	1762.0	6353.7
58155	1558.5	1796.5	6453.1
5028	1558.3	1777.3	6445.6
23290	1561.0	1826.0	6495.7
24377	1560.8	1804.3	6511.5
44700	1557.6	1773.1	6398.9
55671	1557.5	1807.7	6430.5
5275	1558.1	1790.4	6417.1
1506	1562.9	1812.0	6584.1
11636	1561.4	1796.1	6543.9
10892	1571.5	1887.9	6811.7
38221	1563.1	1795.3	6560.2
9558	1563.3	1826.4	6581.3
31860	1561.6	1845.4	6542.7
2016	1559.7	1790.3	6480.9
14556	1561.9	1823.0	6504.1
14980	1561.4	1805.4	6528.9
50546	1559.3	1791.0	6494.4
56688	1556.2	1755.6	6402.0
16673	1558.5	1773.9	6406.2
19657	1558.1	1792.8	6427.1
50801	1560.6	1804.5	6455.0
12191	1563.1	1816.9	6601.5
30186	1556.8	1781.2	6410.9
31560	1558.0	1793.0	6420.6
21869	1560.8	1823.6	6500.0
43252	1561.0	1826.4	6511.6
41552	1557.6	1750.0	6418.5
46959	1568.4	1853.9	6704.0
2267	1551.7	1750.1	6244.8
17979	1556.6	1755.1	6404.5
34083	1561.6	1816.0	6539.5
48861	1552.9	1748.3	6275.9
31738	1557.2	1776.1	6381.7
44318	1565.8	1819.4	6639.2
28220	1557.3	1793.7	6387.4
37549	1561.0	1819.3	6525.3
25594	1567.9	1857.9	6721.1
33260	1558.2	1789.3	6430.4
3354	1558.0	1788.0	6422.7
58997	1558.4	1759.9	6452.6
43212	1559.1	1779.4	6470.1
58514	1567.5	1872.5	6694.5
46842	1559.8	1801.8	6489.3
58712	1562.6	1812.3	6565.6
45525	1561.2	1801.2	6521.8
13565	1562.2	1831.8	6535.0
32456	1565.4	1845.3	6655.4
15601	1561.9	1816.3	6541.4
31668	1560.0	1800.7	6490.3
41709	1559.2	1782.2	6469.2
6815	1567.3	1866.1	6670.1
42880	1561.2	1792.6	6539.8
56029	1559.3	1789.8	6451.5
1141	1557.7	1774.3	6412.4
28748	1556.5	1780.9	6386.7
28533	1557.5	1764.9	6388.6
59632	1558.3	1778.2	6448.9
59086	1559.2	1766.3	6486.4
9416	1565.5	1872.4	6668.5
46078	1560.9	1810.6	6530.2
10822	1557.3	1810.1	6401.5
30410	1574.4	1906.1	6915.2
29259	1554.3	1770.1	6320.9
50202	1557.3	1766.4	6424.0
20520	1556.0	1782.4	6379.9
11554	1560.2	1818.2	6478.5
55269	1557.6	1791.0	6404.0
50439	1565.5	1843.1	6667.7
41848	1563.5	1831.3	6584.4
2144	1558.5	1776.8	6462.2
1963	1563.7	1849.4	6590.5
1535	1556.8	1795.7	6381.7
16650	1554.5	1774.4	6303.3
41594	1560.2	1798.4	6482.9
30123	1558.6	1806.7	6461.6
40466	1563.7	1841.3	6596.9
23505	1561.0	1787.2	6516.8
9286	1565.7	1842.5	6670.1
16941	1556.5	1750.4	6369.8
53898	1559.8	1782.5	6465.8
54047	1558.0	1779.6	6438.9
6141	1557.0	1764.0	6408.0
52479	1564.0	1830.7	6606.7
17780	1553.7	1774.9	6320.4
33994	1555.3	1739.6	6341.8
37414	1564.3	1850.0	6613.3
47016	1559.8	1769.6	6496.3
39422	1559.2	1796.1	6426.0
39118	1555.7	1759.1	6365.0
483	1557.6	1830.3	6427.8
4963	1556.9	1788.7	6398.0
35162	1560.8	1800.5	6470.8
6789	1567.8	1841.3	6735.1
34062	1560.6	1802.2	6509.5
17724	1559.8	1782.5	6473.3
14331	1560.2	1804.7	6502.0
29708	1562.9	1817.3	6591.3
8567	1559.0	1804.3	6459.6
46083	1559.4	1785.3	6465.5
15886	1558.5	1793.8	6454.2
33766	1561.8	1817.5	6530.0
41177	1557.2	1764.9	6400.2
29207	1559.1	1820.5	6459.2
41360	1562.1	1817.4	6529.7
15041	1558.8	1790.4	6436.3
38660	1562.5	1837.8	6547.2
3422	1567.1	1871.4	6749.3
11820	1558.6	1800.9	6447.6
36560	1566.7	1844.4	6674.6
28505	1565.1	1857.5	6636.0
4632	1560.4	1819.4	6482.2
23414	1559.6	1802.1	6455.0
38533	1567.4	1856.6	6722.2
55943	1555.5	1747.8	6356.2
55622	1560.1	1812.1	6465.7
59720	1553.4	1741.5	6320.8
34480	1560.6	1804.1	6514.9
18350	1559.9	1815.7	6475.7
19094	1556.7	1771.2	6391.4
58482	1557.4	1760.3	6404.2
57989	1565.8	1844.1	6633.5
3479	1569.2	1870.0	6785.5
43681	1561.4	1803.4	6548.2
16343	1558.4	1781.3	6454.1
52914	1562.1	1783.8	6559.5
27231	1555.0	1778.4	6332.9
37479	1559.1	1767.1	6462.3
54083	1565.2	1828.9	6638.4
53862	1564.6	1821.5	6620.7
26782	1561.7	1823.1	6521.2
18739	1557.7	1781.4	6404.3
28605	1567.5	1877.8	6697.4
38247	1558.8	1769.8	6432.5
26139	1559.5	1785.9	6467.4
31081	1560.3	1789.6	6490.2
12083	1562.9	1819.3	6562.1
35401	1557.9	1776.4	6431.6
46867	1560.2	1796.5	6534.3
1616	1560.1	1783.3	6476.8
36499	1555.1	1751.0	6334.7
28118	1558.3	1784.1	6438.4
5535	1557.9	1763.4	6406.1
17359	1555.0	1750.0	6344.0
6375	1558.1	1797.3	6439.0
35520	1561.9	1818.4	6548.4
36723	1558.1	1810.9	6438.9
38635	1567.8	1867.2	6726.1
15757	1561.4	1788.3	6526.9
56643	1552.4	1721.1	6246.8
35465	1559.0	1784.2	6473.1
38856	1565.5	1837.0	6651.9
38513	1560.4	1773.3	6479.4
6611	1562.4	1818.3	6562.1
44937	1567.6	1858.9	6696.2
58756	1558.7	1799.5	6436.1
44406	1566.3	1851.3	6653.5
29872	1565.4	1836.0	6643.8
32764	1560.1	1804.0	6505.2
49084	1563.4	1817.5	6594.1
2419	1561.8	1823.3	6528.2
23173	1558.8	1800.5	6446.1
49323	1564.6	1823.2	6644.6
50700	1557.6	1762.8	6400.7
34247	1561.5	1806.1	6527.4
406	1555.5	1731.4	6339.9
48978	1567.9	1846.6	6741.9
42580	1564.1	1839.3	6619.0
23250	1564.9	1841.9	6659.5
55967	1555.1	1765.6	6333.6
20245	1563.1	1821.8	6605.8
49952	1561.2	1777.9	6529.3
9965	1561.5	1786.1	6501.6
12930	1557.5	1784.5	6431.9
12119	1557.2	1789.1	6387.3
7213	1557.5	1775.8	6398.5
59972	1558.5	1779.7	6446.1
32575	1556.4	1782.1	6394.2
49187	1553.6	1755.6	6290.3
50867	1564.2	1829.4	6601.9
25318	1557.7	1814.9	6421.4
51743	1565.0	1858.4	6634.7
52714	1558.2	1778.8	6441.2
35466	1561.1	1793.7	6521.4
47540	1557.4	1785.5	6426.3
10488	1560.1	1786.1	6514.9
18311	1564.1	1827.5	6597.3
39859	1560.9	1769.3	6518.6
43014	1556.6	1772.6	6379.3
16528	1561.4	1804.3	6498.9
31665	1558.6	1781.8	6451.4
42636	1561.2	1805.5	6496.8
39352	1557.4	1778.1	6416.8
45804	1557.3	1780.9	6415.3
43444	1563.7	1832.0	6595.2
7486	1562.1	1808.9	6560.3
36456	1559.1	1791.2	6473.7
57463	1563.0	1827.7	6573.8
25608	1568.4	1849.1	6743.2
33245	1560.2	1795.6	6494.7
53239	1554.5	1735.7	6311.4
42725	1563.8	1836.5	6615.0
29196	1557.9	1814.2	6393.3
23179	1558.5	1813.5	6464.0
16663	1557.7	1757.2	6409.7
22	1563.6	1806.8	6578.0
938	1557.8	1763.6	6457.9
6016	1559.2	1796.6	6476.1
10425	1568.3	1862.9	6721.8
14840	1564.9	1816.4	6630.4
7239	1559.0	1791.5	6455.1
18761	1566.5	1881.8	6641.5
50406	1559.5	1802.5	6496.4
43258	1562.3	1822.6	6578.2
32998	1562.4	1804.1	6542.9
55343	1556.9	1782.6	6405.9
7397	1559.9	1792.0	6482.4
39036	1573.9	1879.6	6875.6
10321	1564.1	1836.7	6588.9
57322	1557.1	1776.0	6388.5
743	1557.1	1780.4	6430.0
46588	1557.3	1772.7	6360.8
44072	1560.1	1773.0	6507.3
17948	1561.7	1830.3	6485.0
48301	1555.9	1779.9	6382.9
37430	1562.8	1803.5	6581.0
49982	1564.6	1849.2	6602.2
3358	1556.4	1791.2	6343.9
48984	1557.8	1777.9	6440.6
18788	1554.7	1739.6	6327.5
1529	1562.7	1847.7	6567.1
24896	1568.5	1832.4	6725.3
11094	1562.4	1826.3	6554.2
34987	1556.7	1781.0	6398.7
7064	1566.3	1854.9	6688.4
31509	1557.3	1776.9	6401.9
48416	1559.6	1791.1	6468.2
18462	1565.2	1835.0	6635.1
41479	1562.7	1836.8	6549.7
41439	1562.8	1817.3	6556.9
55108	1564.7	1813.0	6646.8
19262	1565.0	1826.8	6606.1
12160	1564.6	1824.0	6639.8
12342	1555.8	1747.3	6385.1
22602	1566.0	1832.0	6670.2
3967	1552.9	1767.1	6295.5
11059	1561.4	1818.1	6553.3
24840	1556.0	1803.4	6368.8
6554	1557.6	1792.8	6420.5
31503	1556.0	1784.6	6369.9
20584	1563.3	1833.1	6566.3
44229	1558.6	1775.7	6464.9
32488	1554.3	1763.5	6301.5
22967	1562.4	1822.4	6578.7
58958	1558.2	1779.2	6455.2
17088	1563.1	1827.0	6569.6
44703	1558.7	1807.4	6447.4
31468	1558.8	1781.6	6440.3
46006	1554.9	1775.1	6361.0
34956	1554.7	1765.9	6327.4
47373	1565.8	1861.0	6674.4
20178	1556.3	1790.3	6387.0
7908	1551.6	1737.2	6229.4
51893	1567.7	1849.2	6699.0
8729	1563.1	1847.4	6569.4
11587	1556.9	1752.3	6401.4
1756	1560.2	1814.6	6496.2
43705	1569.3	1871.6	6776.6
55206	1563.2	1826.2	6567.8
42415	1559.3	1772.3	6470.4
42515	1562.7	1836.8	6578.6
31	1566.5	1851.1	6703.7
44742	1559.8	1788.2	6488.3
19409	1559.7	1789.8	6475.6
28345	1560.9	1802.6	6508.8
35248	1560.1	1800.3	6489.0
9902	1561.8	1821.6	6551.8
28565	1560.0	1788.4	6473.3
21047	1556.7	1758.7	6378.6
48611	1560.1	1793.2	6501.1
9066	1556.3	1762.1	6385.8
14674	1557.8	1779.3	6459.5
41628	1562.7	1814.9	6564.4
5004	1560.6	1796.2	6479.5
12220	1561.4	1810.7	6537.9
8492	1563.9	1839.5	6578.0
4050	1560.1	1819.3	6518.1
15018	1562.9	1837.2	6572.3
24154	1556.3	1769.3	6384.4
13438	1560.1	1816.3	6487.1
27596	1558.4	1783.9	6425.6
7133	1559.3	1820.8	6444.5
56489	1561.8	1806.0	6560.4
6932	1561.7	1802.9	6511.1
23589	1561.1	1813.8	6518.3
46425	1557.8	1788.1	6437.0
42522	1561.1	1807.0	6488.4
40139	1564.7	1812.4	6628.2
32928	1557.3	1772.7	6390.3
20365	1562.1	1795.6	6551.3
15736	1561.2	1831.3	6503.9
333	1554.7	1787.6	6359.0
22837	1565.4	1823.9	6649.6
54687	1556.8	1782.4	6403.5
54477	1559.3	1777.2	6466.6
43090	1558.4	1790.2	6426.0
37388	1564.9	1847.5	6680.1
347	1562.4	1812.5	6559.8
56662	1560.8	1811.6	6505.8
31979	1565.1	1848.5	6626.5
3061	1560.4	1823.6	6503.4
26224	1560.7	1819.1	6527.8
48474	1562.8	1816.1	6554.9
56669	1560.6	1811.7	6500.4
19696	1555.0	1776.6	6329.6
9047	1556.5	1777.4	6362.5
9609	1556.9	1787.3	6355.8
46327	1563.2	1839.5	6607.2
45644	1564.6	1825.0	6597.7
36539	1565.1	1862.9	6665.7
29433	1559.6	1811.9	6473.7
54376	1560.1	1800.6	6505.1
47494	1558.8	1791.7	6454.1
31614	1564.4	1839.4	6627.8
57173	1557.4	1747.1	6408.0
33188	1555.7	1767.5	6394.3
29803	1560.1	1808.0	6479.7
13467	1562.0	1808.1	6553.3
40053	1567.1	1877.2	6720.9
45860	1557.2	1766.2	6382.6
38516	1559.9	1776.1	6490.6
12573	1555.4	1766.4	6352.5
3039	1558.2	1792.5	6437.4
14873	1559.9	1822.1	6463.6
22128	1555.2	1784.7	6339.3
48112	1562.4	1817.6	6550.8
14479	1555.2	1775.8	6329.7
35887	1567.3	1837.2	6696.2
33308	1554.8	1766.0	6341.1
44843	1558.3	1778.7	6422.3
4025	1555.3	1762.2	6379.9
10976	1559.1	1810.5	6440.1
58627	1563.7	1843.1	6569.3
30172	1561.4	1797.2	6551.4
44531	1557.8	1790.0	6434.6
46364	1563.5	1842.6	6601.0
48667	1560.2	1824.7	6517.5
11071	1561.5	1843.5	6531.9
32753	1554.3	1755.2	6293.5
45603	1559.5	1806.0	6461.5
15536	1561.3	1787.4	6524.1
36273	1559.3	1791.4	6485.5
51663	1559.3	1790.1	6473.0
17062	1559.3	1782.0	6494.3
2440	1565.5	1836.3	6650.9
17750	1557.1	1773.2	6428.6
23918	1562.0	1825.8	6552.6
58736	1555.0	1759.3	6333.2
9715	1563.5	1828.8	6573.7
6195	1553.8	1743.6	6298.0
41684	1557.9	1775.1	6457.2
53511	1555.7	1755.2	6349.9
5468	1560.2	1798.1	6470.3
10065	1564.0	1807.6	6626.9
9054	1557.1	1753.3	6408.5
27869	1554.2	1749.1	6323.8
3974	1558.3	1809.5	6438.6
2692	1558.2	1778.2	6430.9
38049	1561.6	1818.5	6569.1
24372	1556.0	1802.0	6392.7
2982	1563.1	1857.0	6591.1
20005	1559.9	1772.9	6482.3
36941	1563.6	1834.0	6617.7
52226	1559.2	1779.2	6441.9
35383	1566.1	1849.8	6690.4
46224	1560.5	1818.1	6515.0
13009	1562.5	1821.5	6540.7
20950	1559.7	1817.5	6491.2
46777	1561.0	1808.9	6515.1
21350	1558.2	1806.4	6417.6
18637	1559.1	1799.1	6463.0
3666	1554.0	1759.6	6328.9
34309	1554.5	1762.5	6351.7
4355	1560.1	1773.9	6480.6
20385	1555.4	1771.7	6392.7
30970	1551.6	1725.2	6225.2
44625	1558.6	1780.0	6474.4
3129	1555.4	1784.8	6352.8
59511	1557.5	1787.9	6419.5
709	1558.1	1773.1	6424.2
35518	1563.4	1820.2	6614.8
49131	1562.8	1814.4	6567.7
18764	1558.0	1797.5	6447.8
57151	1552.6	1734.6	6255.9
36702	1557.8	1768.2	6400.0
21811	1555.5	1746.1	6361.3
41148	1563.7	1828.7	6604.2
14473	1561.8	1805.3	6549.1
23569	1559.1	1797.7	6475.6
56085	1559.5	1789.5	6495.1
42540	1557.1	1777.2	6406.0
21616	1560.1	1784.0	6484.4
25205	1558.1	1795.8	6440.0
5844	1562.0	1817.7	6511.8
31967	1562.6	1828.1	6548.4
25926	1564.1	1837.7	6582.9
33257	1558.8	1801.1	6477.5
7106	1555.5	1771.9	6352.3
9193	1559.7	1781.4	6489.3
24792	1555.9	1775.1	6348.1
49858	1560.4	1815.6	6478.7
17385	1559.4	1800.0	6461.7
50860	1561.9	1813.5	6544.9
32934	1560.8	1815.6	6500.7
31819	1560.7	1828.2	6529.4
3466	1560.3	1792.4	6498.4
52309	1560.4	1785.2	6502.6
2745	1557.6	1788.3	6418.7
1767	1556.0	1795.8	6355.6
41747	1560.4	1808.5	6517.0
26889	1558.8	1768.5	6459.2
49142	1561.6	1832.8	6534.8
44973	1566.5	1839.7	6688.7
38560	1552.4	1740.8	6266.5
51720	1557.4	1796.6	6395.8
8684	1564.0	1836.1	6579.2
38665	1557.3	1743.3	6384.0
33298	1562.8	1819.6	6554.7
47478	1555.3	1764.0	6350.9
4105	1564.4	1845.2	6618.8
36306	1562.7	1842.9	6551.7
1667	1563.9	1841.5	6623.6
39852	1562.0	1825.6	6556.2
52641	1561.6	1815.0	6542.5
47952	1558.3	1782.1	6441.5
36016	1559.2	1809.1	6444.6
53930	1552.4	1739.3	6247.3
51534	1554.9	1744.8	6341.6
7552	1560.9	1823.0	6506.1
18901	1557.9	1787.9	6401.8
53083	1565.8	1840.9	6628.0
14714	1561.9	1815.5	6541.0
36528	1558.9	1790.3	6464.4
